193
4009 17
68550 23720 11151 46566 81097 470 12842 50902 48518 94004 10299 19945 22849 6223 12036 88274 27711 %n575 18
30520 54203 13976 46107 54252 27165 30942 21136 55283 13806 60319 56588 21379 28423 91875 53384 82813 12109 %n6319 20
97847 23580 61012 38847 20180 6873 70623 13496 98041 91526 54365 8982 9203 65294 40620 93732 96290 43579 37486 5180 %n6748 19
64061 68273 97875 79119 71806 417 97302 27241 68823 15252 94860 42864 23326 75359 87396 29682 75415 20156 72526 %n8805 17
69780 68368 50517 28122 17231 86307 63022 92117 21071 73675 53434 45669 82294 188 17632 65357 28782 %n649 17
13206 32687 77560 1987 31071 6013 91100 77909 16961 57234 971 61901 64470 43976 67689 57763 11228 %n9863 19
64221 92596 5681 21622 37999 45952 87376 61288 51019 54906 4296 44175 49458 13687 44851 37145 19321 92764 66438 %n7107 18
92792 3106 21113 91134 31035 55079 52873 78077 36800 5810 14179 75126 99389 3172 1787 86807 34814 7865 %n6168 17
453 99999 53686 54517 5302 13839 4741 84289 57858 28227 62532 72189 51021 7520 87831 55952 78686 %n7668 18
32857 78534 93229 8053 36925 67900 51435 85338 98104 77890 77543 72876 13007 59940 14518 21284 62646 13360 %n3082 19
95073 47959 69563 79929 67180 22078 69041 66131 20974 45221 18826 38318 34409 29097 34061 15789 87532 47329 99318 %n6759 18
30126 28673 34754 40888 65101 40783 75720 59314 56513 86895 44108 60779 32524 43583 6833 9329 39855 56431 %n4431 20
55114 28784 7277 60032 63847 41381 17664 91132 86464 5799 74076 27275 18859 41337 55444 45797 79125 57498 38796 14772 %n7723 18
81823 78139 49863 16943 18731 45887 9313 40543 9054 4908 8513 36807 9200 64231 65383 57113 82140 70429 %n7413 15
47125 58598 20448 80953 54372 666 73724 11312 22753 68921 26746 32955 75450 76848 98496 %n4093 18
24593 92340 40448 23436 2824 27328 57799 72554 82637 76049 41931 79666 48262 2193 43037 65457 53311 89149 %n6518 14
67422 44548 80901 96042 12930 66704 26891 82427 18720 25267 916 49355 53295 89027 %n5722 14
34371 74404 5029 56638 7388 13335 78665 83968 93519 83663 95834 52192 30603 83471 %n3386 20
48672 65280 601 70284 79735 60438 66282 32900 77735 10393 17583 44849 62818 28211 9716 13858 20068 67194 43192 37604 %n1084 19
288 57725 51927 74065 10259 50587 96351 98028 30821 42423 80884 59424 56084 66173 24555 48937 50612 5573 27688 %n1029 10
2582 19794 64097 79024 7468 15258 90196 25966 52505 55391 %n1152 12
58700 42347 52131 45721 76784 8127 44977 54359 93464 2039 90416 71759 %n644 13
84913 87173 92538 13037 91950 21998 85020 64004 51109 30467 87142 51713 1916 %n2611 19
20379 72537 29310 97483 2013 85641 57813 30014 35787 52184 29626 42207 20784 75980 71017 46689 55573 2252 70329 %n5320 18
27114 85283 6616 41447 73769 5314 51558 53019 53247 13886 93826 41113 97334 65081 67045 71175 57004 47922 %n1963 20
36219 41579 22925 47421 21730 53039 77314 41118 27447 85379 41602 65636 60410 41207 70641 6107 95370 61203 33341 36653 %n4189 19
97731 73427 67370 49063 3809 64710 76100 43460 20106 98046 64925 87581 97806 17874 92603 75318 29073 46750 10617 %n7752 18
26310 26628 81003 84178 96246 47617 29161 42856 10399 35443 5055 58271 33804 39290 62161 5070 79946 4406 %n5930 19
91714 52226 46248 60749 13025 80413 38943 27780 40935 24922 61480 71442 88832 86803 71188 83997 60 20363 94342 %n1204 20
691 88684 78355 62670 97140 58673 11271 6582 12557 64777 79823 86720 50420 91388 54349 27545 29562 11677 31487 85773 %n7287 18
31985 75752 35972 9724 70999 91452 56179 31373 51665 12943 47716 53773 35538 67875 18785 73935 41289 84244 %n2707 18
48661 21734 93375 89202 66057 62396 68908 4359 44781 41105 40892 39309 30786 30255 60038 76554 92654 68190 %n1689 12
25335 14729 44913 44785 95323 38963 54325 61250 23847 80118 4980 93148 %n8565 11
8436 9378 26464 80463 77242 89975 31532 40132 44555 40440 99998 %n4106 16
20739 30996 4571 44682 74113 28660 60014 45631 84662 52055 91470 62699 32081 10172 8488 45410 %n7511 14
16503 31358 7833 33910 61640 75046 76480 59683 60278 56141 8434 86698 71537 77109 %n8235 14
41188 59630 51351 30250 72712 30566 62084 14641 2656 16434 38029 68091 32645 73548 %n4268 18
22562 94695 16467 42097 51310 36290 86427 34126 17608 47113 49842 33579 44217 85683 60220 81353 49383 97726 %n8395 11
86082 21455 61534 52596 84387 96867 17928 24709 57437 66461 43669 %n1304 16
90159 13699 40168 33051 58752 53853 54263 70254 48289 11107 774 89238 13770 20507 34593 77859 %n4242 15
11014 31068 12648 83465 22165 51489 86071 61676 46071 71864 11049 37964 98824 69758 24497 %n4607 19
16506 44998 28527 54493 17502 99168 77994 77062 42165 57335 36342 36522 8894 41890 12184 43890 2505 44844 21483 %n4852 15
52632 5475 84594 89745 42668 20901 90585 4390 35603 31746 93044 2400 38938 27830 12366 %n8445 11
24739 68649 2915 73804 54670 36909 91268 68395 39276 76419 74832 %n2841 18
92644 87288 96831 5043 35256 28713 38315 36534 58827 93426 35081 36353 35208 48737 43378 73061 96850 72701 %n5085 14
1973 59069 2886 55514 7399 29631 74254 89140 49817 93621 10460 84731 36641 27122 %n4675 12
86055 28410 26293 70252 73490 36137 21239 77775 81589 84202 80042 97422 %n8444 14
82926 68689 13254 3117 19339 65096 32100 29015 91193 85755 4627 67916 37536 93608 %n687 14
99195 58315 74572 1991 54035 13675 96237 52406 95191 87323 20524 29293 67247 40798 %n1067 15
27147 76246 99738 11394 60848 55951 68054 65785 13329 45668 60161 32169 88068 55155 15731 %n7548 18
44700 83635 26901 40598 90863 95147 47156 51472 81844 19634 23995 37090 29927 82519 8095 63883 27624 57211 %n4846 16
18169 44875 67179 17250 39056 45280 38934 50302 51645 55280 85369 11560 29157 16603 23722 85239 %n5479 15
76243 32503 16714 68557 48588 17650 445 99242 40459 7000 66983 64122 54860 82458 79834 %n659 18
89648 35687 89309 71294 74719 78653 56953 4686 11697 16323 66233 37870 70032 79682 98825 62985 19260 28757 %n8255 12
49042 94380 7886 26522 2022 2880 35282 77426 52136 79527 98629 19779 %n18 14
52395 75224 35169 98878 80302 64396 52255 56601 55842 73308 69057 29586 74997 74125 %n7424 19
80275 96478 99679 21074 79582 15121 32507 99761 32975 35913 93336 68365 40705 37115 56597 66877 58581 31399 87547 %n6041 15
87227 5463 62207 34939 25722 59928 66794 51336 17764 60764 59511 11991 47694 30280 84760 %n1991 19
73953 60564 68417 10423 48448 94371 74190 5893 44969 85632 17969 39228 66087 64320 17214 86998 39315 19294 94589 %n7907 14
54876 63146 79227 82384 74383 89748 40188 63711 8279 13816 70710 89799 14489 50501 %n8260 13
8391 43255 81941 63560 47005 35133 92119 2337 83122 75316 3518 59725 87805 %n4208 15
47545 53383 65336 53764 85074 3478 80713 72542 11273 77200 79637 10595 87539 67397 67349 %n7916 16
19129 96798 55109 20643 64829 59875 84453 90693 84011 70865 81899 95510 37387 35994 23730 77673 %n4512 17
88817 55020 45697 32697 91892 46335 93535 27964 85717 89136 65288 39418 27143 97085 86230 30164 83392 %n9840 12
6114 84012 44033 40243 35418 53882 956 84956 97955 38435 74715 40557 %n6741 19
72490 2793 75653 54057 67631 37771 88703 72195 80958 35352 50053 9936 65519 62404 4192 97324 65020 87355 88928 %n9291 20
61965 53569 90997 18754 49163 67203 31620 98661 55315 21108 85620 77294 70367 28135 26874 18872 43178 28222 6043 66701 %n1240 11
31344 10329 40191 4955 30587 26118 88664 4032 62583 63066 80148 %n6768 19
13673 75757 30783 88814 60876 31678 25946 13245 55850 52805 75672 9259 78517 50894 91538 82863 83608 46691 63908 %n4601 10
78270 77892 78867 686 56663 43468 1446 14303 37446 32506 %n3946 19
6548 23646 65033 20108 30765 36681 17013 65263 66385 40099 75106 34292 33586 93639 77853 61688 82457 82443 78060 %n4747 15
39334 18335 85373 90051 99026 37252 38173 62706 23270 83455 66118 88551 77851 67265 73658 %n3785 18
88880 40279 45841 56971 66502 59935 22833 57074 50592 87922 31957 83734 92936 35220 10155 78712 16133 74589 %n6112 19
21317 87586 57834 95722 96465 1051 40142 54018 78666 6901 47382 13248 31668 61716 27539 86659 95625 93072 71160 %n4537 11
81808 32402 76042 1642 81936 63929 86226 61483 53134 3289 89886 %n5759 16
15795 8119 40270 53359 87442 19749 56658 77244 56282 60775 48659 66325 79992 21122 49670 72204 %n1241 19
29536 35438 7283 31753 25953 30381 22364 6017 67054 32832 86125 58465 64170 38480 99029 90313 34500 47856 33262 %n762 13
13525 48726 49549 28259 51630 11959 99206 29384 25196 69031 93057 85062 28869 %n9090 16
78775 84939 18753 45853 7309 22873 94269 73951 28116 26503 31119 36156 20149 77548 87479 33920 %n9877 14
54157 98810 24314 77664 89664 33803 36518 37248 25646 64132 1822 95719 76573 56536 %n3537 16
4688 8155 85588 93403 38293 57822 37669 57585 92836 73774 53003 87798 50692 81505 47804 37618 %n3595 17
59998 57515 67415 97225 72845 70023 11418 79753 49154 31078 80829 57715 56445 24801 84348 44229 98097 %n2222 18
71598 73781 6515 86356 50365 80824 96638 35595 85718 91389 56082 52052 58117 12172 50142 99039 34229 14026 %n7979 17
26019 4997 92866 53177 81657 59918 21376 76093 85594 2246 93106 46998 55846 34025 83163 97833 67724 %n7312 19
50617 49967 44421 62565 24747 12490 47154 61924 94242 12197 88202 28791 58254 39265 61897 33892 27440 23031 18369 %n208 20
17221 5067 37385 98969 16078 12911 94900 99888 78411 67551 77285 57362 92876 21996 41637 86967 12886 61799 22880 35259 %n2011 18
74155 38726 85857 3184 39943 19267 69549 16286 57301 73930 75175 52802 29194 33640 94607 34091 62123 69987 %n9194 13
14916 74960 75238 97853 6235 64189 25992 4539 41785 26115 29590 4963 59157 %n8203 14
12805 51276 33961 32346 63330 54999 30069 35790 98586 25963 3669 77358 77899 24990 %n7547 14
42088 19121 31634 18581 97634 11188 96499 71245 51995 57320 97624 48531 18441 63364 %n9878 11
58222 99160 47150 75605 74552 37524 20360 16787 83310 24447 57028 %n917 10
97211 85545 29121 38274 99771 3449 59516 44084 33126 60729 %n4886 17
59504 80794 35829 55519 41894 30403 18877 94582 73240 94704 75454 33761 59510 98274 39548 24294 87883 %n1503 16
75724 80289 32135 58287 27084 88046 94565 70105 62832 22867 51551 46403 98546 99487 32127 24081 %n7428 16
36444 57878 42536 1849 65440 8958 31907 27022 58371 84599 29979 92054 50126 80551 33519 53241 %n4231 18
22830 93013 28 33514 81509 90565 37715 26108 83453 7049 6070 21764 96225 17548 68464 48429 52359 24035 %n6127 15
78058 87400 60199 95643 82138 4725 41592 12160 19637 95657 10139 21432 13208 33226 69754 %n6960 15
6247 71899 54459 19748 38352 10844 72698 99689 50433 14405 67911 82588 69862 36781 61486 %n2197 18
57436 67937 22898 69829 39264 38300 65362 74961 62392 2661 18572 36327 85786 22665 77999 74586 89320 15179 %n9761 12
91084 54689 97918 87866 97684 74259 34675 28058 91986 61586 3750 55044 %n3820 18
42503 93859 41260 20003 26933 45929 93782 51343 10754 38661 31955 90015 57773 64362 53104 30040 73643 33557 %n436 18
41981 63990 73634 30423 15140 94503 96497 6930 20540 86715 11589 80284 65951 48725 58907 78386 57743 6619 %n8931 19
44975 73422 46470 56908 78860 19568 95780 30542 85129 9389 68618 14462 48430 99045 14270 73278 51296 64479 79669 %n2133 18
79336 39173 69866 84982 7945 72393 59925 75835 39353 31861 68269 7723 17531 83293 51902 18093 74358 33028 %n7798 17
44443 3567 9103 81008 33672 5296 83542 31926 47802 92820 18648 38966 52377 28860 2515 55289 83349 %n393 17
10129 16194 67874 67507 87466 88369 15495 72806 97213 50314 61866 92605 49631 60639 4324 58620 5216 %n854 20
41186 99670 68050 46127 41059 92231 24645 70000 20317 22817 81781 40915 38894 59807 59064 78498 30572 5310 95779 59377 %n8839 19
73517 13780 93992 11548 81713 62467 17418 61444 25692 80409 4964 15830 66404 30601 79479 48420 24954 25978 76776 %n7542 17
40032 12399 54371 29230 87106 36838 42258 32970 179 10793 17151 50405 85628 33246 48721 65934 9957 %n8882 17
25142 32131 24495 39812 77284 73374 60310 50808 68935 73688 71145 92822 83117 60010 38180 95789 64412 %n7786 18
17896 28405 35502 53760 15505 38905 39415 79747 49193 95619 54098 25158 1248 58615 76788 98713 41312 30416 %n79 12
5547 40712 20294 15601 95827 81522 68010 9743 3069 34003 17409 92238 %n6691 18
65536 17847 91077 86178 36494 1592 90282 17562 52101 55685 62430 12402 90973 59019 20105 58474 24976 33031 %n1726 17
75490 75996 73610 84172 63258 28478 43904 5840 65232 16183 3281 47647 20072 68987 39951 18466 58299 %n2354 16
83836 34592 13855 98489 40503 36553 88758 95568 44082 17389 84102 94728 10055 18980 43350 48364 %n9552 18
88845 54905 86820 31640 85202 53136 90224 94372 42385 68266 95763 46772 59271 10041 57144 32396 24183 3633 %n6324 12
75782 13478 16743 54158 21051 50794 27743 15083 50703 5155 49633 58512 %n5453 18
35189 76712 60239 73415 66720 76934 84722 7736 29340 52316 39902 35421 13082 46119 33821 17619 8549 61237 %n1600 16
71654 20916 53875 46388 38123 54844 75790 52536 97720 31809 93933 7168 26454 51295 93277 47177 %n3239 13
63165 69124 79046 1868 61940 55247 49792 76966 31727 89166 18003 83334 12365 %n371 18
48248 62569 12359 76661 368 74557 76161 4481 41272 97230 51237 78025 95536 49930 48435 10165 59367 94840 %n2622 11
89227 94905 78473 99050 18233 68389 15036 95155 89567 25171 17511 %n8180 14
95481 61325 28946 41992 78188 54818 52039 9612 2533 75155 65147 50585 98201 47789 %n4000 14
12310 94913 97589 54108 49601 89546 55934 16140 21223 1906 25042 78223 43943 46670 %n728 10
71631 17456 5940 20376 70282 71880 99924 57477 5031 44705 %n8703 13
76834 48685 88424 28303 59553 90746 51999 58 95555 4255 36890 12740 52381 %n409 13
26805 36882 99395 87723 82107 65018 79345 31517 86246 19430 4815 4113 62239 %n7431 19
47840 56813 78548 87510 77423 95171 38561 23043 40587 51785 24824 20654 48338 87278 73926 49009 98460 44971 96441 %n6596 14
99315 12096 56935 29311 22425 95766 93210 50204 68981 5521 71384 31486 7197 80286 %n5998 16
93772 803 7835 8746 10692 31901 53984 67797 63692 56517 76823 67503 13842 70546 24505 40393 %n1908 17
7439 77782 54764 73661 20751 90503 62615 70876 40768 62002 28761 52161 85501 94935 86163 59263 88155 %n4572 13
23525 44244 12076 57729 61749 47241 83126 10720 59957 3564 80940 37845 93449 %n7398 19
71296 59223 66114 18750 39781 53453 1439 41257 42631 74803 24894 61562 30072 20413 43433 22270 26487 590 88162 %n220 18
80199 58268 37332 69313 53737 15813 42679 16920 19587 51537 813 17440 92984 90127 48577 79410 27476 33342 %n5830 19
60649 78489 12702 23539 13259 72476 72903 38494 66515 78890 31295 24291 6634 69900 66499 72095 48468 88894 19095 %n3332 15
30169 63645 73810 593 72357 73058 3573 78352 42943 61457 59005 89618 14419 70415 12783 %n9974 18
84938 36531 67287 38381 3130 98977 65344 94198 74953 97944 92066 90364 96448 44834 40907 79498 23324 99437 %n3943 9
9541 45268 87373 90311 38926 32241 21566 67942 71086 %n5180 17
15199 69692 95804 56889 9503 93473 69385 27485 11596 7360 98772 20731 97355 66997 23416 24554 11516 %n2252 20
94128 20491 17897 48674 68416 43402 5275 98399 61904 98116 45813 45591 37181 66032 14864 12246 28909 54837 75086 6297 %n6874 15
78806 86267 42765 61356 57402 44065 62996 9055 1395 95838 90385 50412 59062 10907 59966 %n252 16
59603 48534 85222 47089 48854 60420 74725 27908 62516 63345 89964 70720 91019 13938 35053 63780 %n8816 14
72015 24328 79485 94433 62184 30436 62112 11599 22631 43595 9813 63117 36323 83538 %n9790 17
90306 60216 73045 70143 25628 6030 65368 58168 4336 82822 50680 27436 63998 72617 33142 1499 75612 %n918 13
26806 50606 76152 48558 86026 49856 3345 26656 12247 92080 51025 50540 67123 %n6868 13
31971 13511 24010 67448 21326 25215 45771 23253 27558 12551 25788 63633 99107 %n6007 15
15202 67074 79739 48657 3882 48571 40612 92991 4452 17626 52086 6757 75665 50951 38929 %n5892 15
83219 50333 97695 95254 27148 79052 18950 55024 84063 17805 46444 94361 15476 93024 34157 %n5308 12
82452 44135 96532 26162 54410 85725 31925 79372 71060 14001 64608 37083 %n9693 11
75242 84235 16326 56800 93361 58719 8208 94679 33457 92093 92901 %n819 20
42237 46521 9051 59985 38840 36913 46094 90790 375 71082 56750 30841 32648 36266 63321 83060 32313 4057 821 56340 %n8421 14
15046 24409 2138 12522 76651 27724 44412 35124 11207 17067 48163 71667 84434 28000 %n9515 14
42202 36151 51557 49909 43393 88470 17363 48525 12141 20571 18181 65022 16031 26375 %n8581 17
78920 29439 86728 11185 77233 79536 65145 57827 12968 2520 51064 74214 61841 71863 678 5594 15751 %n8245 18
85185 31406 18299 47663 50328 78925 28203 64937 15034 37611 83391 63669 48570 53275 39704 96578 7220 34737 %n3627 14
74605 95704 72534 58037 47682 32385 1307 83414 881 47326 21800 34419 73974 51948 %n562 13
48200 18505 50288 7604 89891 72778 46990 83445 53338 90495 92652 13142 30653 %n974 20
50584 81788 36841 18860 95871 2107 8501 18023 29246 52218 90806 59834 5647 34577 44538 75170 50200 59541 81697 52876 %n1132 20
12537 93410 33770 47465 91957 58438 54808 71646 32146 40655 42644 3261 88903 51733 48298 21363 21533 84502 13228 105 %n140 15
81310 38144 15021 10582 69001 38510 70493 48853 52046 52687 49928 81907 89909 63228 2293 %n9783 16
93885 99054 49852 32306 41426 22658 59326 39361 58707 17646 99879 60789 72661 87201 31438 69770 %n913 16
52140 15663 91258 15250 60989 96457 68018 69782 1120 38740 45673 90776 53004 94573 50572 345 %n5596 15
94724 29560 78833 56425 72802 93720 61474 84875 55621 37954 79575 21364 27374 97407 5455 %n938 17
59728 60787 63140 63648 96197 40342 25333 86730 95690 52667 68767 88373 97224 58567 88994 19821 65945 %n7150 11
33595 59483 47419 29170 22461 73863 46759 83112 54709 50864 52652 %n1643 12
28773 15825 75457 3013 54202 27493 59668 19854 28340 60183 90891 5375 %n3945 16
39912 39813 47552 74858 1032 524 58959 90066 770 69146 20063 23559 44788 38822 78486 63821 %n8120 12
33492 1488 6728 89124 26058 65514 66295 86712 3361 96080 14456 54602 %n4073 17
2359 68855 46024 27061 80978 27832 28100 15207 74354 54761 55069 15461 10082 63376 53563 26997 42866 %n6412 16
20236 93799 11688 72441 20639 80382 20779 71875 35187 95993 87756 98087 7536 59264 94788 76664 %n2892 19
51425 30672 26190 51820 85247 50451 37513 56667 55996 15090 20135 74543 20815 53745 9474 4658 72634 10531 69949 %n9412 14
87891 18072 96058 70246 89398 11524 49766 95131 51604 11154 52814 7416 55200 21852 %n1509 18
63343 36040 98246 3242 80185 15457 2957 6085 2606 87374 54863 61145 78133 37944 20537 94950 20019 13150 %n8691 20
48126 46058 1012 33992 55052 80049 35565 87419 18437 15480 78477 20152 50247 78715 55714 29434 85175 15371 11153 59290 %n4613 11
64159 4585 38373 64138 12729 81600 17347 7768 61798 7670 69642 %n6422 19
46069 52506 50202 65229 32920 63944 52344 5889 92412 24331 47794 13722 32406 66875 66921 35634 80055 88776 8087 %n4803 14
38697 93237 88996 73946 10540 25838 42472 64724 82890 10665 4008 88501 81947 54173 %n7038 17
61179 99644 64379 87874 80352 22970 95361 34793 74706 3068 11272 45102 70019 1508 43484 16268 19777 %n13 16
14748 19001 34910 80593 33975 65060 22579 80223 92709 84405 90680 292 25167 46105 59458 54831 %n6582 16
75619 75942 11085 9341 7725 89566 96211 49159 71803 11429 21859 62459 19636 61703 51402 92849 %n1418 20
36158 56241 48647 41546 70987 26719 76551 80455 90864 45974 37168 40677 20226 76713 55364 5959 49730 16675 56066 84881 %n6708 18
86005 33847 37840 46731 41018 3164 13767 74189 77942 65529 1616 51954 49812 68926 4332 82656 25097 60358 %n3684 13
36274 81144 73767 64184 52341 13979 3879 50494 66179 38487 15994 75138 65974 %n2019 12
19712 57464 71834 52019 62269 45876 41804 58036 93659 62081 19719 65795 %n2285 11
74925 71700 44253 80125 97613 3101 54890 8694 2029 38922 82695 %n6065 12
81438 93146 28416 15583 72186 863 22293 19478 51498 12812 10920 19210 %n1145 18
44683 92360 73064 716 71788 54659 53901 34165 39667 63745 2219 75302 50228 47602 64874 92706 20870 4974 %n1155 20
23425 23384 27169 55144 84432 11764 25553 64607 9001 85574 43248 81625 65851 96634 99590 95713 95111 81703 33453 10736 %n2737 18
1780 35484 78710 64827 77444 89450 43703 40330 3905 46156 80130 33748 31512 9560 3325 25708 87118 78758 %n2996 15
69890 63572 49285 56978 11028 63514 40299 13325 97752 70818 87792 49270 40324 32780 25159 %n5848 19
9756 98702 76394 14059 33583 44097 90798 8881 20114 84379 4601 31377 56311 52534 44092 52076 94706 17944 33237 %n5960 10
24868 67282 88694 49253 83083 28854 17341 73960 75389 73941 %n8664 18
96621 35927 69380 94160 77253 41099 33365 58344 35621 22025 19053 5599 15278 67572 31836 85982 83974 19288 %n