308
0 126
46723 81123 68031 67482 52297 48914 39601 88808 82259 86997 77952 54400 11950 25283 16099 93471 25414 29416 55170 30555 6134 49676 80805 24159 82097 800 29918 26820 95299 36147 72369 14635 29454 22434 52168 48787 37516 65717 400 40809 17084 36693 41072 23031 46241 15636 22973 95430 77553 32483 39035 48115 14349 63943 98880 12696 63287 77873 39681 78185 81475 56677 45085 97471 63451 96608 51387 9138 84187 72610 35944 34259 55246 25100 21318 63 24949 73040 14921 59872 97348 6997 84564 65364 24614 57199 71786 55285 95591 3372 96268 14874 34470 82026 87216 60655 52057 14197 4289 63130 19735 76411 38363 83956 97458 72777 29078 49989 63051 43248 42828 71864 70667 78197 80633 86250 14732 10437 9738 47006 23000 86209 63315 76245 12654 41768 %n1 96
39981 36337 43929 28763 94442 14838 67584 52417 69200 84614 17558 21180 34187 18882 52187 31868 88642 45013 18261 67930 4081 13038 46467 36285 50177 68891 68865 34293 12590 94980 84324 44716 71484 58576 36410 64409 79872 17090 33245 74714 4339 77920 94617 25412 26865 47589 71121 26761 35228 20256 82314 53651 19859 82639 28418 57750 67146 55606 59620 13220 84991 75115 12223 67913 12653 37910 39171 89998 61142 8758 79194 79017 85702 11989 84287 86122 57108 7621 77984 63013 86403 87138 59756 46733 35679 83805 71298 23303 47188 35333 77943 22687 13637 40393 38373 77915 %n2 69
88689 64871 69099 77093 22118 48784 63815 95123 62054 83362 36767 71933 86993 92517 74817 56305 14185 85589 70053 55021 55788 36617 95874 62210 64968 90190 39885 59605 99074 21527 7642 71073 66620 40635 8592 75417 22197 94071 11166 64552 8380 61123 8800 34301 81749 26888 915 90906 4617 81849 71685 97012 73614 78791 18583 51276 86085 63241 65870 88714 46734 37422 85650 30426 38487 78996 82746 20473 80103 %n3 49
78507 43699 29750 69827 34640 68618 11761 70617 18443 17497 16915 31950 71103 13011 83385 97121 13271 75704 28560 28842 82406 13308 41107 87290 38545 96021 45785 79652 13136 49660 56100 38651 98164 79902 13080 23322 82610 37969 17512 13072 7610 84194 14772 84659 71328 29311 83809 43514 24764 %n4 48
41897 45410 87414 61634 59269 99920 89073 39456 470 93837 56898 88650 73370 95677 54391 14864 30122 73636 94259 16750 97055 95050 28889 3014 52244 27926 88285 84942 59049 14754 19370 32089 91500 6254 79359 3682 88881 48641 4851 23082 28029 72393 45820 73577 55253 61802 57733 50063 %n5 33
1119 78724 89574 62359 56163 57022 90174 97655 74673 36303 47045 89587 31129 24591 13967 58038 33362 17155 92325 55766 26974 7372 42387 46436 38314 20602 82447 79417 13120 45868 46000 51392 95048 %n6 29
96084 42737 73539 3979 61973 25916 96807 39683 88055 48512 90860 6027 37938 64558 83706 59463 42231 10465 42048 41936 59172 874 37493 18607 27964 37191 32965 409 61081 %n7 20
27934 68492 17639 43875 85999 14764 96025 34990 56962 99771 63572 26893 60701 66909 56449 80420 39708 58832 40773 29173 %n8 12
76500 78351 33103 94315 95426 36010 83092 23930 18414 71264 82829 5298 %n9 12
27579 43785 57922 46056 57843 81953 29189 15201 63995 90440 99721 24144 %n10 7
93913 96260 25926 16535 65255 11374 59722 %n11 4
82346 92504 81754 61112 %n12 4
52207 66045 56130 76580 %n13 5
63383 13050 58976 7395 35160 %n14 2
75946 13649 %n15 0
%n16 1
92764 %n17 3
8291 68447 479 %n18 0
%n19 0
%n20 0
%n21 0
%n22 0
%n23 1
9104 %n24 1
79221 %n25 0
%n26 0
%n27 0
%n28 0
%n29 0
%n30 0
%n31 0
%n32 0
%n33 0
%n34 0
%n35 0
%n36 0
%n37 0
%n38 0
%n39 0
%n40 0
%n41 0
%n42 0
%n43 0
%n44 0
%n45 0
%n46 0
%n47 0
%n48 0
%n49 0
%n50 0
%n51 0
%n52 0
%n53 0
%n54 0
%n55 0
%n56 0
%n57 0
%n58 0
%n59 0
%n60 0
%n61 0
%n62 0
%n63 0
%n64 0
%n65 0
%n66 0
%n67 0
%n68 0
%n69 0
%n70 0
%n71 0
%n72 0
%n73 0
%n74 0
%n75 0
%n76 0
%n77 0
%n78 0
%n79 0
%n80 0
%n81 0
%n82 0
%n83 0
%n84 0
%n85 0
%n86 0
%n87 0
%n88 0
%n89 0
%n90 0
%n91 0
%n92 0
%n93 0
%n94 0
%n95 0
%n96 0
%n97 0
%n98 0
%n99 0
%n100 0
%n101 0
%n102 0
%n103 0
%n104 0
%n105 0
%n106 0
%n107 0
%n108 0
%n109 0
%n110 0
%n111 0
%n112 0
%n113 0
%n114 0
%n115 0
%n116 0
%n117 0
%n118 0
%n119 0
%n120 0
%n121 0
%n122 0
%n123 0
%n124 0
%n125 0
%n126 0
%n127 0
%n128 0
%n129 0
%n130 0
%n131 0
%n132 0
%n133 0
%n134 0
%n135 0
%n136 0
%n137 0
%n138 0
%n139 0
%n140 0
%n141 0
%n142 0
%n143 0
%n144 0
%n145 0
%n146 0
%n147 0
%n148 0
%n149 0
%n150 0
%n151 0
%n152 0
%n153 0
%n154 0
%n155 0
%n156 0
%n157 0
%n158 0
%n159 0
%n160 0
%n161 0
%n162 0
%n163 0
%n164 0
%n165 0
%n166 0
%n167 0
%n168 0
%n169 0
%n170 0
%n171 0
%n172 0
%n173 0
%n174 0
%n175 0
%n176 0
%n177 0
%n178 0
%n179 0
%n180 0
%n181 0
%n182 0
%n183 0
%n184 0
%n185 0
%n186 0
%n187 0
%n188 0
%n189 0
%n190 0
%n191 0
%n192 0
%n193 0
%n194 0
%n195 0
%n196 0
%n197 0
%n198 0
%n199 0
%n200 0
%n201 0
%n202 0
%n203 0
%n204 0
%n205 0
%n206 0
%n207 0
%n208 0
%n209 0
%n210 0
%n211 0
%n212 0
%n213 0
%n214 0
%n215 0
%n216 0
%n217 0
%n218 0
%n219 0
%n220 0
%n221 0
%n222 0
%n223 0
%n224 0
%n225 0
%n226 0
%n227 0
%n228 0
%n229 0
%n230 0
%n231 0
%n232 0
%n233 0
%n234 0
%n235 0
%n236 0
%n237 0
%n238 0
%n239 0
%n240 0
%n241 0
%n242 0
%n243 0
%n244 0
%n245 0
%n246 0
%n247 0
%n248 0
%n249 0
%n250 0
%n251 0
%n252 0
%n253 0
%n254 0
%n255 0
%n256 0
%n257 0
%n258 0
%n259 0
%n260 0
%n261 0
%n262 0
%n263 0
%n264 0
%n265 0
%n266 0
%n267 0
%n268 0
%n269 0
%n270 0
%n271 0
%n272 0
%n273 0
%n274 0
%n275 0
%n276 0
%n277 0
%n278 0
%n279 0
%n280 0
%n281 0
%n282 0
%n283 0
%n284 0
%n285 0
%n286 0
%n287 0
%n288 0
%n289 0
%n290 0
%n291 0
%n292 0
%n293 0
%n294 0
%n295 0
%n296 0
%n297 0
%n298 0
%n299 0
%n300 0
%n301 0
%n302 0
%n303 0
%n304 0
%n305 0
%n306 0
%n307 0
%n