37
0 30
69650 82596 84013 72245 29847 35147 44326 13449 20939 11246 34472 17664 47151 15055 38792 505 18932 85138 26056 50967 475 17536 5629 62316 34492 33231 83800 8340 51765 74603 %n1 30
60466 19622 26573 39477 85605 90282 90470 60405 76286 28708 70219 80048 44158 97572 69018 79178 14974 6513 30431 32750 73009 40605 48256 29795 42259 28773 77305 9309 97542 66535 %n2 30
63716 21104 4233 49785 49314 67652 20529 65522 2126 32891 7537 95017 87100 63012 36554 2975 47482 98150 34888 66697 91635 42746 81660 30536 26913 98270 56464 23064 40312 25834 %n3 29
87205 39128 61776 56654 7607 28183 73023 97943 7326 54174 72039 73371 7797 85469 48580 33737 52380 42287 71797 24128 57600 37583 34720 64658 22961 72120 76111 38139 27230 %n4 28
4634 11258 78828 98674 32005 39219 70938 21262 24289 61691 52474 71928 86894 24711 94054 70258 16753 89680 3710 70836 83271 70317 72480 6507 77878 46532 73309 85635 %n5 23
75928 93797 26728 71868 34251 12727 90768 13845 88621 8035 10713 45887 75114 43341 89267 10133 84365 84853 83226 83269 74848 21106 73184 %n6 23
2690 74121 49651 36693 87871 86996 65958 48792 50217 22361 43890 77261 3611 64782 24238 3519 12680 69247 66563 69552 69578 59039 5039 %n7 26
56165 57978 98533 11289 91001 11513 59638 30006 75572 11380 39261 34319 51229 55142 47644 75163 62247 1233 16478 92876 50196 97113 68315 73572 46202 731 %n8 22
24624 37070 97022 61545 65635 12850 90950 15339 73992 1975 14627 67878 46276 40287 63123 24439 71562 32385 61424 80537 98896 62385 %n9 23
44800 40790 8050 71473 68779 12888 60628 92934 7542 91019 37649 69451 73310 63769 87836 50277 21036 10165 99816 81972 66170 72176 93415 %n10 23
72093 52701 39446 57868 97088 41369 48335 98134 92632 55772 12843 78656 9329 37119 1544 95342 85981 52206 36762 87736 92830 85314 54849 %n11 17
14695 85760 30506 82680 19750 15858 42161 88227 48839 69608 97419 83201 44186 12378 59085 16565 77108 %n12 20
9499 81325 37600 87364 28051 75590 9885 87127 8269 43966 28285 17497 1789 22724 16361 45713 52587 54803 84564 76841 %n13 13
66687 20952 12932 51936 95901 72983 26672 75803 94453 385 90988 76908 75004 %n14 19
89568 41067 28835 95920 49342 380 32559 93710 8716 71401 91331 25820 31040 74969 1730 11556 51835 82201 21549 %n15 16
94898 62176 69832 4961 10560 65318 37715 67597 13355 68766 57612 97363 40732 91301 47587 32547 %n16 13
20047 91653 19141 77501 25422 76468 54506 76998 48732 33990 65462 69955 89748 %n17 13
33884 28469 37276 91025 83065 63083 65911 41741 10832 78727 45450 17511 46601 %n18 15
67749 49388 58966 80901 20924 91039 77758 57194 28386 31909 4319 72953 43941 71209 58579 %n19 16
2655 89331 95653 90413 65283 24907 13939 37000 34545 29676 34962 24240 59005 4801 86608 41954 %n20 15
44399 99838 68739 47889 53829 9047 52129 96187 98298 84912 39938 31157 10513 76558 98570 %n21 14
35732 74159 82242 66382 21430 99640 84970 9556 27112 89722 30048 21033 58118 24816 %n22 8
32362 35450 88294 58642 60989 73044 19527 66052 %n23 15
45058 72843 40443 95988 40110 23509 12546 70177 84301 11505 76036 18060 95546 98412 97219 %n24 16
4499 97397 79009 19886 80746 58868 32760 39890 13514 40280 76487 57185 63579 60048 73317 40250 %n25 15
21904 91756 68921 70806 55191 60507 16961 90002 69582 49194 6498 14718 12524 727 12655 %n26 12
46982 17311 64038 78187 18211 70883 47209 7495 3636 81843 29895 86510 %n27 13
37582 89394 83548 31081 91998 4430 96499 52012 44211 1699 97842 10129 60020 %n28 12
90541 96690 75160 15031 74739 34871 40406 24807 60468 56791 25532 96491 %n29 7
38481 72279 72657 17917 15309 92942 62520 %n30 10
43667 53833 16010 19728 32460 9388 34374 42430 33755 71279 %n31 6
5661 53485 8712 49758 91804 31491 %n32 12
93505 7258 57419 56014 55624 41885 36037 22145 77197 18508 37810 84813 %n33 6
9134 40923 10947 67577 70609 38585 %n34 4
29685 94740 98913 24071 %n35 3
71355 123 96036 %n36 5
13328 29632 64219 88535 82174 %n