198
0 250
72768 43162 80525 41719 64458 36688 58039 17608 11472 8186 8473 68452 57325 186 14628 51803 76903 2326 902 73713 44142 48353 16737 10163 68673 52572 15114 80838 37993 15209 65898 37363 6974 62372 13849 80415 80039 36603 29003 17584 50815 44062 56577 51243 18396 28812 76270 8393 6464 77210 39020 45966 56870 12499 62481 56591 8329 50667 23736 1466 13879 78232 7078 21166 6300 21355 21443 35412 43711 60974 41600 78197 26435 67110 78130 72896 64072 27795 14121 31805 11215 34017 18859 52447 16869 68091 34421 38538 35550 80221 73276 1486 62021 20382 6253 42522 28379 23594 41067 19756 66915 21156 57727 39134 40844 48111 9408 68747 53642 54106 54310 43402 34299 33878 12167 34202 10349 40086 70268 50018 27611 43518 23680 34963 28663 62011 24256 43912 27384 71829 24209 69207 44658 10640 57995 15873 34776 80702 9141 770 62937 53731 3887 67012 60552 31420 899 47364 25894 67882 19086 17229 4551 64552 5213 48248 9389 67737 23467 27011 14426 27167 59911 54126 64327 33603 73933 17998 60911 27376 76782 44089 43047 40323 1686 494 4364 35654 2674 51288 21753 35130 40539 38235 17850 14734 73715 66841 20666 57206 49400 16716 65613 54543 3108 23984 67890 36883 42372 22632 75799 22799 35293 7456 39453 19416 27212 47475 39387 38311 78664 29397 11629 45967 75884 69515 42787 62504 77179 18030 60126 53807 53027 25181 52974 45977 21084 13974 13018 26186 15221 56500 31590 56212 33585 77591 77188 31566 46374 26643 25532 70545 49645 14860 74413 50489 60832 35102 7618 52150 %n1 33
32693 42397 24140 5616 21631 1510 14829 76550 54853 72876 8354 77082 41179 62648 42235 26040 28030 9135 74320 30756 43230 28814 71978 81147 60008 47339 19336 2291 1825 81382 13366 34330 67895 %n2 4
72684 76451 46762 59407 %n3 1
18646 %n4 0
%n5 0
%n6 0
%n7 0
%n8 0
%n9 0
%n10 0
%n11 0
%n12 0
%n13 0
%n14 0
%n15 0
%n16 0
%n17 0
%n18 0
%n19 0
%n20 0
%n21 0
%n22 0
%n23 0
%n24 0
%n25 0
%n26 0
%n27 0
%n28 0
%n29 0
%n30 0
%n31 0
%n32 0
%n33 0
%n34 0
%n35 0
%n36 0
%n37 0
%n38 0
%n39 0
%n40 0
%n41 0
%n42 0
%n43 0
%n44 0
%n45 0
%n46 0
%n47 0
%n48 0
%n49 0
%n50 0
%n51 0
%n52 0
%n53 0
%n54 0
%n55 0
%n56 0
%n57 0
%n58 0
%n59 0
%n60 0
%n61 0
%n62 0
%n63 0
%n64 0
%n65 0
%n66 0
%n67 0
%n68 0
%n69 0
%n70 0
%n71 0
%n72 0
%n73 0
%n74 0
%n75 0
%n76 0
%n77 0
%n78 0
%n79 0
%n80 0
%n81 0
%n82 0
%n83 0
%n84 0
%n85 0
%n86 0
%n87 0
%n88 0
%n89 0
%n90 0
%n91 0
%n92 0
%n93 0
%n94 0
%n95 0
%n96 0
%n97 0
%n98 0
%n99 0
%n100 0
%n101 0
%n102 0
%n103 0
%n104 0
%n105 0
%n106 0
%n107 0
%n108 0
%n109 0
%n110 0
%n111 0
%n112 0
%n113 0
%n114 0
%n115 0
%n116 0
%n117 0
%n118 0
%n119 0
%n120 0
%n121 0
%n122 0
%n123 0
%n124 0
%n125 0
%n126 0
%n127 0
%n128 0
%n129 0
%n130 0
%n131 0
%n132 0
%n133 0
%n134 0
%n135 0
%n136 0
%n137 0
%n138 0
%n139 0
%n140 0
%n141 0
%n142 0
%n143 0
%n144 0
%n145 0
%n146 0
%n147 0
%n148 0
%n149 0
%n150 0
%n151 0
%n152 0
%n153 0
%n154 0
%n155 0
%n156 0
%n157 0
%n158 0
%n159 0
%n160 0
%n161 0
%n162 0
%n163 0
%n164 0
%n165 0
%n166 0
%n167 0
%n168 0
%n169 0
%n170 0
%n171 0
%n172 0
%n173 0
%n174 0
%n175 0
%n176 0
%n177 0
%n178 0
%n179 0
%n180 0
%n181 0
%n182 0
%n183 0
%n184 0
%n185 0
%n186 0
%n187 0
%n188 0
%n189 0
%n190 0
%n191 0
%n192 0
%n193 0
%n194 0
%n195 0
%n196 0
%n197 0
%n