145
0 10
46999 83345 74543 81687 78999 12966 21462 19164 29159 60173 %n1 10
85148 35100 78898 46621 64224 25843 51303 44215 48542 33685 %n2 10
71988 37784 48773 48881 48945 39021 8402 19063 6218 25051 %n3 8
18889 84489 70181 54969 35997 8587 3132 29035 %n4 10
67282 26898 62766 33275 76934 52011 48084 43286 58959 60754 %n5 8
67573 66129 22188 34824 16601 24664 14143 37467 %n6 9
11868 31416 11990 8259 35065 14531 46710 25933 41478 %n7 6
42274 14443 42637 46067 45115 21311 %n8 8
39427 31035 48039 61172 18295 22145 82046 15643 %n9 7
8796 44749 21994 40866 16345 77650 40298 %n10 9
77687 80396 28592 47887 26825 13496 38899 34404 43444 %n11 6
71427 3833 1919 6145 43282 6867 %n12 7
32710 68820 66284 56873 79012 75487 18914 %n13 8
52771 70024 26600 24254 58685 59690 11730 58690 %n14 6
10360 69691 8523 46460 58657 35818 %n15 7
48397 51839 46891 47568 34743 44956 17064 %n16 8
72258 16082 39909 55045 303 23298 49126 25746 %n17 9
10968 47229 34218 1905 74990 82576 51752 16258 77400 %n18 8
12132 71861 65327 78555 9233 57446 68950 11579 %n19 8
34834 32061 68399 35554 72609 28914 53727 10349 %n20 7
33280 24756 69394 30046 16762 38115 45167 %n21 8
6099 58595 73513 76053 15112 84529 68341 48987 %n22 8
47259 63667 24949 81635 82301 41633 85154 37517 %n23 4
78272 56248 42073 69601 %n24 6
31589 14156 28177 52517 75965 24896 %n25 7
33030 1996 76923 5094 83582 12763 77216 %n26 7
1728 15429 44176 39081 47269 57209 10476 %n27 6
24019 84012 19481 12654 83898 43411 %n28 2
71943 6880 %n29 8
77550 1271 63065 76762 34193 66043 73203 34285 %n30 4
43454 63493 58163 52089 %n31 5
79673 4376 41207 13775 31075 %n32 5
73801 6176 28605 72795 5288 %n33 4
62487 28538 66606 74944 %n34 6
67745 52927 3114 85076 28543 43464 %n35 2
26341 53361 %n36 5
10200 68566 34483 18947 20850 %n37 5
71310 34203 209 20364 38408 %n38 7
82743 60447 58819 84593 52285 56909 72709 %n39 5
52525 55545 70523 33658 7487 %n40 3
44804 2192 22677 %n41 2
7787 49724 %n42 3
11092 28129 57837 %n43 7
57156 61287 57011 72407 54158 33203 11067 %n44 3
32048 906 29144 %n45 2
79843 71771 %n46 5
42914 66150 33854 70337 15149 %n47 3
14669 1184 81454 %n48 3
39942 59869 58390 %n49 3
45652 71306 74497 %n50 4
44905 16815 59473 65620 %n51 1
83696 %n52 3
78945 54607 6714 %n53 3
52133 53107 6143 %n54 4
41312 52831 31152 48419 %n55 4
81005 33332 73239 70420 %n56 3
42287 76675 83347 %n57 1
32378 %n58 4
9078 7735 73858 18445 %n59 0
%n60 1
3330 %n61 0
%n62 3
12152 34482 73387 %n63 5
35549 53993 7541 14881 49635 %n64 1
71185 %n65 1
21510 %n66 2
53111 63409 %n67 2
65715 16896 %n68 4
77726 75652 59804 49858 %n69 1
1932 %n70 1
52820 %n71 3
8449 37731 49370 %n72 0
%n73 0
%n74 1
10889 %n75 3
75542 4824 79678 %n76 2
70303 3009 %n77 1
1699 %n78 3
41695 68463 81486 %n79 2
13969 39662 %n80 3
15605 72377 65499 %n81 2
68353 32644 %n82 0
%n83 0
%n84 1
5740 %n85 2
61130 63106 %n86 1
13002 %n87 1
26803 %n88 1
81102 %n89 0
%n90 1
81426 %n91 1
3589 %n92 0
%n93 0
%n94 0
%n95 1
42388 %n96 1
47074 %n97 3
5705 16391 46624 %n98 1
83710 %n99 0
%n100 1
41982 %n101 1
61766 %n102 2
58603 47549 %n103 1
69961 %n104 1
75427 %n105 1
81114 %n106 0
%n107 1
10415 %n108 1
47416 %n109 2
30194 21109 %n110 3
75014 3309 39184 %n111 0
%n112 0
%n113 1
54833 %n114 0
%n115 0
%n116 1
11734 %n117 1
60831 %n118 2
52486 20104 %n119 0
%n120 0
%n121 2
30931 79612 %n122 0
%n123 1
79378 %n124 0
%n125 2
43637 77344 %n126 0
%n127 0
%n128 2
18748 77203 %n129 2
81317 5286 %n130 0
%n131 1
7325 %n132 0
%n133 0
%n134 1
12147 %n135 0
%n136 0
%n137 0
%n138 1
34273 %n139 0
%n140 1
79772 %n141 2
47322 19871 %n142 1
83549 %n143 0
%n144 0
%n