136
0 23
51415 8581 40479 6226 64803 49474 23915 37194 12938 47411 61813 38809 4535 25864 24304 17909 41588 23060 64640 9034 18059 57138 1114 %n1 23
23674 39876 34758 44237 60136 39672 77317 23558 61316 2268 65891 11704 34470 59199 26351 9792 63767 46863 52681 26549 34448 775 54830 %n2 20
35172 10887 39156 69226 16170 46761 73091 3985 66181 25949 10665 57682 2363 53131 33459 61693 71916 3499 65811 17013 %n3 21
58191 69691 39528 38282 50020 17983 36306 18978 76763 46302 3512 49193 56838 51591 34399 44846 726 67627 40952 49539 3357 %n4 18
36214 35993 6899 68256 54398 9044 19030 49128 54767 63937 13764 7288 59381 51148 49291 20029 45859 67741 %n5 18
29388 42054 12987 59262 18119 53718 48494 26421 21565 37831 5875 39236 29886 71973 73163 8115 69897 20230 %n6 16
70328 14877 16865 13353 67129 2472 64426 36636 52928 1670 43351 36880 57306 28816 30117 68668 %n7 17
69479 76814 76134 66126 47415 77616 64193 33200 36579 65245 54650 32364 35226 32444 30799 22262 35053 %n8 12
15425 559 2126 38399 73159 62496 29491 68418 69140 37064 53997 71210 %n9 15
27467 56107 28806 73088 67521 53605 58552 23169 771 58134 51503 78213 59327 45385 49113 %n10 14
3351 67139 13885 18132 30922 60786 25123 484 16148 44440 19487 22515 40664 58421 %n11 14
37268 28418 59723 41786 25102 48025 18498 51333 36670 48118 10793 66477 49170 16225 %n12 13
27706 75606 28241 22399 69762 30406 66634 66035 59049 64053 24199 57964 35887 %n13 11
2712 4124 53309 62349 43472 78114 26941 61153 22472 72858 74188 %n14 11
8008 33906 26672 17145 17050 50636 63542 24521 74874 18920 29226 %n15 12
65204 56067 67557 46602 71381 63914 29461 58719 64826 70356 34154 47108 %n16 10
46194 1474 25773 42001 73241 50702 14338 20614 71249 34632 %n17 9
48746 71648 39051 32937 60347 66193 49049 34472 42535 %n18 9
58497 22966 51527 46175 8346 28381 20723 62401 8663 %n19 8
58664 63577 47537 55780 17576 77907 20268 71358 %n20 9
75877 64067 9988 57262 27956 65350 45180 3039 32968 %n21 7
62831 48070 6290 56302 53401 31769 25247 %n22 6
40604 14297 15309 66922 26690 56894 %n23 8
13747 52027 20072 27534 28356 74048 16789 71649 %n24 8
12059 54062 324 25557 1123 7571 33582 31374 %n25 5
13169 22174 53484 37843 45030 %n26 5
64603 67088 10103 16948 44462 %n27 8
46866 73530 20050 63292 20372 76998 15095 21124 %n28 7
60801 61751 36293 47119 34634 67170 20115 %n29 3
9806 64565 53614 %n30 5
1619 8024 32657 63733 2872 %n31 4
28375 12697 76591 43342 %n32 6
55923 11584 30221 13481 47733 32080 %n33 2
58833 43456 %n34 5
71904 6801 5377 16934 3480 %n35 3
43150 38894 50428 %n36 3
35291 61108 1865 %n37 4
40023 23068 42276 44508 %n38 5
16653 43986 51208 14749 67949 %n39 2
25162 44904 %n40 1
57812 %n41 4
61934 3762 43018 8338 %n42 5
39483 57168 69890 46735 68549 %n43 2
63674 44572 %n44 5
75749 44327 45154 48767 69707 %n45 0
%n46 2
14659 58871 %n47 3
59274 47281 15774 %n48 0
%n49 1
63908 %n50 2
14126 41489 %n51 1
19320 %n52 2
15742 34676 %n53 2
1637 22714 %n54 1
72066 %n55 2
34421 36618 %n56 0
%n57 1
5597 %n58 0
%n59 2
16233 43610 %n60 0
%n61 1
31441 %n62 0
%n63 2
41830 73000 %n64 0
%n65 0
%n66 0
%n67 0
%n68 0
%n69 2
31840 76207 %n70 0
%n71 1
27279 %n72 0
%n73 2
65395 67604 %n74 0
%n75 1
12553 %n76 0
%n77 0
%n78 2
33096 30424 %n79 1
6425 %n80 0
%n81 2
39510 25913 %n82 0
%n83 0
%n84 0
%n85 0
%n86 0
%n87 0
%n88 0
%n89 0
%n90 0
%n91 1
16555 %n92 2
69077 71605 %n93 0
%n94 0
%n95 0
%n96 0
%n97 2
28150 58276 %n98 0
%n99 0
%n100 0
%n101 0
%n102 0
%n103 0
%n104 0
%n105 0
%n106 0
%n107 0
%n108 0
%n109 0
%n110 0
%n111 0
%n112 0
%n113 0
%n114 0
%n115 0
%n116 0
%n117 0
%n118 1
58713 %n119 0
%n120 1
10513 %n121 0
%n122 0
%n123 0
%n124 0
%n125 0
%n126 0
%n127 0
%n128 0
%n129 0
%n130 0
%n131 0
%n132 0
%n133 0
%n134 0
%n135 0
%n