207
0 198
3551 69010 9869 89301 47761 73526 81620 22466 39209 5043 3163 19332 53552 92403 77800 5229 33722 30902 4615 9615 9451 41534 41967 51039 90210 44048 35108 64654 9915 11186 16 63320 5599 33517 70081 8253 99006 59999 75075 29841 15039 12087 3321 9020 64833 24558 32682 98496 50128 98187 96495 70183 95004 53315 90179 54088 85731 50995 12023 99892 27617 72193 43219 28048 37527 14123 82858 81321 33442 44498 68674 98785 82098 47090 13075 55783 32774 37400 43020 86450 49446 13609 20312 1886 97826 47662 46314 50704 76543 85003 82770 3457 9306 76265 88607 20760 33423 87960 88671 96886 86601 47931 33466 86 27540 89247 65984 68942 85703 59437 75597 58869 47574 51791 57576 25101 79592 37430 63110 51938 38920 45940 85971 19227 69550 4394 7532 13697 33869 47390 27321 30185 57343 51765 803 55300 32074 41239 76895 83677 6640 28580 48501 90242 93525 89806 35148 61822 83321 25895 31261 39853 72124 43193 81551 57479 66320 79112 41487 12918 91937 68319 39887 41453 92460 81387 61223 86743 54553 81398 50354 476 39991 54650 11690 97618 80671 69307 76096 84079 76748 10159 15302 44320 22216 25902 23286 94647 5967 88638 72476 1340 77026 30574 2311 49048 51883 62406 %n1 128
80776 82278 35412 12220 55185 29877 97023 4568 7941 46600 34205 66834 53248 36944 49808 11510 87985 81302 69096 93587 84464 80290 12187 98338 4561 94526 28090 87403 75720 96781 81811 29164 59544 82543 94960 89580 47240 32336 93073 98237 66012 24775 43499 28472 91559 55464 26633 14386 13055 52813 38118 57149 56346 68828 13724 18604 47115 60423 90862 54263 32247 20878 94365 22341 18839 86103 57556 31691 33917 78972 77966 67909 53061 86333 50624 56284 49636 72601 98930 11866 36153 19248 11840 45951 48996 75278 97951 39417 53054 5064 20334 34753 93528 33728 70481 42208 72932 27438 42326 62075 25756 32638 36720 40129 92005 20446 6111 76340 63021 73852 90461 36788 35926 71507 61308 21384 3120 44364 48957 65426 87935 78662 65167 4438 14922 74445 90733 63594 %n2 79
94558 29754 54554 64055 90002 68404 70896 26432 26880 88503 65579 88236 52652 71854 96251 80285 88102 4231 45279 12 14746 34677 20634 4160 21170 77992 1273 95818 88841 96709 22535 97248 35749 48987 57039 84048 90280 60003 87426 67285 76926 64984 52971 88062 77391 83355 28133 86642 15203 74045 56582 61574 19834 71466 35286 92268 22606 37123 72209 50471 43217 41046 89161 4803 74931 1467 28091 46916 42848 21945 26501 75861 40521 19057 65506 9739 287 13336 60097 %n3 68
18734 88629 38670 40182 88589 169 52737 93995 42303 20690 46132 6914 99897 39110 65139 33623 7860 50278 71233 9745 14907 55993 39129 30992 57155 95446 50674 33799 62106 21290 18282 84425 87207 23169 14060 98516 89626 40999 75280 30204 34108 22233 75429 82111 70000 44070 8980 93867 89409 9528 29929 46776 72136 89464 88762 91512 4450 88289 12713 45999 43808 94397 92421 61182 41145 51122 98296 80679 %n4 49
69956 5809 24718 73499 79476 48962 13550 10819 25634 41012 35264 9607 23282 94297 60929 21244 89497 14775 81381 739 30976 71462 60424 22841 68512 7459 82302 86307 5309 80346 86662 36464 48723 459 2231 22888 951 7124 38967 79493 95493 79823 52402 30892 17413 30798 5384 25107 31876 %n5 22
11974 67368 54024 61516 55777 63022 68870 494 85026 48639 82446 74606 62297 18394 24823 95037 6307 82029 1454 8891 59502 74602 %n6 23
53353 21149 12659 17506 14418 72769 67637 20085 76971 64701 20688 25898 33717 98298 76723 28381 23944 39301 75060 21482 20502 49338 91536 %n7 11
23468 16799 36810 18458 47232 87857 74992 85088 38074 38638 95267 %n8 9
78035 27871 28629 75739 65522 11152 32476 10532 95095 %n9 7
2235 71150 76995 72668 22019 21585 99915 %n10 4
24258 85755 23494 99506 %n11 1
43229 %n12 3
35841 38284 46860 %n13 1
26566 %n14 0
%n15 0
%n16 1
92319 %n17 0
%n18 0
%n19 0
%n20 0
%n21 0
%n22 0
%n23 0
%n24 0
%n25 0
%n26 0
%n27 0
%n28 0
%n29 0
%n30 0
%n31 0
%n32 0
%n33 0
%n34 0
%n35 0
%n36 0
%n37 0
%n38 0
%n39 0
%n40 0
%n41 0
%n42 0
%n43 0
%n44 0
%n45 0
%n46 0
%n47 0
%n48 0
%n49 0
%n50 0
%n51 0
%n52 0
%n53 0
%n54 0
%n55 0
%n56 0
%n57 0
%n58 0
%n59 0
%n60 0
%n61 0
%n62 0
%n63 0
%n64 0
%n65 0
%n66 0
%n67 0
%n68 0
%n69 0
%n70 0
%n71 0
%n72 0
%n73 0
%n74 0
%n75 0
%n76 0
%n77 0
%n78 0
%n79 0
%n80 0
%n81 0
%n82 0
%n83 0
%n84 0
%n85 0
%n86 0
%n87 0
%n88 0
%n89 0
%n90 0
%n91 0
%n92 0
%n93 0
%n94 0
%n95 0
%n96 0
%n97 0
%n98 0
%n99 0
%n100 0
%n101 0
%n102 0
%n103 0
%n104 0
%n105 0
%n106 0
%n107 0
%n108 0
%n109 0
%n110 0
%n111 0
%n112 0
%n113 0
%n114 0
%n115 0
%n116 0
%n117 0
%n118 0
%n119 0
%n120 0
%n121 0
%n122 0
%n123 0
%n124 0
%n125 0
%n126 0
%n127 0
%n128 0
%n129 0
%n130 0
%n131 0
%n132 0
%n133 0
%n134 0
%n135 0
%n136 0
%n137 0
%n138 0
%n139 0
%n140 0
%n141 0
%n142 0
%n143 0
%n144 0
%n145 0
%n146 0
%n147 0
%n148 0
%n149 0
%n150 0
%n151 0
%n152 0
%n153 0
%n154 0
%n155 0
%n156 0
%n157 0
%n158 0
%n159 0
%n160 0
%n161 0
%n162 0
%n163 0
%n164 0
%n165 0
%n166 0
%n167 0
%n168 0
%n169 0
%n170 0
%n171 0
%n172 0
%n173 0
%n174 0
%n175 0
%n176 0
%n177 0
%n178 0
%n179 0
%n180 0
%n181 0
%n182 0
%n183 0
%n184 0
%n185 0
%n186 0
%n187 0
%n188 0
%n189 0
%n190 0
%n191 0
%n192 0
%n193 0
%n194 0
%n195 0
%n196 0
%n197 0
%n198 0
%n199 0
%n200 0
%n201 0
%n202 0
%n203 0
%n204 0
%n205 0
%n206 0
%n