343
0 146
38974 76313 52124 79969 32995 39459 78519 57105 99520 70625 85528 19238 91846 52963 1363 71976 43816 64956 83853 36573 12157 55383 49119 93728 18148 333 27982 11088 44529 54196 61121 18985 79733 48619 28424 69612 2801 56036 92027 8853 3122 41290 88039 31753 223 52397 21605 51656 34139 869 98190 33243 63060 7674 90697 14963 88499 80955 27254 4860 25244 85418 50206 10716 22961 30467 67515 35922 5496 66103 48312 7687 42171 71425 26022 78533 46242 41334 11197 411 61354 56332 20016 98916 57606 39146 44731 65325 96780 522 63360 18773 19609 73258 12323 29631 44765 81884 45253 36708 30936 95508 33204 28858 75541 25444 3614 24565 39327 48417 3981 23471 81634 97367 69475 50589 11305 81469 85436 80431 2861 60765 91699 80281 81873 86580 34531 63515 70450 36476 21919 41146 76595 32884 68292 81681 72381 81126 68258 64751 9856 42921 10566 886 47001 16561 %n1 119
5546 30568 89454 95807 76695 77265 1106 42732 95798 98046 19737 15084 98257 85952 90827 34314 4347 78594 45959 93819 30044 43183 13061 59514 33333 7278 83817 38268 66734 34144 40995 70006 97244 49634 89715 18074 70171 15313 82931 22443 65008 40249 25084 3748 65693 95076 67170 93377 57457 66601 29406 15954 48392 65151 66190 41485 85920 53544 36042 38110 62226 3796 48059 38628 77414 39978 7658 24354 157 5109 21006 18331 5597 48 59488 59467 49852 20923 52873 15489 35375 50404 83176 6481 18524 66278 39698 8336 66919 57371 75854 32874 92830 27780 52385 35368 21676 94947 60821 67645 46827 10064 39741 53473 90607 98185 98482 80139 66758 10842 35291 94252 78140 7455 75490 2359 7789 40355 1004 %n2 80
19794 12269 99470 92705 18577 24362 19315 86975 43364 79794 24949 11013 95193 60562 54875 63494 35379 12919 92254 22347 98200 16020 82771 16367 89812 48442 90684 8626 19635 94626 61335 34384 85023 89358 88478 49082 75656 19349 26264 22258 86485 83073 22828 19335 61439 92408 32785 86256 24079 30034 68111 19410 43727 60911 36368 86393 65327 69450 60879 13522 497 33124 98181 75262 82889 89452 7966 93565 93394 69929 86874 94168 40538 95578 12436 94636 4933 54437 69433 77301 %n3 67
32751 79891 35493 89508 50663 70182 33014 82988 4699 12860 4639 43838 7786 72418 29547 6696 16468 92467 28941 53936 98681 84515 56211 96627 80161 80704 28584 22039 1714 78348 57963 50262 18107 29592 40824 60195 46655 48617 78129 72658 46895 48334 97728 46211 26434 63063 31604 32694 47450 33004 83179 5277 96593 68334 24308 43716 97268 56568 44941 99285 41703 63040 89975 64901 87213 40529 7099 %n4 61
36782 73833 96042 4495 1615 63892 80770 38958 72801 70478 89427 18876 26507 99623 83685 69973 45190 92107 10053 73481 33185 94779 21598 76245 725 80683 67855 77873 81971 48232 38413 32936 38030 43070 64 49510 60876 42620 60534 36752 37283 17572 96433 95428 26456 12460 17233 57715 93396 26123 79606 79020 85065 8511 63860 9877 91927 83181 75345 64457 2525 %n5 47
23505 91125 30616 34316 4078 62039 40763 7397 958 81723 17413 70152 41915 16494 8675 43846 11213 92244 77491 77520 92339 150 38562 50299 919 9543 69071 91815 21805 18736 85222 26182 39404 52534 87358 14845 89743 87063 47354 86591 47662 97825 53890 35701 64828 34860 69761 %n6 37
64202 47433 43216 68309 46751 46774 75106 1249 62549 60318 33593 31549 65427 40794 1127 38434 29314 59943 49097 1258 2475 67341 12226 94283 76525 74787 68681 2120 14420 32844 6470 72787 41917 66732 51994 69074 92925 %n7 28
67331 17265 24625 17439 91740 76387 94295 17681 49916 99094 4635 41909 28418 16425 19033 50562 21359 64591 94235 72445 51745 19690 9447 41820 58644 89503 1451 53960 %n8 29
27790 81891 47032 73214 19041 31574 43851 19981 15925 76899 82437 10624 2508 42763 47256 13806 64199 58402 60600 24286 9352 75400 42166 53572 91195 12633 97409 16274 77881 %n9 23
15549 75330 78810 12722 33241 40274 71561 29457 39900 87712 17283 57931 98449 77632 98024 96748 99738 68405 97774 47111 20630 39113 51345 %n10 18
63104 33638 9946 75165 36913 42754 25536 86930 20438 9661 44927 34965 92216 41076 95520 28368 45619 37209 %n11 8
21572 45071 11546 16669 96768 77716 47351 17601 %n12 14
87573 53399 46902 35362 83194 24772 72102 57425 92350 66477 15294 38938 69854 1396 %n13 5
26955 71373 7218 93126 9055 %n14 3
97435 97358 24194 %n15 1
93635 %n16 5
54905 1282 90300 86916 81003 %n17 3
56572 88577 14808 %n18 1
98032 %n19 0
%n20 3
39795 318 65701 %n21 0
%n22 0
%n23 1
66715 %n24 0
%n25 0
%n26 0
%n27 0
%n28 1
40642 %n29 0
%n30 0
%n31 0
%n32 0
%n33 0
%n34 0
%n35 0
%n36 0
%n37 0
%n38 0
%n39 0
%n40 0
%n41 0
%n42 0
%n43 0
%n44 0
%n45 0
%n46 0
%n47 0
%n48 0
%n49 0
%n50 0
%n51 0
%n52 0
%n53 0
%n54 0
%n55 0
%n56 0
%n57 0
%n58 0
%n59 0
%n60 0
%n61 0
%n62 0
%n63 0
%n64 0
%n65 0
%n66 0
%n67 0
%n68 0
%n69 0
%n70 0
%n71 0
%n72 0
%n73 0
%n74 0
%n75 0
%n76 0
%n77 0
%n78 0
%n79 0
%n80 0
%n81 0
%n82 0
%n83 0
%n84 0
%n85 0
%n86 0
%n87 0
%n88 0
%n89 0
%n90 0
%n91 0
%n92 0
%n93 0
%n94 0
%n95 0
%n96 0
%n97 0
%n98 0
%n99 0
%n100 0
%n101 0
%n102 0
%n103 0
%n104 0
%n105 0
%n106 0
%n107 0
%n108 0
%n109 0
%n110 0
%n111 0
%n112 0
%n113 0
%n114 0
%n115 0
%n116 0
%n117 0
%n118 0
%n119 0
%n120 0
%n121 0
%n122 0
%n123 0
%n124 0
%n125 0
%n126 0
%n127 0
%n128 0
%n129 0
%n130 0
%n131 0
%n132 0
%n133 0
%n134 0
%n135 0
%n136 0
%n137 0
%n138 0
%n139 0
%n140 0
%n141 0
%n142 0
%n143 0
%n144 0
%n145 0
%n146 0
%n147 0
%n148 0
%n149 0
%n150 0
%n151 0
%n152 0
%n153 0
%n154 0
%n155 0
%n156 0
%n157 0
%n158 0
%n159 0
%n160 0
%n161 0
%n162 0
%n163 0
%n164 0
%n165 0
%n166 0
%n167 0
%n168 0
%n169 0
%n170 0
%n171 0
%n172 0
%n173 0
%n174 0
%n175 0
%n176 0
%n177 0
%n178 0
%n179 0
%n180 0
%n181 0
%n182 0
%n183 0
%n184 0
%n185 0
%n186 0
%n187 0
%n188 0
%n189 0
%n190 0
%n191 0
%n192 0
%n193 0
%n194 0
%n195 0
%n196 0
%n197 0
%n198 0
%n199 0
%n200 0
%n201 0
%n202 0
%n203 0
%n204 0
%n205 0
%n206 0
%n207 0
%n208 0
%n209 0
%n210 0
%n211 0
%n212 0
%n213 0
%n214 0
%n215 0
%n216 0
%n217 0
%n218 0
%n219 0
%n220 0
%n221 0
%n222 0
%n223 0
%n224 0
%n225 0
%n226 0
%n227 0
%n228 0
%n229 0
%n230 0
%n231 0
%n232 0
%n233 0
%n234 0
%n235 0
%n236 0
%n237 0
%n238 0
%n239 0
%n240 0
%n241 0
%n242 0
%n243 0
%n244 0
%n245 0
%n246 0
%n247 0
%n248 0
%n249 0
%n250 0
%n251 0
%n252 0
%n253 0
%n254 0
%n255 0
%n256 0
%n257 0
%n258 0
%n259 0
%n260 0
%n261 0
%n262 0
%n263 0
%n264 0
%n265 0
%n266 0
%n267 0
%n268 0
%n269 0
%n270 0
%n271 0
%n272 0
%n273 0
%n274 0
%n275 0
%n276 0
%n277 0
%n278 0
%n279 0
%n280 0
%n281 0
%n282 0
%n283 0
%n284 0
%n285 0
%n286 0
%n287 0
%n288 0
%n289 0
%n290 0
%n291 0
%n292 0
%n293 0
%n294 0
%n295 0
%n296 0
%n297 0
%n298 0
%n299 0
%n300 0
%n301 0
%n302 0
%n303 0
%n304 0
%n305 0
%n306 0
%n307 0
%n308 0
%n309 0
%n310 0
%n311 0
%n312 0
%n313 0
%n314 0
%n315 0
%n316 0
%n317 0
%n318 0
%n319 0
%n320 0
%n321 0
%n322 0
%n323 0
%n324 0
%n325 0
%n326 0
%n327 0
%n328 0
%n329 0
%n330 0
%n331 0
%n332 0
%n333 0
%n334 0
%n335 0
%n336 0
%n337 0
%n338 0
%n339 0
%n340 0
%n341 0
%n342 0
%n