41
0 125
98843 1664 26670 34662 31268 62884 3507 6600 21415 54150 53127 29061 92829 93580 30900 51358 53417 54445 52878 89860 86140 66428 54893 8479 35543 4635 55886 41825 92 12666 16096 87050 99156 43865 19630 29501 15766 63887 97197 26278 3479 1042 29683 63970 38612 89974 17454 85646 6147 21858 28122 21943 62014 79222 2153 63225 48496 8537 14018 23035 35158 22617 23876 77384 83994 81733 35563 63978 89819 47861 11513 77265 64733 35456 71458 26151 76530 64047 93439 8471 8767 61438 52266 92380 63256 9603 33071 26978 20441 48158 20215 2036 81184 12843 86067 67934 2128 4522 99631 68924 96438 24356 20372 32836 59363 62971 94375 13374 57430 15695 94855 81499 9548 28609 48600 67718 48255 67334 47381 57596 84683 7914 5610 20379 19003 %n1 125
18807 67451 8991 76152 19847 86292 23995 73660 2608 98370 28379 26269 95141 17149 59988 5779 19641 35310 32395 30133 43124 5707 22794 46179 18067 66646 96753 58328 56463 44480 8902 71768 30477 21747 7964 78704 39852 38367 52828 16852 61856 19012 86755 36014 50640 65653 27216 46062 70395 27958 14926 78270 36281 55459 20393 65151 78138 90635 21612 77379 79216 99753 17949 22164 62534 52514 95027 45187 96116 4674 88211 96718 33864 4789 44551 86373 92887 5541 76945 27411 50528 76814 88971 7629 1929 64149 83503 79888 19649 19135 3584 29805 29563 4151 55921 96296 51683 56312 11280 67402 57804 92082 8503 6817 5134 91286 763 16900 51945 80339 83844 95727 91248 78398 4633 94464 90068 99348 84822 55909 53011 12188 75040 45222 98811 %n2 125
74334 81035 12789 73740 54367 27059 64841 88815 59879 90825 43785 50043 17475 13969 35812 44085 15737 49141 40731 64433 73363 51467 211 66257 98106 84237 25102 61121 37547 6319 44687 12304 69312 85807 54335 46393 44917 62787 98438 46810 33407 6517 41188 29382 42804 10659 65544 34550 49111 45607 47273 24327 13771 6502 62995 76821 29983 94774 17987 58413 19994 6087 25570 99037 74913 16990 29170 41452 62268 21868 30366 22620 28431 26297 51695 29325 47813 92124 84385 20103 52135 89160 67472 42105 48051 68038 66877 72207 57993 32335 66658 51 96483 5144 12122 60595 72914 19899 35781 26362 40627 81123 74522 59220 51419 96664 96862 92674 4589 28417 81891 23977 66177 22342 91428 40056 32115 54524 4597 60919 4038 98864 99283 64729 32286 %n3 125
16161 58380 27809 47063 660 70541 54801 66407 53478 50710 76317 75640 81351 47336 88814 44987 57685 90247 43585 40372 14249 91530 36871 93443 63582 37799 14131 66040 80750 99954 36560 35805 25282 56898 9085 23154 23556 8342 4744 85051 50131 87750 27717 85181 97576 2975 61091 9238 32353 82756 86176 37285 29718 15931 33820 31594 66815 62505 53242 37272 650 79236 70231 6518 18099 54944 62538 84257 71859 90515 51808 67125 82816 83901 67165 7844 86079 43438 8047 67578 45562 55009 94397 73256 60576 41410 81880 22283 9526 74627 32550 31539 80227 60367 75745 98818 99960 61065 27756 13918 38296 600 98569 80652 44990 48112 29228 37035 78191 35354 82616 18892 16474 17636 39051 75180 19552 28669 88878 18693 24634 83361 70413 12500 68928 %n4 124
53361 83755 69755 1997 17626 7670 34911 76388 40110 78607 81983 29570 88688 78347 14419 44046 411 97924 1101 47344 44121 39384 68113 5937 80819 53863 90717 69653 4617 31242 63303 61940 39239 94487 20920 61522 74138 61073 17482 66492 5814 73359 14837 60739 7857 67920 84228 36026 53947 1378 93267 38019 34924 22614 17702 1291 51973 11596 59600 80272 32107 34644 67734 81616 22116 78761 2420 32652 50903 93484 90729 40123 73769 57853 77529 48237 68933 30443 55046 37127 72031 8946 88184 57029 83698 52564 22972 49068 17172 55350 8606 5087 942 47706 53569 45334 91269 26338 84807 7506 42156 12520 80554 79681 59960 98124 17956 25699 80619 57157 20040 56095 88612 18040 53825 48319 78278 54201 64214 42820 94644 21231 43826 36197 %n5 124
5294 5323 44161 31164 63784 9221 51309 22756 1223 23996 67683 14738 34021 82651 68852 92513 48591 8036 26518 55465 43247 74057 80363 48776 36035 90231 5820 62658 50542 45176 54139 94032 39346 24720 48377 53830 65780 68380 28608 1985 62319 41003 86077 67174 34466 84920 14562 39840 13489 64709 96583 58565 22544 90359 47849 73022 31903 37638 60410 41979 16204 50672 66599 32675 47391 86381 78661 37368 90044 85205 15605 47519 30691 50136 18087 79434 36103 23760 61652 47869 5395 54975 71758 95749 46369 4382 15450 50625 40570 92230 70637 32490 74401 63395 90926 32341 28179 71922 64687 90474 47219 20146 12630 73785 16986 15055 86180 15327 30716 26869 48274 7960 75217 8223 3739 13119 68209 23654 6155 58114 34033 3207 29232 98562 %n6 124
40473 32998 58280 40281 66517 14907 87110 99459 79849 11669 9415 12834 77778 92946 32613 5239 76788 81557 53473 53104 29353 36468 56468 59982 16582 31126 89478 41548 95525 2238 92589 26349 28711 79636 82459 56785 8266 74007 1706 88154 91736 12853 9420 4742 99958 61433 51053 91424 66015 58591 53017 60424 73214 15569 10303 49854 31044 76857 86400 18802 59660 17095 2177 39556 85977 73517 74162 68083 98909 77726 39139 44876 78099 16382 48599 75153 14319 35348 31932 74277 79932 28808 66733 14731 45821 8133 9498 53809 20783 20409 71704 91599 6217 86109 26256 25925 17708 36524 5569 539 40051 15264 89359 1840 5179 2442 76796 37522 87731 42532 52268 92753 21895 19512 50787 91346 28094 18378 75576 31464 49796 53366 88444 43504 %n7 122
22688 27389 47025 23327 39585 81200 65837 70798 29079 70375 20843 44484 10081 23094 65683 62004 1109 27294 98902 3966 6358 60468 38103 1195 40870 80161 53400 98744 52515 62019 25830 18878 49203 86588 12663 17035 75014 63480 55803 57516 23772 23373 76636 97261 63449 85675 40020 14696 45048 9657 88394 56002 36311 47794 76160 78415 18524 63298 3705 77933 98587 12646 97254 47959 51923 27324 79855 17371 58158 37099 91794 60088 21557 76493 89140 40286 29179 91939 88044 18476 83471 83201 52112 5047 97344 11292 63185 15655 92395 2011 42465 99528 13978 1616 69255 62927 88185 7973 50572 79135 65610 89307 72475 68412 58323 84946 7095 33377 28785 19156 75193 93075 49050 95343 85666 83793 34665 81761 38661 18740 60908 3670 %n8 124
58322 65220 291 20841 52294 92669 89009 46102 4807 27246 80812 56627 70111 85420 96914 10168 73873 17499 39029 69804 83761 75430 10319 68985 81346 70370 16707 26451 48991 29658 37597 12974 1564 17193 77588 9955 61845 84610 36021 70508 91152 50267 71964 555 24865 68398 67783 6818 88834 42429 52916 58475 64152 22487 96247 22896 46536 84372 91125 69399 7296 96406 54895 54031 95922 72029 39702 75010 16471 40335 81214 35331 81014 31899 95253 30793 29717 5337 3349 60351 8814 17653 33834 86213 80211 34769 67063 40681 24160 43866 27479 56753 85983 22641 38542 78304 74805 13894 19595 58689 53168 8963 51564 70351 56104 98299 67215 27667 62186 77251 42861 55737 22959 62 10813 13112 98209 8090 95506 9709 84717 30023 89219 88979 %n9 124
77907 11890 311 25218 69745 96608 42406 72238 82415 68722 78350 51990 23465 90637 1119 25982 43738 37326 25351 55746 82300 42978 62201 21260 3319 76214 39617 77706 15057 28382 32381 13598 68049 6523 92344 62547 21300 70098 92855 43776 64274 18138 42305 6920 20737 37897 83019 95318 51397 76087 54822 91956 34638 13012 94216 12903 98086 55819 75071 19742 12505 40400 38068 6103 27112 91316 76303 4088 87275 20127 34676 33636 36005 73727 16814 59849 85457 45099 83152 46377 16648 62078 5318 66670 76977 69014 22316 11945 30901 41544 52272 41225 72359 90701 41632 89217 39748 82337 39893 35618 45063 11938 1157 4259 19455 58412 74072 72138 79404 51329 97984 53709 10803 25625 67647 95504 72165 18109 87331 89045 45075 61673 81325 80788 %n10 124
90813 10193 65036 95512 97757 54391 27878 69147 18978 46321 89360 14499 75055 74095 52670 26870 17876 27 66891 93925 89621 72637 91953 39128 51558 73275 10716 480 32538 954 27228 2726 53537 54163 20660 88252 18675 51812 59112 56999 91919 59836 87786 74082 36706 82705 5756 37506 27993 47972 34499 75049 61621 82831 80860 29856 33165 5273 84885 69857 15393 57244 21168 35642 76906 37412 44426 52646 7065 82028 5260 16244 33971 20180 92286 9410 42338 19342 54322 64409 93457 65396 3452 58093 85689 8079 55068 25519 90691 51102 91100 76443 49508 15147 99224 11339 46629 40081 5022 35058 30259 23258 12446 81751 74494 9286 28046 87434 58925 59186 13898 2853 62187 69091 46586 62991 65191 18974 27581 48937 71721 80327 95878 20643 %n11 125
29724 36291 65196 65713 40253 53761 30321 10028 50841 30537 32727 61643 11189 34624 90834 27247 73534 49526 7703 68507 60268 42580 65985 15903 20439 20457 16790 12998 51522 83017 90033 26468 23761 44164 88224 46244 96968 830 1691 89306 37225 24545 73867 11297 11384 21187 33552 38181 36723 26260 55568 12683 93892 42844 65214 54309 24227 2595 23295 60641 40128 32513 93771 36972 21716 45732 13668 95682 13546 28406 75780 29234 40419 50467 72661 64643 53428 55621 83869 64401 88130 12731 31651 44283 53181 35880 88904 27119 95428 7173 43429 45644 27060 236 29912 76240 48374 28437 9836 31876 99495 6863 6596 4478 17908 23315 35557 92988 94427 21849 98782 58079 85694 21171 37549 98642 33013 847 44489 71360 57713 42121 39095 43032 35624 %n12 120
57663 57300 49469 37825 10496 82502 66400 33084 11296 86560 64058 47862 51766 81398 84241 49846 30718 91146 51483 94690 30213 51648 11881 18055 69385 88728 97305 93040 3302 39865 66111 9867 55976 25575 68269 23303 42541 73078 87324 63652 24191 82800 91332 39031 26482 10577 16156 88307 809 43925 94793 72119 12638 16416 31507 75979 26061 43825 95602 52443 22724 43178 8023 528 36199 59583 4287 28896 50803 3060 89567 79381 98765 31613 50248 62139 68294 96739 2419 78649 18629 74984 40325 76340 71624 34310 80069 85673 34865 96477 48100 92313 26259 28846 24539 46404 59251 49514 36231 58497 28192 39494 61151 17159 24626 32063 88596 34578 89324 587 11988 70695 72738 7241 97625 92394 82799 94412 55143 76930 %n13 124
32705 4638 73947 62626 30448 5768 97088 94283 63599 93808 19715 25173 81632 84968 21550 21443 59028 41909 42467 78175 83453 61977 17114 33625 96098 58417 85052 29965 12752 69611 36830 98527 13436 40931 81493 38465 1955 34320 28779 44265 70829 57570 37456 22413 46466 73332 34969 46585 99777 15359 19773 90227 27661 56954 69784 71167 10689 42030 3235 40578 4917 11813 48207 49985 64438 37694 32879 90516 79438 84209 62607 42457 77081 59095 53452 60745 99299 49107 40053 8620 18510 6120 17067 10175 54290 74985 346 65743 95437 18985 34344 40604 4256 34239 68832 33127 30895 27048 31888 52931 25144 119 576 19487 82959 3426 38520 76463 97330 47817 83538 75034 43487 90002 51717 44338 47263 46961 3516 30975 99174 61104 1260 17476 %n14 123
5554 33403 41996 70212 81158 44633 59266 62049 73274 84976 4935 44579 74764 70907 93869 97075 41184 38333 42529 34354 3954 63037 32071 44334 42605 46820 82082 21624 62895 25685 83530 90653 23552 7699 99980 2134 83030 39488 31775 20675 39087 63471 31766 14489 78669 68653 88272 79263 81531 53633 20414 80005 33367 94598 40635 51256 45492 60140 91944 15072 80522 58740 91228 81328 81841 53410 74466 67908 16581 55917 69214 28441 89362 84580 11629 57403 38179 5633 90149 85128 78123 16920 59397 20717 41918 74778 58348 56707 68757 72022 50201 89642 61619 67898 70989 44263 90617 77208 60289 55827 17524 51460 70852 67417 98839 44205 90178 28112 38315 91450 88428 89090 89549 84365 81517 35643 64202 11662 13835 29892 31140 76435 77149 %n15 122
78369 34328 20859 74979 40526 30548 93965 68647 37567 43563 14462 61464 81236 58408 23263 87217 90741 41486 73375 83411 10931 71449 44299 17877 88359 89222 46613 91564 5555 5384 97098 51547 11912 99964 88656 44831 79423 89597 26206 30944 86239 44937 52027 26296 65630 45076 32463 54328 96729 81075 32021 86945 16650 20561 16639 30377 47135 84064 79154 86118 15977 97860 8329 41275 42734 19682 68068 93162 15749 57013 35653 597 68871 72649 43489 26387 86670 63698 71308 32945 50008 86425 24535 95185 3377 60090 90786 37345 11108 91285 37986 54025 84878 4335 71073 77801 20903 46992 36072 58278 51128 78879 86706 74619 30012 6680 41111 77838 21497 38990 81988 47522 45259 54342 79507 99500 32803 70038 40715 66459 53247 97589 %n16 120
55985 19591 42071 60862 64761 52183 16388 41231 68134 16924 31803 59242 48781 69551 43521 64238 13242 66188 61644 58178 76774 20698 48923 49370 47566 70172 74691 67594 29100 42358 39655 29384 35408 64011 91032 72311 79846 11518 83419 17177 93951 52098 17969 79669 51724 3483 31761 15639 74126 91222 56293 74309 51464 65555 59587 75022 66770 24881 7017 32749 68825 8823 43188 38007 46739 77048 84787 26802 78624 53702 51634 44107 68067 352 93332 60195 66478 77020 77749 7528 50623 68574 58903 85865 44791 36086 49206 61157 94532 725 78120 1239 2187 38814 39888 68691 62905 59214 22462 86804 61642 31997 69250 51435 47 82322 43453 25531 61662 88063 92889 8756 93105 89579 96179 38127 23929 90792 45871 82331 %n17 119
15613 74862 16384 21919 66923 13670 89628 86172 80739 53848 49183 25257 6605 82868 57996 41343 40878 51263 97302 37744 32839 84113 77561 77224 16583 23470 22782 24110 15406 48608 37258 81641 55753 45473 86630 82610 17171 8280 27922 41671 85517 17153 43121 77709 87031 64586 31425 26744 66914 8172 37390 32714 43937 19817 5549 65500 19385 67958 1447 53791 35117 21236 19737 66840 6445 57893 75588 17296 39479 52101 63477 38675 48622 36552 87263 61616 30496 63624 86612 90213 55 86452 78428 34901 80725 50458 65575 4017 97689 28006 90523 78073 19535 98291 97615 12165 170 14889 5776 49697 52143 21483 17444 69305 23723 14905 14347 80777 70650 56411 3737 94479 62189 52868 6593 2089 80380 33558 65900 %n18 121
30095 55522 73612 16071 95613 14945 46230 79797 93103 56668 52506 51401 75208 43946 92289 2190 25790 86045 96114 29868 50704 95019 87703 40129 48055 81539 27097 36833 37800 87160 65955 13126 52768 38147 52571 75438 94134 45592 83237 76823 97052 2301 76911 21696 70079 82692 36420 38369 12000 74146 55552 71241 92287 1912 25824 81868 55996 348 73069 99591 89504 34907 896 8717 71909 51083 90808 85386 55191 81860 99436 80783 96065 86021 55637 3431 34697 97196 56671 98669 74864 15854 68092 76279 37055 23185 65540 87855 83043 71062 34234 42849 45978 60823 28215 25277 61930 64943 3979 64920 90437 25851 77967 6492 70554 70311 97477 55801 90419 35360 93024 43743 60319 41915 72966 68022 14770 42317 24140 92635 3976 %n19 122
40924 59156 44549 26167 6071 75673 17531 36984 81944 56642 34110 15042 8269 99539 75186 69930 79569 43384 63386 47057 46031 14660 95516 60734 8941 88021 2597 42667 10364 45293 42399 48826 12380 94005 95351 83524 77272 11323 2692 50395 58680 532 98849 15412 7332 6287 81865 79790 74406 93058 95017 24999 23834 89264 31928 90298 55999 6859 12623 81610 1100 9560 31584 44663 37222 86065 54228 38343 12943 26875 16888 42886 78300 29791 89374 6335 45634 2701 54371 43457 66512 53173 84362 65440 35082 6606 72630 32508 8060 4848 28275 9257 4671 16702 29681 66610 74307 28083 60492 24926 50814 57242 55095 71105 97130 71653 18037 26505 57992 55242 24911 32031 64959 52377 34770 44835 26199 99916 91824 89282 91699 21525 %n20 123
14354 98726 2950 16885 60916 1177 36703 58137 29001 72607 18979 61161 44520 72521 94018 79311 20922 50117 64493 28971 79030 18203 47217 61741 19471 85160 83687 76661 91895 29536 88780 17442 94090 87277 48570 35163 24978 85290 59986 46663 61392 59910 60589 92058 4793 23054 17737 31767 72940 15807 15800 60769 69618 91983 72852 20814 95586 31630 56301 21659 42785 55882 51831 86287 75527 85638 37677 96408 2448 44701 67260 54465 96317 6777 84390 53666 77608 81341 9379 84094 52625 29154 84522 991 73472 25362 88018 13179 21244 21056 75440 61702 66986 4215 48630 45808 96153 41883 99802 26562 94287 62935 71995 94760 54605 61360 23095 79013 67719 53095 43233 84519 14909 16817 43868 30002 40208 75147 29328 20732 7500 89325 7841 %n21 121
6399 94767 92667 47123 95314 89857 53394 59899 18301 56529 18062 20913 95657 59540 1146 40094 79218 21507 35911 28540 60135 25215 85733 40075 57758 93631 24101 39385 9200 66816 21140 93070 52965 28626 68508 20883 68350 3822 78473 94342 58557 13196 20370 12716 73356 55492 71256 67286 70366 86185 39791 46821 7104 18684 24867 82292 79957 48801 22417 78205 93983 53753 614 17294 49872 28933 80960 91626 20369 93581 59860 73118 66688 72777 95311 61386 80392 45322 30876 4375 66818 26585 15318 15070 98502 75494 78832 17450 11028 64873 95545 17400 50805 57353 81950 45757 74405 85728 1839 20970 51501 74937 36416 88625 2840 94284 13264 74128 31147 34993 76196 2103 72087 3313 64260 55764 91139 25094 28765 93296 34512 %n22 120
59287 79344 34791 46421 94062 48871 25062 48323 13235 82780 37796 39802 18095 85361 86550 10108 50762 49741 54554 98069 64525 65614 37105 24464 60982 89386 18408 59850 15811 68880 93426 68700 67060 64196 56832 23049 88177 30029 20880 71092 25922 51580 2728 14099 26127 2810 67080 51402 24399 9386 95257 86154 72349 35299 35660 9654 99761 13307 60310 98522 89304 74183 62560 62034 95046 49881 55608 12438 9791 6161 53032 68580 151 85643 59406 21670 7633 71071 34905 43524 53763 11857 7195 30408 72529 37232 32853 61379 95362 62104 44782 427 22904 13899 7089 72861 11393 88910 48889 55277 73282 23317 25423 1684 74169 58103 92639 8347 90854 83866 42955 63182 84876 31284 83390 14707 13727 82685 6002 21595 %n23 121
29873 88855 75757 49659 64732 28176 65669 16002 78754 25431 42498 52313 11920 86892 29973 93505 50405 88255 96655 45682 29522 68598 68299 95854 76245 96501 21548 46561 98542 70014 51520 76052 85691 6745 89620 88648 2014 13069 81181 45957 14663 1745 20701 70020 1324 28930 53205 65069 24340 70018 61255 78533 98639 49223 92203 2279 9681 97851 97709 89752 80944 96307 20828 79963 41110 42909 77970 89510 26609 79048 81433 61141 29572 58776 74497 82269 77488 71419 10207 8994 70819 89766 50677 43979 49840 48094 91204 7101 87534 55098 34339 21779 11307 86271 15121 79197 78257 44542 35436 45975 26204 24703 47540 76229 7595 19273 96799 31082 93256 50333 70105 34431 50028 56554 86917 15873 91205 61297 78793 27417 86976 %n24 122
65345 67438 19752 33779 44824 81459 72909 85905 57702 59644 50800 81215 30414 40787 58124 57902 29222 34269 11931 45591 73029 48366 47989 82727 39192 48049 25792 4721 88448 49263 47044 59292 77791 29715 15189 22328 44970 73852 91246 71375 51780 92373 22750 85788 31680 73385 77618 9387 20613 35790 8801 99997 99596 96187 71728 43894 74016 99719 66757 74848 94294 37278 48637 16313 37083 31590 48095 66642 68730 87345 22083 43286 35077 76197 96494 61082 52173 66157 50470 53594 96191 40214 5672 35885 75904 19275 81273 68018 62374 48540 51173 12102 46511 28882 12938 85505 18598 13804 79107 95334 38451 35344 80932 17975 52293 17868 19631 44997 43813 52451 32676 10064 33814 12355 12642 42437 54263 7779 92785 77040 12405 70184 %n25 122
67313 56010 58832 18000 83370 98983 10556 48403 30264 81617 20721 79274 41431 21821 77390 45366 67317 34794 49547 29236 91131 45288 17841 52734 46027 74234 59662 40209 24426 36405 24695 24555 90064 21942 59663 66590 26532 64503 15967 42814 82783 64524 56152 70367 95966 46335 95948 54488 81924 93818 67725 25353 32814 68429 5983 95606 34745 99000 7981 15513 74784 99941 46056 68479 65839 58696 47154 6987 67172 28132 37319 79457 41059 12285 79003 12275 77357 87072 85634 76954 65311 24679 94094 22851 88037 70100 16800 63924 98460 57058 32621 25448 68116 45625 94389 31040 24357 47650 19696 38160 31580 72228 52809 44515 99060 81424 18704 32280 75763 53357 89186 31856 37884 20163 82908 76729 31634 89972 14629 25401 22716 62620 %n26 123
58527 26345 44385 66636 41058 59626 92944 99729 77733 49939 47259 47998 62439 882 87339 40038 20908 20227 62222 72627 32289 51020 91624 10516 84421 97234 46006 46648 8711 26770 71805 97713 17117 56775 7513 55093 13746 71431 79812 22327 86471 94741 47180 84125 37937 29082 33519 70802 66032 76039 20527 75992 25025 39344 73801 94509 35209 72740 52663 37577 13651 28493 52935 20200 59961 27449 46007 6776 11959 85863 22929 74981 52587 12385 60175 24088 57762 79071 71808 20241 81301 86078 77545 15012 36066 28939 47502 513 83983 35388 34701 2091 17966 71443 99743 55349 551 12733 45185 75642 14417 40084 5481 39998 99087 95541 45705 59785 15300 92125 48026 96326 43414 20006 84205 27992 30467 58586 42685 37106 39743 78362 62075 %n27 121
72938 78822 69748 54919 58753 66918 40991 36058 32698 57057 46696 62533 8225 18903 19478 90610 81107 86718 82068 25847 16727 40377 80675 41643 15341 57807 83583 32466 37031 91113 82092 86036 35320 71041 3575 46285 45367 48495 17165 87428 18122 25833 28718 72610 69809 94759 33435 76561 11692 97932 75575 91347 65103 38596 66183 87162 52039 9299 94452 81532 90672 56103 25710 86132 22608 31491 82681 65971 21384 13427 66785 73075 96540 29520 8631 15005 82093 32568 56744 88138 46507 4518 44514 28298 43456 7351 69217 11853 60887 10816 85322 9649 50611 43003 7394 67362 35833 78652 97863 64595 10665 89279 16020 5015 39473 79578 65825 23098 31936 84631 24560 53118 91732 61189 50882 69314 15036 85485 6914 17020 78394 %n28 122
35109 94567 99268 80994 38176 31498 3280 91872 64557 12744 18830 31155 83722 94182 79935 96396 24750 67484 78938 87095 7395 83865 15702 69882 86244 44156 45718 44558 95721 27640 73351 95231 90737 24573 77494 73101 53538 7444 78310 77748 28784 92990 34214 74196 5819 42086 83926 73361 98373 24022 51282 20242 81744 45318 54621 54707 72665 51933 39327 34831 16304 15576 68846 31549 85099 71262 39797 78019 35626 25621 40678 28418 39250 52641 5838 81629 3898 74672 97869 27378 87106 20240 16398 74344 10731 30690 937 61827 30863 88864 37974 46498 15818 14927 27426 25832 24802 40256 94091 24936 94482 17278 35274 9447 19046 78107 94791 7071 71321 59596 29596 73096 77420 50172 57711 51334 89473 93280 75722 77906 21008 72218 %n29 121
80621 31426 48146 76879 50236 5245 29998 60409 97970 30163 18658 83058 75092 20605 61350 3647 44524 41516 61177 37759 70528 39333 93384 91633 60121 92941 36617 30931 91886 92978 71948 82190 43606 70065 70229 43500 50256 20052 25230 71175 29877 19174 52854 34845 67229 62053 52841 20837 19910 22460 6658 55484 1140 16173 51321 51906 24556 10885 28818 30269 81087 21047 72974 16808 25735 58418 85513 2423 78040 28662 56167 70173 88505 40869 65034 48468 80757 53055 95368 76080 2822 32792 74933 92096 51852 69321 64450 4028 46708 98293 44852 67969 7303 54618 38237 17302 5886 50935 69898 16238 63762 53219 77300 43045 75566 35346 33191 11291 28436 61781 36497 14603 90478 13065 69776 27675 55821 80015 53931 57231 64781 %n30 122
45747 23557 41842 59065 48284 44704 12538 41631 34788 80291 76887 1798 26473 21511 75650 63107 11895 9478 42149 69901 874 1132 78148 19799 8138 8173 72633 32268 34937 97494 40439 24122 69094 52400 43060 28294 67392 13202 84321 21872 72756 63043 30251 50529 14774 86183 83853 32336 83703 55623 51905 53529 87907 6549 45301 92680 11933 54676 17523 22129 14610 92719 47264 50303 52324 27104 30585 2166 1345 22324 43537 48359 73665 3254 97038 83962 21253 5801 78161 18573 36971 6431 46699 40567 1507 32810 37830 91949 97056 13088 93137 78190 96834 86551 65394 34738 85059 50225 94336 80443 89489 18276 11704 48631 56466 98200 70853 3332 62788 44119 7643 94026 17922 76826 58484 71972 99024 29541 38713 47839 39513 55611 %n31 125
35810 88000 41823 40655 99514 11747 11478 28956 23050 42940 88416 16894 85502 31615 5368 85705 16414 53352 5778 87239 28021 62065 37151 81064 78715 56850 81224 54922 53943 19828 71785 55032 56362 45922 84696 17548 96109 87357 98564 98315 54641 14583 11949 95931 85406 52750 99498 74871 35577 98253 93095 3826 25010 87104 69052 11541 69055 71544 16622 15044 19854 76587 42426 28080 51649 31755 57718 16423 7672 87722 5757 3763 21898 86146 91591 1675 99045 27182 93414 49677 10372 71580 33225 46930 69495 11922 36901 26944 43881 31411 19759 71846 77774 20659 81352 91924 18515 50180 86474 73515 68472 34749 81802 86807 34875 3734 97887 89142 84970 70214 39446 98461 7280 89596 9576 40233 60975 529 85480 39081 64150 14509 76402 61573 70398 %n32 118
57270 968 38888 19691 94369 92489 82597 142 33647 62562 81606 1287 17083 95261 82130 3983 97343 55482 70247 11615 66351 18920 42025 24904 14803 26927 17575 95689 36836 19177 18466 53676 47347 62660 94466 52287 70557 9160 60157 27736 45781 57316 44761 16709 48947 19701 23355 25502 87139 58616 65901 88539 34897 3616 6925 58710 85141 70392 1509 11788 33553 52315 72300 60724 90258 5824 64805 16769 10889 75786 52859 4636 2827 11996 21400 15522 27708 89635 46655 22943 11301 28274 40680 27841 40844 28327 83465 42204 22074 43741 29230 85182 59727 91754 73123 97605 56819 45723 71911 39897 79815 19833 52465 61128 78373 1931 88062 70510 42758 94404 4509 89528 97401 69491 49386 86100 20333 7601 %n33 118
22996 98427 97975 87038 45679 66197 72169 52596 21914 51636 5736 37318 27783 17992 84984 86712 27822 29225 74718 88587 97678 25996 92642 99706 82446 40469 8057 3579 51730 50865 34839 88893 68774 36784 39834 95098 42961 54458 13216 46423 61887 10787 11939 12502 71069 28771 11985 17300 47198 85709 30780 69144 88407 28549 11543 76999 50029 33346 93152 65869 5112 55194 42752 61821 88724 83569 435 18860 72913 58363 35546 34115 29775 88743 54500 76694 86725 12572 45478 60511 61127 31408 69574 2904 65343 73343 74587 62058 67862 10296 91685 9220 32914 17389 52864 43475 83125 34528 22132 63339 88216 46549 86029 97428 6678 34481 14132 89472 50350 80191 27832 50727 4408 268 21111 82196 60463 87480 %n34 120
91573 48627 96204 93180 57519 17046 11098 16356 7156 90656 59147 344 12323 32222 51189 46435 37377 24390 81032 52538 47119 87585 92625 61437 76455 99450 88819 36314 14645 65833 19356 64686 69964 60778 81144 59964 41451 31095 78777 74747 83640 95706 7039 57680 55649 99139 16607 23387 1667 30221 64795 44855 76117 28555 70727 46691 54541 46812 21565 10234 96439 36458 58792 14751 41466 8654 2008 91646 48664 95367 66632 22897 64430 82525 58419 88414 47308 73602 41002 43494 64349 8589 35357 35474 49086 97533 29070 28714 58338 75066 28078 76621 64539 34072 96933 55664 73800 66028 80557 54217 81208 21785 27084 28556 41108 31476 27430 35607 16796 25244 6532 57392 88200 88691 36396 50034 1796 74485 66605 98658 %n35 118
51112 84541 70456 32001 91931 20661 93119 98116 39132 48406 54033 26306 19414 36368 9264 5447 89236 56694 60822 1988 10250 41684 31185 96068 98306 90424 81796 71204 34703 58922 72779 48296 21649 71537 55016 14190 34980 67805 55667 63006 70954 63335 13809 55520 98613 55221 34494 51406 46979 28688 35861 50574 55074 32363 78509 20474 11287 9656 25620 94787 96509 26675 93124 94958 48515 96972 17262 87980 53387 94044 25981 34508 75328 87526 79378 91324 13051 49927 21368 99638 76437 43262 79090 27316 47968 96414 53542 97068 41124 15635 51804 74729 88507 11790 86298 8730 32593 33352 60613 96698 2237 45801 76699 49493 8853 84650 4568 99248 83477 89505 49347 68644 80518 96234 98871 82276 83589 17718 %n36 119
18603 6949 10176 89811 37177 29342 72996 62453 16078 87994 9905 2409 25407 34906 25627 50679 94995 6332 31820 13658 82992 64498 63123 85889 3290 4234 10237 77586 52661 96493 11978 53238 73272 87911 35884 54120 40468 99467 6125 41136 55741 32039 50317 17008 31489 59101 63818 83785 25006 30647 9495 5862 28870 39885 53859 58340 77155 97319 33129 75291 9544 29693 41133 56483 43074 19204 22564 16726 36754 11007 32739 70655 6696 89487 3363 50471 22154 45508 23148 29980 1559 50066 52964 26507 88668 77326 87178 23337 50648 50488 67626 19479 37686 88976 20319 73738 99842 13026 9183 65097 93796 22062 79474 80332 60685 67753 28013 42044 83369 51661 96487 68296 70776 93451 45240 97636 54243 37234 71242 %n37 122
13542 88983 59759 5929 6056 75605 33181 76162 13850 1780 471 77544 23613 15208 57773 40933 97396 66096 61336 96380 77503 26751 47742 25527 15085 7404 12519 39853 58855 28225 99243 66758 39862 94868 1043 20446 25672 90680 6948 49016 68659 83925 86254 5141 89297 97529 5925 18816 7962 52974 16898 32980 67661 76356 86987 19317 70749 65916 34523 58639 63554 96543 85953 57497 64335 30667 13322 79621 30810 27869 52710 98085 72226 33869 65840 55970 72090 79488 5070 99151 68141 52499 3303 41718 88415 22744 71427 47321 73654 40042 37780 27494 32697 14908 34817 93447 96902 85135 17238 20587 40126 77610 89810 86122 74009 35974 38663 67757 37611 4834 54723 8696 51550 20567 49928 4795 87740 89915 91798 4313 29639 63579 %n38 124
22668 69641 77407 5392 25385 38810 62497 70101 31926 11173 56298 26267 13517 22622 28269 17412 31896 38607 63353 90538 36633 45797 73288 80215 65627 14120 68553 43895 78880 77333 69383 17521 91579 21096 32982 95756 26339 96366 95834 6296 50410 85707 57203 85387 40237 66472 44041 63329 11558 71674 40532 34572 68802 383 56174 8261 19496 93937 11325 21996 15120 77662 71435 77522 15720 24061 93971 10186 27570 55264 49566 94358 16290 72386 92770 44909 30280 83963 25426 55715 49852 54401 73439 29078 38158 41810 99122 52510 58172 76368 78187 38498 18266 82726 66631 57155 92718 98571 56575 90017 68427 20012 7609 25419 69722 28789 5021 37363 27533 11743 98699 33111 3216 78229 95386 38119 26314 96727 86441 29028 47389 77943 39773 30074 %n39 118
61871 51572 25208 994 92335 36428 99644 83203 73083 30454 8415 82521 29048 88315 91622 10427 50770 38162 85232 8987 38164 61393 52822 76056 19459 75666 35976 53820 77666 16540 37672 80278 63095 54862 76041 76728 4471 10142 37529 82453 31653 56020 41199 35992 20044 94075 19921 65016 7816 20054 73581 98316 76834 3179 47024 5880 98057 22671 95677 52120 93699 50894 74630 81978 16186 15595 62923 14700 44029 27265 24150 12394 899 19667 64316 74741 48488 41814 69473 46867 59645 1281 6773 90417 67204 55544 41742 3156 10038 24157 56834 21396 87587 41100 64471 20017 26398 74186 13534 45699 32726 1091 18735 5316 43220 146 32272 88210 37439 61655 2712 82787 25200 51746 60667 87309 41617 65361 %n40 115
89252 44247 14577 31560 64809 34464 55184 41626 72858 24218 24693 66856 19030 22681 26606 14228 95070 81189 37204 74962 11338 25357 10086 57963 91273 97796 31618 59100 50419 74031 31592 42381 2886 53395 57232 18999 7943 8157 78104 78980 56148 65687 64307 6175 84192 49300 73449 55302 59291 18128 99674 21376 70543 62269 25493 24787 86703 20072 99184 61517 97908 46929 82652 66319 75409 82282 92142 60650 43634 99616 20616 40552 82515 13206 41925 14155 14670 68133 68754 79320 64715 27627 30977 85913 29673 25213 22518 11888 20973 95429 48699 49630 29016 86766 73289 7618 70099 24283 25221 51252 19834 8134 58885 44778 47021 36554 6708 59749 87598 3278 44803 61247 50652 50831 92502 %n