285
0 11
93996 38189 98934 98191 48626 17444 13163 8090 56854 83175 70905 %n1 11
2694 21688 40299 33942 1203 43226 23174 9566 28050 26834 82160 %n2 10
53704 65044 61285 70340 87627 23460 71328 74591 25469 89726 %n3 10
8386 71568 94440 53028 27859 24529 26805 10404 35277 49101 %n4 9
4581 53044 67400 90608 30798 75340 28312 83377 73025 %n5 8
87137 15070 47566 47205 7350 17005 45562 25389 %n6 11
2259 45955 36060 26073 41403 7106 15707 34671 23984 21335 4380 %n7 7
14020 87815 19317 42972 20636 29753 71663 %n8 11
22741 67523 16905 45502 49158 73184 77085 50089 20355 45678 42575 %n9 11
24556 6522 6715 94898 77589 98735 49244 10459 96963 29934 63595 %n10 9
41197 7950 36532 85727 47623 81290 52287 27185 64788 %n11 10
70860 45742 80017 53677 29006 85157 57218 57374 50789 52706 %n12 7
1135 32313 25396 43612 74495 2194 14370 %n13 8
22804 51076 23900 69472 80572 87840 93903 33902 %n14 7
35393 11852 36493 15233 75516 52006 64415 %n15 8
85148 74827 65626 59641 84043 12126 17197 31951 %n16 5
97312 7214 18601 37762 26718 %n17 7
93616 73073 82105 45543 8229 18075 12605 %n18 5
32360 72289 14677 50325 88141 %n19 7
68776 66756 83022 48064 78683 14533 55859 %n20 5
82509 88186 91233 59232 20928 %n21 4
6155 36029 8975 17167 %n22 7
88430 82268 91846 41329 84059 39631 43655 %n23 5
41609 69778 5326 46429 21357 %n24 5
57041 41347 67895 9254 35887 %n25 9
74783 29984 96152 47223 14372 41188 64505 92015 67349 %n26 9
89772 94757 51866 1921 62552 79559 81147 19850 91748 %n27 5
65782 96212 89211 69741 5044 %n28 4
91531 28518 16618 46688 %n29 7
88171 18139 88302 7134 29819 56700 80109 %n30 6
11825 84734 72940 79687 51467 35337 %n31 7
92138 70671 59848 24721 60797 8295 46494 %n32 7
41630 18076 78620 10974 47949 77474 7763 %n33 5
64248 33520 64754 95315 47176 %n34 5
71870 49697 14425 20594 33634 %n35 4
2247 85096 98143 81614 %n36 3
23578 80645 5305 %n37 3
55064 21955 10355 %n38 3
74017 7826 12471 %n39 4
59618 44060 23734 87313 %n40 2
35667 51550 %n41 4
55232 47752 11382 6967 %n42 3
75965 29713 17254 %n43 2
96510 53703 %n44 4
61758 58213 10097 29696 %n45 5
90878 14576 86609 89107 44824 %n46 4
70003 13295 59402 19243 %n47 3
71638 45981 68563 %n48 3
31281 95339 34557 %n49 2
19579 46362 %n50 4
99815 68074 78004 41092 %n51 4
61324 42295 5450 59791 %n52 1
61974 %n53 2
25495 5600 %n54 2
49541 55638 %n55 2
19269 30235 %n56 3
12311 66229 61079 %n57 2
25692 14740 %n58 5
4326 61425 57995 97980 82307 %n59 2
10853 27344 %n60 2
66753 61903 %n61 4
80975 5924 21236 17497 %n62 2
97059 28481 %n63 4
18572 29623 17405 52584 %n64 2
42172 14579 %n65 2
1188 21049 %n66 2
64909 68847 %n67 1
98836 %n68 2
29892 66912 %n69 1
27546 %n70 1
11317 %n71 3
14772 44147 44402 %n72 2
69796 78416 %n73 2
52974 97569 %n74 1
70532 %n75 4
17734 12064 8278 23053 %n76 3
54566 8855 10512 %n77 4
80226 42198 48440 90228 %n78 0
%n79 2
32593 96343 %n80 1
93123 %n81 5
43079 7037 66757 753 61840 %n82 1
22644 %n83 1
21570 %n84 2
51897 63719 %n85 1
42138 %n86 1
90509 %n87 1
28264 %n88 0
%n89 1
64916 %n90 0
%n91 2
66363 43728 %n92 2
89537 62364 %n93 0
%n94 1
66252 %n95 1
61284 %n96 1
86435 %n97 2
95243 4420 %n98 2
18893 93380 %n99 0
%n100 0
%n101 0
%n102 0
%n103 2
5868 22787 %n104 1
71185 %n105 0
%n106 1
73999 %n107 1
91626 %n108 1
56006 %n109 0
%n110 0
%n111 0
%n112 1
62041 %n113 1
74744 %n114 1
39541 %n115 0
%n116 1
3915 %n117 1
23861 %n118 1
90405 %n119 1
12186 %n120 1
98652 %n121 1
14006 %n122 1
69470 %n123 1
90254 %n124 0
%n125 0
%n126 0
%n127 0
%n128 0
%n129 0
%n130 0
%n131 1
36044 %n132 0
%n133 0
%n134 0
%n135 0
%n136 0
%n137 0
%n138 0
%n139 0
%n140 0
%n141 0
%n142 0
%n143 0
%n144 0
%n145 0
%n146 0
%n147 0
%n148 1
21562 %n149 0
%n150 1
80174 %n151 0
%n152 0
%n153 0
%n154 0
%n155 0
%n156 0
%n157 0
%n158 0
%n159 0
%n160 0
%n161 0
%n162 0
%n163 0
%n164 0
%n165 0
%n166 1
18116 %n167 0
%n168 1
90090 %n169 0
%n170 0
%n171 0
%n172 0
%n173 0
%n174 0
%n175 0
%n176 0
%n177 0
%n178 0
%n179 0
%n180 1
55835 %n181 0
%n182 0
%n183 0
%n184 0
%n185 0
%n186 0
%n187 1
71398 %n188 0
%n189 0
%n190 0
%n191 0
%n192 0
%n193 0
%n194 0
%n195 0
%n196 0
%n197 0
%n198 0
%n199 0
%n200 0
%n201 0
%n202 0
%n203 1
10968 %n204 0
%n205 0
%n206 0
%n207 0
%n208 0
%n209 0
%n210 0
%n211 0
%n212 0
%n213 0
%n214 0
%n215 0
%n216 0
%n217 0
%n218 0
%n219 0
%n220 0
%n221 0
%n222 0
%n223 0
%n224 0
%n225 0
%n226 0
%n227 0
%n228 0
%n229 0
%n230 0
%n231 0
%n232 0
%n233 0
%n234 0
%n235 0
%n236 0
%n237 0
%n238 0
%n239 0
%n240 0
%n241 0
%n242 0
%n243 0
%n244 0
%n245 0
%n246 0
%n247 0
%n248 0
%n249 0
%n250 0
%n251 0
%n252 0
%n253 0
%n254 0
%n255 0
%n256 0
%n257 0
%n258 0
%n259 0
%n260 0
%n261 0
%n262 0
%n263 0
%n264 0
%n265 0
%n266 0
%n267 0
%n268 0
%n269 0
%n270 0
%n271 0
%n272 0
%n273 0
%n274 0
%n275 0
%n276 0
%n277 0
%n278 0
%n279 0
%n280 0
%n281 0
%n282 0
%n283 0
%n284 0
%n