325
0 173
15390 62544 42538 93733 60933 70040 89655 54417 99354 83198 92795 13692 6521 12824 4230 5897 36288 88411 79952 26054 47406 31370 6794 60993 15293 11514 24797 83799 87213 67802 90351 37822 75364 10849 8098 5020 12006 58006 54215 47947 2889 92057 75006 61352 3477 23457 97168 97788 45600 89616 12835 70875 46574 85269 16694 527 89920 57739 28207 9000 9169 22796 63657 95740 95138 38247 32987 29153 39618 54804 24419 43188 88569 94078 5071 81132 30293 3810 33069 33402 60026 61576 9349 5003 47242 1766 37365 7946 44078 53613 96186 67845 29004 97942 16716 96919 58513 72335 34755 75628 71352 68775 27946 78492 58789 20111 40631 8468 15381 99892 10708 49293 20808 95785 72529 94044 36112 6723 44533 33758 90212 58837 7272 36874 39687 90431 34871 14615 27070 36552 43968 81041 50147 18340 73127 83367 82271 5785 61540 6051 94930 65421 51477 54462 35264 3846 50858 79811 92556 38441 10452 48057 40752 98813 33162 67646 61632 12979 85698 3080 1123 86974 80951 81912 41311 98170 48976 99640 58289 6753 83744 61071 60272 %n1 26
15732 73165 26712 45871 17060 28522 253 31897 40495 32158 35618 79903 21286 88477 11803 81159 14790 11054 75392 86143 32189 85873 51889 28405 21845 84122 %n2 26
2508 65223 91872 98032 4799 64923 97047 72770 47898 92080 72103 67555 43623 63866 54461 10165 81360 35708 81444 14721 83486 17418 57957 28810 88599 33424 %n3 26
91998 58622 88321 72820 43181 23559 59348 89037 66443 84223 48399 66830 38385 39090 6942 65961 1054 59916 17423 62541 80652 80762 76498 59819 32432 30886 %n4 26
86079 70942 64539 62182 87367 54869 23280 38357 86440 29230 48559 85321 78392 79824 3548 81102 69087 71867 74548 86365 94598 32523 70464 18388 57401 82788 %n5 26
55420 78494 47568 15165 75631 88484 36903 35733 79954 16383 25330 34572 79295 28632 37101 98804 43587 49160 79641 13643 58522 21317 8314 58598 37677 26374 %n6 26
46379 54373 16660 9259 12008 62139 21309 79251 28463 68581 33632 52562 60515 16814 18316 81871 49877 49755 82865 7597 67338 96360 80224 15133 95005 60207 %n7 26
45037 11396 88303 27553 13852 51802 53878 15934 71486 96229 44759 72935 67610 29207 40696 79466 34335 33148 77815 605 22917 67124 72832 14144 1085 74961 %n8 26
18979 29594 12550 43836 38860 59449 90368 33664 63697 48097 596 31181 78903 40622 86177 66649 35466 3214 19660 25217 44161 19657 77227 33336 89930 60153 %n9 26
1673 19927 14547 3623 32948 5507 97821 81880 67941 2077 93851 6614 31281 85879 82753 45162 49022 78612 49865 17063 11081 78426 17726 78823 77934 9177 %n10 26
39750 81443 44103 88191 24392 79408 8364 71264 5994 76661 16124 32082 67907 50309 33360 78484 23249 28663 84211 5325 26990 99261 99368 13275 46782 54066 %n11 26
66287 69187 29713 3602 68050 95165 77520 25620 6711 71786 71670 67024 25051 4272 39330 38720 39905 46678 3426 38258 70840 66018 93024 2167 85250 57356 %n12 25
5108 30253 22765 59172 83475 84896 97486 69918 95054 34037 96006 51351 14630 64984 36363 78535 97613 23933 80577 64600 56850 18565 3948 60156 33636 %n13 26
59645 36237 20292 80349 52974 7573 94363 48333 43301 63497 59754 89542 57287 35032 86048 49692 51544 43866 78831 81620 55958 23889 59545 49225 60245 31356 %n14 26
25310 39657 8428 98845 26022 752 13270 93839 82209 73026 85735 59686 95510 3544 16535 87580 5656 86902 28129 58294 74158 39869 84387 4997 50457 22968 %n15 26
13786 44330 33406 51036 83910 21444 59707 12406 23066 53907 20144 1677 86633 15521 13604 54117 31906 12316 63544 44654 49098 12395 73569 53870 81198 2777 %n16 25
71911 46811 27812 45626 31882 88105 87714 11688 51381 93600 45558 6588 90110 7893 62916 73701 89098 51484 76711 39198 64882 90555 95859 89573 28349 %n17 26
47066 67658 46941 9133 85538 2462 46703 21481 41974 72516 74635 26483 66347 32414 46302 2584 955 52101 68047 71280 85918 41178 88038 30257 29681 84639 %n18 26
54514 38443 44618 14082 90411 74897 96310 39902 15081 29968 16676 88403 36767 25110 58660 13039 31311 47146 35447 97798 78306 65124 95142 13199 3749 66824 %n19 25
25997 34693 72618 18299 80527 98584 49947 97749 81333 81050 80175 53109 81851 98760 63484 10783 36458 58052 40667 13040 61467 29702 76949 45559 46871 %n20 26
19960 19749 2191 68357 22807 38797 27468 83889 75258 37192 25788 41406 11735 58088 18184 39890 1587 73193 96884 46958 39007 91279 12574 98442 31257 89829 %n21 26
2110 75704 1198 6220 85378 75313 37838 45598 30462 19034 74833 54832 22783 99480 1153 79623 87354 16595 88998 44561 67192 22200 13394 45641 4914 96280 %n22 26
18232 92826 27617 49232 64880 2001 25520 89122 29747 81722 91469 48702 81916 13653 73509 7636 10290 52095 85236 9981 22692 4553 99896 38092 5827 22036 %n23 26
32439 82080 70935 44 20673 14470 22501 12903 83357 60333 15858 32135 96060 88527 76419 15198 36748 22665 18024 35952 23282 70387 57764 86520 58312 26952 %n24 26
92099 5063 10751 960 7374 1458 47168 1791 40399 65009 10132 56450 8531 69333 52958 98248 18811 65153 86670 17458 71563 2118 95450 74972 69107 77837 %n25 26
47311 78765 56154 75565 76379 12211 88273 99639 68407 56438 67948 93090 77930 10743 10870 8015 47313 56496 6575 25006 75322 71035 96448 81857 20157 98151 %n26 26
1644 7375 17475 98684 44513 24897 27027 72201 12323 92493 25760 51440 88793 94165 41350 80549 8605 69650 51056 47737 92833 67303 68451 23985 29648 12598 %n27 26
50320 10313 82598 17947 16593 58614 82764 89247 85036 44978 49898 26462 55228 78740 63299 70798 72818 62810 85584 18456 39190 82067 84004 34787 75132 89132 %n28 26
60984 5855 96974 31034 79384 76619 89101 7378 6975 19391 74506 85408 96152 42133 13713 87800 39553 32245 3313 83833 892 37163 30602 59862 4608 8436 %n29 26
85117 37727 98873 44017 52016 13213 12386 40213 13093 45030 22825 82049 75461 1539 58826 59554 79269 37611 23274 22490 58993 44214 99907 3511 85564 41146 %n30 26
37553 79867 5092 71161 37330 4155 30597 3561 69814 43680 29568 61503 62875 21273 89323 28137 49362 64634 28359 97888 47298 7241 56314 61776 89900 99197 %n31 26
40215 29756 29840 78272 44568 4889 78062 92638 97519 80246 6245 78712 82563 68427 11966 57243 84263 43962 24286 41729 6037 3608 32422 31104 34852 41295 %n32 25
78885 91329 43611 76119 94534 63575 87669 22861 19401 91522 32944 34061 3107 43935 39343 30371 72665 71007 22879 48402 56221 95199 80639 80278 40902 %n33 26
2057 28566 95348 59720 7628 40540 18678 28898 38646 55803 54893 62233 40628 47094 60887 22432 12274 28187 3271 98757 79881 72921 77946 5773 30361 69415 %n34 26
22683 16071 23650 12020 55940 59911 42596 58725 41968 50862 68436 11094 36932 6495 62140 56358 64744 55593 9954 16072 41773 27461 77096 83464 6689 4160 %n35 26
92981 28251 58240 26133 46299 95892 23911 33341 83966 83761 84186 75564 16115 55141 91110 29556 78861 77824 34149 95110 74239 52056 23248 53462 76600 82499 %n36 26
69583 84862 95011 24603 10279 51427 70119 59568 46964 9544 81655 92139 3254 52671 98895 25280 37304 95356 28662 53165 47217 47557 50719 37451 15317 20965 %n37 26
25099 17577 3652 69854 36102 76908 56342 13956 78373 11724 20008 65079 46856 29828 51996 32266 27437 83208 51118 57389 55297 19770 63136 49087 75266 10027 %n38 26
46672 47786 95249 36481 35563 47008 91043 19287 17989 75193 38585 91573 55057 13061 11177 69167 68632 23800 14031 14737 54048 54984 67491 31132 39782 17885 %n39 26
85430 71805 26266 33209 79699 56565 71412 56410 21382 5013 37434 27086 89148 58172 46364 32040 7661 95748 2265 62819 39407 5841 18263 41685 80546 68991 %n40 26
43642 36 21450 536 90621 82955 88846 81454 57323 90038 48103 77977 7501 72511 98782 38924 67834 4347 28299 7188 45759 95438 70358 62655 65677 92555 %n41 26
51634 45621 80718 43594 84846 72731 51039 64986 73709 21035 23451 29078 85073 50365 17025 18926 82817 78417 26036 55926 37524 57679 70795 92829 77114 50596 %n42 26
72128 29822 81833 65459 33374 21483 43984 84098 82132 31666 69086 18227 18986 45198 95025 35895 88819 5923 85159 15853 26881 88313 97960 91510 23709 76580 %n43 26
8047 46528 87283 11560 88601 11911 1999 77876 40925 83580 84712 53101 12246 82160 67143 47396 89614 75522 26919 58325 16545 55096 92149 94404 6446 35200 %n44 25
96710 31455 76383 53171 10921 54123 13283 62290 81412 79717 72227 26044 34455 19127 10882 2959 6062 48252 67240 92368 64007 57003 92755 43115 77219 %n45 26
52773 47539 35674 13881 23326 34350 68219 65606 93016 95114 19653 23148 57887 11833 72519 92442 72369 59006 36994 71806 20214 29909 8075 90911 1061 58080 %n46 25
13568 16392 54338 61602 31989 37554 22041 14494 52349 64055 11720 21376 76845 80803 12441 74914 30450 25795 5660 24373 413 76008 4410 10408 3354 %n47 26
49546 77023 99784 77415 46034 65368 65047 80564 82607 22539 49489 1082 37463 28818 29817 26734 93574 32462 91447 73386 29416 873 40964 55284 59341 9988 %n48 26
41851 5570 73756 47828 39670 72210 48694 16859 58163 98644 8802 58732 92990 74817 1698 3935 64457 76795 20842 48786 50902 32269 75660 63987 92993 18091 %n49 25
42088 12049 44453 19804 6002 40555 85457 32675 75462 7696 75918 51397 66721 49184 86589 49763 22426 35965 7792 85772 56544 60441 43579 54341 20042 %n50 26
15170 16080 20567 65494 11103 24004 86573 68325 27175 15338 9089 62272 15931 54233 24400 49876 97407 84318 68642 24658 57376 43544 12646 79818 78696 95043 %n51 26
87608 62388 58327 28696 67387 83119 51346 58066 56762 18688 90959 42127 21507 73921 40958 74281 14724 77809 84898 47558 15960 92400 68103 7079 35830 15594 %n52 26
80273 61965 36221 5417 28132 85500 37514 79911 39349 82133 79947 24448 62012 29370 94322 6491 39794 15465 91239 71024 15101 20967 44879 12772 61791 45957 %n53 26
44211 2909 87747 97397 92869 13979 61200 53831 62578 61794 76964 74789 61048 1073 87107 19755 67683 43869 70695 47044 94399 9473 36611 26617 54733 86935 %n54 25
50517 7387 36024 91922 59751 26114 24782 82412 31803 4645 43379 11383 42536 43094 10080 63851 45328 54380 60175 13707 26000 45646 92014 5331 93742 %n55 26
25753 3670 50068 16177 9278 42572 87987 39402 19953 81951 10801 82369 75513 9848 28562 80053 77370 7985 44046 40935 89522 41424 46622 73822 93005 21406 %n56 26
45471 94787 29813 36058 73823 3074 21522 42372 75306 89512 62377 8438 33844 47722 83958 14561 14238 96228 20175 22862 2628 42339 65592 41261 35280 69124 %n57 26
50569 99157 74660 51910 4992 3553 11785 49805 35940 92224 44858 80934 41013 10044 1058 62522 48004 38655 58015 68021 12492 39806 24253 98269 95879 64151 %n58 26
18753 71178 31603 49360 25096 99312 33105 42360 11947 43789 59889 83698 11964 46733 3462 98406 72991 72263 85894 30356 12368 55471 40665 51966 7743 88812 %n59 26
70227 97775 74973 36737 35297 27061 97580 79815 92818 13527 55478 54076 72971 83589 22737 34646 34108 49198 79301 67383 38125 50863 80490 891 14830 71654 %n60 26
67023 94288 62964 59765 16258 37543 44212 99490 64993 2327 43451 46875 91954 11408 27809 22948 61710 46644 82526 74172 30245 6247 57978 54683 62284 81501 %n61 26
47273 39655 98209 19942 24268 1387 3590 89876 55305 39298 17013 72451 52555 96948 94823 8158 52054 65486 29957 82833 58827 53327 90002 23385 30904 47869 %n62 26
23688 22797 67370 16403 41031 55928 34587 5320 54062 87537 72649 73763 91206 12808 84514 28079 37058 76527 18436 85832 26866 90017 24973 5546 31436 66877 %n63 25
65028 66442 20009 48846 67130 99321 91486 94648 97447 94548 783 44669 52486 59676 98827 24709 55844 28479 29743 82197 56373 97245 11696 82401 142 %n64 26
90054 32875 12128 10295 87730 70809 17229 14890 35323 63350 92595 52193 57840 25603 37602 66716 10804 94443 90657 73537 96223 55287 27925 60394 58876 86556 %n65 26
349 7330 62218 69938 59390 73041 57492 28077 15040 86430 16193 88740 40413 12136 42874 14911 11405 63553 45297 85442 79965 60020 55250 60452 39022 61961 %n66 25
52228 91759 11482 79941 51212 21782 1734 81482 30954 21324 67929 96431 56535 95360 44163 60782 81868 76594 91436 22467 93761 47028 30169 51245 97590 %n67 26
3888 90003 25681 12434 15571 11305 53594 91100 3365 8209 39031 27894 6610 44409 87853 1947 62055 52080 96321 29342 2703 32435 32707 49512 39340 2929 %n68 26
51470 60757 59033 65008 44777 18931 80089 3755 60415 32586 99713 87796 4219 12126 13373 79521 60016 96642 59250 29224 13706 99530 76892 6606 21865 47515 %n69 26
19617 82230 44757 86630 60810 76705 65184 66714 57977 21765 82706 62113 10134 35827 51074 2426 37665 75404 43639 78571 15218 90516 89634 26845 15886 69095 %n70 26
50749 59301 14661 65082 17249 46197 38638 70950 53225 65007 85371 75837 37217 76730 5913 49080 86579 79051 8866 66147 98720 54336 10583 60826 99378 74553 %n71 24
93680 78034 70955 18865 58394 96772 20205 49459 76452 57170 35894 97405 8813 66504 11836 61875 2396 37039 13188 19896 77932 64492 22163 582 %n72 26
95839 44183 51664 66118 96178 74747 9373 57994 18220 23426 6129 96418 52380 72757 66923 94390 66010 11445 17814 75303 16651 45535 25517 81527 23358 40621 %n73 25
77683 63594 29894 90193 54876 53562 52999 1712 63168 29991 27254 84040 45719 47894 45859 38248 26572 95417 30751 62942 2122 25044 89398 11817 64398 %n74 25
96059 57652 57025 25570 71266 87869 71410 70434 29044 44269 42794 77440 50466 24218 66600 49515 70688 35378 46248 67466 11820 47125 15763 84394 78055 %n75 25
26776 10692 79629 68406 19714 65980 64913 10292 78880 65442 57967 64934 28276 15012 71498 67361 4883 25317 55556 13396 30182 36195 80266 60053 3390 %n76 26
92995 86549 20736 41391 18124 93807 17785 7475 287 59303 1281 70962 2049 406 27134 58405 84429 21388 97961 14361 21587 66454 81037 16614 48509 80042 %n77 26
94221 64862 84384 40038 75992 43585 82924 6675 83998 65916 83176 36202 30560 46017 9408 82218 70304 68437 45593 44770 86818 45966 72237 66971 22836 41093 %n78 25
75971 62009 24599 77755 38396 20583 2034 11819 8644 90350 8628 85777 47790 18792 82300 99439 87179 28311 20943 57794 83954 13263 60780 85900 35677 %n79 26
53714 75889 68113 27266 59235 70147 20838 82249 52458 86268 9085 96340 44233 71336 32532 33785 88959 81837 69884 84665 32289 70456 4172 20638 46471 13119 %n80 24
98775 65994 59781 37927 13492 75981 5726 36269 23073 83215 87942 35607 22298 69917 12803 86133 28550 14906 57150 85271 69262 22953 82657 47861 %n81 25
81241 48948 93039 94750 82103 95873 75458 15882 71811 13509 20800 12447 72440 48929 1903 46283 30106 1937 73377 38578 77514 607 94216 96554 55609 %n82 25
46473 25408 84141 15217 79423 38355 39793 8969 87201 77336 645 91932 52024 19356 36781 94958 65967 33451 6030 54416 72461 29006 82818 1747 77348 %n83 26
95663 79389 77053 39701 91790 93710 53578 1771 38759 20530 88043 39856 62000 83318 53433 47034 21458 53844 21790 73991 26293 84494 19769 96483 76673 73367 %n84 26
62897 21557 49170 96113 53547 31487 42299 57185 25188 208 13922 45253 77663 21083 55911 19650 90081 48936 40002 23818 38870 17450 88412 46646 77921 85787 %n85 26
78992 51193 6112 65499 35446 68408 82756 50785 1011 53383 78207 17223 76150 10048 79841 89795 45208 83731 21109 231 1961 23268 14075 2748 62523 60852 %n86 26
85275 67331 88964 30591 28519 39503 94095 47153 66263 96664 35852 70519 25555 20796 87093 74810 71913 92931 1650 36412 17587 68531 36130 4929 59996 26125 %n87 25
76571 45581 44864 22870 48596 96564 50958 12080 50511 51952 39383 88496 30829 25496 68684 30166 17099 86609 5681 55107 45667 60732 59387 26581 8892 %n88 25
81056 27376 98515 88851 81503 70945 41864 10577 50680 46375 51649 76341 55166 62306 66175 29322 18963 77323 56975 78203 97995 27507 39941 79326 40054 %n89 26
31611 13605 84372 2658 52310 81885 52173 91624 73337 12876 14123 25936 1736 41235 29380 63834 84792 20444 16036 76693 78169 84243 5694 92919 33667 72136 %n90 25
96335 74733 31007 18303 22850 27008 43187 3486 44186 68289 44104 26239 63094 74262 96905 79667 67985 39897 69470 25095 25328 33923 64363 94569 32994 %n91 26
21505 60566 47090 89986 58151 10747 53098 63171 69888 90410 86892 28370 18873 1879 10967 71823 10317 55294 5432 67335 69704 46078 18746 4284 6184 40270 %n92 26
21127 20033 53199 77862 73795 58128 58258 43785 92446 16324 66948 8986 4599 64266 6068 59138 95095 66086 75216 63431 27267 24061 23825 98748 8134 28253 %n93 26
70369 73976 74064 15965 35754 50323 51157 48178 68319 83708 45325 66873 157 43207 55755 62610 2346 19282 94582 48299 81732 34989 34825 43176 23037 76263 %n94 26
34404 44194 69016 52354 17706 32443 67170 3621 37776 9300 60558 92137 69752 53017 21242 21338 59934 24059 56420 64517 27109 19694 59454 45291 61605 57653 %n95 23
80738 84378 91058 65267 26138 96428 427 75315 72686 65297 34446 47387 90904 75051 78079 73801 96300 78620 63766 58220 71419 80209 62585 %n96 24
23635 59622 57008 47057 73694 37052 53204 74976 17126 58034 96539 38757 60357 5099 86905 94886 78822 89106 25645 9962 67041 2721 69055 49273 %n97 24
84801 97084 20917 79787 71239 43757 88438 2445 57768 3082 36211 66959 83285 2290 43592 97102 35906 6148 62124 9062 46003 31606 33054 7022 %n98 24
76337 92952 36423 65302 1212 90665 41878 9527 57908 56510 55492 90702 49665 33377 4594 31778 97719 79759 25397 44724 45078 54349 29562 67006 %n99 26
87110 26011 83540 31768 23868 68700 36658 43505 86785 19925 54183 91358 68478 38562 65309 2461 1077 60879 66720 94291 59541 52255 61899 87282 69160 90821 %n100 26
42685 20223 45487 65874 26117 49914 23370 67657 43427 43196 26924 90951 90541 46370 79127 55950 95457 1592 44337 77377 26553 76370 35598 79155 54585 18583 %n101 24
63281 82016 30849 17565 17383 24489 85554 76815 11437 18324 71437 83377 78354 35686 51992 26709 45902 82336 46359 31836 53761 18360 67821 16547 %n102 25
75179 14020 4525 33598 61255 65580 71026 65712 8500 94071 97753 4176 30314 20970 60024 57647 44402 52531 51769 44657 95365 64471 69541 2208 80236 %n103 26
49196 72829 38460 58877 25499 57661 17115 47582 46339 9305 22815 50976 26765 53105 21822 3965 87575 56619 22079 3225 31747 87019 40816 46266 22966 79189 %n104 26
28155 73634 72091 66344 4198 63433 31382 65138 78851 7347 78917 17028 67999 37454 26858 5647 91598 83449 49064 21454 26190 53529 21409 44075 95305 90787 %n105 25
9875 52496 37376 29797 67495 60489 61191 41705 59523 77349 99910 94974 44400 19483 23085 45679 76217 31319 13294 43996 71379 18428 42215 61797 43634 %n106 26
74906 17105 16825 36785 80039 48587 66472 36371 82515 74505 15486 74338 60317 15143 1023 3746 57398 55146 39237 37089 58708 35509 97376 66822 54986 64303 %n107 26
32367 59365 50258 70589 24184 4005 9581 37612 38140 71303 86480 32969 59956 72703 87950 60310 83802 49006 75046 88691 37786 44227 2825 59680 27084 82524 %n108 25
79626 57509 76702 43717 8239 53378 2241 4061 97659 90667 88078 35553 98474 73644 30000 630 52027 20522 14818 92811 74541 21075 37071 57301 68143 %n109 25
99989 68309 20520 94565 88641 91148 53227 32327 8716 28355 58764 67989 51334 48647 82306 7311 79203 73181 50891 18381 20703 84209 65016 75236 91202 %n110 25
43184 81334 34925 17664 15173 11106 42828 93892 81283 95225 61256 15890 68663 94574 51049 44291 64609 18550 1426 19614 68199 99925 22933 65865 50078 %n111 26
77709 77900 53583 52810 20635 79723 85782 1570 55410 89715 12473 57673 85258 84560 37355 15829 45371 14232 70954 75368 57290 7776 58904 71666 21899 21517 %n112 26
78786 49713 15364 70792 8023 2136 79317 19850 96175 55949 66561 94498 35911 81793 51974 64715 62111 78380 19524 94096 35132 94761 85281 84695 32287 47742 %n113 26
84305 30617 58677 97862 45397 64933 17677 25670 78934 54902 30144 4984 85225 3868 16753 45141 55877 77575 39136 70814 94946 38800 69962 1786 46165 20461 %n114 24
31873 72209 64511 46673 86793 20651 2316 32406 72875 25770 61291 31144 82620 6146 13743 28804 97670 9314 71286 52281 44239 97366 64105 67902 %n115 25
76923 35100 36929 53986 92970 34098 8234 17413 8285 67740 35737 80607 71004 1777 3818 14846 84664 35247 49516 54975 56622 99926 28708 7423 75534 %n116 25
37881 53345 31419 69610 59132 86676 5703 37954 92608 93933 89003 46693 17087 90855 94373 86604 98358 48818 4966 74597 70291 23115 95104 95989 70853 %n117 26
50074 82167 47531 64521 51862 8900 99706 21886 48035 79175 98071 7662 31986 91900 60157 20869 77306 73433 22782 82122 82465 33224 3598 49935 67963 46753 %n118 24
40873 202 50605 23456 77111 19502 64240 45085 76930 86300 69439 34904 20794 22315 23631 9280 84654 23237 38841 76681 80582 30465 10391 10289 %n119 26
92802 83792 43766 92053 64326 6423 2451 18878 95137 58490 53511 99066 86494 41212 21055 65482 22660 66857 2833 71963 90749 64031 48552 27653 72414 78827 %n120 26
47074 65631 98616 23952 55813 21914 66549 8131 53492 90276 59787 99124 96698 15114 5068 64275 12858 50568 53854 68649 71246 84153 23844 59082 27390 7381 %n121 22
12852 55191 28490 6728 25981 91304 42067 16461 84 59060 72164 52727 13241 18216 60537 40919 17869 97537 93365 45941 75525 65064 %n122 25
55217 63895 74312 53926 67918 87893 10231 66054 24814 92226 10559 71768 27584 27904 86023 89043 625 17153 26248 89646 8911 76495 84991 3752 27899 %n123 24
6047 98970 59158 55817 34566 18079 79407 86231 65067 47115 62171 26494 10991 65161 5880 97014 2730 5968 98925 23242 85330 15018 8484 59886 %n124 24
96124 66628 75893 96323 92882 5615 10446 99726 83422 88563 64813 78158 82246 8123 61566 96891 43527 87117 75213 44616 47900 51788 75121 21639 %n125 25
75456 11546 34533 10402 20011 15016 46757 96785 71320 12895 53279 48435 68987 60172 81789 53176 45415 8361 12283 92164 42250 20552 88526 97218 8154 %n126 25
83805 17332 78860 30366 9892 36714 13810 79228 57307 54510 42349 67317 10654 26174 46518 40464 53868 62389 22434 97560 35138 8722 83283 15561 93098 %n127 26
5080 19570 81661 75167 45736 44434 75910 34548 76597 24612 3219 22339 44457 39675 20442 92988 58530 87177 81840 1875 97139 3420 57002 79983 38709 5197 %n128 26
30638 6077 69045 62687 63838 32201 10354 9934 81268 64681 11533 19078 15367 85623 31665 98832 51110 29383 52005 99541 59406 84957 52330 64455 50966 67319 %n129 26
47038 15280 84751 17712 51608 26683 44190 57382 70716 66036 18919 13004 53597 57800 15489 78406 1320 15386 22294 39335 93268 44091 29021 81329 31697 14025 %n130 26
77916 79993 85553 4637 13597 45249 77452 20384 84308 75374 39789 87152 39449 76412 50515 11155 84668 56423 51832 30344 55789 4442 71603 61251 24288 93089 %n131 26
96465 12382 89549 9004 1120 67896 81445 42783 48391 43398 72682 55076 53121 99894 86021 29961 59328 639 3767 69642 45800 54566 99583 15528 68922 70405 %n132 24
8150 54526 44738 89603 22880 51741 15222 47989 35775 5637 73648 71472 2056 90726 32758 5847 33530 10050 77885 1653 44385 67012 11997 37117 %n133 26
41112 34865 99571 12194 64921 23506 22062 65216 54482 10812 33755 29865 87416 47089 698 12779 3155 63720 61181 56930 95962 67562 13331 50920 91740 68250 %n134 24
78797 28381 5072 3332 81216 89086 68660 25071 28012 10169 39511 21486 39638 65776 83054 47501 96968 9600 28845 65091 13475 85764 53754 35450 %n135 25
75831 75327 67096 1383 65991 59637 23974 99175 29305 50087 2808 97472 5388 76937 94679 53580 61846 71377 83877 9510 38671 89147 78237 56605 94416 %n136 26
14460 53398 82442 22565 23470 71424 31250 92312 51639 94601 26150 37486 11303 63820 69763 82635 40500 61858 82269 73066 32425 91332 23188 60576 52382 9696 %n137 25
79046 84557 80832 50592 36639 73196 33194 59943 69943 92273 64661 89763 21025 99158 56785 23226 23453 54354 37408 7975 19252 56950 35808 61162 88004 %n138 23
86288 50326 76363 78067 59414 84095 59163 77759 54355 17568 26745 4181 13404 92529 55493 70368 36425 42710 50724 93009 34635 32088 73928 %n139 25
62380 28745 61888 51597 45982 60094 243 84577 84855 31156 19671 15883 53352 17037 53500 52295 41483 22678 2185 23892 88923 67732 75133 9414 85541 %n140 26
9147 35675 79415 96680 28284 67552 75922 92969 92938 6981 59364 76967 57208 21677 25008 68483 12810 52068 29872 80905 80489 42866 31582 32816 56872 60147 %n141 23
46271 34777 63405 71192 20627 89796 37758 443 73446 70067 94188 81703 84729 30155 45204 24486 21119 59538 82696 50844 11403 79649 4457 %n142 24
44834 1614 76481 26474 93701 55872 21978 81251 94240 18410 86557 85619 32067 81181 81358 35892 8568 32279 1325 78252 65219 55552 27845 37876 %n143 24
62259 91276 32750 89577 79532 82395 23787 33597 69440 52845 49394 15493 19114 2542 47145 57882 76224 67496 24527 742 75257 60467 26492 38752 %n144 25
55197 22164 79731 98281 73679 88333 22554 83188 59718 99424 8175 87920 85625 39132 69859 66723 4534 75901 33103 9034 97969 81575 52897 9650 40424 %n145 26
90874 47994 98558 4232 50126 87518 95258 89978 65640 53063 51187 34737 3940 5435 69990 48871 57462 41303 60634 86685 30929 17654 89845 84125 11869 46611 %n146 24
33227 85350 73859 75498 49264 39509 42348 71453 60894 65800 69842 41846 14990 89888 52694 41959 13649 23399 4878 58765 50571 16472 15332 18628 %n147 26
13968 52252 70126 14634 66547 42756 58832 26274 71470 40368 20599 51230 17709 4581 1941 39484 69574 33754 54326 67247 59966 43660 19581 72311 49779 674 %n148 25
71596 18698 81663 34205 62014 21831 70225 94546 50504 68142 13972 39036 53118 7849 81164 12734 16074 12143 36245 70080 25228 5599 34347 91621 70372 %n149 23
52158 28876 97428 6624 12156 89116 80300 73398 78514 79366 79620 92781 62016 21676 92461 20876 48716 22895 90690 33216 27057 54718 56264 %n150 25
52559 39795 19888 51695 83253 6850 13588 89422 39177 61950 57106 19067 61667 5561 70925 16707 48610 67191 3705 52973 40651 14186 91674 99535 45842 %n151 26
31465 57324 76650 14009 87508 83139 68631 64605 58437 65453 47843 2363 17141 74645 57077 78429 72320 25258 39276 15767 68081 18670 92205 82933 98305 3111 %n152 26
31619 95425 39555 40907 31351 86915 71746 67980 51213 7067 45506 35426 89220 77470 82557 26377 21920 70000 18858 7543 68473 41723 3655 46481 13993 95993 %n153 26
32887 84087 98747 12730 68518 59914 46102 23266 29485 53038 11679 46227 11940 95838 49498 58234 19655 13286 94157 50391 53777 47904 56131 53137 15866 84311 %n154 26
73387 65711 70763 59690 90141 72885 63403 38922 26889 52606 40869 42207 34709 14926 22513 49431 13422 69364 71244 60704 59453 42359 85620 32176 53822 4360 %n155 25
45746 57921 15069 75895 41394 67911 90510 17650 44476 71384 39567 79261 52296 37596 48968 46704 42243 96224 60687 86649 79205 26386 47915 42450 73114 %n156 26
66439 65314 23121 99005 23461 80180 76977 4539 44960 69082 40810 68112 73440 37447 25887 56168 6017 53768 63332 95639 41037 55699 24386 42048 35287 71896 %n157 25
46308 78480 19651 31280 80650 44903 36983 69827 63564 27457 75065 26838 22056 31163 77618 90455 84085 93070 58500 17593 51432 13939 78547 44346 13008 %n158 25
74480 29950 15739 7540 91290 87973 8143 24468 23840 95577 13124 51591 90472 16833 19481 93422 82396 20620 9966 67427 86006 96182 9059 8865 12235 %n159 24
60140 53146 43272 49452 59433 67106 44638 62325 55869 34418 99608 92060 19146 822 95861 7625 42075 84685 37021 89957 62751 1638 32197 19871 %n160 24
66343 35050 84867 54347 40613 63853 44096 29206 17 15833 41103 7377 50392 90581 49048 91409 83346 22540 14559 48450 34818 51017 35081 32931 %n161 24
87612 999 31313 89785 95588 54698 35222 51302 56393 72723 44675 86387 72182 31000 74289 15462 88435 36835 18170 77089 95698 92187 31541 35803 %n162 22
84525 91536 84427 23531 87827 83734 64354 57997 27939 31350 3945 74126 22940 29761 34174 31789 88560 12494 3632 99384 18213 12756 %n163 26
80862 48979 76633 95201 63929 68506 84363 92003 67974 41102 98411 98246 22808 52015 19450 66747 25316 19831 65154 41386 24497 88922 65752 73970 98368 93602 %n164 26
28051 54901 26793 57914 4076 54492 74699 92346 10542 31552 97565 94259 78385 68983 60832 3427 46666 26020 58135 16908 2559 72134 45692 28995 8804 76663 %n165 25
21250 72453 83898 58453 45716 8398 10901 16010 32405 16158 30213 88997 43470 47487 19534 13464 75762 6586 55331 79100 59640 63274 8873 38016 53420 %n166 23
24933 32907 66154 26962 96215 14948 22809 32754 15944 49956 21369 63305 85075 13355 45623 82596 11065 60252 20983 70229 28848 53215 20850 %n167 23
41997 20634 91464 92441 87014 71636 38195 14631 35654 83933 18969 73457 18527 73383 61451 47648 22216 72901 6086 73007 86822 59451 37833 %n168 25
58842 43462 82591 61234 73170 75175 66545 4196 6342 29431 92750 98750 84887 91696 86227 60037 18289 70881 65157 13500 56476 96895 19603 48878 46150 %n169 24
8358 10115 3842 77929 87712 63440 38469 32849 46637 12499 94834 53915 68875 26123 59314 32001 61242 56787 13728 9879 30583 16364 195 48199 %n170 26
90147 64201 5407 43229 7797 15972 8243 97356 28035 46609 70446 68727 8372 15377 31775 45583 43269 5031 26137 9174 98279 86173 39116 92363 75708 46995 %n171 24
21241 52067 34017 82102 24631 7981 61823 48958 73626 4589 68771 59831 52521 245 54803 63882 96041 21477 80142 12898 27260 60392 73746 69054 %n172 26
24838 43870 79084 86512 86749 99065 42972 88940 75398 49629 40030 44416 62425 27573 14567 78395 14304 7846 59164 72525 80802 93228 3223 73490 78451 43142 %n173 26
5739 40173 78330 98463 92002 75408 74319 4597 65077 73424 15304 4325 27691 78947 23272 8695 41197 67931 25572 20283 91012 19352 13094 72718 4409 47551 %n174 26
29193 3778 66712 71006 58811 58155 4145 89590 98698 43679 14754 88358 19227 95152 13789 69229 83352 40241 19480 90284 54238 58820 75443 88792 51705 42217 %n175 26
87843 33369 37112 4518 5527 58926 33857 17041 59003 62408 11655 47169 33775 36990 98607 11536 36259 55122 90691 12788 59420 57490 66337 92466 17453 1225 %n176 26
22042 96014 49975 17958 25165 66987 53520 68435 1513 16280 45038 43946 42689 11933 24513 27615 30020 61295 61400 31962 77239 13929 48263 40190 77748 35809 %n177 24
73630 71465 15098 69641 56698 8296 16980 36309 53414 89833 64726 16511 21794 27043 71966 91437 90397 52933 4048 69334 2660 6667 22353 38424 %n178 24
39438 34162 7098 8837 16302 32272 58700 64446 54345 45990 45388 233 40006 19785 65187 16418 1524 63471 46840 78973 16423 43367 41904 20408 %n179 24
43896 67119 21399 98149 19372 13311 36827 65445 11220 61921 13029 89235 65769 71018 2673 8000 36283 79156 78066 97312 88837 14532 34868 5481 %n180 22
61569 56377 96347 33557 71726 40169 44683 54409 24865 39999 59824 26134 86014 33 95611 2514 23905 89809 4000 63811 63810 96545 %n181 24
9328 50636 9176 45146 74284 13002 21451 22602 62132 47840 80602 21161 14073 52126 26064 15953 806 96073 56094 780 7008 66619 82076 15295 %n182 24
12864 62637 8487 85673 10592 31331 52373 39112 94691 41304 59817 74139 86186 79566 51099 81875 53938 14965 72402 10051 9140 90879 81440 52765 %n183 24
61648 57385 9640 42677 65830 77700 92893 80947 93858 27675 39523 68162 9914 86426 33494 18243 80626 16334 94072 89477 19295 90706 84701 38291 %n184 25
34995 92462 87417 92835 51794 93713 9063 82917 13245 66328 45836 8056 97897 22822 95513 63953 81535 58666 36251 10018 88319 18513 83636 38315 81641 %n185 25
28144 75130 16851 24571 77799 63222 38288 87099 85222 85448 82930 32544 58335 25367 26901 30251 69223 18117 35285 47774 50588 36411 15472 71800 45773 %n186 25
42468 46701 32235 38501 52698 15948 57665 72982 23440 38917 73480 39465 79791 2813 18715 22193 22221 24835 64997 6509 24866 81530 50257 13146 95069 %n187 24
37106 71886 16839 21204 68825 65736 1343 43955 16394 55388 6980 76063 26903 84108 79871 58763 24210 13737 58149 8805 19122 79627 6634 29750 %n188 26
78404 87767 31878 55635 26684 85591 78684 6611 53340 56838 4383 46633 85847 60146 15919 8784 92267 47978 29980 14753 34247 23524 34159 51125 29915 90439 %n189 26
71852 69981 25908 38072 94934 4268 20003 97535 23206 7960 55854 6091 81991 51393 12321 59168 89121 62906 3540 93605 16933 53843 80428 27890 49291 9528 %n190 26
16576 75610 95701 87443 51748 81133 2776 15622 83068 43684 94869 5512 94141 36133 26051 71579 64720 24920 19599 72760 58461 64294 2257 36824 90538 73655 %n191 24
29913 82840 29360 15254 96726 86645 93664 33045 17557 4243 70162 19271 92637 44682 19788 87394 64377 66247 25883 23608 73574 91354 52946 55560 %n192 24
18761 16485 48999 30709 84748 6388 80501 52932 59227 38908 30982 29711 78101 4551 29440 76249 62944 87317 76292 8974 94133 31725 28621 62753 %n193 25
43239 22556 4265 85332 85136 26938 81669 32873 46158 17522 52483 33862 87405 40295 94473 8523 26772 16424 55160 96237 43118 46451 99381 71774 53958 %n194 25
8511 80778 86280 6415 1498 82190 87932 33122 64319 66129 76512 91805 95276 94581 38150 76524 35324 6218 97272 72803 41277 39627 10954 52632 66668 %n195 25
58464 95370 26188 11236 19189 11156 73889 52971 66816 39261 75347 42867 16475 46585 60520 60021 36559 88516 19729 63945 12364 89084 28767 16262 76758 %n196 25
33992 4603 77057 99434 57201 19569 97264 33165 64931 71976 62441 94879 27659 63477 47056 49471 48924 79078 38032 446 75740 91019 50804 58152 94576 %n197 26
51313 58985 54884 82836 72118 1432 8027 96892 27129 12746 44874 41436 61762 71351 50871 54645 65643 54018 83982 8389 38423 90548 53389 42142 44950 58115 %n198 24
80515 18146 70929 27709 183 51859 25537 82693 88874 93871 59222 92747 9379 12559 91435 7206 32410 57657 41294 47787 35094 91861 20163 41887 %n199 26
58469 55074 75424 43892 51584 17907 55903 31042 92276 6844 79987 64052 25353 25881 88981 1478 9120 66546 50238 2243 73042 75583 58647 67553 47015 45006 %n200 26
91683 95163 39482 46454 93019 71993 32592 39855 48356 69111 12814 81995 57352 59431 28351 72459 18662 94706 80282 77678 86194 95863 35159 71165 33450 40674 %n201 26
46845 46512 3010 11754 1218 40757 45201 64562 28008 92321 51961 44953 69417 30820 70374 34568 45143 77128 17614 36272 24967 57265 25077 21576 713 44312 %n202 24
36085 55063 70001 48627 97768 62650 31652 37253 88129 37631 6508 88869 53376 50668 94484 95373 75985 92459 92101 17362 55356 38343 12340 51077 %n203 26
47902 84500 57183 65366 70447 44095 95325 22150 77719 65037 80418 57608 27930 55071 71152 13364 87629 24791 36178 39242 45498 22182 16758 98309 73659 44374 %n204 26
1030 11801 42251 83562 18560 26932 5232 58450 59259 23081 13620 41572 62887 93340 97604 80686 16352 70469 78366 23495 96802 72333 72515 51357 85903 9420 %n205 26
92296 58003 29734 79006 11401 30858 73821 46915 78744 21400 18652 71020 3897 53692 58984 57867 77866 27434 10535 41276 31530 98677 40261 16415 82893 72063 %n206 26
75532 24199 80526 32658 75290 44847 1365 19322 83121 70183 52188 11556 66380 20377 21859 43111 30399 99705 44021 89331 92878 94815 23196 6818 98851 30586 %n207 25
38919 34669 34887 51421 83704 63173 88742 77671 75294 67964 43223 13734 64341 7456 35954 57213 91557 80311 51812 84980 85348 22918 34176 81640 5305 %n208 26
22075 50656 79982 7060 52278 93326 65183 19965 72651 43942 98081 18351 92225 4825 4102 64350 81652 91399 7648 41697 53872 62844 12454 64148 12857 70614 %n209 25
77129 2538 79139 56527 87676 48308 89717 96677 77707 6280 2058 30749 24614 83032 39232 28715 75230 75136 8373 22710 83658 20141 23184 45000 3361 %n210 24
43316 91411 81203 67667 559 45365 9699 87393 39097 942 95482 72801 72367 4771 3305 74282 51179 22676 67044 27206 97852 78038 3068 42329 %n211 25
92297 71511 90863 78278 14603 45927 39929 48624 35293 23736 75624 19022 14168 18503 84939 84757 68375 98443 13668 23587 2810 88101 87576 66467 55927 %n212 26
33859 97315 19136 96643 87996 52291 32379 48921 31730 44494 21607 99882 16624 10566 1593 59927 25775 67715 9757 38183 66737 5912 65621 88915 31957 76942 %n213 22
41465 73591 71869 62008 33329 19037 75023 60360 47289 79106 50898 65805 33059 4164 13877 63251 37983 73354 83517 64476 44323 52525 %n214 25
6642 93172 69572 93787 99088 17860 16704 55129 70094 40829 95328 31831 5815 55991 96749 37491 53633 47845 5209 17941 7164 59260 93332 25595 44514 %n215 24
51596 74209 84189 75578 73093 95215 63836 37642 91689 29182 8559 96556 90421 89750 94063 408 47252 94311 8992 28747 76914 6410 45571 8412 %n216 25
24989 16863 32394 3192 2600 29137 92808 67577 86802 11747 7261 61232 51335 44907 99397 87663 8520 11080 20984 82343 85757 85883 74565 55304 71508 %n217 23
86536 86972 21675 89257 69806 77838 66580 67538 4267 16165 85268 66270 94273 135 74866 24547 18074 14692 30650 80859 87304 77008 79083 %n218 24
99668 80957 42196 53715 69447 70893 60653 27757 91169 56760 67514 3731 50403 52676 11452 58381 46151 7932 79905 25432 20806 90401 87642 1835 %n219 24
70226 38593 15638 1336 74146 81716 70910 49567 41232 64204 69023 520 80337 47386 92578 60939 6535 1889 80370 848 90330 9017 18502 51222 %n220 26
97742 26782 62621 77787 11903 47514 3405 96705 83256 82508 458 52025 48919 84279 10778 3384 38760 69776 2382 80182 14969 97621 81122 42909 41663 87524 %n221 26
97183 95403 47274 67926 92627 418 36772 50991 55630 7157 18273 91629 39044 34050 91502 34032 10939 60490 12151 32534 33266 25444 4794 63476 88464 11459 %n222 25
74311 35234 27668 6769 7814 25755 93339 85065 27066 30697 46541 95539 25937 93863 181 57722 54774 38701 9623 82354 82777 12841 78116 35510 21701 %n223 25
94699 95677 64639 38813 39014 57632 18596 37943 44741 32353 50480 11333 3583 44556 42528 35000 251 28303 31372 86806 12543 89370 50572 74129 85290 %n224 26
69437 35118 6234 15811 55779 70595 72410 42385 11920 51169 90319 21108 15805 70642 88232 15488 83745 85373 65876 2741 5871 34648 4111 64475 30680 83953 %n225 23
63107 83350 3969 35703 5536 36372 26798 89604 94567 13553 93165 45880 85588 83184 87466 20585 30620 23059 30912 85810 4843 45394 43317 %n226 25
76482 8307 22104 73636 11509 87844 35972 50001 79842 28285 19137 15782 1282 29250 24119 25912 38779 8182 1333 54447 4595 56909 45478 59544 95295 %n227 23
8299 83093 51055 38383 10683 30676 94027 52902 69272 91500 45175 58912 13416 82748 92243 26854 36310 71399 59678 1852 31938 70602 21102 %n228 24
82123 25372 91328 53050 79153 30363 16894 74164 55681 45419 61440 40217 82636 41961 47425 56020 9535 85939 95195 78181 9805 13255 44639 30679 %n229 25
72483 23668 9854 12672 77266 30531 136 50390 30506 16569 80494 20089 28492 38795 96027 37144 30498 70663 67142 52361 4428 18801 27877 62167 52543 %n230 23
82831 51479 82945 23849 51940 8811 6176 72732 10748 4672 55313 58923 7453 58272 16128 69744 62745 9464 77906 64768 29676 72185 41117 %n231 25
2562 99898 2099 18417 57338 7663 73676 3381 82689 88506 78761 50589 95037 66293 96668 88987 70657 51882 19338 27421 64803 52675 79615 48534 89059 %n232 25
10859 18830 33695 61686 52108 51761 93154 61996 21756 68577 23483 28260 52838 20038 83046 61335 92879 21823 81272 11032 75586 51818 30635 52900 56996 %n233 26
63070 7496 97501 50427 67727 63835 70216 90528 36853 57298 70628 60676 28755 42437 58084 17442 5617 27994 19716 22231 88044 67603 11217 64100 53219 51509 %n234 26
10161 32499 9773 90900 76759 36144 20847 39227 94476 46422 1527 48781 77548 92000 91710 58776 65824 57852 70527 1925 49033 88809 94992 76955 45885 67509 %n235 25
87615 5191 75244 14971 49251 66273 68178 56600 31225 17667 75882 48937 59038 88687 36554 28031 81977 48292 9082 41469 12923 35832 14175 42116 59708 %n236 25
41147 92955 82044 40159 64389 14901 29177 16927 55514 96793 55797 22514 20735 78539 41299 41403 43105 98124 58295 54307 48150 47277 2806 55878 66672 %n237 24
27999 42731 8492 25521 71081 84534 94208 20833 31761 34474 98030 29917 72796 15661 3120 91136 99839 74650 68044 10091 28817 37644 91402 51791 %n238 24
2044 21732 63538 60865 70065 35641 27680 94833 55365 92367 21887 73556 13011 75382 3883 2129 98702 15665 40855 9526 382 75656 26822 48482 %n239 25
79385 25296 73467 88684 95290 16197 40749 49822 53463 67497 52679 63669 53586 90167 79719 84174 64905 21884 4823 28305 59894 10102 78001 8663 2634 %n240 24
59393 59437 79707 28497 10741 41586 67460 1252 23350 50244 70801 56912 9871 76602 638 20571 64591 47709 73055 24955 97647 15520 88839 96667 %n241 26
25751 33440 69154 37469 15924 51701 41183 99618 51803 89730 50606 62266 71432 17619 47824 72702 96753 48162 96727 8604 42390 42899 14908 16975 38946 79270 %n242 24
15044 73615 44867 67601 83956 67288 50521 75427 52221 31246 9242 93239 46356 2580 63689 76575 66992 62527 13100 33382 48853 29030 95851 6988 %n243 24
3695 23964 29314 12410 96052 26031 34332 34513 30024 30659 64560 97302 29798 41903 86368 27563 88071 93587 21791 41470 2802 68504 68819 23963 %n244 26
16122 89455 59032 81504 59745 6996 55267 74444 85209 45032 63461 97991 79524 56685 34303 14645 24295 80681 47645 80085 78529 87748 38269 33318 21948 78428 %n245 24
1495 40986 32903 37020 67905 93161 89941 67569 47323 70419 15658 77099 56694 56907 7611 66789 2211 48913 22247 12179 49372 89770 38956 99567 %n246 24
86034 61167 83339 30119 96355 34516 57134 46643 81883 19393 91915 36040 43129 98426 50081 96592 45747 23846 26046 23747 78874 39683 92085 18379 %n247 23
24472 2669 45072 5227 11164 82943 52388 81423 38264 56516 93810 83738 99743 99650 38719 10548 88271 17065 21586 43877 89774 30034 1127 %n248 24
3025 51394 52578 85496 77531 52501 77745 19341 6395 92777 35640 10178 40410 4185 23917 94152 69367 76695 90618 92468 12791 46686 35017 61614 %n249 24
5624 96775 59861 4211 50775 6729 34735 35099 88529 97153 51502 46508 92244 51500 33962 20434 14022 74255 79375 59682 8909 66195 57846 39494 %n250 22
67842 31286 52771 42941 89887 78622 88864 99454 49661 77081 2900 67359 73617 98085 61381 47940 37501 91416 54439 60920 11329 72455 %n251 22
57438 34664 54420 87334 30573 67060 59130 81075 44445 18154 80869 32962 29992 2246 48697 9152 87190 22613 13165 81316 74696 84112 %n252 25
75785 32516 40264 55982 70356 11201 85320 1838 3835 69146 4714 18153 36692 52602 31150 79533 47118 23191 93584 79031 37848 84052 65148 76538 90617 %n253 26
83608 33435 41077 63129 93655 7804 46668 56795 65692 23460 32140 66571 54516 83125 37508 9041 89779 29967 6856 82387 77255 3208 23744 24656 38970 94229 %n254 25
41048 87675 308 93461 47027 77704 94295 33129 94035 41709 78241 63360 45024 33027 59530 29530 41372 84402 27395 22264 65929 44028 403 94201 87734 %n255 26
51336 11674 19968 28640 86605 28653 77350 23935 45063 91880 56443 37567 94129 8701 96559 87052 88059 41820 58663 43685 95765 96333 4305 64153 98506 33913 %n256 23
67634 38777 38027 29626 20773 29109 84024 91205 82937 34676 82540 82 15397 96488 95220 16070 27532 35083 66640 26013 94499 74727 35167 %n257 24
55438 56846 19590 25843 74628 70511 97846 41242 99631 69552 38987 13836 15971 42747 34910 47971 70479 56081 14282 36267 30845 52791 19058 24127 %n258 25
29255 19796 25692 4507 7596 5966 95524 81539 99590 60786 1931 39235 34194 88055 75596 92131 61520 24261 39342 11527 96399 23166 97114 67986 26258 %n259 24
74536 20446 33135 37310 17990 13992 76129 24535 18694 51006 17804 70561 1781 10945 9410 29471 77207 12883 96965 67738 49343 24911 72949 27662 %n260 25
1580 60170 54576 89389 26312 11309 84406 35596 16909 86518 97277 27607 57895 35283 297 42587 95690 17954 7713 65211 43573 67785 62262 95738 99515 %n261 25
82590 43650 94177 10175 73762 47120 31679 30712 19009 14756 1185 23628 3175 29449 14401 36092 62078 4573 36366 51954 50560 34317 96028 22608 4252 %n262 22
42200 62986 85929 2754 89215 23662 60849 4337 19197 87234 88937 45277 49682 83675 78143 2431 9770 14665 67078 71420 19910 15103 %n263 26
40226 36141 84480 68475 86295 45996 19371 89387 18703 65352 86917 76288 8741 48865 46326 15237 15007 47663 36275 67382 52918 94101 70756 35435 71111 76473 %n264 24
68578 58970 59609 54405 62181 82027 63040 44137 51221 4055 88659 63034 66302 33441 36583 15271 9781 19981 11943 66280 11430 88640 64590 89170 %n265 24
13717 76404 43522 56135 55382 32550 24088 46012 22893 86008 8435 9144 23554 74756 11471 23653 27096 58899 64892 42851 15035 72909 7677 50931 %n266 25
11469 73910 50104 95908 9511 55375 16741 62660 20071 65563 64262 28266 71944 57515 30044 71574 53865 48524 85422 27007 76747 59801 36762 35312 88039 %n267 24
28145 94293 22979 55934 39102 19760 38930 72395 16702 28672 51869 36816 46238 66450 67744 21685 17179 58908 54595 71060 15712 21126 50066 77102 %n268 26
40298 69810 15196 56725 83265 13753 32916 4044 97765 18745 25325 83845 63731 76917 50798 13082 51871 84944 96745 5365 72305 48380 8287 67792 16628 9619 %n269 26
71269 60619 43024 43743 61081 68551 83949 99602 23855 47021 16123 79860 19629 64653 5732 14560 94913 69847 2530 2599 20276 42759 52093 36976 42944 91511 %n270 24
96258 10264 67848 21091 70849 92421 34076 98105 46188 35035 98393 69585 11749 2024 2073 42074 30337 69675 44305 7770 86249 65165 92658 29009 %n271 23
11610 77927 76723 97766 73810 33908 58578 89162 36924 230 97736 28630 55747 9907 27499 25886 98859 18789 58167 97538 42891 41882 43957 %n272 24
57762 34370 2013 84810 94162 16317 86434 63223 6776 14332 42469 38121 25863 61701 28947 51825 15878 82099 92043 92141 95779 7907 5282 70728 %n273 24
36702 43746 33553 93843 74104 32063 76082 67406 49153 12017 42793 16615 51476 73825 81644 88257 24894 42131 6825 57074 16603 64043 53413 90888 %n274 20
49507 78035 77712 27582 86103 51979 81112 59008 31876 18121 35975 11658 17830 4073 80297 82437 16905 48804 7036 20913 %n275 25
5901 52515 12588 61725 6400 41047 90534 6883 35764 85789 76728 40276 12451 69961 34939 26946 84214 3509 42681 56782 99203 30278 30352 4879 56462 %n276 24
91886 72092 48473 76454 11142 36829 22552 33303 44458 20986 20029 15244 21651 85750 46226 98189 93238 65292 50851 75428 53871 39614 45971 55469 %n277 23
75269 5967 34461 56786 33988 39712 88138 29851 68425 33993 39731 33643 30121 50315 33712 71645 29079 43063 37882 68600 21145 23716 31414 %n278 21
80455 27695 93952 7687 78532 37660 91218 9283 73131 68487 57252 43484 36797 34789 69075 49416 14862 13479 6226 70054 31426 %n279 23
58815 35144 59426 31625 25185 48485 97164 46171 87319 24192 5519 25061 64490 98810 34111 98042 70575 55616 38375 6335 41068 88183 2662 %n280 24
48374 14416 64728 58311 80757 38905 64543 84503 45091 30558 16961 58341 43116 6630 80307 28891 34846 36883 23224 79111 80387 42717 94947 8204 %n281 25
56623 89061 32525 11670 36804 82177 8064 35937 57777 67852 97910 53362 20131 43723 9301 89088 81318 63499 11873 91603 40478 1307 77711 6368 94258 %n282 26
50402 82461 43721 51673 49570 79724 28689 85690 77322 35266 54710 64657 67733 55768 92281 28679 74150 74637 91614 41857 96880 72052 46223 88123 73927 18905 %n283 24
83034 36642 16648 50953 25494 5949 1024 60168 36498 1422 50206 97347 10120 17077 94745 92473 14958 87719 96859 13712 58604 21460 3133 47717 %n284 24
56726 76607 6862 39257 1709 65023 77751 93048 66156 55664 89468 9267 27634 55716 69802 57511 6291 61403 2273 94617 5301 84412 53904 11856 %n285 24
52069 14659 81138 77272 4764 55319 86005 7390 60517 93638 39888 2207 14049 47800 79231 51902 1191 87439 25133 90875 95750 42275 70444 61436 %n286 25
35277 96090 68790 55343 59788 28526 47154 46475 9616 50107 68670 22196 61604 56562 68584 75642 9518 43940 28101 20012 67768 26423 33160 48387 91182 %n287 25
73610 18909 79632 24696 8737 90246 39137 4278 60242 20238 34730 11352 35472 50603 21644 34542 20786 25350 53739 16917 95388 9583 76397 67776 20772 %n288 24
88033 27107 13362 8649 71665 9486 60871 44992 77182 81121 11807 35625 56399 56329 95436 27688 65114 25457 30543 2477 85864 45381 67916 66196 %n289 23
10759 60066 17613 24247 84364 90649 84284 33155 20224 54646 16231 31464 67215 43724 754 94073 76047 61849 17537 64781 98885 25221 78321 %n290 24
29605 63842 97411 59580 86162 53817 10746 86180 31981 88439 57110 66741 86901 39053 7512 45930 86857 20255 62484 70822 69070 63220 92727 85324 %n291 25
1897 10401 84986 30236 60500 97838 76843 91430 23265 99797 57733 18429 25835 45417 79713 24302 42858 90367 32752 57273 60953 90545 72087 58422 33317 %n292 24
54364 62903 32852 37699 41134 81021 3826 86448 89651 17756 53313 95692 33924 33790 52617 61098 37930 16938 5528 62378 68999 57064 70071 6270 %n293 26
77831 52980 49903 59118 94097 31691 20949 15061 13068 12816 17843 44825 75933 91082 60936 88782 99408 57531 77850 62109 94622 3672 44779 98647 15597 46817 %n294 23
56130 62817 13569 43461 46368 43831 3449 73148 67531 61039 41054 7434 20660 658 90999 63076 67157 98991 7557 46737 54917 43805 93138 %n295 24
69876 52089 39268 39211 29105 85145 78977 86011 96420 56949 943 13696 21101 93426 30065 90977 51717 50240 70289 12141 22073 8638 74656 42697 %n296 25
84160 92723 53747 74649 48669 36541 91102 22728 44488 60286 24379 26535 48886 49967 6514 94440 92850 3019 27181 91693 5636 33152 48679 61094 98261 %n297 23
60023 49304 91498 22279 90304 41194 78316 57264 42151 80661 9925 67511 64227 62248 40636 99517 1118 99940 10772 15389 63046 14259 827 %n298 24
52947 87428 99071 22165 64295 93719 89967 2772 32673 80850 53030 59240 64182 23331 61930 2233 20517 95760 1998 77174 79450 8241 37492 18110 %n299 24
15125 70947 75419 72647 39040 55295 79658 34196 59051 86525 3044 4327 26906 10621 12695 48672 50758 28686 71306 57013 79901 18723 40161 45991 %n300 24
96912 49255 62002 11703 32221 94703 63135 30830 509 72696 77031 2345 60817 54867 19339 5058 63970 31879 69788 63438 4464 85217 48458 86276 %n301 26
70623 20636 81905 58772 18022 6293 77597 93685 79716 56724 7855 25549 69176 52575 80780 12893 6716 19689 20622 71815 28337 13919 68619 41704 93343 88463 %n302 25
22716 79271 84815 72830 99428 54408 2854 97762 61646 75388 38771 91681 4460 22637 2090 27929 12742 93139 76443 22842 91384 80819 3944 27021 31477 %n303 25
94840 1822 58042 75736 43510 18003 68185 77275 29841 42734 4979 38664 97919 47304 5790 77539 94953 48434 66850 16345 98083 66833 76671 24363 38886 %n304 24
50610 68497 12381 97017 31651 54583 26326 35690 34361 79419 917 33577 44836 5130 17136 34227 63486 60999 3806 67855 26645 55468 57962 31781 %n305 25
83630 84070 24084 19275 97686 37175 11908 2992 10722 91142 77014 43747 28608 45694 97062 17266 39496 29013 27866 87358 72840 35195 54254 69424 90805 %n306 23
80406 59275 56110 29172 8835 32402 64217 23749 17985 22925 34509 38112 32112 97605 18219 98096 70766 54695 55383 16720 67363 61212 65617 %n307 24
70184 17244 82735 81844 44178 14619 72537 3710 16225 67220 34014 59440 91554 16492 3041 38352 69065 75355 19621 12647 59575 62922 26531 36960 %n308 22
42513 49148 30985 101 62972 17624 2038 89781 10853 24621 4371 32560 3139 25689 89506 50077 4707 9905 57862 66528 75679 51176 %n309 24
81648 99213 54082 83912 11427 11858 89600 28968 60290 71422 20856 58260 3611 2379 65294 91527 21908 31959 97419 24746 95180 30002 9945 8395 %n310 24
74385 55549 77523 89974 19513 19595 42060 45597 82231 93100 90872 88576 84821 69126 56341 41244 24891 71584 85911 75644 18161 31324 4625 43281 %n311 23
16378 56820 15308 32803 47731 39939 85617 69350 68031 56108 21713 79329 8915 16597 41837 39706 23886 62280 29287 46746 72794 71542 7288 %n312 26
27920 53867 89695 32955 9310 89793 56370 21007 5145 45582 8184 29518 41594 59890 47435 39127 62798 81340 55841 89102 78 6592 38109 66354 82154 6806 %n313 26
78119 57390 71089 62186 14097 79311 48109 86532 69581 11988 43518 90326 12491 46229 13682 62737 60279 28457 39772 77389 52616 30410 53527 57926 18906 43671 %n314 23
9807 30296 93371 48494 62052 5215 19084 13360 4821 93927 90074 82492 11011 9850 5229 11294 13383 95762 96380 82073 68441 45250 60350 %n315 24
79914 77200 58072 48586 27328 65810 40406 62494 804 99863 38394 18629 70966 51224 15990 42356 84542 52766 77646 24198 74641 6982 22937 70759 %n316 25
28563 65914 15437 90187 28867 41336 12353 98808 23328 54701 78069 59065 86723 9951 78893 15288 59337 38021 96021 22618 55349 56721 11299 99373 30780 %n317 24
5625 21020 56644 42703 24462 84883 72710 13576 79369 72074 24414 94957 64141 52719 49996 98679 38599 32346 28759 17395 92845 70072 92937 23246 %n318 25
13403 85115 68520 65581 24282 75080 48119 59448 12778 98511 30285 29495 92862 44981 73678 64616 7111 88052 70671 75841 3853 47317 55573 76848 89374 %n319 23
92782 80272 95077 47658 12879 37789 80923 1686 26350 33907 37684 25055 11160 31501 62728 55916 18442 26021 76878 3204 5678 82852 87908 %n320 24
56317 34521 58083 27973 25548 76149 78213 91732 26431 83278 61391 18373 84431 60079 14767 65179 18820 94832 74375 36951 12752 33484 43519 32778 %n321 25
86193 46697 55749 23777 24081 472 25162 68463 34407 57379 33117 54928 37539 35748 40267 62197 80064 54771 76792 98198 66675 55244 91582 591 86848 %n322 24
48343 5574 46170 15151 31352 71268 6021 33414 61957 16857 65403 53664 11743 49121 66625 82954 25911 65050 77882 25368 9173 76837 16730 3500 %n323 26
76574 64004 31908 70195 53356 41509 49575 58483 37148 31198 47072 23866 9540 29624 9844 40525 48511 32690 62752 96764 5548 67297 69370 55838 97841 15247 %n324 25
73277 51755 30170 94100 18346 17314 68565 86752 89115 43784 18430 94085 85141 59606 28067 90693 71861 78998 16531 7866 13891 82350 1486 65455 24176 %n