112
0 16
27526 48613 16434 9257 18833 24084 27279 17718 27591 50890 5881 7696 15326 20198 42553 39398 %n1 15
14354 27514 25918 28099 32710 47472 35139 19871 3254 11032 41943 46640 3404 49092 19601 %n2 14
2624 48534 52182 3833 29667 23909 40371 31344 19009 6021 10949 47818 10015 39007 %n3 13
6924 15305 42135 9004 39403 32774 47925 10374 49234 16081 20200 5947 10635 %n4 9
1082 12120 14878 37023 49550 39589 29443 599 43290 %n5 12
45827 50678 30318 48196 19223 33842 35358 49950 5990 3442 20165 12438 %n6 10
41209 36701 20559 25152 7285 52180 21263 27590 11605 3199 %n7 7
47299 47374 39749 8248 27146 41472 16466 %n8 9
22332 9087 23407 10486 48774 17675 889 13917 42980 %n9 8
16494 14560 14846 12456 48562 2282 40565 27729 %n10 9
6383 40527 6229 10845 16381 26548 15654 6339 24529 %n11 8
6381 8605 18541 51125 3013 34683 36560 18706 %n12 6
7069 4792 40520 13678 24709 17864 %n13 5
19075 44195 51268 50812 24974 %n14 7
7810 14212 50059 39761 21185 49626 11908 %n15 6
52172 25387 29005 31614 40716 17346 %n16 1
3549 %n17 4
14988 18543 8735 9908 %n18 4
40689 5715 27914 13684 %n19 6
34206 45548 17584 37685 28447 803 %n20 7
22595 20651 6 40496 37427 47958 39797 %n21 2
34366 19512 %n22 2
34628 15797 %n23 3
27166 33228 7244 %n24 3
2448 30542 42588 %n25 2
40698 16161 %n26 4
4444 33992 23767 11200 %n27 2
41332 35550 %n28 1
42741 %n29 2
32289 19392 %n30 2
12680 31280 %n31 2
31650 44930 %n32 2
6858 26669 %n33 1
26533 %n34 1
18312 %n35 3
14137 29061 37479 %n36 1
38243 %n37 0
%n38 1
7484 %n39 1
37032 %n40 0
%n41 1
10144 %n42 0
%n43 1
47551 %n44 0
%n45 2
29339 37550 %n46 1
38128 %n47 2
28214 20360 %n48 1
40933 %n49 0
%n50 1
35471 %n51 0
%n52 0
%n53 1
12576 %n54 0
%n55 1
12070 %n56 2
16334 7826 %n57 0
%n58 0
%n59 0
%n60 0
%n61 0
%n62 0
%n63 0
%n64 0
%n65 0
%n66 1
38564 %n67 0
%n68 0
%n69 0
%n70 1
3882 %n71 1
36064 %n72 0
%n73 0
%n74 0
%n75 1
29225 %n76 0
%n77 0
%n78 0
%n79 0
%n80 0
%n81 0
%n82 0
%n83 0
%n84 0
%n85 0
%n86 0
%n87 0
%n88 0
%n89 0
%n90 0
%n91 0
%n92 0
%n93 0
%n94 0
%n95 0
%n96 1
24683 %n97 0
%n98 0
%n99 0
%n100 0
%n101 0
%n102 0
%n103 0
%n104 0
%n105 0
%n106 0
%n107 0
%n108 0
%n109 0
%n110 0
%n111 0
%n