48
0 98
92278 12562 62518 75633 54426 27265 49087 95149 628 81000 98571 16845 10509 81486 23955 89988 70748 12277 48540 41860 16970 30198 89629 1036 73390 20725 67280 83884 75724 43623 44153 76087 62926 7822 4142 52823 61338 92250 80403 88750 59541 66488 93966 65970 59296 10683 32045 95993 10974 18013 3643 77865 99019 94114 64205 6383 67617 91447 58036 57526 55659 85461 80283 79714 10264 64571 53313 14086 47283 53691 93603 44757 18831 17423 75933 61394 77197 12543 93858 2849 65892 77781 84782 98263 45790 46480 80822 98587 95588 50115 97833 98432 71625 93335 49925 22447 64469 39212 %n1 81
13435 84816 35700 53686 25460 72575 13498 32745 90232 56379 81147 55555 80292 77317 1691 32128 78850 7562 59794 11626 65253 25254 8963 24270 8071 19781 80466 4666 9458 40494 52444 88207 53440 50868 6587 70923 22808 36456 78557 11726 37002 72887 97127 10488 86416 39842 52640 89450 44746 3289 20419 61126 48164 78683 81558 89097 22210 957 19109 88054 24355 99026 4232 19738 38579 52175 35361 3283 54279 28 11699 84338 33141 69139 70162 46503 99184 56398 15198 68044 63276 %n2 66
69779 16000 97448 2370 41351 17003 23608 55458 86818 51175 13470 61528 71581 77059 88162 48157 10981 8994 81286 95071 83493 81455 61699 39041 89763 24845 1569 26564 4466 63208 24352 22510 82194 53896 99550 73382 43534 24945 38560 9001 51427 78852 97110 53232 86154 58896 65603 91784 26727 16088 5461 91008 28081 32028 26431 23233 55640 59336 44801 22478 37390 18567 71636 29509 76747 29801 %n3 57
65194 35494 23159 77333 39631 18631 21413 13127 70634 56855 77695 47841 37603 11400 40843 32937 99803 72744 44839 36519 2809 21986 73029 36639 4041 11357 98206 14986 34264 56861 15978 35165 74507 32177 7473 87205 65731 79300 23614 99872 73275 22533 99851 67015 76164 72863 34185 19931 14279 44016 26112 35062 98275 37175 54936 8804 46586 %n4 45
92944 25244 29450 56760 29772 86151 27752 45686 42143 10652 41530 51497 90734 5631 36308 5087 57784 94064 75247 18007 93999 41529 78405 70233 80518 88533 86928 20835 98329 50312 83526 75735 73480 15355 87461 94219 46607 11089 80755 12871 28041 71074 94378 96932 38592 %n5 42
21826 35601 86654 79518 47335 63402 649 27103 19970 93132 49726 14161 41436 76873 71969 91153 61823 52777 40611 58456 59150 30683 46189 48255 51292 57342 31456 6664 55502 88174 19994 93465 27553 25285 46504 87270 7125 93300 66008 37964 77089 60734 %n6 33
41223 34581 56668 43227 70908 68115 96495 6984 83587 65694 32458 13122 53302 45412 13478 6324 61085 3406 12340 41190 13873 74230 65644 48973 45217 11040 40691 45893 4825 25187 88929 23710 30736 %n7 38
93773 36450 58498 62471 75104 7502 98824 89273 39970 84082 86891 72956 22353 27886 9213 86293 47404 53805 81066 65486 80674 37762 94942 13583 95768 53289 12645 74482 87845 99578 22480 85071 33664 67970 82443 90757 99056 37479 %n8 31
83337 83936 40280 48400 87363 94574 18296 89503 84302 23584 52478 61237 58543 69470 10866 84425 18878 33462 25420 96084 97805 4796 31503 39537 9588 79188 87021 17719 64874 57953 68753 %n9 28
96259 37604 83586 78015 34527 59295 95081 92217 58796 18770 89931 60860 25776 84642 30622 50013 96828 75946 11074 87581 13321 27804 2873 16263 53912 62817 39752 25575 %n10 26
85280 5083 91088 36109 55062 82372 82540 5380 99457 26030 99927 57882 70377 56994 54232 64438 3376 6239 75251 16546 46115 71602 12659 66723 66487 71804 %n11 22
73821 55423 15247 34255 42638 69827 48244 91111 71882 23723 57498 38781 1513 74088 84617 71727 64043 7573 91354 3956 8158 14728 %n12 17
36122 16831 94261 68880 58982 93165 91898 50459 9566 49213 46909 44428 96108 26594 51623 70360 13055 %n13 8
99259 15092 48367 50219 59974 6326 80511 51054 %n14 12
77912 92133 55841 55731 55901 86100 9867 96609 53678 22058 93254 41682 %n15 8
89737 70856 86056 68078 14800 46288 59242 75334 %n16 11
94496 91330 67006 52679 41133 39649 85986 10819 47629 76848 79817 %n17 7
45353 35811 76985 7440 94820 90972 65017 %n18 6
26094 7555 82424 51317 17226 6225 %n19 3
12957 1260 18349 %n20 4
42664 72112 22300 54779 %n21 2
32694 82673 %n22 7
38208 71617 98403 9537 97662 63381 54569 %n23 2
44773 99581 %n24 2
1733 10464 %n25 2
30281 74854 %n26 0
%n27 1
89462 %n28 1
76421 %n29 0
%n30 1
7492 %n31 0
%n32 1
97217 %n33 1
77745 %n34 1
20814 %n35 0
%n36 0
%n37 0
%n38 1
15859 %n39 0
%n40 0
%n41 0
%n42 0
%n43 0
%n44 0
%n45 0
%n46 0
%n47 0
%n