232
0 150
60259 86636 2397 73858 66886 11941 7493 5360 79860 19543 25966 63058 54796 26832 16672 84572 13870 23287 43869 37024 56313 54556 87572 33874 38896 39232 65653 65411 32773 34826 11992 69005 41495 85067 25128 54693 535 40803 41089 10243 98135 69652 45909 95947 53256 16955 32765 11854 94687 62973 42845 97583 3219 58403 40036 12505 16547 52361 46669 39728 39963 54955 99640 52468 25854 16594 21509 51050 53153 24163 44830 27285 69680 38997 33878 94874 96665 23294 95150 34440 34379 40062 56421 99773 18181 57387 52434 72579 99133 84845 16798 31706 27568 20452 75838 91133 40927 14456 64140 89635 24197 87442 72922 73629 60149 18185 47654 9513 44715 34242 65116 62874 73626 35238 80630 58843 88038 52186 10398 5031 83793 14048 66822 51658 45164 10893 7589 36790 78585 10118 18400 41285 96580 82528 59873 91515 70084 36694 25349 34460 11330 3242 70100 32076 53859 56763 62704 3290 63864 90636 %n1 130
37177 79704 64462 62534 25186 71829 85637 2731 29247 77951 50947 28689 44789 3395 47860 51771 27892 30640 94123 78163 65424 40375 14191 87866 906 30628 13174 32759 58698 12081 31391 23265 87184 53148 82415 92103 8135 8610 70523 44230 29270 77523 75161 85401 11874 88261 72304 45162 65398 54459 4102 57301 67408 9715 66969 62606 33927 67638 50580 40207 20765 92797 33381 38741 20157 96873 20267 9208 28131 99497 86744 31810 21399 94128 47481 14834 53958 54205 73699 75438 96203 39114 20646 27329 99562 2137 34689 6561 4722 6840 75026 18010 99891 394 12823 47148 76009 30462 20149 41200 8537 81468 88729 16359 60032 9729 81716 9105 90567 66531 27926 98462 9557 5465 64996 62256 78821 39034 59674 68497 1001 53131 9631 95206 30731 61502 9793 76114 88326 23226 %n2 104
8379 44090 95350 15145 80792 5011 89304 82984 49311 60482 3838 49862 62269 92157 39163 80250 49754 98883 12014 53738 55157 47580 48137 90217 76835 84279 74501 92691 71093 70098 16602 40636 14812 9168 51195 4833 50546 85472 15801 30747 52638 12750 89259 40941 25480 77601 93024 60941 92018 4466 86663 88245 16179 94871 46832 41202 86492 9872 36269 84130 21687 66144 22620 47220 18422 97223 66377 43704 51209 87104 56574 48406 36319 7983 68621 52339 24452 69493 17185 96967 78856 90812 71279 84595 50860 1995 78964 24459 49023 91441 85020 63987 44533 98933 98181 22721 52654 28401 15888 38843 71637 43774 59602 70135 %n3 86
13882 33774 3381 10429 4911 19498 26538 14029 74821 87308 11621 43348 5 20680 98518 30862 15673 18866 16784 4585 62901 64758 95377 45199 54439 44110 48133 43834 69420 87391 50902 87015 82066 6151 40501 24484 81715 64588 35852 88541 32867 63580 49973 23457 46723 49064 43832 26457 10215 23341 76081 26984 95984 53258 76331 18403 63320 20405 6669 98932 90883 27069 83230 85879 28899 44598 80420 71205 58962 92546 8196 28342 70077 34348 86385 22397 64357 17875 64839 12127 95695 84523 2011 60386 75905 63196 %n4 76
56860 15738 87306 39516 47926 76750 10234 34214 78886 42772 66219 29158 3441 27205 52935 33560 87285 21562 71325 98204 36255 30013 85128 63583 22641 80993 21041 95216 95516 20161 89144 74162 88938 18342 83819 3824 40318 13306 61813 1023 13059 9896 49756 77533 21418 13487 86889 49145 70471 21197 83025 9594 88811 12664 58571 83592 3779 42423 99871 22485 71592 63092 65638 88011 13535 75954 54943 85291 87983 19672 2728 22448 4309 36168 421 38995 %n5 70
87947 78202 8101 90676 13814 30246 46200 88376 54695 1868 81837 68992 37739 39638 49794 94780 8831 75828 87089 77040 16294 58158 87622 61767 23028 56748 39069 45515 12701 63666 10341 94796 82991 75606 93316 63993 15753 83464 25857 46237 863 16136 58052 48095 72897 78859 6094 7064 86750 81339 13127 25331 25293 8047 37150 20059 20876 30637 85068 77876 70723 12248 22978 52378 4493 28937 20629 23261 87352 52408 %n6 46
26101 38637 47803 96083 64912 59701 82072 38320 32299 23495 92373 37158 7514 5837 53090 73839 79672 56517 23548 17453 13334 93891 16829 41773 61948 88980 52706 15998 71503 48311 5188 8066 19870 19976 20512 98610 29163 55552 80527 77984 97894 78112 54207 48805 86511 1790 %n7 43
52583 42060 52763 20399 39466 9160 88507 61201 9451 64899 76283 78068 85101 92008 1311 75160 46533 65910 60766 35308 14754 63596 51628 4199 76455 85300 17058 17075 27911 24297 65895 14875 67948 68338 8077 44118 4839 49545 98007 14406 17971 28100 79028 %n8 42
18744 6740 28348 12378 30800 24081 47773 88497 92138 42059 28274 64873 86581 64350 27376 65011 34060 57929 74981 78767 48022 34116 30341 84853 81148 42802 61135 51648 30680 36483 12998 70241 85410 63837 10974 48409 88747 70998 91295 47260 51327 59065 %n9 29
22946 51656 31077 35973 84675 21461 29257 79970 71488 97162 14477 99888 92057 15305 89043 33116 77863 50332 82351 15565 94643 63128 8669 86718 56154 64778 31500 36653 58049 %n10 24
892 47903 44466 8284 68627 54206 35092 27619 87778 29758 9558 2496 51500 53628 48004 36486 71385 76856 61440 55690 72528 80098 66557 8173 %n11 14
3628 26279 94727 72420 29034 9108 61875 50006 71517 43634 27470 56439 19761 73916 %n12 17
35167 95069 40757 99610 21047 18362 3430 7542 5965 27026 4539 32509 12977 217 33679 75996 32422 %n13 21
17054 25004 41915 34506 45270 5898 60588 20366 65106 21341 28925 11005 2129 30571 66784 99234 3151 50487 77487 7939 56111 %n14 11
81001 28188 62124 49713 28550 89142 12430 14963 86296 79895 82129 %n15 8
81884 670 48580 33305 77405 96106 88403 90896 %n16 8
853 78062 94864 58453 43781 47142 66537 66833 %n17 10
46668 59949 44985 99313 64507 58704 33707 9046 82790 87486 %n18 10
23522 2499 48397 97904 36681 68986 21212 60252 55233 83148 %n19 8
82653 10275 74838 88094 27129 1823 42664 98878 %n20 6
91659 87049 44311 40250 63617 8753 %n21 9
15460 17340 48178 14255 40686 51123 97640 96839 26872 %n22 4
76872 93360 52531 75807 %n23 1
91765 %n24 2
43515 70926 %n25 3
21313 33536 42564 %n26 3
89077 73462 84102 %n27 2
61358 2110 %n28 1
38231 %n29 1
33181 %n30 0
%n31 0
%n32 0
%n33 1
98233 %n34 0
%n35 0
%n36 0
%n37 0
%n38 0
%n39 0
%n40 0
%n41 0
%n42 0
%n43 0
%n44 0
%n45 0
%n46 0
%n47 0
%n48 0
%n49 0
%n50 0
%n51 0
%n52 0
%n53 1
2174 %n54 0
%n55 0
%n56 0
%n57 0
%n58 0
%n59 0
%n60 0
%n61 0
%n62 0
%n63 0
%n64 0
%n65 0
%n66 0
%n67 0
%n68 0
%n69 0
%n70 0
%n71 0
%n72 0
%n73 0
%n74 0
%n75 0
%n76 0
%n77 0
%n78 0
%n79 0
%n80 0
%n81 0
%n82 0
%n83 0
%n84 0
%n85 0
%n86 0
%n87 0
%n88 0
%n89 0
%n90 0
%n91 0
%n92 0
%n93 0
%n94 0
%n95 0
%n96 0
%n97 0
%n98 0
%n99 0
%n100 0
%n101 0
%n102 0
%n103 0
%n104 0
%n105 0
%n106 0
%n107 0
%n108 0
%n109 0
%n110 0
%n111 0
%n112 0
%n113 0
%n114 0
%n115 0
%n116 0
%n117 0
%n118 0
%n119 0
%n120 0
%n121 0
%n122 0
%n123 0
%n124 0
%n125 0
%n126 0
%n127 0
%n128 0
%n129 0
%n130 0
%n131 0
%n132 0
%n133 0
%n134 0
%n135 0
%n136 0
%n137 0
%n138 0
%n139 0
%n140 0
%n141 0
%n142 0
%n143 0
%n144 0
%n145 0
%n146 0
%n147 0
%n148 0
%n149 0
%n150 0
%n151 0
%n152 0
%n153 0
%n154 0
%n155 0
%n156 0
%n157 0
%n158 0
%n159 0
%n160 0
%n161 0
%n162 0
%n163 0
%n164 0
%n165 0
%n166 0
%n167 0
%n168 0
%n169 0
%n170 0
%n171 0
%n172 0
%n173 0
%n174 0
%n175 0
%n176 0
%n177 0
%n178 0
%n179 0
%n180 0
%n181 0
%n182 0
%n183 0
%n184 0
%n185 0
%n186 0
%n187 0
%n188 0
%n189 0
%n190 0
%n191 0
%n192 0
%n193 0
%n194 0
%n195 0
%n196 0
%n197 0
%n198 0
%n199 0
%n200 0
%n201 0
%n202 0
%n203 0
%n204 0
%n205 0
%n206 0
%n207 0
%n208 0
%n209 0
%n210 0
%n211 0
%n212 0
%n213 0
%n214 0
%n215 0
%n216 0
%n217 0
%n218 0
%n219 0
%n220 0
%n221 0
%n222 0
%n223 0
%n224 0
%n225 0
%n226 0
%n227 0
%n228 0
%n229 0
%n230 0
%n231 0
%n