221
0 114
72528 10496 53175 80015 10506 77789 31260 17957 50825 90566 50582 4441 26570 15247 83902 49573 47288 87808 58457 782 55980 31542 11118 80563 25349 42716 79685 90620 65281 23005 22911 86995 71253 47371 50020 40206 58274 4275 8901 15310 23451 30955 40867 55890 23420 52494 38283 15525 65251 32790 61335 36288 70500 82274 52074 13393 11409 27587 88443 30357 17332 32925 90330 72935 8612 28552 42195 52679 29203 85451 41822 31517 77885 43143 58799 77911 14092 11895 5271 2185 55711 90767 23523 66336 73074 65838 61446 67218 39885 25960 14726 38250 65154 5961 73142 38944 45855 57712 66899 26574 62647 88123 42909 83647 63800 77902 49627 17262 24586 1387 47563 90435 90246 10513 %n1 82
41631 46292 13031 83839 90148 64913 41793 18736 72698 65207 11629 52771 12027 50426 43733 35068 2724 42129 84540 68314 17067 74476 9103 10872 69383 60721 52593 23160 76063 79152 25287 48202 44227 40566 37656 30442 45467 23501 19610 64319 49551 44480 35941 65896 6194 32016 32227 15160 37690 15991 76309 36035 88702 11 86567 625 68276 47407 28789 78235 9687 44645 61264 47065 70170 53498 55506 6674 47192 29857 50579 18017 44767 67659 9588 7780 31465 33814 62088 47855 17172 18817 %n2 53
84212 22076 78499 1071 43217 51911 10089 19852 16723 88552 5781 15733 88841 22731 69327 37600 10265 9519 16538 82604 25714 48804 3544 6286 35580 11685 91179 54298 1875 75146 86818 53582 20157 81506 45104 44542 60425 44289 60243 62263 89616 4536 75501 83157 84847 56005 23848 23519 60918 49843 26634 52510 53415 %n3 38
39113 80632 41247 73761 22645 13669 46825 88359 71769 34587 31942 13876 13139 12207 46200 29778 7706 16096 40354 8656 69255 37713 88804 2854 31572 65368 39473 91032 88619 83681 112 1204 20903 74742 81964 71647 63479 2792 %n4 22
66639 46634 7324 77599 25858 31661 28887 22760 64978 22231 1606 81350 69087 76825 2037 6508 31229 42168 6055 20561 54973 50773 %n5 13
24395 64098 51391 22877 30997 23890 39944 60000 89911 41484 57923 62279 491 %n6 12
65424 21883 54410 3535 56520 28518 25505 77722 36282 40793 6034 16813 %n7 11
68402 34014 50941 71034 20174 17826 23747 6197 5064 70998 41336 %n8 8
44620 50886 14377 6027 4394 90773 38559 78994 %n9 7
8387 79714 87935 19877 21948 27801 46723 %n10 1
56081 %n11 1
32975 %n12 0
%n13 2
77192 32286 %n14 0
%n15 0
%n16 0
%n17 0
%n18 0
%n19 0
%n20 0
%n21 0
%n22 0
%n23 0
%n24 0
%n25 0
%n26 0
%n27 0
%n28 0
%n29 0
%n30 0
%n31 0
%n32 0
%n33 0
%n34 0
%n35 0
%n36 0
%n37 0
%n38 0
%n39 0
%n40 0
%n41 0
%n42 0
%n43 0
%n44 0
%n45 0
%n46 0
%n47 0
%n48 0
%n49 0
%n50 0
%n51 0
%n52 0
%n53 0
%n54 0
%n55 0
%n56 0
%n57 0
%n58 0
%n59 0
%n60 0
%n61 0
%n62 0
%n63 0
%n64 0
%n65 0
%n66 0
%n67 0
%n68 0
%n69 0
%n70 0
%n71 0
%n72 0
%n73 0
%n74 0
%n75 0
%n76 0
%n77 0
%n78 0
%n79 0
%n80 0
%n81 0
%n82 0
%n83 0
%n84 0
%n85 0
%n86 0
%n87 0
%n88 0
%n89 0
%n90 0
%n91 0
%n92 0
%n93 0
%n94 0
%n95 0
%n96 0
%n97 0
%n98 0
%n99 0
%n100 0
%n101 0
%n102 0
%n103 0
%n104 0
%n105 0
%n106 0
%n107 0
%n108 0
%n109 0
%n110 0
%n111 0
%n112 0
%n113 0
%n114 0
%n115 0
%n116 0
%n117 0
%n118 0
%n119 0
%n120 0
%n121 0
%n122 0
%n123 0
%n124 0
%n125 0
%n126 0
%n127 0
%n128 0
%n129 0
%n130 0
%n131 0
%n132 0
%n133 0
%n134 0
%n135 0
%n136 0
%n137 0
%n138 0
%n139 0
%n140 0
%n141 0
%n142 0
%n143 0
%n144 0
%n145 0
%n146 0
%n147 0
%n148 0
%n149 0
%n150 0
%n151 0
%n152 0
%n153 0
%n154 0
%n155 0
%n156 0
%n157 0
%n158 0
%n159 0
%n160 0
%n161 0
%n162 0
%n163 0
%n164 0
%n165 0
%n166 0
%n167 0
%n168 0
%n169 0
%n170 0
%n171 0
%n172 0
%n173 0
%n174 0
%n175 0
%n176 0
%n177 0
%n178 0
%n179 0
%n180 0
%n181 0
%n182 0
%n183 0
%n184 0
%n185 0
%n186 0
%n187 0
%n188 0
%n189 0
%n190 0
%n191 0
%n192 0
%n193 0
%n194 0
%n195 0
%n196 0
%n197 0
%n198 0
%n199 0
%n200 0
%n201 0
%n202 0
%n203 0
%n204 0
%n205 0
%n206 0
%n207 0
%n208 0
%n209 0
%n210 0
%n211 0
%n212 0
%n213 0
%n214 0
%n215 0
%n216 0
%n217 0
%n218 0
%n219 0
%n220 0
%n