186
0 107
14490 49316 56303 21641 1370 87678 59970 78590 42651 11281 12334 9752 66644 8733 36242 98173 42723 55228 77981 50094 52319 14956 1748 54038 31016 69277 68153 44896 40320 61586 66343 25804 85477 75195 49734 98500 82958 21546 23443 19065 85782 77804 6851 65271 45276 96029 95974 15277 45347 363 18365 33875 87285 46929 76834 52445 2723 92781 31314 7260 69886 32684 83191 75376 79848 86751 4179 18687 14071 69731 72635 78876 15233 68343 30055 77644 59821 30037 93678 82377 71054 17832 30292 70944 82073 65093 10290 373 58749 53637 92639 38585 51343 30376 23011 87386 18264 33676 24947 4300 57156 51797 34550 98952 14546 5875 87229 %n1 94
9565 93704 54646 38893 42113 38179 47811 60886 33883 25619 49377 72095 75646 44578 31842 99991 56618 38329 44366 67839 38621 34863 46001 33851 86092 42895 29213 65228 63709 96802 34619 93865 81546 85930 94557 25059 41088 52963 33995 26906 15331 42227 95084 57922 5397 93276 69421 14158 87978 14565 35528 60188 58602 48288 47264 39296 37457 39757 59387 9679 23300 91413 70011 77277 23663 71815 14650 94795 40198 23820 24162 35607 90312 62433 98630 72269 54453 70137 636 48078 36463 80879 27911 48118 14007 6514 40414 5500 2358 52914 5447 42046 33534 54404 %n2 84
7 36194 98253 35341 12880 31487 66503 46177 30796 66732 85885 88483 48505 11145 34825 87853 54501 989 55849 65156 48133 56090 50141 7093 70571 62721 14005 24251 83407 60045 30435 9754 65297 26814 22709 17005 24543 48222 71698 31897 91533 97263 27981 50894 98455 61805 97549 74666 87160 80363 69994 52898 86454 24060 59891 32072 48161 12685 25531 30836 2575 81720 20112 75694 65253 84826 86825 42260 81837 13140 49068 87254 73824 6325 8282 22800 25189 2952 86495 95435 45552 37897 38617 29215 %n3 79
13316 48549 55844 34414 88306 72913 16995 56962 13390 43205 28656 82578 2968 407 11259 10988 23033 76211 93827 15212 74463 38654 74299 20732 30057 82316 73708 13982 97712 44854 24188 45404 57486 99521 12824 22175 68369 9623 26802 88050 65001 22864 10921 41790 93983 1562 99838 31205 39139 32452 99555 25103 11577 21649 61875 26910 23490 63268 49560 45183 40587 48683 46961 8499 59328 75982 46987 25144 94264 88283 41936 70280 29870 57273 91564 76734 39546 75500 9998 %n4 49
47176 91017 30744 11191 31379 85661 22008 75416 76940 3865 17835 30514 31371 66441 685 63944 10547 63586 41184 8991 89559 41471 13207 22470 71310 36804 68641 63588 44271 76162 53409 67692 57317 22707 88785 74778 3236 80443 93705 64290 37239 98964 82305 34687 71293 47661 26867 26364 12025 %n5 62
35398 66958 56142 67022 27088 96388 64234 4775 69793 26449 66979 9122 63529 4943 36899 90078 86040 70533 80923 64175 72196 50810 19132 88601 78544 28968 84697 58359 60700 78406 17010 19119 31932 9914 41565 29339 72960 25753 8381 3087 34521 24281 72352 11115 11985 63821 84183 56057 42183 8239 18016 48098 98872 50193 94438 76539 73546 90505 74635 17483 89764 63274 %n6 44
70508 74285 48387 15861 46327 29601 75972 6186 67082 85678 96700 48583 93891 14794 9803 95926 98179 8628 63461 57669 32262 92209 6479 39500 80180 15612 32009 9675 65747 39478 17086 20664 30915 49350 56271 3428 71563 99588 9739 91123 66521 92534 15963 50637 %n7 36
41157 90735 46452 57961 22242 50600 4139 15901 40042 6084 2704 65684 66562 96893 5023 50005 33716 47437 65225 10641 98530 22215 26596 81113 50105 80265 77860 47511 19607 77062 78646 34400 63651 47166 17435 13792 %n8 37
78860 50280 76861 99799 53319 23631 27425 63301 43686 99999 63289 12404 8502 89115 55007 37087 80441 57518 75316 60173 56680 93255 25007 64749 32677 98906 77712 74535 58147 35997 5379 67031 8281 85371 23039 14920 33954 %n9 30
73285 94970 22018 40555 30079 46722 63138 71400 80789 60310 57414 46764 80072 41518 38692 85078 14809 93843 33477 41990 98205 63910 504 93222 61287 71435 29337 29438 67699 63308 %n10 25
95658 96953 81874 39873 56492 24095 68092 97311 91478 94597 60809 52086 520 34167 8952 11953 36545 58108 31032 2852 67742 490 56879 79978 13133 %n11 22
63044 40262 73397 97881 81109 89676 14276 99036 40212 655 65097 96671 1533 50010 13030 6868 39904 87198 70236 24337 32298 63829 %n12 16
65269 44116 92981 15570 49988 27832 20535 87573 74715 60214 8746 65576 72805 15753 4431 34471 %n13 20
39208 91647 5448 73365 28786 75185 267 13963 91241 47478 51482 23984 43466 67851 81598 89833 32706 83909 75062 10696 %n14 16
19302 4800 42997 85865 65046 57800 81738 4056 44783 20911 52221 3623 81434 62346 20285 46705 %n15 17
13261 54306 7519 71066 55067 29674 6062 89982 20437 86286 99979 66988 88763 85294 33371 53440 8426 %n16 10
85303 92332 9327 94370 26183 68813 94499 18996 56366 68449 %n17 7
76589 78731 78252 82210 28420 36286 75467 %n18 13
47141 5240 7750 9001 52561 43299 80384 64867 44662 45623 6102 18626 23812 %n19 8
73627 78869 56859 56180 75537 48317 34835 69775 %n20 8
59012 88067 1777 45022 41920 36788 7690 87103 %n21 8
35837 87274 75567 54349 51984 97663 52139 87825 %n22 3
9434 92518 43472 %n23 3
31096 28691 27686 %n24 3
84899 18231 16914 %n25 3
82508 7837 39693 %n26 2
76956 97628 %n27 3
44741 49040 39104 %n28 2
71148 30474 %n29 2
88820 55179 %n30 3
18053 78454 93365 %n31 2
61546 34027 %n32 0
%n33 1
34503 %n34 1
36683 %n35 1
64940 %n36 0
%n37 0
%n38 1
74949 %n39 0
%n40 1
27589 %n41 0
%n42 0
%n43 1
48575 %n44 1
6531 %n45 1
15575 %n46 0
%n47 1
96276 %n48 0
%n49 0
%n50 0
%n51 0
%n52 0
%n53 0
%n54 1
15158 %n55 0
%n56 0
%n57 0
%n58 0
%n59 0
%n60 0
%n61 0
%n62 0
%n63 0
%n64 0
%n65 0
%n66 0
%n67 0
%n68 0
%n69 0
%n70 0
%n71 0
%n72 0
%n73 0
%n74 0
%n75 0
%n76 0
%n77 0
%n78 0
%n79 0
%n80 0
%n81 0
%n82 0
%n83 0
%n84 0
%n85 0
%n86 0
%n87 0
%n88 0
%n89 0
%n90 0
%n91 0
%n92 0
%n93 0
%n94 0
%n95 0
%n96 0
%n97 0
%n98 0
%n99 0
%n100 0
%n101 0
%n102 0
%n103 0
%n104 0
%n105 0
%n106 0
%n107 0
%n108 0
%n109 0
%n110 0
%n111 0
%n112 0
%n113 0
%n114 0
%n115 0
%n116 0
%n117 0
%n118 0
%n119 0
%n120 0
%n121 0
%n122 0
%n123 0
%n124 0
%n125 0
%n126 0
%n127 0
%n128 0
%n129 0
%n130 0
%n131 0
%n132 0
%n133 0
%n134 0
%n135 0
%n136 0
%n137 0
%n138 0
%n139 0
%n140 0
%n141 0
%n142 0
%n143 0
%n144 0
%n145 0
%n146 0
%n147 0
%n148 0
%n149 0
%n150 0
%n151 0
%n152 0
%n153 0
%n154 0
%n155 0
%n156 0
%n157 0
%n158 0
%n159 0
%n160 0
%n161 0
%n162 0
%n163 0
%n164 0
%n165 0
%n166 0
%n167 0
%n168 0
%n169 0
%n170 0
%n171 0
%n172 0
%n173 0
%n174 0
%n175 0
%n176 0
%n177 0
%n178 0
%n179 0
%n180 0
%n181 0
%n182 0
%n183 0
%n184 0
%n185 0
%n