138
0 17
38876 17834 20150 54615 75281 72974 85595 42389 29235 98884 52984 36957 11059 85702 41468 76296 36682 %n1 17
75177 75996 16100 12037 49577 70449 65448 58945 56710 93711 95760 45420 68768 52375 88547 49856 36919 %n2 15
85774 57669 93275 42466 15984 47423 68602 64356 58991 1619 65980 46271 42914 27275 24909 %n3 15
73191 15862 37307 41565 31464 48959 23002 61084 45897 12971 77373 94029 72819 26629 12543 %n4 14
42037 96214 5954 43042 3645 44415 77871 86910 85615 94235 95628 79261 14613 70292 %n5 14
80200 69935 10687 649 38710 20514 77847 74619 91098 6427 78254 47438 32925 55048 %n6 13
54430 28526 41887 44363 4970 32168 66884 31847 140 47036 70738 91831 36363 %n7 12
50393 82049 91653 33508 3659 79268 45231 61424 92556 3412 24647 51698 %n8 11
32929 4702 78272 51557 56667 37773 49162 79710 56684 1355 72642 %n9 12
33898 10729 26549 40510 35869 77170 99732 73568 40693 75749 69527 71310 %n10 12
63094 76749 82987 57541 84248 94426 26492 5250 59460 71413 26429 52779 %n11 10
11878 92792 7504 39597 89726 60201 18298 3342 42642 16673 %n12 9
62876 99447 67836 86928 49084 13657 69916 47899 75312 %n13 8
74136 49975 79095 6006 37000 82148 15465 32068 %n14 11
6123 85719 11521 24711 15481 17906 95973 99481 14440 2529 41904 %n15 12
71721 38719 9418 25712 80622 28631 49387 11462 94076 90703 72985 76308 %n16 7
31347 1908 42173 73350 64401 36773 10524 %n17 5
11657 42684 53102 20782 11423 %n18 7
73284 27177 59008 29557 24465 49742 26169 %n19 4
26780 88213 54318 6769 %n20 8
67449 12318 39199 56523 99180 47761 23100 8584 %n21 8
58339 34705 57128 32227 26283 30922 82082 54653 %n22 7
90524 57539 87007 42340 58793 54848 33097 %n23 7
59334 67621 20647 72386 46811 20076 11417 %n24 7
39349 71604 63337 37045 74706 91034 35093 %n25 3
1241 58244 85707 %n26 3
99593 99605 44846 %n27 1
99786 %n28 4
10496 94034 87790 9625 %n29 3
90248 10129 92680 %n30 2
27380 64069 %n31 4
82426 32446 89327 88376 %n32 5
8898 49072 97750 67958 55276 %n33 3
76878 56024 31490 %n34 3
36795 72563 86334 %n35 6
78163 18615 90776 72299 6304 72368 %n36 2
26009 66740 %n37 4
48568 36224 63179 82897 %n38 2
19193 77019 %n39 6
38137 89431 47101 90198 3693 60808 %n40 4
89309 36034 94636 34921 %n41 3
46019 75562 3614 %n42 2
33401 66558 %n43 3
34836 57738 65638 %n44 4
18241 78492 13948 25426 %n45 2
75032 53817 %n46 1
94566 %n47 2
46883 19792 %n48 4
51534 60799 97632 52987 %n49 3
4929 91001 673 %n50 1
2973 %n51 1
68471 %n52 1
55236 %n53 1
24188 %n54 3
83147 67467 61078 %n55 1
64299 %n56 2
2502 50491 %n57 1
45982 %n58 1
97360 %n59 2
28660 20383 %n60 1
20058 %n61 0
%n62 0
%n63 1
27087 %n64 0
%n65 0
%n66 0
%n67 3
73247 51168 97027 %n68 0
%n69 0
%n70 0
%n71 0
%n72 1
96741 %n73 0
%n74 0
%n75 1
87137 %n76 0
%n77 0
%n78 0
%n79 0
%n80 1
55247 %n81 2
26546 73493 %n82 1
31676 %n83 0
%n84 0
%n85 0
%n86 0
%n87 0
%n88 0
%n89 0
%n90 0
%n91 2
95890 23307 %n92 0
%n93 0
%n94 0
%n95 1
89887 %n96 0
%n97 0
%n98 0
%n99 0
%n100 0
%n101 1
2934 %n102 1
53772 %n103 0
%n104 0
%n105 0
%n106 0
%n107 0
%n108 0
%n109 0
%n110 0
%n111 1
20093 %n112 0
%n113 0
%n114 0
%n115 0
%n116 0
%n117 0
%n118 0
%n119 0
%n120 0
%n121 0
%n122 0
%n123 0
%n124 0
%n125 0
%n126 0
%n127 0
%n128 0
%n129 0
%n130 0
%n131 0
%n132 0
%n133 0
%n134 0
%n135 0
%n136 0
%n137 0
%n