253
0 17
81267 98084 86762 74065 15213 92232 15313 15855 23186 16231 97158 51329 95167 6181 37564 18378 21693 %n1 17
23414 53715 30160 35716 79495 76479 84717 7180 24577 17762 68174 79804 92491 25501 68935 45928 59067 %n2 17
98499 3928 2203 5459 77103 36417 35385 21506 40533 7813 90411 85734 12599 62600 3479 59977 88994 %n3 15
62047 70575 56338 52214 50011 4730 59308 39282 32587 63778 42281 70174 17975 66273 40810 %n4 15
5479 17198 36959 31149 84280 30301 98020 14752 2758 83092 39226 92400 66909 84637 35602 %n5 14
64384 39214 18911 24140 47553 93178 43903 52013 69068 24470 42523 55519 3030 59202 %n6 11
15470 43944 82523 79228 69179 70475 18274 39535 96454 26818 43158 %n7 16
55095 16259 46333 18054 5279 90600 28446 98753 92352 36738 60803 80981 84212 12035 83950 6937 %n8 14
41490 61196 59016 22204 76723 90433 71307 49298 11972 44338 57954 61708 81737 91107 %n9 12
25405 67142 21128 74207 51285 86537 32379 22034 29108 75590 91979 87344 %n10 8
44861 72296 39922 45886 69579 2452 17216 61102 %n11 8
78144 26318 76366 12886 30149 10069 74578 68503 %n12 10
27813 87769 48315 36363 32994 30736 27682 32032 50643 74893 %n13 8
97567 77172 42169 64968 86964 51171 8196 5638 %n14 12
97170 89894 48350 4041 50156 59513 7575 44474 29072 25964 75128 4631 %n15 12
1099 36661 8007 20133 72920 94135 4778 91868 63456 75755 48338 12559 %n16 14
56703 16270 23586 6575 27074 82230 38947 42100 90752 67541 60044 61444 74327 76819 %n17 11
50832 17472 21710 3264 96900 87743 71167 57771 98504 11351 98710 %n18 11
34107 14049 13665 60144 38616 37554 15773 1952 28100 94260 22091 %n19 8
29085 97483 77569 52490 76328 34229 14435 61163 %n20 7
67019 58746 81619 60361 40629 38526 88019 %n21 5
73817 46325 29660 55177 51873 %n22 9
26430 32483 93327 40794 19529 29976 79330 5466 19437 %n23 10
245 80554 29546 54694 44657 33965 81052 9865 35996 97332 %n24 12
34624 33995 29525 32220 49545 63918 77183 61281 35003 30523 44429 67191 %n25 8
34569 59696 3981 7818 16528 93109 86528 9328 %n26 7
40193 76862 77225 73464 94875 64430 76673 %n27 6
30188 36808 6337 57236 66997 19898 %n28 5
72203 89268 33873 53903 13015 %n29 7
56909 9785 47986 7706 88650 38777 91804 %n30 6
23204 35149 93476 3724 3502 81775 %n31 6
7515 18841 14907 59420 5829 57216 %n32 2
41063 11910 %n33 7
80989 96566 2285 49191 47717 50501 59022 %n34 5
91692 61486 90390 31244 52116 %n35 5
63505 91916 58414 13046 22284 %n36 6
56320 86550 75497 84868 28688 1243 %n37 5
31106 34684 4613 64659 38403 %n38 5
11020 20804 61480 88098 51740 %n39 8
56082 48081 19890 63659 74898 54841 77962 64003 %n40 4
22163 32192 73438 95537 %n41 3
19605 7379 49943 %n42 5
11322 46406 47730 58374 96052 %n43 5
1070 67199 51634 8278 81587 %n44 4
8224 70289 79845 69859 %n45 5
80510 27265 94884 25550 45685 %n46 6
3860 32541 79893 51556 18599 22903 %n47 2
14050 56417 %n48 3
93451 54934 24536 %n49 3
31430 86043 32898 %n50 3
46646 27601 67033 %n51 5
49615 28676 75197 36485 86050 %n52 3
68026 63959 8709 %n53 2
38893 39799 %n54 3
44658 16529 75082 %n55 4
40694 7391 8451 9871 %n56 2
10302 63728 %n57 3
16178 50120 88059 %n58 3
19209 55951 80572 %n59 3
45624 89603 63290 %n60 4
448 18410 66153 53106 %n61 5
15325 32103 18111 2603 27268 %n62 1
59419 %n63 1
13468 %n64 2
6255 32543 %n65 2
42282 773 %n66 0
%n67 2
53601 8659 %n68 1
36630 %n69 1
87866 %n70 3
62751 50827 21587 %n71 2
79641 80242 %n72 0
%n73 1
43122 %n74 1
6667 %n75 3
31424 4600 41045 %n76 1
20548 %n77 3
30090 87324 72580 %n78 4
2493 21265 70202 93371 %n79 0
%n80 1
10259 %n81 1
41771 %n82 1
35178 %n83 1
59461 %n84 2
67028 78902 %n85 0
%n86 1
7394 %n87 3
71422 94624 52177 %n88 0
%n89 0
%n90 1
66652 %n91 1
68526 %n92 0
%n93 1
13274 %n94 0
%n95 1
86695 %n96 1
39764 %n97 2
40398 68273 %n98 0
%n99 0
%n100 3
75303 26265 61543 %n101 0
%n102 1
55260 %n103 1
28336 %n104 1
4669 %n105 0
%n106 0
%n107 1
40423 %n108 0
%n109 0
%n110 1
32369 %n111 0
%n112 0
%n113 0
%n114 0
%n115 1
69850 %n116 0
%n117 0
%n118 1
61722 %n119 0
%n120 0
%n121 0
%n122 0
%n123 0
%n124 0
%n125 0
%n126 0
%n127 0
%n128 0
%n129 0
%n130 0
%n131 0
%n132 0
%n133 0
%n134 0
%n135 0
%n136 0
%n137 0
%n138 0
%n139 0
%n140 0
%n141 0
%n142 0
%n143 0
%n144 0
%n145 0
%n146 1
32958 %n147 0
%n148 0
%n149 0
%n150 0
%n151 1
50724 %n152 0
%n153 0
%n154 0
%n155 0
%n156 0
%n157 0
%n158 0
%n159 1
26903 %n160 0
%n161 1
93640 %n162 0
%n163 0
%n164 0
%n165 0
%n166 0
%n167 0
%n168 0
%n169 0
%n170 0
%n171 0
%n172 0
%n173 0
%n174 0
%n175 0
%n176 0
%n177 0
%n178 0
%n179 0
%n180 0
%n181 0
%n182 0
%n183 0
%n184 0
%n185 0
%n186 0
%n187 0
%n188 0
%n189 0
%n190 0
%n191 0
%n192 0
%n193 0
%n194 0
%n195 0
%n196 0
%n197 0
%n198 0
%n199 0
%n200 0
%n201 0
%n202 0
%n203 0
%n204 0
%n205 0
%n206 0
%n207 0
%n208 0
%n209 0
%n210 0
%n211 0
%n212 0
%n213 0
%n214 0
%n215 0
%n216 0
%n217 0
%n218 0
%n219 0
%n220 0
%n221 0
%n222 0
%n223 0
%n224 0
%n225 0
%n226 0
%n227 0
%n228 0
%n229 0
%n230 0
%n231 0
%n232 0
%n233 0
%n234 0
%n235 0
%n236 0
%n237 0
%n238 0
%n239 0
%n240 0
%n241 0
%n242 0
%n243 0
%n244 0
%n245 0
%n246 0
%n247 0
%n248 0
%n249 0
%n250 0
%n251 0
%n252 0
%n