148
0 590
14778 45530 56261 28553 81975 83074 56482 51193 83960 81296 86417 22080 69785 61360 79455 89528 21343 44791 22153 19105 7066 28354 58948 51057 22253 89285 386 66872 78424 48068 45398 70522 14662 33559 21265 42061 31692 8754 59838 52238 56805 72059 58427 97887 60219 14674 90927 76435 26212 71504 18429 98332 19473 53519 16185 41743 31348 55388 49493 46717 66879 82280 92652 65177 55564 568 41591 97496 57421 90862 40487 24065 9403 34865 24711 28314 97906 81967 44353 73155 88871 19198 56623 56959 68489 36989 58851 25593 39324 2665 89900 23081 21064 1768 46965 19407 72370 43934 76739 91321 57257 43562 60747 68777 91341 49062 82097 53471 66632 90039 10180 93737 68658 61263 54201 95432 72217 13933 2627 97718 25206 81235 97781 68042 5481 9579 39143 60922 51966 79671 72074 64770 43390 68804 16205 40598 94534 9691 22708 225 6613 78970 80808 33890 46652 95620 19669 99616 15998 57676 87945 53522 21052 42071 70669 54950 56857 51714 27046 39038 33029 6599 80614 99629 21240 23468 86874 45561 98982 58118 45745 31269 45468 11368 82736 4786 19873 61294 55753 778 79131 92898 7978 75339 11692 35757 98158 51656 82244 93242 54375 38129 65948 52758 59580 53896 69382 88137 66713 67606 91668 25924 41968 99497 39348 73961 67276 82829 72969 71558 30766 78733 43890 80046 40241 21751 50905 93824 69596 14672 70988 99228 78279 23532 68755 8112 35505 77710 96986 77133 431 34519 28410 94267 58298 69493 33655 94438 78403 43199 51583 1513 65035 80914 79790 53984 41832 74229 50118 75849 79566 36327 80503 20668 13764 89526 19321 18207 61366 21831 69833 30020 19878 17804 60222 7355 23180 97636 24360 53920 93841 52194 25770 57489 66807 28873 56415 25001 55319 41206 94592 69995 40204 60844 55523 93377 95675 66326 36213 81977 61929 3633 65921 35672 92839 63392 25956 7527 42491 14928 70807 37331 37166 46124 46145 16601 42534 75853 76908 99703 12234 97834 82922 14763 79523 68556 72471 15824 2437 63619 64553 74965 66248 33615 81017 13393 61029 75067 39383 53230 88627 89173 51190 66357 85652 95601 32809 67325 17086 93898 53764 85596 87383 93143 75173 7623 76214 55883 25290 83586 83715 22430 22206 87472 23414 43970 96169 31622 73583 75770 26501 16967 61244 81968 70601 10165 98304 18734 56653 19977 96055 95744 64646 19935 776 82386 10857 67901 34119 65353 33039 40372 78463 28146 36396 64471 55945 9648 71115 67499 47615 94782 28705 80555 94455 53394 66251 14747 11858 70137 9939 82267 60892 61766 4962 48854 90003 51965 43025 6774 66410 67631 82639 1409 51876 26928 46203 59916 43167 1790 61916 39988 60491 33444 77329 92941 2909 39385 61220 70945 8375 38067 77584 20404 32002 12075 7068 91962 54723 43761 88389 85458 10138 16091 95073 67297 31527 82021 88668 90238 80371 79989 91616 77875 35277 24391 43249 95904 73725 11346 77627 93497 60916 20999 24207 57309 21342 37011 27938 86395 40801 24814 16152 67062 22888 18031 56771 20405 86994 64761 97644 35572 43240 47249 57189 45492 85164 38119 55053 7964 39711 37059 99448 74375 7048 3113 93881 56063 12333 74388 147 11176 18630 36058 29393 80801 68377 98309 35583 90568 14114 23341 45395 18328 23641 43789 99857 35565 80980 43372 55365 52438 68427 49838 8312 66528 3237 73910 13673 68984 81361 16441 10772 82826 33871 87600 93028 17308 52475 78076 51443 78440 64060 32253 68175 46178 79401 86418 28467 54391 91108 99731 31617 6506 63634 5666 90275 73609 24313 60662 72474 10730 19778 17813 54199 7807 27201 73790 90823 89399 77558 61446 10091 79982 10648 16554 4197 21402 75426 59298 13989 8056 99136 23696 52608 90421 48935 53092 1094 24317 %n1 27
27178 63537 45278 4883 96871 54143 42969 16412 38176 20742 39917 76475 17461 61846 33806 96902 85882 1456 99367 57474 63086 36540 75239 43062 83525 72909 64437 %n2 27
17621 43242 60745 57943 93386 39340 81213 98744 30988 76369 40984 89346 32531 5401 7152 12305 9327 38197 49990 94683 90986 86839 49155 67535 77829 28432 89648 %n3 27
43927 95975 22821 68168 42925 97819 46007 32568 46747 65327 6839 67229 23146 32667 36874 85938 86741 10679 92364 35637 11296 57944 48770 64741 51125 87592 54878 %n4 27
18628 49316 98403 57942 20076 61561 79724 96209 90764 78001 78897 14930 61045 82172 54338 295 68940 34551 70194 49739 11155 39123 35761 40062 8865 60898 35537 %n5 27
3206 55259 8389 55735 47721 626 93753 49616 84726 20134 50089 25091 36937 71705 37005 46187 55514 82324 4679 81261 45197 10003 20531 67506 21360 23046 27484 %n6 27
38045 77108 59839 75214 87797 18609 76691 94637 24477 80026 1738 79766 9491 84725 44066 18265 20882 94234 79720 97989 55779 852 30379 19923 55843 81951 22550 %n7 27
98292 78757 6087 71688 95672 28946 31844 38622 53814 6121 23261 52031 85308 71393 79928 90334 21661 87229 7805 58983 71792 19840 61406 60170 8024 42247 69069 %n8 27
52211 36951 18890 51179 83832 51012 94745 19009 14732 82026 57947 33788 72380 67874 81890 51299 67784 66378 72321 72431 59909 21603 56030 19489 25034 21627 35302 %n9 27
62820 79042 10129 33043 72147 80868 98241 45564 73810 34301 32231 28745 60214 85299 64139 76371 77175 60659 34611 96967 58224 34117 75282 84127 81567 77314 91119 %n10 27
62315 44090 62129 86458 12517 10309 58917 39029 11578 46089 98710 5789 33504 47597 188 53358 74152 91094 67464 45159 67150 83923 36245 93012 72711 66514 35930 %n11 27
99599 25533 15854 52173 82678 88900 38124 80529 19942 98821 69337 75904 96092 91375 69354 53908 45852 78814 13137 79678 19938 10281 31002 98433 29248 43269 73896 %n12 27
29331 68345 67774 67788 41363 67527 12838 93644 92736 76530 50152 52354 92948 57434 13799 77301 59257 10639 5013 56006 52678 92850 32555 93203 81906 59542 49671 %n13 27
82481 60692 10867 84445 24130 95441 51429 69226 48533 40710 79176 83418 57363 90618 57643 84459 59907 72007 88059 16619 69154 84840 53566 45699 21466 8646 2383 %n14 27
32213 47270 57336 71179 77576 94172 48157 54139 36133 85620 67259 78953 18789 16583 81811 99622 14295 1909 10419 61106 42565 92298 69675 49107 44736 84514 86486 %n15 27
81336 67036 70158 21188 62095 64069 48642 6355 10406 30931 58629 91615 37772 45010 1949 79762 66940 69503 3369 9260 37958 42258 37130 94065 22352 35641 22772 %n16 27
53818 55455 58728 84448 35425 55121 39678 85785 45978 66199 95654 72519 73184 19695 69396 76083 27513 72308 88641 93114 52805 33005 51531 6259 61557 19447 70492 %n17 27
52011 61696 78702 72376 25798 92113 66498 68382 82402 208 37335 99131 31118 43131 48402 10118 80454 22758 76134 58234 51515 5159 33227 63968 96868 16220 44577 %n18 27
12064 58772 50551 81200 85828 15174 42270 51198 313 35513 88451 69576 72311 4269 9974 46184 91319 3499 56239 23443 5528 26530 29708 95055 65471 80259 89545 %n19 27
48335 27978 48471 25976 79547 10866 6016 51312 63500 52804 52935 65130 16868 36617 10839 59012 34434 75129 83390 57868 78846 80550 10720 79016 42696 82663 18261 %n20 27
33798 79078 16228 86223 83724 64481 71733 39067 57684 88463 5479 41527 31965 5378 95493 56343 21788 94772 73699 27962 8398 86943 87745 32907 20041 61020 19452 %n21 27
30996 49811 86356 80891 36505 89712 9475 50325 486 62229 79985 5421 8603 41224 87296 11833 73500 93698 83027 52170 17312 89736 58709 53483 3011 18843 17054 %n22 27
35046 58144 4435 70613 74107 14828 19981 9023 58535 50916 12127 90346 38595 73236 76414 23586 83138 49207 95485 47396 11968 19808 39003 63308 36624 21478 22794 %n23 27
32658 20210 67280 25022 49163 1527 79963 33574 73097 85906 62705 35422 54127 81346 13674 36480 21920 6684 80497 52118 17743 76995 49049 83558 58156 74942 75267 %n24 27
43719 6073 55947 30803 20650 28973 30443 17211 20834 712 67655 32006 20510 45945 53769 7069 92286 94026 8365 24811 99792 73997 92395 52187 821 41893 24219 %n25 27
38559 82252 62606 21879 95175 41873 11694 31337 7697 9443 70456 83516 20522 30998 81458 3813 40080 22033 82934 4887 1125 12167 96320 3119 44268 85701 39402 %n26 27
83330 70257 57016 88164 21238 35722 92283 10957 22214 98250 42748 60218 45955 8470 69074 28373 27931 78310 57199 57679 25211 82379 42733 57773 6102 6192 65136 %n27 27
97388 56209 27241 43552 90445 71795 53680 33834 3970 38373 75831 47176 54314 21014 93388 37132 2507 98272 78674 61213 73280 10543 73707 7672 2606 96343 14446 %n28 27
66901 33324 43844 2119 53542 35952 62576 29412 94309 19830 65214 62168 22506 82037 95738 39231 83285 44056 48084 91136 2958 98645 32328 17872 50508 85008 79120 %n29 26
66753 88299 41199 69313 35445 55038 44095 50602 90073 83186 41221 98328 78061 84154 28953 34086 23436 62342 76353 36346 22939 46154 58581 32874 89958 64777 %n30 27
35958 26937 17063 66151 98522 49765 1134 32955 53820 33560 11168 38865 86620 30973 48591 15137 79984 82387 2229 2345 57792 16908 39056 80384 58034 54196 26370 %n31 27
67687 4412 98225 6004 26696 70773 86851 76407 1756 60361 48732 98857 56131 49608 56386 3072 81804 61894 28590 91642 83653 7111 62900 46473 43163 84617 43534 %n32 27
94203 14103 3005 94675 15447 9286 22936 54278 25909 51967 49946 75424 97348 74111 42148 2169 52333 12337 54809 453 89338 32442 5078 93313 2691 88333 19512 %n33 27
51622 26723 8044 94605 30913 74135 4203 40157 31382 44295 96886 11011 73932 95895 58089 18898 15621 67780 2486 34028 16480 78601 16260 42083 32060 12110 18419 %n34 27
28984 30287 43702 35808 23363 92441 8264 39554 16593 5825 45500 50732 89820 72343 77515 29097 6983 39397 38226 32844 76232 65644 83621 39247 1846 50400 76837 %n35 27
33685 84461 36978 33964 17427 11015 26984 12462 12983 25587 61139 78516 36067 46671 21505 89525 36415 35719 39026 61812 18415 47590 29835 71822 3507 34256 32010 %n36 27
74382 95043 43495 64373 36335 19986 44346 2164 64137 50139 58797 40386 74851 60157 15329 32349 88361 4378 31764 79256 69449 55486 81514 97861 24067 38402 98607 %n37 27
12339 94791 29601 609 91620 47555 15457 37614 98413 12058 24351 53630 80103 62942 36393 42682 30962 86597 70232 23002 4353 29512 13834 79557 9345 99811 40384 %n38 27
62629 97740 55711 69518 65667 42611 56582 93315 65552 26724 16706 78833 73791 82817 64990 25799 33723 8667 59562 92077 42313 37873 37609 38205 64634 98558 33409 %n39 27
26315 32828 80543 47925 72388 36082 7408 4023 48820 2966 28964 26114 62096 79535 7479 88630 44994 64864 50735 11337 12217 22873 9631 4626 16737 12366 97673 %n40 27
16038 47708 24714 74841 96386 51315 84823 77318 92438 28017 48202 86754 434 8958 23329 34476 96049 14132 68941 87553 57884 28618 34116 51377 24740 15879 75696 %n41 27
19985 28056 91906 89015 49197 35643 9622 73124 52030 76283 52727 40191 27571 51089 79476 93757 72883 42587 53689 92909 81105 26350 17870 15538 12133 80979 37382 %n42 26
2322 22416 72752 72899 21236 99085 20449 89133 64610 60280 48585 41401 7423 55327 16724 11372 84533 76880 64537 85806 13781 80022 53460 80955 25590 33470 %n43 27
22667 89763 20320 40268 43438 84892 3725 63776 54818 5507 31614 58623 86580 94059 14430 12002 64217 9401 16600 11480 80726 63433 31473 15870 87767 56789 44739 %n44 26
11522 79389 82949 17613 50510 92417 82303 60486 19538 3001 8340 92514 14903 40076 44033 8322 58470 15681 26768 60918 68135 58814 20015 29977 54583 977 %n45 27
66527 21164 78297 28721 97818 5736 13111 90675 34722 11977 54882 91505 3042 83607 3227 37388 67943 15505 60063 73738 37333 33332 51258 32401 51302 9473 53492 %n46 27
94290 36626 29993 78991 89991 37879 99803 90257 95191 7852 56740 12933 16226 90323 91791 4770 82535 49325 1970 36800 9064 2770 54947 62479 66486 66255 75727 %n47 27
24912 95947 38442 35870 61725 27466 20774 19275 86180 75708 71743 1491 2476 97852 54059 59368 13520 37095 61043 88279 41251 51501 20464 22327 39107 77085 45553 %n48 27
61013 46890 42919 3729 89512 75336 19463 90932 31221 75863 44880 4115 64020 93770 27123 4683 73163 96897 62278 60866 9929 88091 7887 38381 47343 96549 50036 %n49 27
97915 175 38401 121 62247 87941 85555 34266 90437 77541 73032 67558 18696 45241 34993 98229 55363 26444 54198 83873 71100 21734 57319 69834 82061 96436 30789 %n50 26
24468 35963 50976 3940 18642 54246 77391 84706 9970 35240 93760 79303 93383 4020 55731 92831 59830 15126 26389 19322 14859 5714 22050 60112 81618 43642 %n51 27
37734 82655 98504 85216 44181 29440 64911 70604 76179 88113 45301 65142 54000 36107 36659 28379 93991 41265 14365 51393 62568 76463 83494 49282 78949 42924 44315 %n52 27
51369 46769 60717 18610 9731 17791 13328 18455 22735 30508 15110 49723 39366 48726 2773 4453 21382 81569 21963 84887 71518 98291 15320 73033 63741 34575 27694 %n53 26
58502 60094 59483 11712 49692 24947 94935 1347 62722 13543 99850 12259 42194 88388 7129 4254 91107 6777 58935 93888 90588 42294 9101 94642 76444 99904 %n54 27
20448 63279 68885 61854 60599 61452 69177 92459 55286 82063 2013 29932 33566 29537 55048 932 52082 24762 55908 53782 49702 93904 86638 72654 71543 12316 86068 %n55 26
87258 69899 31698 38186 25837 27443 82638 170 93805 64929 46612 65686 495 58154 76990 68188 22331 2112 82884 66581 22925 5105 33696 56484 19583 98334 %n56 26
92928 10518 99695 21137 17216 83288 76709 77451 94003 49230 71832 76967 24599 32769 75388 20444 27138 18989 90911 23268 18820 50375 79498 4751 75111 3289 %n57 27
4637 53130 10188 65982 74304 90547 44489 3657 78558 84926 53610 97680 82003 19640 13311 34147 75937 11723 14870 70670 6954 10060 22883 42544 82942 77525 73995 %n58 27
99096 10515 62015 52901 49640 66407 64194 81164 70648 26496 94365 84481 76857 68565 97007 92683 4744 45712 31362 80730 52543 47919 23838 13194 95229 38959 97225 %n59 27
73111 67832 8766 83007 49084 32117 72081 42800 73786 10341 14192 62675 13332 7577 35553 63145 6209 45938 44193 55092 73513 13717 53902 2739 46361 29925 58853 %n60 25
91693 54431 5853 27594 38631 58698 75413 52166 32596 94054 92216 63430 38704 70262 9008 39807 26437 53963 38437 91764 23576 50193 68237 22455 29623 %n61 26
69278 63543 13017 44328 93651 49656 23149 42099 31833 34688 94009 43952 34702 71038 93630 36291 99502 33073 87759 40150 11843 55544 21822 71905 9705 78128 %n62 26
38481 15991 8138 93758 86639 87689 56817 21601 39345 9463 81506 137 85153 4694 55707 13606 9735 41510 4309 83099 81876 78194 21106 25861 16459 47044 %n63 27
85527 82099 68031 19469 26506 99321 9821 9173 6567 60030 88171 52055 66331 9179 81657 79358 39171 60826 72337 6860 3326 8046 35376 27993 9172 82932 76141 %n64 27
49285 70735 48145 8741 80694 44659 46153 54343 74839 33195 99627 6013 26136 32673 17989 8732 78437 96943 80893 81087 85595 6944 62755 98117 27016 78490 44781 %n65 27
21706 82165 63047 49689 39321 50625 99782 35037 3778 45335 80780 14241 47811 81513 72399 3464 38627 73448 34921 94421 5807 12938 17651 71083 70248 79857 35802 %n66 27
46693 69598 83975 21672 86153 83051 93942 54215 50921 1632 10111 82237 61135 48840 14935 75879 91558 78734 51567 51918 46880 51412 21464 44755 8214 66184 20247 %n67 26
51977 9824 4509 72696 31535 34003 54247 14115 78123 35554 57402 91139 79374 46849 83650 11874 42137 89384 76168 69063 68186 92068 823 43957 11084 49167 %n68 27
14019 74453 67967 91492 32908 23303 92573 28621 93396 52195 49866 83276 31392 17541 18550 7480 49410 34614 87428 6491 16623 70468 71028 61842 29641 64672 60225 %n69 27
90299 81192 43707 56500 1267 98765 93729 20465 76057 60550 45606 3645 14203 33737 31525 31095 928 43267 27998 97687 13123 52463 28134 21477 26595 68183 41608 %n70 27
70582 31160 11660 48771 166 24669 14148 20220 85223 64813 87662 82833 30778 25294 90156 65167 2889 93959 64572 4064 14470 62786 93487 99045 98439 90274 84360 %n71 26
12051 54123 99751 95770 31841 93243 32932 83223 84984 91462 95823 34624 23531 10891 5628 99197 91701 97895 92720 62974 69175 57120 35517 11124 6455 75234 %n72 25
42468 8290 56580 96560 63862 56374 26026 55793 591 13439 10368 1270 43518 5383 83805 62506 56418 89448 33775 11548 58848 11138 21658 25666 90170 %n73 26
68344 24583 17980 69401 4386 21582 31885 40258 50766 73808 88328 28325 47704 33830 92669 68657 49516 50220 27755 16136 72373 26535 94538 36140 41869 23281 %n74 27
70623 75624 9464 25209 50027 20712 70357 34644 94678 45482 10174 20504 50331 41635 46293 35178 12524 96309 85371 32421 44593 79399 68968 22848 43899 29291 10731 %n75 27
32664 85749 42226 55007 67444 78760 65156 4503 63638 73114 89880 98192 13772 46213 8400 60277 47906 8092 82240 89807 13092 96132 86330 28038 13858 58811 96997 %n76 26
66730 15090 89366 76948 6676 15373 32459 99066 69716 89009 36733 72900 78683 77591 92870 46950 22143 11750 75493 98373 52879 33031 79428 2247 84087 60444 %n77 26
33975 41976 38852 38098 66324 91812 74608 88777 54910 50174 18688 12526 75158 94467 15044 65509 81081 58394 9431 63719 87466 37127 44089 53171 94524 45123 %n78 25
22532 70885 42932 11268 72467 52651 21964 61383 6994 21385 56799 16143 8076 76940 42349 42580 22235 60614 80093 55953 28571 33278 19683 9839 41979 %n79 25
60353 94016 53883 42703 34784 37889 42570 91922 4319 75002 7278 38701 84427 861 90869 67830 86237 28449 29011 85926 24887 74205 53054 52003 22959 %n80 26
7112 83005 13158 71612 67126 69086 75392 86559 83395 17594 55016 99793 41814 20376 44531 73333 74966 80719 96784 82657 40592 15283 39751 62586 83326 27972 %n81 27
22043 14675 44737 56889 56012 96534 73908 10016 78739 65871 39902 45328 31784 15042 74441 77557 30698 72411 50016 13805 41709 46975 5202 9119 47858 65092 97003 %n82 26
54585 97997 86812 91147 83266 60666 97361 78462 32975 99583 41644 49591 79410 48912 74003 27688 42285 17416 24666 80058 5580 57981 24511 83798 21695 3929 %n83 26
49581 76818 5695 23120 13631 65230 72908 49573 20341 72859 9905 34653 83203 70028 27025 69415 52266 32390 44937 89950 92746 45387 27757 82793 36220 95455 %n84 26
94196 68622 37934 90519 16968 52838 52820 27160 68046 65321 1181 31966 55028 23164 33855 65441 98541 55063 14940 45855 88267 98421 28085 16341 90627 63871 %n85 27
80282 90018 41480 7642 42172 5567 41531 95102 92549 24128 14374 38446 27793 78981 57347 87989 28596 55709 53574 94001 81504 27626 44917 81220 70321 14938 40156 %n86 26
74751 97942 13019 99008 99024 54915 17768 698 94079 57028 18395 4194 88931 61706 11866 50690 7472 75900 82645 86872 30401 24905 84697 70796 39320 65144 %n87 26
49472 63725 36814 92208 31137 39386 57070 84865 48589 61572 29686 53614 11374 10915 83428 66884 50676 50806 65218 81908 82019 32944 64529 61266 34011 76937 %n88 27
5497 46649 20436 15394 30852 42463 45796 78332 35207 78045 65619 78773 95563 4004 23558 29166 19936 53333 18790 65914 26912 85475 75356 9151 49202 39653 37508 %n89 27
5391 28885 20239 3243 26025 48031 64792 38135 42774 35303 20735 14575 89875 53109 27354 45522 95210 5270 59461 39980 80494 64950 83443 52324 85498 7311 51329 %n90 26
32100 89973 79734 80448 1520 20663 76710 68809 6433 55944 92419 56227 5390 68647 92598 9293 16303 57091 33421 15000 40859 61249 2239 55122 74267 47470 %n91 26
93499 69940 84933 53942 14712 32875 5633 24089 68874 61381 33684 78139 84003 18782 24091 48547 89304 76580 79022 32048 65170 35187 3807 6270 75283 31376 %n92 27
90598 4303 36730 75864 51266 26796 86657 52097 11171 79175 24695 2821 50307 16297 25245 19313 76873 81091 57280 9753 86211 3825 4720 8397 41600 84310 64570 %n93 25
25129 1473 66292 3881 44886 49421 52177 11599 60644 22745 12120 70476 2473 27489 74492 82984 5284 31415 38739 49945 22180 67599 58849 56479 67593 %n94 26
64032 53698 15638 98456 69420 4784 64089 7262 83359 49883 89398 18472 97744 96659 21167 65820 45552 49244 63101 73457 25008 19219 6085 23039 94341 5147 %n95 26
39915 76884 8431 95893 97945 15444 24677 6509 63412 34564 72665 88395 4138 8927 22594 85036 17515 83596 70397 57118 73128 47022 62736 19415 81090 8368 %n96 25
75146 45433 63669 54617 96009 54845 85492 41930 94175 21798 71815 40881 9641 59149 15993 28877 19533 77501 22634 22663 82273 38540 62541 10073 1115 %n97 26
6861 16155 13280 34642 11661 30549 5077 66404 38094 78899 93276 76137 54654 9347 9258 82925 43301 26345 19955 73767 87239 21212 57503 63962 23636 13043 %n98 26
48482 2934 42954 25639 37517 60266 38971 89832 52079 17448 48791 89156 9638 37300 46130 35116 92090 11625 18014 10768 82908 98436 86633 62809 35834 84741 %n99 27
31533 71454 47696 62890 9545 95288 31573 30603 41508 84140 27407 92953 40721 53805 10260 78754 37255 85688 73895 60073 24890 88897 54076 48828 36638 56175 61177 %n100 25
94969 28758 39175 13978 43748 56467 54187 19720 41549 70578 69736 87073 63228 73845 56590 19431 3148 2194 2603 47216 47765 31032 9825 83260 97990 %n101 27
36689 25468 54796 36036 76201 72862 78108 64200 22590 63348 95147 93356 66125 69296 76973 68883 30269 16704 67680 80921 34161 90996 75161 28307 33185 85122 60124 %n102 26
8782 68904 52176 32799 14917 19215 73871 23725 75431 88898 25987 41005 65994 17696 3495 2280 70853 41263 76449 37652 94262 43600 6482 39561 49598 69560 %n103 26
17747 48786 21699 66768 55907 69530 78789 54216 96669 94726 46 73818 35228 99745 53844 95155 96899 41942 59189 22392 64552 91497 26735 20908 50436 74060 %n104 24
80028 83201 59520 14808 63546 22433 25501 94041 26397 21581 2466 9857 78618 69973 3184 3647 94367 27702 64643 75455 28245 20674 71689 85885 %n105 23
55964 59545 65017 52590 42581 41866 15139 58116 76688 10401 98524 27969 93065 15310 21092 50875 3981 19707 1475 81909 10726 28105 12882 %n106 27
88774 81280 87754 19941 68225 17653 64996 63789 32902 39599 96259 95465 26225 46778 10875 89558 69878 21244 48271 71096 95124 88415 95393 12695 95778 66138 68818 %n107 27
29781 19076 37022 16397 69924 32608 6086 57014 57150 74662 78100 57842 86044 67257 17105 78799 46562 55990 81174 92958 95598 5258 34098 29132 49804 69818 29664 %n108 23
50071 25630 60456 96327 53621 78903 38198 45078 59902 2545 93367 2101 11357 63028 61865 4655 13609 52223 17579 75175 21890 96867 83379 %n109 27
3064 21980 44507 1040 50578 28680 38028 87075 15460 67424 11931 92660 25781 22364 58900 30509 91464 96646 94281 20233 50573 68778 46644 63580 12385 84950 72615 %n110 26
47386 56200 1770 44854 36865 61104 49060 66206 14208 16041 55386 65428 77252 30037 33984 29720 48355 8003 79638 50525 20704 59530 7027 332 49225 19639 %n111 27
31555 530 95572 80373 8192 42129 69811 39700 31915 1827 31455 45005 36554 1980 22849 89738 41475 62516 79394 94181 66243 36686 75218 38630 672 87101 67520 %n112 27
26183 17025 35328 51326 14276 7059 41977 96051 83485 8954 11017 69689 83507 15827 5021 80005 30449 88386 67755 47548 9682 80486 20183 20767 75108 78591 66801 %n113 26
71483 83210 40252 64030 36873 984 18386 68000 51360 93354 89873 90236 83230 28938 8502 37032 94107 96203 85024 56925 56473 5493 10521 9130 72326 6772 %n114 27
91646 74216 49633 56268 94362 55617 66040 61528 28187 36517 10134 81752 66578 76733 29945 81359 38621 6643 80531 56441 23032 95326 38570 5242 10369 55042 96084 %n115 26
52047 26484 91458 9098 89614 42915 88764 11768 52376 47367 99879 47485 4107 80791 38052 28514 3059 76243 28950 25018 78087 15624 12284 86803 57116 11830 %n116 27
13260 10635 39923 47364 57163 6717 1716 67070 21286 86097 89161 7102 8804 31536 41294 40851 90109 37194 7277 84177 41124 63184 86945 83580 13113 632 31548 %n117 25
73838 81961 43700 25727 57086 98095 26147 62283 67234 8200 45887 12343 11379 43124 23585 23958 11198 3673 2444 93717 63813 6436 26616 51351 58989 %n118 26
13908 37864 23085 9320 16892 53267 21503 70970 85426 97085 56766 93892 33117 15762 21553 41105 24692 25321 86269 61057 72760 45490 84462 25177 61508 50744 %n119 27
97468 7814 44357 69824 27273 61304 95587 94189 78874 78912 12734 36114 50680 41427 81850 58171 91202 57162 24321 75275 49846 55212 70434 19984 11620 92551 57008 %n120 27
47843 98578 52885 11566 13358 91222 53585 8576 80430 57898 52403 43258 76841 54891 44669 14006 7571 32384 7159 63105 2573 87487 96236 69798 91867 79106 86410 %n121 25
11646 56397 70053 19430 50386 39116 47108 15132 63121 36713 51058 27056 23230 54643 13084 35812 85442 55064 98518 2372 91035 64579 19811 27732 68681 %n122 26
95232 53378 99382 82372 4381 23549 18233 35794 4923 18120 25406 42026 38244 37922 37252 28322 83200 97426 68421 58782 15433 31025 71670 16434 40577 93241 %n123 27
24539 89132 34174 14533 10117 42201 52083 63743 46834 46616 33495 45081 88140 55873 98868 59064 88667 96177 99870 63691 27491 33771 61852 4144 78896 89482 6514 %n124 25
59636 63529 1416 92727 99717 97510 58992 3549 36532 53968 39336 23864 73260 64299 66403 17624 50835 17784 39128 64994 53959 6234 95372 17554 97730 %n125 27
92762 69003 28908 9039 52107 95213 18131 10964 39579 78860 92761 46441 27088 50948 32065 5822 54410 71075 14761 44691 81214 34855 73578 56988 28662 34807 73976 %n126 26
99910 51454 24069 64975 38225 50562 10512 67380 48519 16605 50658 79371 54955 96241 65105 11682 72115 88468 77358 56801 6299 27781 29232 60466 53342 12274 %n127 26
96821 9356 68742 6615 66902 9225 10204 68513 12365 13493 71149 7085 68663 73511 9012 41134 9510 82294 29131 17092 83757 41160 36971 42078 51881 36308 %n128 26
15181 7468 20473 40887 99083 39351 24945 19801 48362 47625 7772 49728 49300 67727 75547 65094 41598 61 56060 26485 66373 38842 47174 19824 76956 59424 %n129 26
84044 80129 48170 13710 78161 7218 84958 56128 76272 18662 58258 71538 80958 54944 25380 90958 41448 75269 42659 49873 41542 56010 45303 64629 3707 96296 %n130 26
56534 19402 41489 40819 27136 19315 70226 39372 40504 22981 27318 3738 96839 15014 32455 95136 55114 79758 62741 47606 92227 39428 81154 67590 51251 25139 %n131 26
24020 86337 46370 56850 71854 30540 76704 82734 51588 95060 19380 87077 81651 24289 28019 3487 28675 98449 37727 52416 70328 51710 80815 24152 25419 5068 %n132 26
47991 58973 93246 48183 3010 82931 63657 96291 49009 31008 41088 645 7782 71205 80684 9217 12747 43221 82810 10014 95679 25905 6349 8888 84395 29347 %n133 26
22212 24399 30955 44716 96196 68820 58375 50845 7305 94525 83337 58122 55484 85171 17355 72142 87927 7773 13105 67925 78494 45355 19081 32638 6585 82496 %n134 27
66133 46012 49184 41829 97435 7190 46608 2732 32896 38062 38416 92955 40290 66963 16123 66756 117 66270 86426 16993 19100 11045 72840 22812 92580 57476 95909 %n135 24
51287 72994 76236 94619 67949 38078 42306 75133 51120 54561 14782 4105 93192 62818 3070 36788 61338 40348 89572 26494 19241 84564 74145 296 %n136 27
10431 40166 4492 19535 60128 35176 24616 98723 69531 55276 51550 80692 19783 65112 32579 8620 71026 70691 55341 87049 58870 94717 68493 70420 1896 76817 70997 %n137 24
59795 72259 58828 76459 61262 98538 31419 55171 99746 52007 41698 80166 60720 93465 61250 15782 38182 61773 99547 57303 25978 12390 48414 5995 %n138 24
43051 7628 12562 63838 9147 96734 46254 7798 74625 92202 82224 55377 23091 56329 38271 56669 77262 43251 65438 46964 81606 42303 87880 93979 %n139 27
3705 20692 1984 8317 67029 57473 19791 53249 70283 22200 60812 36866 72405 24087 12138 35717 66947 7229 22220 74449 90908 88989 449 56915 81403 95206 74814 %n140 26
69812 58000 66503 66095 41276 35601 48153 49771 60568 49464 49243 89321 20178 90602 74184 68440 80576 88938 58844 82849 14391 16182 80789 75140 82006 45830 %n141 27
90665 60855 56781 44190 87208 34808 6303 5490 88785 29010 23209 26008 79489 12593 78454 56952 94004 87086 4969 33111 4685 41964 27084 27328 98045 87118 21404 %n142 24
62286 2402 22875 61003 13026 78376 18122 90615 66593 57954 82695 43650 62901 17746 21194 18827 43821 66641 99902 56992 82120 94882 74602 45649 %n143 27
97338 98081 82886 37639 63835 42643 74104 29146 9742 75613 97864 33821 28378 92965 56457 91603 75593 78886 28272 20790 16944 84302 49142 14310 49665 21663 28308 %n144 27
26283 45007 61079 70447 56765 40834 17385 71844 17625 3580 87897 59889 77940 85019 8634 20648 15535 96928 46102 25060 81123 42994 89010 27911 84837 21428 53163 %n145 27
20831 53248 21122 33903 8899 67298 5526 6077 61230 55046 98233 54669 38043 88912 48621 20460 7954 98623 79990 33081 41745 95547 67408 58578 83162 8408 97934 %n146 24
38428 21504 40637 44426 52081 91300 38070 55293 45630 83740 6327 40360 68102 53082 87180 9319 79612 27980 40307 72014 75284 57764 97980 12370 %n147 25
38005 78040 85681 54385 26591 49540 54871 71737 2014 72240 49390 45313 34875 25106 53170 82997 17641 74114 32248 93195 20819 35746 80406 50739 14127 %n