141
0 17
24481 95893 28594 56975 17496 16409 59313 95900 22437 49329 72872 9283 37605 25109 69270 28116 60406 %n1 17
47287 60750 47766 32379 2568 80273 77537 38637 85683 15327 50886 46358 94861 15978 11505 92420 48992 %n2 17
19915 41529 63521 38656 45709 75025 19238 7900 63622 81016 68155 60598 83536 83832 71888 71230 3785 %n3 13
44323 39747 95051 90848 62039 99997 37486 9769 73292 80701 97397 59834 1250 %n4 11
40470 13303 51175 84697 36676 61518 56332 50410 57943 67249 65929 %n5 11
91237 43835 61044 36520 20612 98465 30039 32414 71169 71123 78364 %n6 15
60904 24420 54793 60386 56915 54357 4825 82213 45378 79041 67258 3512 32320 15413 30982 %n7 13
34081 29277 4593 51775 59372 45433 67551 49569 22889 48039 16931 67190 13305 %n8 12
87863 25146 79708 9522 77052 74937 79191 64356 37095 22170 36958 53407 %n9 11
85656 22443 63113 52965 97689 71594 50602 52623 75279 43072 39855 %n10 14
21383 20671 95361 3837 7909 32001 55354 13811 22508 81731 16980 18306 60759 59252 %n11 6
27884 28361 50056 43653 9552 83709 %n12 8
41302 88431 50821 45530 72587 15972 12128 29150 %n13 13
22594 81944 56110 21989 28026 80577 7734 55474 34855 14676 54734 96552 73338 %n14 10
66825 35743 4018 75912 29367 72621 31423 93510 6032 49646 %n15 10
75241 49044 59241 72483 7854 59630 8911 43494 30279 20702 %n16 10
34626 63616 63374 29318 80781 231 71827 87902 71587 68302 %n17 8
9562 28461 75651 21154 69160 16636 6176 6812 %n18 9
26637 75922 23946 20242 66013 86833 42093 27003 39776 %n19 6
19040 26043 17516 59852 32933 87582 %n20 7
99497 24111 71648 60840 52467 45048 88070 %n21 8
32491 31738 49214 66634 65617 47485 53244 69968 %n22 10
34762 2319 82402 5328 94595 20647 78027 988 22871 19536 %n23 7
3060 42891 3221 73643 55218 74761 62125 %n24 6
5806 35905 65705 22294 14124 487 %n25 10
63855 3806 74097 21199 96098 72481 66820 15319 58317 7670 %n26 2
77141 62063 %n27 7
41597 55787 23032 79813 8083 29614 71400 %n28 6
2731 45572 61634 54854 62369 68443 %n29 5
80462 15836 78839 74505 6094 %n30 7
14211 93020 50836 62783 5138 45501 83172 %n31 5
43042 32272 67696 72684 79320 %n32 3
29113 51273 74674 %n33 6
86636 22464 98382 60713 18551 65652 %n34 4
18409 3280 60735 61536 %n35 3
78784 78870 83495 %n36 7
40433 24208 42800 51512 6428 58271 13775 %n37 4
86258 70046 92540 4812 %n38 9
17634 2763 58347 92802 87834 75649 16667 81974 11701 %n39 5
82365 84356 1227 53862 27359 %n40 2
7827 63694 %n41 4
26564 88717 58456 79604 %n42 6
4455 80356 69950 69724 85322 3312 %n43 0
%n44 2
79965 86438 %n45 4
96744 47264 50043 87486 %n46 2
43520 5544 %n47 3
75444 82130 96498 %n48 3
57430 17357 34427 %n49 0
%n50 3
4834 37452 82156 %n51 3
82419 36957 80605 %n52 3
71611 39935 31029 %n53 4
18009 40364 68543 77699 %n54 1
87210 %n55 1
3451 %n56 3
8523 71625 84828 %n57 3
90345 5869 42569 %n58 1
44060 %n59 1
46432 %n60 2
87387 84308 %n61 2
34341 9389 %n62 3
97974 53463 94605 %n63 0
%n64 1
19126 %n65 1
27694 %n66 1
129 %n67 3
82200 60849 60981 %n68 1
68775 %n69 0
%n70 2
23211 71651 %n71 0
%n72 1
598 %n73 0
%n74 1
11789 %n75 1
34755 %n76 1
63005 %n77 1
72226 %n78 0
%n79 0
%n80 0
%n81 1
78780 %n82 0
%n83 0
%n84 1
16532 %n85 0
%n86 0
%n87 3
98095 76035 37336 %n88 1
34166 %n89 0
%n90 0
%n91 2
97004 92337 %n92 0
%n93 0
%n94 0
%n95 0
%n96 1
47886 %n97 0
%n98 0
%n99 0
%n100 0
%n101 0
%n102 0
%n103 1
86323 %n104 0
%n105 0
%n106 0
%n107 0
%n108 0
%n109 0
%n110 1
21151 %n111 1
34252 %n112 0
%n113 1
84063 %n114 0
%n115 0
%n116 1
92718 %n117 1
54979 %n118 0
%n119 0
%n120 0
%n121 0
%n122 0
%n123 0
%n124 0
%n125 0
%n126 0
%n127 0
%n128 0
%n129 0
%n130 0
%n131 0
%n132 0
%n133 0
%n134 0
%n135 0
%n136 0
%n137 0
%n138 0
%n139 0
%n140 0
%n