237
0 167
20810 32149 10770 81438 51986 83682 5910 15967 13424 44476 19886 29971 31707 44041 72593 37146 83140 77133 78717 42875 3566 67618 25410 60439 616 73951 46795 99191 87504 85237 18880 77756 75323 80421 10564 35944 70865 21170 43621 97004 77011 82850 84263 37947 20877 18552 1493 78224 73925 25514 52915 43031 68740 59900 68064 91975 76617 77105 48009 91812 41267 64190 23027 29105 12690 84827 68760 22562 35677 96176 53706 46558 14429 31426 77204 14975 11431 8095 5496 46401 83799 26981 71093 94403 55764 59314 41011 99249 22699 27524 17940 5670 7000 36681 49612 79566 15740 19354 49870 97243 72510 19441 67094 42171 50731 99215 64012 54071 54349 77964 318 93284 71300 36956 87776 77858 50037 52052 80593 84676 9727 47786 70557 20045 86170 47386 20125 43904 87144 76198 68255 60177 56773 20049 26823 23669 96313 97443 87615 49956 91334 90620 91779 90875 67487 11736 60534 82591 23630 42918 47512 60312 88570 5061 46537 94492 58128 72662 8597 24175 31253 3674 74846 92080 73332 4018 18937 %n1 107
20926 43681 23375 68666 91078 14733 22282 25372 70646 58935 54014 37066 61998 31791 43869 78249 38020 88230 10616 29010 33303 98545 1401 10466 46687 19156 29920 83089 68975 56152 71223 19104 11211 28488 94082 51984 19241 20043 40542 85377 52524 49816 3505 94076 61052 76665 1985 20265 6073 93747 8916 23446 99447 20339 63762 35339 66030 46244 78744 4398 92832 17879 27839 86972 84657 43044 54770 16216 59844 24668 84805 45744 80861 43276 14878 92411 39861 67182 19263 43339 15132 1235 56303 91223 32788 88268 97865 98626 45155 15954 89706 63339 30432 46972 18259 80826 8489 2760 11316 49547 14906 42172 78473 9391 24996 32510 17331 %n2 63
95531 32541 12611 80836 47097 84311 54544 26288 50168 93297 91553 59346 92424 10286 14090 87605 91814 94676 74547 8223 49879 58780 96355 95899 16404 52564 95748 98350 94601 12953 23988 59434 27256 71402 12602 6090 6446 73170 50134 75029 73822 57856 60866 64207 13855 84322 14571 23836 86423 3773 99482 27627 27015 65224 90791 35300 56936 42676 715 65742 45027 13713 82057 %n3 48
40764 91365 34499 86565 30674 28456 7963 32502 49266 95546 87043 84411 96315 54094 78818 49725 96437 23940 19096 18700 35980 31015 48609 96607 33509 83652 99002 51014 78139 78880 96063 62562 31497 71520 94871 33133 89772 42851 82534 18456 85019 82564 14803 79870 31804 7039 93542 85879 %n4 37
54764 46670 51195 96102 76947 13750 71049 98920 46103 37800 34897 13577 26257 95121 48218 82379 15205 51251 19967 63225 79670 90071 96365 81766 85354 39987 16265 75884 86000 41107 37635 34728 45601 18044 25846 83702 59121 %n5 20
52339 41736 16141 15121 84418 38781 76509 58670 75995 69536 44930 22056 2498 4774 69446 95297 59441 19212 85683 63027 %n6 12
84072 72241 63717 47985 91958 81519 32496 81038 28492 33702 662 50294 %n7 13
34078 85645 97826 96491 972 25829 55707 82704 93123 40157 23891 38868 8356 %n8 1
37327 %n9 2
87432 13329 %n10 2
58666 9764 %n11 3
9986 57632 23854 %n12 1
20544 %n13 1
37116 %n14 0
%n15 0
%n16 0
%n17 0
%n18 0
%n19 0
%n20 0
%n21 0
%n22 0
%n23 0
%n24 0
%n25 0
%n26 0
%n27 0
%n28 0
%n29 0
%n30 0
%n31 0
%n32 0
%n33 0
%n34 0
%n35 0
%n36 0
%n37 0
%n38 0
%n39 0
%n40 0
%n41 0
%n42 0
%n43 0
%n44 0
%n45 0
%n46 0
%n47 0
%n48 0
%n49 0
%n50 0
%n51 0
%n52 0
%n53 0
%n54 0
%n55 0
%n56 0
%n57 0
%n58 0
%n59 0
%n60 0
%n61 0
%n62 0
%n63 0
%n64 0
%n65 0
%n66 0
%n67 0
%n68 0
%n69 0
%n70 0
%n71 0
%n72 0
%n73 0
%n74 0
%n75 0
%n76 0
%n77 0
%n78 0
%n79 0
%n80 0
%n81 0
%n82 0
%n83 0
%n84 0
%n85 0
%n86 0
%n87 0
%n88 0
%n89 0
%n90 0
%n91 0
%n92 0
%n93 0
%n94 0
%n95 0
%n96 0
%n97 0
%n98 0
%n99 0
%n100 0
%n101 0
%n102 0
%n103 0
%n104 0
%n105 0
%n106 0
%n107 0
%n108 0
%n109 0
%n110 0
%n111 0
%n112 0
%n113 0
%n114 0
%n115 0
%n116 0
%n117 0
%n118 0
%n119 0
%n120 0
%n121 0
%n122 0
%n123 0
%n124 0
%n125 0
%n126 0
%n127 0
%n128 0
%n129 0
%n130 0
%n131 0
%n132 0
%n133 0
%n134 0
%n135 0
%n136 0
%n137 0
%n138 0
%n139 0
%n140 0
%n141 0
%n142 0
%n143 0
%n144 0
%n145 0
%n146 0
%n147 0
%n148 0
%n149 0
%n150 0
%n151 0
%n152 0
%n153 0
%n154 0
%n155 0
%n156 0
%n157 0
%n158 0
%n159 0
%n160 0
%n161 0
%n162 0
%n163 0
%n164 0
%n165 0
%n166 0
%n167 0
%n168 0
%n169 0
%n170 0
%n171 0
%n172 0
%n173 0
%n174 0
%n175 0
%n176 0
%n177 0
%n178 0
%n179 0
%n180 0
%n181 0
%n182 0
%n183 0
%n184 0
%n185 0
%n186 0
%n187 0
%n188 0
%n189 0
%n190 0
%n191 0
%n192 0
%n193 0
%n194 0
%n195 0
%n196 0
%n197 0
%n198 0
%n199 0
%n200 0
%n201 0
%n202 0
%n203 0
%n204 0
%n205 0
%n206 0
%n207 0
%n208 0
%n209 0
%n210 0
%n211 0
%n212 0
%n213 0
%n214 0
%n215 0
%n216 0
%n217 0
%n218 0
%n219 0
%n220 0
%n221 0
%n222 0
%n223 0
%n224 0
%n225 0
%n226 0
%n227 0
%n228 0
%n229 0
%n230 0
%n231 0
%n232 0
%n233 0
%n234 0
%n235 0
%n236 0
%n