250
0 94
39074 83439 49707 64397 73565 35124 18755 67822 65276 25052 4439 6667 58245 47456 76766 11582 49989 75889 41565 66027 12680 22240 73197 2060 37924 41751 25962 25601 27504 54110 26045 26210 2210 41319 39351 91030 44452 539 73666 37799 24122 75984 69702 46911 2953 32233 88028 77058 16244 41702 67781 37128 15671 84360 66731 90511 65423 51925 35708 74205 20670 63206 45262 8236 89099 63384 53128 53318 15024 14212 15192 20336 34667 39874 21757 70086 28809 29863 22217 50401 48019 25811 39926 50952 78949 81767 49586 74349 99916 67436 94609 22667 84014 81793 %n1 89
14806 45187 58101 64148 68791 20421 72769 88824 68493 14648 91887 17363 72965 17666 50704 59814 17939 96503 81498 66017 81460 82394 58575 99985 33630 91386 87690 10890 70114 52749 83432 36302 62487 50087 49633 39269 45933 34533 57204 66411 53574 63255 72785 10618 94197 51996 72071 4504 70154 4155 93639 1826 21330 15602 69582 68571 95559 68419 49995 78461 85014 22337 56647 22378 30240 60583 88074 16280 86029 99852 33028 17608 196 52436 89016 3255 17778 34774 63210 1688 80889 69229 65591 53479 14470 82871 87562 66805 35520 %n2 74
47486 76540 93280 47173 97052 34804 3821 89281 90221 6337 66171 25859 30718 35848 67323 63468 41600 9967 80763 3538 97829 78778 11634 36946 29337 93323 30038 31775 19384 14710 57905 50711 73890 37757 41598 32067 85017 90239 67011 79317 54765 13386 40424 85693 10021 67236 46389 2838 90572 17930 92703 20416 10694 6870 92598 66938 71026 6188 87911 49005 91202 3836 46489 66198 32905 58679 78859 13695 95054 19545 80346 56337 89411 45763 %n3 62
51044 13755 40162 99247 69556 27621 70167 79699 37579 50065 20920 99698 44664 11783 18418 79194 48217 96937 49325 7142 4351 9569 9388 40906 76368 32974 14847 54261 96972 15852 17100 38430 64587 79924 81149 975 67529 66934 27240 47717 19682 35907 12054 14343 50856 25328 14254 414 81677 82403 89340 62505 95349 57708 31959 74756 91195 49691 76008 13405 58953 81472 %n4 50
7374 16157 86525 86082 52343 27919 14727 64690 45309 91802 16893 43248 69843 73437 8569 63381 4077 21086 96941 50746 45010 68607 3905 67872 40944 36801 69470 43171 95895 81129 45252 61466 16034 36633 1606 59962 7923 84411 60648 75578 78059 54994 9486 7643 91253 2809 14645 64902 12096 46754 %n5 52
64378 98500 79965 55899 97190 717 44038 1877 27281 8356 99545 96242 46340 42008 26896 42122 27780 60626 27492 40867 74574 17454 78367 11526 71162 15028 41905 88380 36536 19052 99098 69304 1948 33619 97762 58041 57344 70712 58584 1427 26401 49945 7199 81582 85587 76643 39065 80040 95611 89507 11382 74417 %n6 47
9131 70720 59083 27737 93940 12114 35382 37767 49250 90494 2450 97628 14023 96570 54648 7742 98981 11880 50090 5496 13969 78019 96387 57164 19936 3494 29343 24031 72097 13225 22161 50314 19686 99143 98363 52222 90956 70503 93099 9811 63487 58821 84046 78045 69253 78358 4453 %n7 28
41588 95763 39878 26491 21802 23060 83683 67172 3457 14426 35675 16333 50326 24969 72147 34373 60690 84049 39917 76251 7650 67454 62664 77973 87209 87867 28603 46327 %n8 29
95425 5558 31495 12352 78470 85423 86351 40238 95548 84053 3533 92449 82873 30592 55500 72333 1951 54344 31452 54720 4921 23257 4713 69809 36460 84358 18307 72119 1185 %n9 26
60471 65537 78219 17294 5148 79353 77893 78709 42029 51225 88464 52165 71534 85790 71215 72771 9849 63935 76105 67275 40954 84459 54464 46537 85055 27660 %n10 32
94775 10316 27969 25139 62796 11089 9139 74693 10106 66055 47555 84675 93166 67387 66545 12413 4606 32301 93198 99695 89517 69580 23467 61636 89721 26109 42002 20181 31733 10613 20855 84942 %n11 25
33742 36150 93111 70469 32325 51366 90760 93905 41471 77024 1232 67310 6692 26462 22893 17613 32594 47492 80482 75205 96336 69140 83722 16315 42719 %n12 20
52834 64210 89567 58472 27267 99775 41663 8502 95430 87142 12990 56999 8999 11303 21607 80379 40627 7338 5386 9889 %n13 15
83723 16595 10050 52498 80595 76268 87526 36896 76360 71031 43800 28326 86773 95602 10122 %n14 17
36697 93251 61893 71045 89075 21583 59772 65767 93546 91027 51028 44613 48904 89961 32742 31500 55799 %n15 19
21074 9694 64683 98461 81191 90788 94644 19983 29080 38687 70839 89291 53725 30896 18839 14064 55744 39290 15153 %n16 10
63863 81025 70991 15829 87870 64273 53424 8549 51388 56558 %n17 12
1323 30831 24032 2623 2254 53731 87008 55922 34047 99348 13656 774 %n18 10
57000 65003 30584 13811 5871 61779 59894 66247 73954 646 %n19 4
14787 15936 5988 59234 %n20 9
97375 1456 42791 63913 83154 3941 12022 73632 11938 %n21 8
30635 15803 37897 25552 86801 4082 19333 64789 %n22 3
57688 92459 2220 %n23 10
30471 78764 15039 73444 85992 1670 2260 18278 56287 58830 %n24 6
11458 23097 51866 89446 88344 58485 %n25 6
97122 77208 62098 91550 19050 61446 %n26 5
13243 3842 66922 94364 47102 %n27 5
33238 53673 13975 75242 41292 %n28 4
16497 82187 84687 19082 %n29 4
96223 58425 97873 55337 %n30 3
25389 37735 83430 %n31 1
95477 %n32 1
56405 %n33 2
43960 96439 %n34 1
98525 %n35 2
81970 28077 %n36 1
34397 %n37 0
%n38 1
24414 %n39 0
%n40 0
%n41 0
%n42 0
%n43 3
19795 19312 36569 %n44 0
%n45 0
%n46 0
%n47 0
%n48 0
%n49 0
%n50 0
%n51 0
%n52 0
%n53 0
%n54 0
%n55 0
%n56 0
%n57 0
%n58 0
%n59 0
%n60 0
%n61 0
%n62 0
%n63 1
69289 %n64 0
%n65 0
%n66 0
%n67 0
%n68 0
%n69 0
%n70 0
%n71 0
%n72 0
%n73 0
%n74 0
%n75 0
%n76 0
%n77 0
%n78 0
%n79 0
%n80 0
%n81 0
%n82 0
%n83 0
%n84 0
%n85 0
%n86 0
%n87 0
%n88 0
%n89 0
%n90 0
%n91 0
%n92 0
%n93 0
%n94 0
%n95 0
%n96 0
%n97 0
%n98 0
%n99 0
%n100 0
%n101 0
%n102 0
%n103 0
%n104 0
%n105 0
%n106 0
%n107 0
%n108 0
%n109 0
%n110 0
%n111 0
%n112 0
%n113 0
%n114 0
%n115 0
%n116 0
%n117 0
%n118 0
%n119 0
%n120 0
%n121 0
%n122 0
%n123 0
%n124 0
%n125 0
%n126 0
%n127 0
%n128 0
%n129 0
%n130 0
%n131 0
%n132 0
%n133 0
%n134 0
%n135 0
%n136 0
%n137 0
%n138 0
%n139 0
%n140 0
%n141 0
%n142 0
%n143 0
%n144 0
%n145 0
%n146 0
%n147 0
%n148 0
%n149 0
%n150 0
%n151 0
%n152 0
%n153 0
%n154 0
%n155 0
%n156 0
%n157 0
%n158 0
%n159 0
%n160 0
%n161 0
%n162 0
%n163 0
%n164 0
%n165 0
%n166 0
%n167 0
%n168 0
%n169 0
%n170 0
%n171 0
%n172 0
%n173 0
%n174 0
%n175 0
%n176 0
%n177 0
%n178 0
%n179 0
%n180 0
%n181 0
%n182 0
%n183 0
%n184 0
%n185 0
%n186 0
%n187 0
%n188 0
%n189 0
%n190 0
%n191 0
%n192 0
%n193 0
%n194 0
%n195 0
%n196 0
%n197 0
%n198 0
%n199 0
%n200 0
%n201 0
%n202 0
%n203 0
%n204 0
%n205 0
%n206 0
%n207 0
%n208 0
%n209 0
%n210 0
%n211 0
%n212 0
%n213 0
%n214 0
%n215 0
%n216 0
%n217 0
%n218 0
%n219 0
%n220 0
%n221 0
%n222 0
%n223 0
%n224 0
%n225 0
%n226 0
%n227 0
%n228 0
%n229 0
%n230 0
%n231 0
%n232 0
%n233 0
%n234 0
%n235 0
%n236 0
%n237 0
%n238 0
%n239 0
%n240 0
%n241 0
%n242 0
%n243 0
%n244 0
%n245 0
%n246 0
%n247 0
%n248 0
%n249 0
%n