105
0 14
20168 23388 60858 9160 25877 57310 27606 85054 86616 55324 46908 2327 86603 24199 %n1 14
27621 8929 13048 9673 63429 73153 43010 75234 96736 47120 36630 83975 75622 39574 %n2 12
48937 69100 10239 68703 15952 41307 6916 22562 21949 35181 12797 40930 %n3 14
37869 87006 37730 61441 29662 71879 17137 58538 83706 19118 95038 80850 22407 4195 %n4 14
84436 11803 93895 25491 61741 53583 78710 63875 53523 19558 90131 21067 43890 42374 %n5 11
79004 61087 11351 93722 25829 85211 30333 33073 29054 52035 88109 %n6 12
47024 85440 82449 56509 82360 85347 90900 87775 38650 66232 32009 14848 %n7 13
48908 81291 45032 93127 17731 39650 81265 89012 15533 21307 12920 45295 5543 %n8 11
80073 32543 70048 44191 42107 93785 65797 94063 18492 23901 87361 %n9 10
13360 42413 86599 94471 71591 45312 39359 75781 1496 57529 %n10 11
68782 91933 53194 92475 58961 36287 37664 65970 68500 32251 18394 %n11 8
70826 95311 45379 9837 20782 94475 1410 37600 %n12 10
42622 24054 42666 32233 88379 67074 93392 28167 95291 28719 %n13 9
78036 128 62793 26686 61847 37492 34652 7542 22991 %n14 12
59860 30619 94405 13124 722 64270 51149 92080 64032 16868 54674 33343 %n15 11
70899 11636 85090 88375 59024 87998 68653 38779 35008 65886 24371 %n16 11
7197 72696 8920 35474 7131 90958 62556 40591 93781 10218 25787 %n17 9
56056 53626 17151 21730 35484 52428 62132 35877 8578 %n18 10
9884 69636 5247 6346 4491 87662 21855 59246 52221 23896 %n19 5
2219 6213 27731 34577 37576 %n20 8
79201 75918 74423 24336 12924 64724 8773 76124 %n21 6
94995 47256 96668 10020 77456 31151 %n22 9
40152 78250 57069 89255 33137 36588 69772 67480 81938 %n23 7
20075 76703 76101 82674 93655 10321 79340 %n24 10
77308 62626 75209 31087 4553 78209 78846 6263 4442 66205 %n25 8
75114 52533 95828 82244 18041 71773 65928 2661 %n26 7
27785 77873 8752 6646 29634 32764 12188 %n27 4
93897 47962 37728 11004 %n28 7
30649 38427 81819 72730 11446 79199 96856 %n29 8
28329 7560 6375 45650 42672 70307 33770 84446 %n30 7
87442 26796 23083 89488 87319 48874 73646 %n31 4
32647 31079 40119 13929 %n32 6
62688 7225 69095 89450 27286 57980 %n33 6
89465 66515 25415 58478 31946 48255 %n34 3
52080 19289 65143 %n35 9
53132 52092 42268 50062 16261 64886 93059 7962 44480 %n36 8
27170 41650 61092 23711 64251 71561 12511 69732 %n37 6
70398 48941 10649 40609 95108 64667 %n38 6
12145 65048 91624 59342 30160 57419 %n39 5
69728 50183 59636 76884 35209 %n40 8
78904 76956 12215 92998 45011 67138 81852 17959 %n41 7
34969 15131 51586 38712 16629 27489 37540 %n42 4
64668 10608 87483 72086 %n43 3
64067 2717 96144 %n44 4
80406 62559 91965 50829 %n45 3
73023 23373 77649 %n46 5
53073 25681 51988 27414 79893 %n47 2
30658 49719 %n48 6
30875 5745 34359 47411 63239 13605 %n49 1
26687 %n50 4
89175 46374 43803 28190 %n51 3
73391 93166 12561 %n52 8
22028 48407 80957 36016 28600 75438 78156 93442 %n53 4
71083 31305 18777 44671 %n54 2
60660 66902 %n55 1
54390 %n56 4
82641 49875 70577 63131 %n57 4
62748 23925 73116 39346 %n58 4
47188 65136 7171 50389 %n59 2
73572 39531 %n60 3
24450 76208 24751 %n61 3
79097 41807 95063 %n62 7
27210 6602 71365 74799 72957 44894 32116 %n63 2
48127 71486 %n64 1
16173 %n65 4
74981 61628 94135 3235 %n66 1
42313 %n67 4
86360 69857 36327 60993 %n68 3
13577 8566 33401 %n69 5
7189 17746 63087 78480 3563 %n70 2
70803 56358 %n71 2
69707 74006 %n72 1
37429 %n73 0
%n74 2
62646 16951 %n75 1
70607 %n76 4
96663 76105 35887 41189 %n77 0
%n78 4
96513 11051 74431 86828 %n79 3
22905 28158 30478 %n80 2
2386 60573 %n81 2
19370 93962 %n82 3
49961 11074 74072 %n83 0
%n84 1
88193 %n85 2
16801 76888 %n86 2
45104 72237 %n87 2
87345 422 %n88 1
26531 %n89 1
51934 %n90 0
%n91 2
75672 17372 %n92 1
4949 %n93 2
11560 59972 %n94 1
82713 %n95 1
49147 %n96 0
%n97 1
34748 %n98 2
36350 35353 %n99 4
44289 4171 24302 82159 %n100 2
12464 41968 %n101 2
60744 6466 %n102 1
44798 %n103 3
75410 87925 80528 %n104 0
%n