129
0 188
8263 2241 34968 19830 93725 41619 62501 702 54632 35990 1178 69188 75157 53845 36615 69556 20257 65740 49409 66691 62782 31771 96602 76264 77404 43564 36485 69719 38221 81223 23443 92725 1336 22638 93351 66007 43714 61473 80141 21141 52910 47431 11560 84186 64892 5858 37763 79756 92062 52710 85760 48097 27200 83268 44092 2765 10464 16931 51906 69974 66477 11628 96151 63683 57404 60847 68800 24683 32048 64314 53563 13575 27347 56191 34668 37902 13939 42721 76294 10896 36094 44312 77083 46794 47677 29572 82838 24672 3316 23868 5166 29645 76168 80696 42600 70932 78835 87627 18024 89894 67554 20177 85978 11842 3635 17405 25089 77116 10398 94936 31208 2920 37527 6549 96479 34764 67681 46168 30040 86216 3019 83564 2635 45221 22592 98151 79159 18674 18158 75941 12192 7359 48199 83692 56210 68833 34750 55309 87024 15386 36132 45071 98472 25833 42408 52614 20271 75134 29135 93281 96952 90606 45758 39952 87732 12016 96509 90079 56585 68509 93272 71482 49981 2248 71799 31566 52355 22987 49921 96144 98947 91702 79132 70631 94002 47020 21738 19653 12879 58006 68563 61016 85962 34273 28528 19805 98112 96283 %n1 145
78246 93280 5744 79498 20402 86394 32822 31197 92817 21095 12010 97563 22388 31402 48026 9048 98420 72455 17631 78113 11455 87258 18087 64406 95134 37943 89131 47361 62717 60688 41133 82405 15436 54802 2125 17436 75942 71864 93362 84649 73229 24864 60262 19689 41061 98535 8578 78126 45366 61732 30795 3343 72459 48842 40614 62514 78308 6119 19415 99481 46649 59716 28460 66050 81122 309 17861 83783 54261 18652 23312 12640 34871 36857 22564 52876 18322 28057 91127 78518 20814 71603 12765 3383 79510 31785 37758 36438 14477 80906 24325 86180 69714 64669 58584 26312 2384 10687 70486 26826 68214 68337 82318 91557 91040 41588 5785 3434 8019 23948 7270 7848 57059 3924 74526 794 48203 43180 76234 84261 62899 35652 70973 57826 58035 71124 86598 44689 71449 4900 37368 9591 32430 98095 73876 53132 76073 16160 43490 29419 48846 71250 17565 5411 82042 %n2 88
69644 33664 50353 55242 8351 38766 42207 1810 20625 77812 54678 81110 88844 9744 93610 99458 26477 79604 81079 52753 64482 54056 88094 21750 71672 76828 42278 89317 45030 78811 22458 19663 59948 94285 27124 6704 95525 62154 4734 94790 22478 74922 35696 29852 6183 91961 24508 63038 80702 9017 53118 32392 71813 4683 57102 34458 55173 12459 34880 18444 54273 30616 93100 25346 55328 17576 52834 4976 63494 39081 56645 1220 82730 33806 33741 93914 39185 76208 6712 27247 94078 27490 50356 3465 6343 83753 84752 60740 %n3 63
52464 7323 3568 9842 24463 51582 22178 50288 36408 25761 23038 95185 64495 55919 76911 62595 89774 69623 31885 72355 4660 88626 16347 52864 61079 59771 7769 72606 9081 97978 7234 9448 77997 75793 70504 19105 89487 7763 46674 98419 33964 27356 51882 66402 50208 11079 47858 81295 97494 13341 60784 24553 69147 84079 14579 28122 94276 81457 47305 76406 7980 32747 53670 %n4 50
59034 96978 43022 57626 35255 71905 87633 87845 97080 98452 17502 56997 92699 19725 23554 22106 67900 22039 3515 41852 9892 17053 39189 60598 31082 97342 30212 14175 69920 20207 22048 52888 97825 1487 79423 73955 52113 50081 26768 63048 48710 19526 26345 69947 35164 67415 51084 26168 73280 70439 %n5 39
30161 38022 8380 26117 37461 16999 20269 82355 64752 20571 21311 22757 8903 89428 34692 3655 88839 59159 99120 99264 32808 37634 12885 58243 54883 2503 52948 10916 58434 66321 42952 31906 46513 87547 36010 48957 86903 9644 8818 %n6 20
35265 80042 38124 774 74845 53877 58555 49238 25247 63889 77409 540 5090 493 32237 39831 92824 31054 3692 71043 %n7 21
83928 81871 35529 50285 80902 27362 70622 13899 63343 54569 46975 91084 89981 38814 44694 72109 86108 39737 9041 28309 19142 %n8 9
48720 95190 77090 15278 38534 58360 59178 635 68373 %n9 8
87183 5986 601 74407 68799 56178 28149 13567 %n10 10
16671 82964 70112 19559 18434 63894 10762 2431 20742 38393 %n11 6
37795 66370 85601 87089 92790 36831 %n12 5
96799 35981 65569 85291 42178 %n13 4
82860 82214 4762 77352 %n14 3
51285 87030 60967 %n15 0
%n16 0
%n17 0
%n18 0
%n19 0
%n20 0
%n21 1
17721 %n22 1
63618 %n23 0
%n24 0
%n25 0
%n26 0
%n27 1
75965 %n28 0
%n29 0
%n30 0
%n31 0
%n32 0
%n33 0
%n34 0
%n35 0
%n36 0
%n37 0
%n38 0
%n39 0
%n40 0
%n41 0
%n42 0
%n43 0
%n44 0
%n45 0
%n46 0
%n47 0
%n48 0
%n49 0
%n50 0
%n51 0
%n52 0
%n53 0
%n54 0
%n55 0
%n56 0
%n57 0
%n58 0
%n59 0
%n60 0
%n61 0
%n62 0
%n63 0
%n64 0
%n65 0
%n66 0
%n67 0
%n68 0
%n69 0
%n70 0
%n71 0
%n72 0
%n73 0
%n74 0
%n75 0
%n76 0
%n77 0
%n78 0
%n79 0
%n80 0
%n81 0
%n82 0
%n83 0
%n84 0
%n85 0
%n86 0
%n87 0
%n88 0
%n89 0
%n90 0
%n91 0
%n92 0
%n93 0
%n94 0
%n95 0
%n96 0
%n97 0
%n98 0
%n99 0
%n100 0
%n101 0
%n102 0
%n103 0
%n104 0
%n105 0
%n106 0
%n107 0
%n108 0
%n109 0
%n110 0
%n111 0
%n112 0
%n113 0
%n114 0
%n115 0
%n116 0
%n117 0
%n118 0
%n119 0
%n120 0
%n121 0
%n122 0
%n123 0
%n124 0
%n125 0
%n126 0
%n127 0
%n128 0
%n