344
0 10
8432 50210 44464 34911 80278 28090 91533 28657 46624 36482 %n1 10
13536 31244 23255 83670 43537 19587 78018 48998 25242 48152 %n2 10
26218 16488 74923 12221 16751 59647 45827 8997 64437 87679 %n3 10
85692 77071 66433 52134 22214 72550 10817 2068 42301 5851 %n4 10
19011 36420 42543 17720 42335 94002 19149 44997 49627 58382 %n5 9
83869 87161 10816 45776 37268 64315 2812 88820 13469 %n6 9
92486 83909 36362 26982 75813 94062 70740 93383 92672 %n7 10
83756 57506 64307 57921 44339 63291 34158 68771 79338 8581 %n8 7
14532 90009 46088 7790 72361 33628 48055 %n9 9
36821 73629 47873 76732 54610 70292 89894 28179 85865 %n10 9
74777 92460 31938 38731 63200 88100 75853 69764 55599 %n11 8
44065 65890 57248 28295 38465 4154 59230 53438 %n12 8
79899 41737 67276 59780 78952 53004 11028 26293 %n13 9
42867 37601 92106 27684 33933 27421 81251 35225 29625 %n14 8
13521 69308 86745 23092 52259 46262 91087 80743 %n15 5
2122 2512 45982 10187 61608 %n16 9
31791 82385 53043 50657 34754 9340 64913 83089 17864 %n17 9
72320 12678 24291 68977 47878 21919 18444 42428 92319 %n18 8
5668 5483 91182 32841 19277 41257 91301 40964 %n19 9
78945 940 27614 65823 7156 43407 50816 42547 71397 %n20 9
24737 26540 6695 88401 69487 75380 6659 61479 49734 %n21 7
64425 20750 86470 7380 89024 46339 27923 %n22 5
57106 64903 62491 41096 38405 %n23 9
39575 7564 89712 10612 28905 387 59207 26163 78476 %n24 5
30564 15170 33875 56890 95221 %n25 8
62374 48504 73994 32782 4136 13226 5156 53346 %n26 7
48731 92620 13101 41902 76456 52287 34996 %n27 7
34472 47428 71153 71835 72118 30667 82625 %n28 5
66819 1495 21408 53921 59762 %n29 7
3366 52492 50007 61860 90475 42040 20717 %n30 6
78030 74208 13434 93685 91025 44692 %n31 5
36968 69697 17390 29956 3821 %n32 5
93782 90822 21559 64582 37661 %n33 3
38049 12153 40336 %n34 8
75841 473 57996 89759 2611 83748 1386 30279 %n35 7
8613 62890 44697 3381 44475 44965 4897 %n36 8
76950 73801 31113 89414 54442 43865 81250 86001 %n37 5
57014 38818 49467 4398 31787 %n38 5
73640 65052 71437 655 66458 %n39 3
34987 17270 74423 %n40 5
12345 48839 33838 91536 75132 %n41 3
22881 25117 77177 %n42 5
89507 18110 23119 95158 44341 %n43 5
64763 65797 14979 8237 26452 %n44 3
53813 26789 60787 %n45 3
35284 73079 14019 %n46 3
4845 58513 3007 %n47 6
54391 6128 58069 73061 37329 81424 %n48 3
41573 41555 64447 %n49 4
9585 40731 8182 47101 %n50 2
66410 79759 %n51 3
64924 25939 95272 %n52 6
27579 43205 62978 25006 43158 90439 %n53 6
78177 35593 2799 69477 5609 58575 %n54 3
23275 68431 36385 %n55 5
89897 72572 57384 78809 8529 %n56 5
12823 41741 88566 30794 42015 %n57 7
18918 63273 20747 94260 40955 66380 94049 %n58 5
38866 31500 59640 53518 51606 %n59 4
64920 52687 93909 44602 %n60 2
23494 72848 %n61 4
56887 67739 51708 29621 %n62 3
601 38295 69909 %n63 3
17918 75910 64261 %n64 2
28017 59693 %n65 3
37409 93448 80435 %n66 4
29653 339 68962 86989 %n67 2
92600 60913 %n68 1
30395 %n69 2
57810 7290 %n70 5
4222 14792 74402 44502 95171 %n71 2
71755 23139 %n72 1
23514 %n73 0
%n74 2
14519 25 %n75 2
15487 58349 %n76 3
4001 2414 59817 %n77 1
79382 %n78 4
36017 62070 19448 91282 %n79 2
20849 73958 %n80 2
4503 68291 %n81 3
81864 46101 24780 %n82 3
80333 48515 92482 %n83 3
40959 11036 43510 %n84 4
49736 53178 71849 32159 %n85 1
17356 %n86 1
49221 %n87 2
83936 67965 %n88 2
4761 89262 %n89 2
39910 61928 %n90 4
86358 47909 11422 94081 %n91 4
90969 19611 26912 63642 %n92 0
%n93 2
21702 32137 %n94 2
69123 24043 %n95 1
18353 %n96 3
37293 60112 16141 %n97 4
4972 34022 93411 15271 %n98 0
%n99 3
48216 31988 46243 %n100 3
43089 61867 41193 %n101 4
59689 50461 19245 37178 %n102 0
%n103 1
87884 %n104 2
53845 55270 %n105 1
90488 %n106 0
%n107 2
82606 36634 %n108 1
78819 %n109 1
66527 %n110 1
71300 %n111 3
26577 78078 4648 %n112 0
%n113 1
48810 %n114 2
60307 54045 %n115 0
%n116 1
57403 %n117 1
12464 %n118 1
39444 %n119 1
80046 %n120 1
8497 %n121 2
64181 11333 %n122 4
22268 49097 72744 74502 %n123 0
%n124 1
84048 %n125 0
%n126 2
80955 86030 %n127 1
20357 %n128 1
71833 %n129 1
6552 %n130 1
20266 %n131 1
87080 %n132 1
92957 %n133 1
53125 %n134 1
34431 %n135 2
22810 4266 %n136 1
21786 %n137 0
%n138 1
44016 %n139 1
80666 %n140 3
26866 81620 26904 %n141 0
%n142 0
%n143 2
92763 20803 %n144 0
%n145 1
7989 %n146 0
%n147 2
21763 12726 %n148 0
%n149 0
%n150 2
26257 36041 %n151 0
%n152 1
52682 %n153 1
53513 %n154 1
70454 %n155 1
29827 %n156 1
26778 %n157 0
%n158 2
70701 28283 %n159 0
%n160 0
%n161 1
68400 %n162 1
92177 %n163 0
%n164 0
%n165 0
%n166 0
%n167 1
14224 %n168 0
%n169 1
89736 %n170 0
%n171 0
%n172 1
89114 %n173 1
32443 %n174 0
%n175 0
%n176 0
%n177 0
%n178 1
7634 %n179 1
84404 %n180 0
%n181 0
%n182 0
%n183 0
%n184 0
%n185 0
%n186 3
42632 13048 86248 %n187 0
%n188 1
6315 %n189 1
63332 %n190 0
%n191 1
72768 %n192 0
%n193 0
%n194 0
%n195 1
74107 %n196 1
42903 %n197 0
%n198 0
%n199 2
68511 51252 %n200 0
%n201 0
%n202 0
%n203 1
37938 %n204 0
%n205 0
%n206 0
%n207 0
%n208 0
%n209 0
%n210 0
%n211 0
%n212 0
%n213 0
%n214 0
%n215 0
%n216 0
%n217 0
%n218 0
%n219 0
%n220 0
%n221 0
%n222 0
%n223 0
%n224 0
%n225 0
%n226 0
%n227 0
%n228 0
%n229 1
85361 %n230 0
%n231 0
%n232 0
%n233 0
%n234 2
88619 37913 %n235 0
%n236 1
22235 %n237 0
%n238 0
%n239 0
%n240 1
57993 %n241 0
%n242 0
%n243 0
%n244 0
%n245 1
52423 %n246 0
%n247 0
%n248 0
%n249 0
%n250 0
%n251 1
36963 %n252 0
%n253 0
%n254 0
%n255 0
%n256 0
%n257 0
%n258 0
%n259 0
%n260 0
%n261 0
%n262 0
%n263 0
%n264 0
%n265 0
%n266 1
90269 %n267 0
%n268 0
%n269 0
%n270 0
%n271 0
%n272 0
%n273 0
%n274 0
%n275 1
21042 %n276 0
%n277 0
%n278 1
636 %n279 0
%n280 0
%n281 0
%n282 1
53148 %n283 0
%n284 0
%n285 0
%n286 0
%n287 0
%n288 0
%n289 0
%n290 0
%n291 0
%n292 0
%n293 0
%n294 0
%n295 0
%n296 0
%n297 1
31257 %n298 0
%n299 0
%n300 0
%n301 0
%n302 0
%n303 0
%n304 0
%n305 0
%n306 0
%n307 0
%n308 0
%n309 0
%n310 0
%n311 0
%n312 0
%n313 0
%n314 0
%n315 0
%n316 0
%n317 0
%n318 0
%n319 0
%n320 0
%n321 0
%n322 0
%n323 0
%n324 0
%n325 0
%n326 0
%n327 0
%n328 0
%n329 0
%n330 0
%n331 0
%n332 0
%n333 0
%n334 1
41171 %n335 0
%n336 0
%n337 0
%n338 0
%n339 0
%n340 0
%n341 0
%n342 0
%n343 0
%n