257
0 207
11011 26992 49665 64844 68507 231 62297 53752 15007 56852 46962 71294 15288 98748 87214 75894 43529 60406 31500 52932 25083 91004 8855 4959 94702 95881 87985 12544 24585 51807 138 80677 11176 74418 94102 70929 12687 73095 94746 28414 64558 83778 93011 32189 15715 29427 74582 91413 28185 69919 94391 71331 74666 41398 77128 84132 62332 76260 32683 46885 54910 16621 18471 60513 60390 67039 84388 5275 65796 69505 51268 80862 50956 19668 53865 4887 51445 53456 41318 74981 72571 24150 22312 59815 91886 26094 65875 64058 14657 35634 24367 67399 82056 70581 90990 33380 53663 75517 31081 85081 5095 71885 10264 9117 46052 85939 57695 12609 16196 31458 82824 38274 36982 8064 18692 96810 29643 27207 27871 29583 83167 28852 47232 69472 57440 25282 61074 13004 82854 95505 70740 39418 47827 72166 2207 20900 68783 27151 86160 99226 49521 40727 26267 94680 50503 89279 17093 65776 66700 5589 29322 83874 67766 12440 99065 41470 48700 22066 69925 49228 82948 36960 41772 82438 95660 27057 16060 41009 65668 45454 55873 20435 89236 35952 91638 34232 70277 95988 39874 30158 89033 20698 2813 20593 24176 83455 73734 54028 54620 98212 55311 35544 71604 74515 20515 29407 76027 51852 78566 40464 11841 48685 87834 37356 79811 3284 26276 %n1 151
62219 91392 5815 31488 90249 21137 73659 31698 79852 25068 66035 50316 67247 78169 99332 64481 15791 8070 60625 3802 34683 3952 37731 28884 86849 91471 64961 53533 74733 66757 13915 49937 83843 26734 68022 32115 20276 57313 84633 66253 88042 79780 3838 29225 57639 813 33605 52271 58148 59872 99150 74579 89844 63061 10959 42248 11915 86949 50543 75437 45713 49661 72467 81772 14487 76946 86612 31987 61649 52001 11361 95484 92588 2756 18539 15298 17029 14471 93388 10854 93982 89158 48394 34964 27489 43971 75699 50506 53427 27508 31865 44239 95717 97717 22729 13220 72777 91474 70184 57320 39710 56476 54802 28958 28914 83600 24759 56716 20362 53264 35860 46247 11022 25828 85944 34253 38758 37266 83944 87904 73318 55256 89300 8991 90789 48351 23943 39027 50425 42759 35953 56830 46010 93400 29146 72693 82931 19489 25532 72233 48723 29550 86512 54684 35462 59762 56360 45373 68412 43744 71256 %n2 98
9552 79258 58250 60397 60098 9405 7552 72625 42224 72206 13782 38550 79132 53710 38439 10500 68386 90838 19852 70194 73885 51373 46777 24246 31113 96792 72965 84122 64445 20344 36302 61975 87576 90713 99832 94809 81335 15514 74349 52426 39440 40576 77456 61413 16345 96531 54965 44156 18084 40546 10467 69748 51534 76262 39357 66147 19337 80165 57491 69676 24236 81948 21024 43512 21579 90739 9096 82996 55071 29497 51866 61318 13817 36239 6807 97317 16306 19383 84599 85416 43830 56064 20005 30165 9690 55133 82184 42595 21159 67696 84252 53298 20409 45425 57543 91639 58580 30474 %n3 67
90110 32865 83764 57483 91301 34834 29862 47098 48058 21902 46865 16603 98438 58111 76840 49907 37841 90616 10357 85058 27098 37171 99465 35717 29710 54017 64508 1841 64486 3614 42115 4827 13389 82821 27194 33572 29358 58434 25236 19421 64625 61469 28250 62227 20833 72354 97469 39885 26743 25643 58243 20419 39039 71482 48023 16745 27664 62617 12183 32689 38031 3981 14915 77822 38320 26969 6238 %n4 48
83039 59951 10827 28155 70621 17789 94994 45249 70726 3663 43985 22950 49696 11423 14467 38588 25745 71188 27423 10463 1306 45672 20220 40677 73236 18278 63864 55262 65979 8316 39177 28439 93624 18073 71518 91826 39237 68171 22148 9702 60212 46020 93295 41282 23802 40480 10731 35329 %n5 40
85671 48793 39660 82744 24714 72436 43465 6194 6626 62280 49155 71026 23449 93727 36308 43043 95935 8569 20588 52670 49337 57438 13645 39697 92858 26569 63734 25056 5486 62522 81475 99707 2631 3521 50151 70294 23519 69686 30716 5224 %n6 33
3026 72146 44697 75747 65828 20904 66323 26047 88630 29321 86062 86931 4510 26154 27283 20368 47306 84427 11412 49081 78597 25203 3118 67042 29271 96127 59549 31274 11295 58498 84844 74390 57767 %n7 13
14399 13513 30574 52277 92768 19690 54756 24968 20491 34431 72360 87709 13264 %n8 20
17349 8324 24061 80528 31290 34600 46385 73387 97146 67889 95443 9656 20961 26249 58770 86498 7748 24273 16624 63140 %n9 14
36623 22754 92376 27270 81786 31333 57916 95006 26813 16837 11542 57208 10696 91367 %n10 7
84504 1487 42483 40984 76070 8185 17450 %n11 5
37783 45336 2953 49911 74930 %n12 3
40616 5108 15455 %n13 2
17444 14669 %n14 5
54418 83337 59123 24132 32907 %n15 2
85925 66565 %n16 0
%n17 0
%n18 2
48631 50800 %n19 0
%n20 2
50080 44011 %n21 0
%n22 0
%n23 0
%n24 0
%n25 0
%n26 0
%n27 0
%n28 0
%n29 0
%n30 0
%n31 0
%n32 0
%n33 0
%n34 0
%n35 0
%n36 0
%n37 0
%n38 0
%n39 0
%n40 0
%n41 0
%n42 0
%n43 0
%n44 0
%n45 0
%n46 0
%n47 0
%n48 0
%n49 0
%n50 0
%n51 0
%n52 0
%n53 0
%n54 0
%n55 0
%n56 0
%n57 0
%n58 0
%n59 0
%n60 0
%n61 0
%n62 0
%n63 0
%n64 0
%n65 0
%n66 0
%n67 0
%n68 0
%n69 0
%n70 0
%n71 0
%n72 0
%n73 0
%n74 0
%n75 0
%n76 0
%n77 0
%n78 0
%n79 0
%n80 0
%n81 0
%n82 0
%n83 0
%n84 0
%n85 0
%n86 0
%n87 0
%n88 0
%n89 0
%n90 0
%n91 0
%n92 0
%n93 0
%n94 0
%n95 0
%n96 0
%n97 0
%n98 0
%n99 0
%n100 0
%n101 0
%n102 0
%n103 0
%n104 0
%n105 0
%n106 0
%n107 0
%n108 0
%n109 0
%n110 0
%n111 0
%n112 0
%n113 0
%n114 0
%n115 0
%n116 0
%n117 0
%n118 0
%n119 0
%n120 0
%n121 0
%n122 0
%n123 0
%n124 0
%n125 0
%n126 0
%n127 0
%n128 0
%n129 0
%n130 0
%n131 0
%n132 0
%n133 0
%n134 0
%n135 0
%n136 0
%n137 0
%n138 0
%n139 0
%n140 0
%n141 0
%n142 0
%n143 0
%n144 0
%n145 0
%n146 0
%n147 0
%n148 0
%n149 0
%n150 0
%n151 0
%n152 0
%n153 0
%n154 0
%n155 0
%n156 0
%n157 0
%n158 0
%n159 0
%n160 0
%n161 0
%n162 0
%n163 0
%n164 0
%n165 0
%n166 0
%n167 0
%n168 0
%n169 0
%n170 0
%n171 0
%n172 0
%n173 0
%n174 0
%n175 0
%n176 0
%n177 0
%n178 0
%n179 0
%n180 0
%n181 0
%n182 0
%n183 0
%n184 0
%n185 0
%n186 0
%n187 0
%n188 0
%n189 0
%n190 0
%n191 0
%n192 0
%n193 0
%n194 0
%n195 0
%n196 0
%n197 0
%n198 0
%n199 0
%n200 0
%n201 0
%n202 0
%n203 0
%n204 0
%n205 0
%n206 0
%n207 0
%n208 0
%n209 0
%n210 0
%n211 0
%n212 0
%n213 0
%n214 0
%n215 0
%n216 0
%n217 0
%n218 0
%n219 0
%n220 0
%n221 0
%n222 0
%n223 0
%n224 0
%n225 0
%n226 0
%n227 0
%n228 0
%n229 0
%n230 0
%n231 0
%n232 0
%n233 0
%n234 0
%n235 0
%n236 0
%n237 0
%n238 0
%n239 0
%n240 0
%n241 0
%n242 0
%n243 0
%n244 0
%n245 0
%n246 0
%n247 0
%n248 0
%n249 0
%n250 0
%n251 0
%n252 0
%n253 0
%n254 0
%n255 0
%n256 0
%n