124
0 13
81604 17038 59392 61677 77046 67593 1590 66317 38261 76237 85541 60457 81151 %n1 13
2629 84328 60836 13065 54902 28464 26167 19063 32995 823 25755 28587 34325 %n2 11
30778 2436 52425 92938 86586 77896 61880 28725 60884 90563 44327 %n3 11
70640 72381 95172 46036 81895 14160 85817 50026 25553 84173 99999 %n4 9
91653 83704 17884 60977 74136 47567 83503 71598 8217 %n5 10
19412 84138 91300 64378 80440 22041 67806 51826 9854 61570 %n6 11
91573 29226 61502 14038 13463 48271 64692 53083 57608 86970 41634 %n7 10
79615 58815 7252 46560 9652 6736 68841 79117 48525 11086 %n8 10
99712 78947 70643 21111 99099 83390 61605 94571 26795 506 %n9 9
37950 64501 96711 60291 17171 29232 6835 89452 42364 %n10 8
36793 96350 36001 74942 22072 88078 36224 34369 %n11 7
58871 94107 43238 17300 56588 77241 61588 %n12 6
93357 10382 22705 62665 39667 58535 %n13 10
88390 88455 95126 79777 77465 17659 64514 42421 53353 15834 %n14 6
32895 98923 25959 32604 20234 81607 %n15 7
10202 11189 98623 63474 12062 64455 71943 %n16 8
91121 80540 73293 43695 16262 54959 27873 44957 %n17 7
56330 2174 34821 40688 59536 52706 96525 %n18 6
50696 75867 11520 69683 37915 65266 %n19 6
42089 5885 97449 70027 28903 51624 %n20 7
99176 20778 5155 99211 8389 97012 719 %n21 6
50353 71716 39967 75835 21203 8075 %n22 5
48684 21744 12014 57571 35024 %n23 7
79896 84633 97100 24206 19673 77085 62674 %n24 3
98954 18936 28913 %n25 6
33751 57253 46760 86833 20441 24111 %n26 4
25492 52208 91191 20905 %n27 5
19385 18001 44631 73169 40008 %n28 3
67613 74409 87972 %n29 2
296 17310 %n30 1
26608 %n31 4
88648 33844 46744 61529 %n32 6
60417 24285 90216 59738 22291 15410 %n33 1
72499 %n34 2
85341 32464 %n35 5
29487 58753 63590 56182 73869 %n36 3
60659 28868 90395 %n37 2
66549 91557 %n38 4
55177 45674 31308 67005 %n39 5
89512 28715 5007 21627 90044 %n40 2
85893 84196 %n41 3
90664 57959 68199 %n42 4
8656 61181 71363 33932 %n43 1
2531 %n44 3
94774 16383 80337 %n45 1
55369 %n46 1
44074 %n47 3
54661 68351 57926 %n48 0
%n49 1
65570 %n50 3
93911 45197 29203 %n51 2
10286 85018 %n52 4
26500 75572 50684 55638 %n53 2
32695 45213 %n54 1
17007 %n55 4
13374 83197 83310 65816 %n56 1
57157 %n57 3
64416 52076 66105 %n58 1
69178 %n59 2
92168 28580 %n60 3
75114 58637 37293 %n61 1
85156 %n62 1
75497 %n63 1
85661 %n64 0
%n65 2
59444 54772 %n66 1
42959 %n67 0
%n68 0
%n69 1
5138 %n70 1
16177 %n71 3
84496 96703 70237 %n72 1
42225 %n73 0
%n74 0
%n75 1
39173 %n76 0
%n77 0
%n78 1
15248 %n79 0
%n80 1
7243 %n81 0
%n82 0
%n83 0
%n84 1
21076 %n85 0
%n86 1
64774 %n87 0
%n88 0
%n89 1
66388 %n90 1
23417 %n91 1
61459 %n92 0
%n93 0
%n94 2
10026 21628 %n95 0
%n96 0
%n97 2
84822 2704 %n98 0
%n99 1
73975 %n100 1
53050 %n101 0
%n102 0
%n103 2
44160 35986 %n104 1
21044 %n105 0
%n106 0
%n107 0
%n108 0
%n109 0
%n110 0
%n111 0
%n112 0
%n113 0
%n114 0
%n115 0
%n116 1
78484 %n117 0
%n118 0
%n119 0
%n120 0
%n121 0
%n122 0
%n123 0
%n