392
0 13
59491 66706 59210 38108 68714 8652 41134 58440 5665 43220 36949 32184 57427 %n1 13
4745 73423 52618 7068 51568 21365 31630 52025 16746 72191 29955 14549 62031 %n2 13
20526 69704 72166 51923 34591 63433 15353 64567 36970 11190 26413 69052 53939 %n3 12
72145 58159 3785 9633 39020 17013 4664 23884 49292 74452 56709 63610 %n4 13
8783 5985 54222 80295 21976 43517 72673 44019 13286 311 13957 52481 11922 %n5 13
55790 17333 6463 38607 76950 48251 48775 59726 76245 21804 67287 634 17558 %n6 13
74533 41540 18301 35206 12050 29175 35036 31018 59624 24160 11299 20340 54372 %n7 13
46422 816 54909 1723 4436 60698 2254 3008 14382 36849 56604 18770 9694 %n8 12
37773 74324 6082 51634 1089 51833 19007 53554 23363 60431 73615 73949 %n9 11
67099 38934 70610 78801 53248 78379 28282 43285 32600 77412 22356 %n10 10
36512 70302 8318 54383 79058 69132 21808 78073 23944 23968 %n11 9
50992 70092 35735 17970 63235 51537 65692 51548 2418 %n12 13
12626 59708 45585 53693 61365 72283 18894 8583 27911 62798 48391 29112 14140 %n13 9
3962 71631 77306 3863 19453 68048 80015 10906 69454 %n14 11
13255 54408 20327 46253 50869 74239 36499 76265 3654 49904 31829 %n15 10
31525 40454 6835 31767 54370 46418 40484 79254 61794 40300 %n16 11
16909 60527 54337 51564 66179 38570 78854 54384 18193 38001 26106 %n17 8
15303 31422 42344 5579 47570 65287 22786 67726 %n18 11
8754 39356 70998 20155 52522 29968 56929 48926 29918 34855 11085 %n19 7
71504 55993 34896 671 77983 4116 74434 %n20 9
25698 17490 36617 31267 34152 62269 31660 29892 60570 %n21 5
32080 16612 6192 9117 52600 %n22 8
10841 39841 18113 36953 51031 50068 1518 15911 %n23 5
58220 40901 40496 78427 46087 %n24 6
30222 56788 3405 31786 11687 19331 %n25 6
40246 76966 58162 6612 56902 73863 %n26 9
12559 55938 50322 70337 38508 46008 40426 71260 31850 %n27 6
30052 76228 21196 51279 19714 44027 %n28 9
67017 73904 75575 49221 3592 63209 15120 70718 42492 %n29 8
69396 63620 69144 68784 72843 17693 41020 1286 %n30 5
13488 47735 53673 14856 6312 %n31 1
12125 %n32 5
46491 9726 77922 20533 79720 %n33 5
72964 36493 26695 6452 70589 %n34 9
42733 77234 2121 36409 6124 32042 70764 46209 37827 %n35 5
72293 28770 77387 30953 52390 %n36 6
18080 27276 21518 20724 52569 43188 %n37 8
13276 25115 5798 61488 4206 28621 66558 57358 %n38 7
70178 46973 264 74844 51455 72560 20535 %n39 5
34636 38792 48174 66076 80169 %n40 3
69237 51215 45308 %n41 5
44115 62115 17544 55370 2419 %n42 3
48976 34795 38610 %n43 6
32889 1896 7504 72574 76692 36028 %n44 6
64304 32350 35143 7968 56909 63887 %n45 7
29890 30317 72960 38313 67405 52220 45304 %n46 4
4949 65336 53441 29971 %n47 7
60935 62317 21990 37806 53866 62681 60688 %n48 6
66542 35175 10330 9645 5442 3906 %n49 4
40233 28603 48461 36358 %n50 1
55736 %n51 5
64299 48617 58285 14347 12742 %n52 3
35798 25724 32111 %n53 7
32792 9999 40606 26768 79357 32589 25446 %n54 4
41317 75040 44232 47691 %n55 4
14657 33621 21698 34244 %n56 5
26135 44564 28986 41324 5152 %n57 3
9515 30724 78573 %n58 4
54730 66462 45015 1476 %n59 1
75284 %n60 2
78234 70409 %n61 5
5694 79521 54436 8065 62744 %n62 6
37361 39202 80494 74742 55715 75352 %n63 4
14907 73302 65771 46106 %n64 3
4439 42625 81034 %n65 4
74684 71052 54786 55405 %n66 4
41522 39601 41651 66513 %n67 3
12343 15093 16582 %n68 3
19770 15542 61835 %n69 3
30731 43132 8301 %n70 2
13367 55355 %n71 3
4856 23749 43521 %n72 0
%n73 4
57076 1098 37848 75269 %n74 6
43748 51383 57355 45476 38555 9208 %n75 3
25463 22462 53599 %n76 4
9010 41447 18921 56121 %n77 3
59548 30888 21949 %n78 4
1719 10664 43796 28999 %n79 5
64710 65578 18733 11877 35330 %n80 2
41955 10837 %n81 3
38853 59010 13752 %n82 1
57374 %n83 5
78070 17806 61691 40404 2260 %n84 2
35164 65728 %n85 4
6106 62400 2546 23130 %n86 4
33812 43703 69287 49570 %n87 3
11131 109 5717 %n88 4
74133 13782 75460 22837 %n89 2
8519 47208 %n90 2
27407 29241 %n91 2
2858 35780 %n92 2
12788 50698 %n93 1
11776 %n94 1
28493 %n95 0
%n96 5
63344 66362 24337 30027 27523 %n97 0
%n98 2
44356 62949 %n99 2
25590 20880 %n100 1
48969 %n101 3
78533 4954 16231 %n102 1
13999 %n103 3
76530 48859 38299 %n104 1
53610 %n105 2
15914 21833 %n106 2
11082 40024 %n107 3
40640 20942 9693 %n108 1
32328 %n109 2
50722 9613 %n110 1
80719 %n111 2
37692 33622 %n112 2
20166 77097 %n113 2
34845 50085 %n114 1
5610 %n115 1
41666 %n116 3
72427 62766 12955 %n117 2
42863 74635 %n118 1
1164 %n119 2
51838 33794 %n120 0
%n121 1
61505 %n122 4
32082 40373 18562 65337 %n123 1
58462 %n124 1
39467 %n125 2
11020 47276 %n126 0
%n127 0
%n128 2
60551 22315 %n129 1
11081 %n130 2
80566 4774 %n131 1
75305 %n132 1
35956 %n133 1
41140 %n134 1
71956 %n135 2
8687 3111 %n136 0
%n137 0
%n138 0
%n139 0
%n140 0
%n141 1
20083 %n142 1
20030 %n143 2
64527 76633 %n144 0
%n145 1
72719 %n146 0
%n147 0
%n148 0
%n149 1
12713 %n150 2
70739 32084 %n151 1
73200 %n152 0
%n153 0
%n154 0
%n155 0
%n156 0
%n157 1
48696 %n158 0
%n159 1
32004 %n160 0
%n161 1
9793 %n162 0
%n163 0
%n164 0
%n165 0
%n166 1
49003 %n167 1
60670 %n168 1
63957 %n169 0
%n170 0
%n171 0
%n172 1
56197 %n173 0
%n174 0
%n175 1
34554 %n176 0
%n177 0
%n178 0
%n179 0
%n180 0
%n181 0
%n182 0
%n183 1
41168 %n184 0
%n185 0
%n186 1
2108 %n187 0
%n188 0
%n189 0
%n190 0
%n191 0
%n192 0
%n193 0
%n194 0
%n195 1
38550 %n196 2
41649 785 %n197 0
%n198 1
64292 %n199 1
77613 %n200 0
%n201 0
%n202 0
%n203 0
%n204 0
%n205 1
61636 %n206 0
%n207 0
%n208 0
%n209 0
%n210 0
%n211 0
%n212 0
%n213 0
%n214 0
%n215 0
%n216 0
%n217 0
%n218 0
%n219 0
%n220 0
%n221 0
%n222 0
%n223 0
%n224 0
%n225 0
%n226 1
77846 %n227 0
%n228 1
8852 %n229 0
%n230 0
%n231 0
%n232 0
%n233 0
%n234 0
%n235 0
%n236 0
%n237 0
%n238 0
%n239 0
%n240 0
%n241 0
%n242 0
%n243 0
%n244 1
33017 %n245 0
%n246 0
%n247 0
%n248 0
%n249 0
%n250 0
%n251 0
%n252 0
%n253 0
%n254 0
%n255 0
%n256 0
%n257 0
%n258 0
%n259 0
%n260 0
%n261 0
%n262 1
3942 %n263 0
%n264 0
%n265 0
%n266 0
%n267 0
%n268 1
35387 %n269 0
%n270 0
%n271 0
%n272 0
%n273 0
%n274 0
%n275 0
%n276 0
%n277 0
%n278 0
%n279 0
%n280 0
%n281 0
%n282 0
%n283 0
%n284 1
11969 %n285 0
%n286 0
%n287 0
%n288 0
%n289 1
56740 %n290 0
%n291 0
%n292 0
%n293 0
%n294 0
%n295 0
%n296 0
%n297 0
%n298 0
%n299 0
%n300 0
%n301 0
%n302 0
%n303 0
%n304 0
%n305 0
%n306 0
%n307 0
%n308 0
%n309 0
%n310 0
%n311 0
%n312 0
%n313 0
%n314 0
%n315 0
%n316 0
%n317 0
%n318 0
%n319 0
%n320 0
%n321 0
%n322 0
%n323 0
%n324 0
%n325 0
%n326 0
%n327 0
%n328 0
%n329 0
%n330 0
%n331 0
%n332 0
%n333 0
%n334 0
%n335 0
%n336 0
%n337 0
%n338 0
%n339 0
%n340 0
%n341 0
%n342 0
%n343 0
%n344 0
%n345 0
%n346 0
%n347 0
%n348 0
%n349 0
%n350 0
%n351 0
%n352 0
%n353 0
%n354 0
%n355 0
%n356 0
%n357 0
%n358 0
%n359 0
%n360 0
%n361 0
%n362 0
%n363 0
%n364 0
%n365 0
%n366 0
%n367 0
%n368 0
%n369 0
%n370 0
%n371 0
%n372 0
%n373 0
%n374 0
%n375 0
%n376 0
%n377 0
%n378 0
%n379 0
%n380 0
%n381 0
%n382 0
%n383 0
%n384 0
%n385 0
%n386 0
%n387 0
%n388 0
%n389 0
%n390 0
%n391 0
%n