361
0 114
78203 45610 10818 71814 27291 10023 54449 58618 29438 83050 86404 55477 82622 19502 65580 18974 84278 52132 18903 7127 54219 55820 60101 69402 11973 66908 76817 47789 10962 90476 55079 23256 5242 41218 42498 74087 52769 48533 7867 5477 27372 71824 87902 88044 80092 45234 65897 7560 14718 85761 73619 60936 12751 90073 22984 97837 20467 68507 96018 1130 34231 63181 88614 50989 34500 17037 76113 36452 19925 30391 97769 38100 49998 72488 92763 29350 16007 94109 19594 89570 47702 157 58626 63342 53177 74052 83480 76614 22822 57990 48043 67986 35913 98273 17600 69673 67215 98759 60265 17649 8743 9939 75627 82855 2437 57487 66938 23261 83034 87885 18496 18054 70889 65796 %n1 90
57932 99409 40932 71318 7546 60214 94545 78784 51106 55223 2442 32566 43094 7533 57765 62780 73523 69256 84591 15363 56267 34079 65773 6279 5505 38626 7691 65690 87905 16269 60154 87079 26257 26698 36054 85817 32444 91326 62016 15605 30618 20115 67879 83191 55259 29078 30019 42521 55920 39485 96084 22416 55104 49840 73420 68539 57211 97177 76554 88342 99940 5214 24561 27459 43333 72920 41045 98335 42111 35330 79393 97359 62896 21808 79251 38770 86918 30940 22402 41605 54437 48456 89972 58311 14795 39488 90652 32122 25485 49030 %n2 65
66581 42813 81408 25073 37576 47010 86512 53662 93899 82273 62209 27769 8267 18754 29337 86834 4006 34479 67678 28970 76490 10740 58395 84608 32087 13288 73069 64926 70176 10624 46130 80802 52124 17870 25221 32789 17729 29246 68074 89996 28574 10952 39017 2771 2461 50488 45787 70116 3066 88806 92971 67820 71743 43305 49384 93759 89184 23817 87559 93705 67784 74249 11475 46120 36684 %n3 50
37302 18573 60744 60508 63929 24819 93316 17188 88238 99983 538 46554 32499 24651 90786 42318 38320 79676 60591 55810 51485 74785 2974 78281 6587 45871 52111 9995 68225 86613 222 61079 57839 73321 50875 84817 79098 23890 47579 9066 2688 92339 45909 25245 7216 30889 60340 30050 13653 94148 %n4 41
79110 47603 49882 94157 84114 4806 19049 87311 49932 79580 69781 70239 61100 4580 71078 88800 69759 55462 47375 27077 67129 95040 96640 82267 67800 48653 55256 39723 97858 66454 10860 10830 98222 41287 57116 52752 34067 53775 58687 36496 97604 %n5 32
63094 34848 22821 64022 17126 84020 67914 49386 52089 17283 37408 52352 67680 36623 11601 6156 24266 36361 55669 51570 90986 40845 38251 96724 75905 66597 72401 65288 96283 15451 61440 39517 %n6 21
89525 39210 14265 55891 86121 98729 37645 48980 33227 8958 39795 81119 23794 33738 57023 99147 74207 46581 23541 40911 68356 %n7 22
52793 54605 9768 14248 38416 31148 82811 4944 63897 64807 17332 78349 6994 3 2284 20738 54120 55426 13229 73025 71465 35530 %n8 10
20920 1813 63850 78872 57294 16778 8601 59397 71320 59383 %n9 12
45232 8768 50999 91050 77126 6922 89364 55355 41313 93313 69009 99347 %n10 10
68305 74131 78283 30409 5792 41211 55471 80169 19985 64949 %n11 7
99310 80108 55340 67200 6031 35818 92302 %n12 7
10021 4493 99597 51187 60030 62473 68050 %n13 6
95636 7731 71530 92160 94921 1870 %n14 1
12705 %n15 1
92805 %n16 4
63557 5219 74588 96250 %n17 0
%n18 2
13231 65349 %n19 2
97590 83956 %n20 0
%n21 1
19161 %n22 0
%n23 0
%n24 0
%n25 0
%n26 0
%n27 0
%n28 0
%n29 0
%n30 0
%n31 0
%n32 0
%n33 0
%n34 0
%n35 0
%n36 0
%n37 0
%n38 0
%n39 0
%n40 0
%n41 0
%n42 0
%n43 0
%n44 0
%n45 0
%n46 0
%n47 0
%n48 0
%n49 0
%n50 0
%n51 0
%n52 0
%n53 0
%n54 0
%n55 0
%n56 0
%n57 0
%n58 0
%n59 0
%n60 0
%n61 0
%n62 0
%n63 0
%n64 0
%n65 0
%n66 0
%n67 0
%n68 0
%n69 0
%n70 0
%n71 0
%n72 0
%n73 0
%n74 0
%n75 0
%n76 0
%n77 0
%n78 0
%n79 0
%n80 0
%n81 0
%n82 0
%n83 0
%n84 0
%n85 0
%n86 0
%n87 0
%n88 0
%n89 0
%n90 0
%n91 0
%n92 0
%n93 0
%n94 0
%n95 0
%n96 0
%n97 0
%n98 0
%n99 0
%n100 0
%n101 0
%n102 0
%n103 0
%n104 0
%n105 0
%n106 0
%n107 0
%n108 0
%n109 0
%n110 0
%n111 0
%n112 0
%n113 0
%n114 0
%n115 0
%n116 0
%n117 0
%n118 0
%n119 0
%n120 0
%n121 0
%n122 0
%n123 0
%n124 0
%n125 0
%n126 0
%n127 0
%n128 0
%n129 0
%n130 0
%n131 0
%n132 0
%n133 0
%n134 0
%n135 0
%n136 0
%n137 0
%n138 0
%n139 0
%n140 0
%n141 0
%n142 0
%n143 0
%n144 0
%n145 0
%n146 0
%n147 0
%n148 0
%n149 0
%n150 0
%n151 0
%n152 0
%n153 0
%n154 0
%n155 0
%n156 0
%n157 0
%n158 0
%n159 0
%n160 0
%n161 0
%n162 0
%n163 0
%n164 0
%n165 0
%n166 0
%n167 0
%n168 0
%n169 0
%n170 0
%n171 0
%n172 0
%n173 0
%n174 0
%n175 0
%n176 0
%n177 0
%n178 0
%n179 0
%n180 0
%n181 0
%n182 0
%n183 0
%n184 0
%n185 0
%n186 0
%n187 0
%n188 0
%n189 0
%n190 0
%n191 0
%n192 0
%n193 0
%n194 0
%n195 0
%n196 0
%n197 0
%n198 0
%n199 0
%n200 0
%n201 0
%n202 0
%n203 0
%n204 0
%n205 0
%n206 0
%n207 0
%n208 0
%n209 0
%n210 0
%n211 0
%n212 0
%n213 0
%n214 0
%n215 0
%n216 0
%n217 0
%n218 0
%n219 0
%n220 0
%n221 0
%n222 0
%n223 0
%n224 0
%n225 0
%n226 0
%n227 0
%n228 0
%n229 0
%n230 0
%n231 0
%n232 0
%n233 0
%n234 0
%n235 0
%n236 0
%n237 0
%n238 0
%n239 0
%n240 0
%n241 0
%n242 0
%n243 0
%n244 0
%n245 0
%n246 0
%n247 0
%n248 0
%n249 0
%n250 0
%n251 0
%n252 0
%n253 0
%n254 0
%n255 0
%n256 0
%n257 0
%n258 0
%n259 0
%n260 0
%n261 0
%n262 0
%n263 0
%n264 0
%n265 0
%n266 0
%n267 0
%n268 0
%n269 0
%n270 0
%n271 0
%n272 0
%n273 0
%n274 0
%n275 0
%n276 0
%n277 0
%n278 0
%n279 0
%n280 0
%n281 0
%n282 0
%n283 0
%n284 0
%n285 0
%n286 0
%n287 0
%n288 0
%n289 0
%n290 0
%n291 0
%n292 0
%n293 0
%n294 0
%n295 0
%n296 0
%n297 0
%n298 0
%n299 0
%n300 0
%n301 0
%n302 0
%n303 0
%n304 0
%n305 0
%n306 0
%n307 0
%n308 0
%n309 0
%n310 0
%n311 0
%n312 0
%n313 0
%n314 0
%n315 0
%n316 0
%n317 0
%n318 0
%n319 0
%n320 0
%n321 0
%n322 0
%n323 0
%n324 0
%n325 0
%n326 0
%n327 0
%n328 0
%n329 0
%n330 0
%n331 0
%n332 0
%n333 0
%n334 0
%n335 0
%n336 0
%n337 0
%n338 0
%n339 0
%n340 0
%n341 0
%n342 0
%n343 0
%n344 0
%n345 0
%n346 0
%n347 0
%n348 0
%n349 0
%n350 0
%n351 0
%n352 0
%n353 0
%n354 0
%n355 0
%n356 0
%n357 0
%n358 0
%n359 0
%n360 0
%n