304
0 108
19508 173 6543 9989 22873 25462 14470 3468 1373 9622 24957 14416 15926 4216 8007 23169 23292 2330 8286 22029 13175 7610 14642 11995 15078 14356 23463 11473 8230 15499 16120 22454 13202 7037 25367 985 22426 13550 9396 6320 25270 23665 5832 9103 1608 12838 25485 13557 12486 23426 483 1960 10329 25734 16409 11144 15987 18725 23192 15734 22322 21335 21881 1031 12099 24118 12044 3317 24315 15637 4850 5203 21822 21028 23109 17384 17645 20095 8262 22241 25470 24432 24245 12026 5467 14245 7991 24111 20041 8671 15133 16044 10416 8477 23066 22640 20375 9253 5357 842 23785 21972 2591 12729 17325 10806 22504 12182 %n1 5
592 14237 4253 18355 5611 %n2 5
13162 19 5592 23339 15358 %n3 5
19162 12330 12411 2183 10571 %n4 5
12691 15962 13453 15278 16894 %n5 5
3950 23783 4662 17546 17551 %n6 5
19368 24888 9612 12445 4832 %n7 5
17990 14095 6839 21761 2929 %n8 5
1294 15813 25432 15387 15810 %n9 5
4907 1529 1107 18416 5324 %n10 5
5245 18205 18973 2602 13940 %n11 5
20038 19625 20644 12492 20008 %n12 5
20869 6339 7476 4960 11329 %n13 5
21413 24592 13343 12894 4457 %n14 5
12138 23876 350 20362 2302 %n15 5
1392 7044 14346 5482 19769 %n16 5
2068 2072 14511 1021 24605 %n17 5
308 9792 14875 14203 24273 %n18 5
8687 8617 2622 11982 9658 %n19 5
5809 13345 23288 1389 19009 %n20 5
9067 23924 1181 8261 3620 %n21 5
3120 1894 12674 14247 15496 %n22 5
2805 14698 8903 19981 13875 %n23 5
7801 8695 24635 14488 15811 %n24 5
20483 18468 14348 21007 12737 %n25 5
18798 13842 4624 19435 6481 %n26 5
1147 7652 16300 4634 5563 %n27 5
5489 7962 2281 14357 12685 %n28 5
16317 5814 17112 20599 19172 %n29 5
3441 6814 6895 15135 6291 %n30 5
2328 13992 12974 10211 25052 %n31 5
22756 7244 21006 11045 3666 %n32 5
24287 24044 5159 20681 4602 %n33 5
2272 500 20775 19682 17581 %n34 5
4778 2618 1639 7988 12589 %n35 5
15258 2936 14585 21424 16456 %n36 5
17817 25208 17487 14985 16605 %n37 5
10613 554 24074 23526 17854 %n38 5
10322 19840 14528 2793 19693 %n39 5
11929 5034 16245 5474 2384 %n40 5
16105 16901 22114 9666 23934 %n41 5
5232 1563 2494 14799 12115 %n42 5
2580 3749 24409 25622 14452 %n43 5
6653 8468 25149 2815 17547 %n44 5
13007 21580 4551 9136 10062 %n45 5
18424 4285 22914 17662 9852 %n46 5
8459 4286 18294 25649 23234 %n47 5
17600 21642 9842 4735 3979 %n48 5
4943 23798 9294 10010 19424 %n49 5
18397 14646 24601 11466 15767 %n50 5
21756 10003 10292 10178 4499 %n51 5
3838 15905 1633 15289 20966 %n52 5
3492 828 1981 9607 20990 %n53 5
25464 2196 14365 2480 6635 %n54 5
16774 20445 6670 5289 11384 %n55 4
7543 10943 20603 21855 %n56 5
8947 8357 22249 13347 17798 %n57 5
24461 7460 16968 16832 6546 %n58 5
1425 5975 20525 19318 7663 %n59 5
21272 13964 19093 8409 7898 %n60 5
6836 9816 5396 18 9696 %n61 5
23187 4317 6412 5169 9092 %n62 5
3201 495 15676 19740 4408 %n63 5
13745 22525 16229 513 119 %n64 5
23919 23373 5587 3479 2686 %n65 5
2019 11151 14884 9780 2791 %n66 5
436 22901 18384 11820 1732 %n67 4
22560 7535 12164 1196 %n68 5
8237 9934 4937 12973 6622 %n69 5
3252 19281 6352 8789 2582 %n70 5
18258 21547 4773 22769 25081 %n71 5
10177 24864 21634 6638 15437 %n72 5
20974 20758 9043 1998 24831 %n73 5
25749 15096 505 25252 2882 %n74 5
20448 15527 1112 10619 3223 %n75 5
16393 20122 7685 1234 12455 %n76 5
4538 23226 23981 20856 22645 %n77 5
13903 13262 22096 7758 20964 %n78 5
23747 6514 21810 969 14588 %n79 5
10755 10623 20250 19177 11014 %n80 5
13401 3981 21355 9515 15217 %n81 5
12467 15892 1078 20349 9618 %n82 5
15998 12096 4523 16914 5079 %n83 5
17973 18163 3552 13205 10521 %n84 5
3350 14793 7422 10573 22015 %n85 5
5465 22121 9506 21587 18801 %n86 5
24045 15296 22158 3899 10818 %n87 4
14876 19067 4696 17460 %n88 5
23921 4071 23786 8730 1308 %n89 4
11097 21806 25391 19284 %n90 5
22125 20141 14291 2866 24595 %n91 5
22192 24437 24171 20488 8577 %n92 5
15702 13986 1672 3349 5664 %n93 5
4589 25379 24327 4941 14062 %n94 5
9496 12843 10279 4657 3769 %n95 5
11398 15895 24332 22394 1490 %n96 5
11342 17258 18247 11371 16102 %n97 5
1618 16390 382 17261 6736 %n98 5
11252 61 4639 3777 10191 %n99 5
7048 19828 8451 13323 1271 %n100 5
15000 10525 9684 10790 552 %n101 5
19906 4143 10929 4664 5172 %n102 5
4306 22657 8002 12105 4516 %n103 5
1946 13556 1510 16176 5384 %n104 5
15530 11952 13882 7651 9286 %n105 5
12722 3185 11755 23686 1 %n106 4
16130 9376 22811 19789 %n107 5
8990 19604 8350 6080 4474 %n108 5
19143 971 25413 10798 24860 %n109 5
22134 16699 22876 11497 19180 %n110 5
11022 11700 4993 5440 5532 %n111 5
21148 9629 1036 24590 5557 %n112 5
21928 3871 6007 11036 1541 %n113 5
22862 3431 2417 5805 10266 %n114 5
24986 20201 16304 4537 5389 %n115 5
14556 18501 23521 14563 20153 %n116 4
12167 2623 21456 3240 %n117 5
15971 14989 8916 2532 11375 %n118 5
8026 19480 16791 15417 23699 %n119 5
4585 2875 9104 5416 17942 %n120 5
4918 4584 15497 6989 9146 %n121 5
858 19481 17682 19855 15510 %n122 5
24811 2701 21590 16953 455 %n123 5
942 11933 24759 2786 1390 %n124 5
15257 18281 20453 16351 15456 %n125 5
12764 22254 16924 8870 14084 %n126 5
19587 7306 11554 25501 16994 %n127 5
10940 14776 8707 23307 6758 %n128 5
14815 4031 1002 7859 13710 %n129 5
3098 15967 8978 13222 8523 %n130 5
20526 2590 5951 1502 14712 %n131 5
25706 9015 18923 6319 22406 %n132 5
23191 9350 13599 14584 4571 %n133 5
10476 8608 2472 13952 13574 %n134 4
2478 19707 16566 13305 %n135 5
15009 21951 13709 17309 20045 %n136 5
2385 10340 15214 8656 9776 %n137 5
2379 25786 18496 19316 20815 %n138 5
5835 13619 25293 16023 7450 %n139 5
13133 18414 1605 24487 12155 %n140 5
5974 23399 18603 7472 21639 %n141 5
6070 14737 12405 7826 754 %n142 5
8162 9802 13053 13506 20258 %n143 5
20040 11639 17105 6002 7169 %n144 5
896 24098 25251 19520 7978 %n145 5
2807 2076 10563 22259 17678 %n146 5
4996 11740 11492 14701 25757 %n147 5
15320 15825 24304 10197 20121 %n148 5
4759 8335 9615 16733 6000 %n149 5
10414 8579 16349 8770 6633 %n150 5
14893 20341 8992 3224 3888 %n151 5
11937 5952 15036 14555 18586 %n152 5
23022 2708 1402 13968 23676 %n153 5
8372 2146 8169 22990 3388 %n154 5
4910 22637 18939 18377 14861 %n155 5
20096 14515 5007 21930 4578 %n156 4
5413 14850 275 25373 %n157 5
14265 14829 1042 3083 9890 %n158 5
21266 14282 21040 25078 13957 %n159 5
13316 20521 810 4352 8232 %n160 5
3593 24904 19816 13330 17585 %n161 5
11108 17356 25614 25269 12260 %n162 5
4917 710 23772 17979 1310 %n163 5
19104 16574 9724 20831 24376 %n164 5
14618 24604 615 2371 14351 %n165 5
5053 23628 8289 22649 25686 %n166 5
5757 23472 16136 535 10299 %n167 5
10830 25304 2829 10390 559 %n168 5
5347 22335 6375 21404 1272 %n169 5
3374 19130 24641 20929 22194 %n170 5
17092 2596 24246 14296 5924 %n171 5
3483 19391 20903 3053 17458 %n172 5
7982 19949 9038 24154 16821 %n173 5
5967 4954 13868 1820 17017 %n174 5
747 1184 706 22857 24236 %n175 5
9061 18637 25398 21177 9346 %n176 4
16219 14696 19428 16324 %n177 5
5684 454 15604 11197 19854 %n178 5
5270 12165 5723 21932 7700 %n179 5
5752 25650 38 23571 2727 %n180 4
3111 12673 909 2783 %n181 5
2881 17620 10333 25075 16288 %n182 5
10979 23630 18682 18479 11890 %n183 5
23139 9818 14495 21124 23901 %n184 5
17370 24321 844 12142 15340 %n185 5
14990 12381 1622 6445 9237 %n186 5
21453 8576 5457 23479 15041 %n187 5
21657 14321 1255 17947 10159 %n188 5
7540 7866 23381 10659 19234 %n189 5
9665 6380 14352 10220 12000 %n190 5
4426 4274 12342 18458 4887 %n191 5
6617 10893 6414 4295 16150 %n192 4
16749 16721 7689 4219 %n193 5
20883 14740 14104 24514 24132 %n194 5
21182 24979 3509 5821 21228 %n195 5
15344 12818 5493 757 21229 %n196 5
23768 6462 16050 19470 8524 %n197 5
18054 10042 1004 25681 1918 %n198 5
20956 18885 13663 24201 7836 %n199 4
20567 8465 4487 4494 %n200 5
21999 727 24926 11585 6287 %n201 5
12951 16143 6828 21629 10277 %n202 5
16785 2011 21112 6955 21384 %n203 4
18619 11348 10773 2689 %n204 5
2874 25162 7818 12920 7247 %n205 5
11037 8636 23688 625 9677 %n206 5
3442 8792 3904 14 20026 %n207 5
8781 22763 25601 713 4136 %n208 4
16443 10231 25366 19506 %n209 5
13170 7039 20415 9611 4486 %n210 5
24113 20608 19533 475 17410 %n211 5
17396 936 16915 19249 18320 %n212 5
18491 12520 21600 4000 23112 %n213 5
5401 11590 10777 6408 23675 %n214 4
5675 2091 9907 6231 %n215 5
5113 4043 112 21175 7575 %n216 5
6969 15279 10172 18833 17131 %n217 5
9991 5647 23899 13793 16743 %n218 5
18970 6066 20246 22847 3650 %n219 5
6929 15121 7789 13242 14400 %n220 5
22580 23250 23155 14152 23243 %n221 5
14244 12390 1689 19532 22683 %n222 5
6571 15506 17757 24010 3876 %n223 5
19880 9548 9205 3411 10837 %n224 5
3898 10270 111 5542 15631 %n225 5
18582 15677 9288 3056 25060 %n226 5
24584 22032 1067 25322 4480 %n227 5
7835 25388 21728 7091 980 %n228 5
20563 20067 16179 1114 5216 %n229 5
17812 13733 18302 3739 23892 %n230 4
15424 1959 18139 9914 %n231 5
13193 10510 4342 7784 22835 %n232 5
13997 5643 24769 13492 15975 %n233 4
15322 3963 9516 14921 %n234 5
22320 17270 22023 17756 15933 %n235 5
5049 16232 4453 21051 20755 %n236 5
10721 24910 13377 2644 10608 %n237 5
17691 2210 9245 6419 6224 %n238 5
23663 10538 6053 7346 21373 %n239 4
13083 6587 20685 7384 %n240 5
8362 273 2583 14390 5377 %n241 5
23185 10878 11844 2269 18769 %n242 5
19676 7508 22384 15488 4312 %n243 5
18703 11825 5820 19822 13587 %n244 5
25019 12541 11180 4844 22718 %n245 5
8073 3450 2718 22095 19339 %n246 5
1883 11966 22605 7339 2287 %n247 4
9821 19661 7976 17128 %n248 4
10189 14344 9322 13294 %n249 5
434 17847 20794 1352 22924 %n250 5
19523 9425 11009 9683 6811 %n251 5
6041 22754 6844 9459 23804 %n252 5
4766 10405 5892 4697 11115 %n253 5
17153 4269 12178 23448 8000 %n254 5
1522 2612 25237 24650 5077 %n255 5
16235 3653 4831 1740 2509 %n256 5
23598 15894 6776 22588 1273 %n257 4
6721 4112 6428 24683 %n258 5
6720 18868 18454 23409 15140 %n259 5
25131 17825 10782 18995 21690 %n260 5
28 24097 8440 5164 25780 %n261 5
17475 19529 23346 21866 20269 %n262 4
5761 19132 20424 20630 %n263 4
20327 20642 19714 7541 %n264 5
5071 18465 7997 15156 6552 %n265 5
694 16514 24377 17702 16569 %n266 5
16565 18741 13589 21601 16087 %n267 5
4280 8651 8756 5175 19518 %n268 5
16576 24221 13091 5574 4207 %n269 5
20972 22291 20099 15595 22890 %n270 5
4005 22434 24302 1434 20886 %n271 5
12496 16177 3290 19620 19767 %n272 5
17505 16554 15106 17999 23143 %n273 5
13567 16338 5154 11646 2614 %n274 5
70 22354 18375 14512 1325 %n275 5
13405 7994 8455 15543 25722 %n276 5
20270 6984 11451 8890 4626 %n277 5
11349 10005 10816 9804 14527 %n278 5
21100 23566 10852 3497 15489 %n279 4
10389 15145 1223 1920 %n280 4
10227 14089 25026 10053 %n281 5
3028 11419 19273 10418 4356 %n282 4
5990 23956 22714 6033 %n283 4
3889 16473 25022 3609 %n284 5
25793 16011 2692 11344 21865 %n285 5
8034 5320 19089 20920 5852 %n286 5
3488 4400 8649 8048 1921 %n287 4
6185 17709 7914 23335 %n288 3
21198 3619 19108 %n289 5
12225 21149 11268 20089 18201 %n290 5
12820 498 3578 15613 23349 %n291 5
22973 5252 24054 5341 17637 %n292 5
5191 15584 10037 20254 11871 %n293 5
23592 20001 16827 8729 25039 %n294 5
19321 21521 3999 15219 6649 %n295 5
21188 4223 15239 3059 2468 %n296 5
18980 8033 25776 23856 19371 %n297 4
12152 13910 17601 15790 %n298 5
6712 23556 23697 12452 17030 %n299 5
6959 8305 1266 19126 9469 %n300 5
25716 23527 12045 15656 13711 %n301 5
9795 13881 24454 23669 10324 %n302 5
279 20933 21744 7558 6060 %n303 5
19527 18976 2576 23035 2205 %n