290
0 116
83124 78504 55170 56121 79612 71183 17842 96690 65134 86528 53250 33719 98175 99031 5998 7048 43850 85037 65173 82978 53739 84748 40259 34047 30356 75105 38934 31337 51168 85047 90551 33269 76535 21865 38075 49603 85138 91455 17469 13049 26858 46560 71944 31049 67806 1291 56174 58580 67034 1826 53430 26290 11312 45656 86975 83152 59181 60355 37827 7332 63311 97673 57888 54954 16851 82949 10338 40071 33280 13781 32627 83734 36145 88537 63381 81131 74230 65615 47977 48465 98061 7615 353 26911 59863 8589 7970 58797 23684 29055 96470 30547 76968 93676 19655 15770 24345 56270 25107 68007 402 93275 4436 21450 64463 17038 81439 36529 30191 48552 54209 97929 12881 13260 91117 60472 %n1 89
77997 56719 7240 8127 2468 21273 15165 36342 31119 51926 39067 95229 21282 3865 68979 11283 26448 91109 38171 4106 84374 6697 67250 47208 79244 71499 80766 2679 21729 40982 50663 2245 90153 4652 44069 4860 84128 15356 37880 44092 82880 13047 78566 74286 64033 61933 76100 10267 11095 83765 91949 12071 45456 9060 67043 44477 67658 27943 560 49949 73493 72459 19382 51736 61469 22585 64210 11981 1009 68599 24322 75391 41576 87956 80589 53880 62747 13421 33643 34391 44596 53929 45349 20444 67346 87262 5165 59523 98606 %n2 76
31025 60896 5152 66056 97454 42445 76970 66225 80274 30098 3948 47662 4463 60632 8690 9752 65204 44036 88493 84854 44228 17436 67138 53320 10045 6291 4382 34179 98844 9801 97035 92886 82154 20036 24413 18232 26122 64481 9186 95858 77399 74171 87824 67251 80779 65687 39898 32877 56194 40864 13673 65020 85822 70509 63883 50327 18227 80860 42248 54075 81266 50794 66325 13525 3054 97316 49910 95632 99579 90678 85739 42106 72403 69178 69355 29779 %n3 54
78418 36604 88308 78306 67339 97691 50887 64861 37666 17181 52497 84822 59308 39911 35216 76926 360 83502 86156 24195 60711 76921 97220 58504 47230 26240 63048 75263 45407 22984 40800 13037 29955 12465 45235 52713 13680 14719 46172 90324 85543 36850 90500 38068 84833 69326 28554 88593 44713 67377 65713 52957 3477 44883 %n4 42
17012 65999 24916 58094 44787 44557 3837 15559 49313 4522 13090 33617 96158 2134 60229 96538 91987 72199 56899 29417 1150 44117 61989 8312 93643 94158 90583 52046 38970 39050 2081 82683 99521 15013 80343 4586 69663 26734 20492 35014 15352 8061 %n5 32
72877 84228 96797 71055 72155 35234 54256 99218 73930 30870 40475 29801 13219 69747 97568 13473 11239 89637 47894 63984 44986 43118 6644 8424 6315 58619 10374 79712 63595 37361 19027 86504 %n6 22
9994 22067 42109 47697 27516 1561 23472 82259 34266 15497 77588 12405 81080 520 95937 68119 74620 14299 25466 19735 99113 19707 %n7 21
76213 94702 31877 8430 83526 17367 8266 19865 26640 283 82107 7726 18016 460 69465 20981 63875 53355 11376 62190 30641 %n8 14
21343 95699 75899 92029 13434 36040 77228 52089 78373 25900 51866 8370 7494 40772 %n9 8
28418 532 79195 47669 41829 77435 33268 3520 %n10 12
22964 95258 58690 56930 57605 61117 45588 77620 94911 89382 71367 88352 %n11 5
33353 68684 70562 85337 41457 %n12 8
9546 78882 56651 61572 96140 24187 71155 47785 %n13 4
76352 26895 76337 88310 %n14 4
30363 40439 97790 87119 %n15 6
41809 80519 39754 29278 64618 35281 %n16 2
70110 42503 %n17 2
37412 67628 %n18 3
30271 73199 70372 %n19 0
%n20 1
57775 %n21 0
%n22 0
%n23 1
11982 %n24 0
%n25 0
%n26 0
%n27 0
%n28 1
25942 %n29 0
%n30 0
%n31 0
%n32 0
%n33 0
%n34 0
%n35 0
%n36 0
%n37 0
%n38 0
%n39 0
%n40 0
%n41 0
%n42 0
%n43 0
%n44 0
%n45 0
%n46 0
%n47 0
%n48 0
%n49 0
%n50 0
%n51 0
%n52 0
%n53 0
%n54 0
%n55 0
%n56 0
%n57 0
%n58 0
%n59 0
%n60 0
%n61 0
%n62 0
%n63 0
%n64 0
%n65 0
%n66 0
%n67 0
%n68 0
%n69 0
%n70 0
%n71 0
%n72 0
%n73 0
%n74 0
%n75 0
%n76 0
%n77 0
%n78 0
%n79 0
%n80 0
%n81 0
%n82 0
%n83 0
%n84 0
%n85 0
%n86 0
%n87 0
%n88 0
%n89 0
%n90 0
%n91 0
%n92 0
%n93 0
%n94 0
%n95 0
%n96 0
%n97 0
%n98 0
%n99 0
%n100 0
%n101 0
%n102 0
%n103 0
%n104 0
%n105 0
%n106 0
%n107 0
%n108 0
%n109 0
%n110 0
%n111 0
%n112 0
%n113 0
%n114 0
%n115 0
%n116 0
%n117 0
%n118 0
%n119 0
%n120 0
%n121 0
%n122 0
%n123 0
%n124 0
%n125 0
%n126 0
%n127 0
%n128 0
%n129 0
%n130 0
%n131 0
%n132 0
%n133 0
%n134 0
%n135 0
%n136 0
%n137 0
%n138 0
%n139 0
%n140 0
%n141 0
%n142 0
%n143 0
%n144 0
%n145 0
%n146 0
%n147 0
%n148 0
%n149 0
%n150 0
%n151 0
%n152 0
%n153 0
%n154 0
%n155 0
%n156 0
%n157 0
%n158 0
%n159 0
%n160 0
%n161 0
%n162 0
%n163 0
%n164 0
%n165 0
%n166 0
%n167 0
%n168 0
%n169 0
%n170 0
%n171 0
%n172 0
%n173 0
%n174 0
%n175 0
%n176 0
%n177 0
%n178 0
%n179 0
%n180 0
%n181 0
%n182 0
%n183 0
%n184 0
%n185 0
%n186 0
%n187 0
%n188 0
%n189 0
%n190 0
%n191 0
%n192 0
%n193 0
%n194 0
%n195 0
%n196 0
%n197 0
%n198 0
%n199 0
%n200 0
%n201 0
%n202 0
%n203 0
%n204 0
%n205 0
%n206 0
%n207 0
%n208 0
%n209 0
%n210 0
%n211 0
%n212 0
%n213 0
%n214 0
%n215 0
%n216 0
%n217 0
%n218 0
%n219 0
%n220 0
%n221 0
%n222 0
%n223 0
%n224 0
%n225 0
%n226 0
%n227 0
%n228 0
%n229 0
%n230 0
%n231 0
%n232 0
%n233 0
%n234 0
%n235 0
%n236 0
%n237 0
%n238 0
%n239 0
%n240 0
%n241 0
%n242 0
%n243 0
%n244 0
%n245 0
%n246 0
%n247 0
%n248 0
%n249 0
%n250 0
%n251 0
%n252 0
%n253 0
%n254 0
%n255 0
%n256 0
%n257 0
%n258 0
%n259 0
%n260 0
%n261 0
%n262 0
%n263 0
%n264 0
%n265 0
%n266 0
%n267 0
%n268 0
%n269 0
%n270 0
%n271 0
%n272 0
%n273 0
%n274 0
%n275 0
%n276 0
%n277 0
%n278 0
%n279 0
%n280 0
%n281 0
%n282 0
%n283 0
%n284 0
%n285 0
%n286 0
%n287 0
%n288 0
%n289 0
%n