141
0 8
46483 80894 38189 45811 57795 6489 75162 58749 %n1 8
22950 8833 4725 29399 83600 62736 56217 79358 %n2 8
38898 43000 11720 81513 52933 68263 7155 35239 %n3 8
48838 20317 52342 69779 6081 26018 19156 59246 %n4 8
36547 65402 66214 87987 15421 69200 20884 70020 %n5 7
57676 65863 76565 41964 46027 62506 50202 %n6 6
85805 77156 84959 73315 4805 83788 %n7 8
51609 4397 52583 16080 85903 16750 10645 83851 %n8 8
1927 63612 53180 93122 62102 71040 12788 29719 %n9 7
60813 17493 76925 82968 70419 8721 52429 %n10 8
56665 14615 44051 21013 41027 24554 25034 20645 %n11 7
20707 39646 28587 36456 87204 15591 31332 %n12 8
57842 87570 20066 87797 35851 58187 62224 6867 %n13 7
4018 33620 19588 55678 68335 12111 50685 %n14 8
53716 92865 53886 51898 67246 68858 44959 51624 %n15 4
70587 16162 32284 85539 %n16 8
43465 38937 67460 33548 10963 53314 89041 43985 %n17 5
24030 24048 45404 41585 21940 %n18 5
9825 5297 30577 29831 24203 %n19 7
76896 21664 23133 31059 41375 19914 50058 %n20 6
37575 51081 29338 14831 19114 89810 %n21 6
33606 40092 16836 89393 29074 61405 %n22 8
61876 31368 33656 48197 81423 51275 90464 9582 %n23 6
72383 47868 22262 22252 32728 11166 %n24 7
34027 5847 27375 47755 73803 5193 92218 %n25 6
69990 66672 47718 66008 63683 57156 %n26 7
64520 59696 78096 36626 39745 61141 42248 %n27 6
85596 21752 25609 83476 69917 78970 %n28 5
73802 47636 39253 7432 39181 %n29 5
21345 91715 26670 74032 77820 %n30 8
87187 74243 91481 37642 45249 6916 79144 77807 %n31 7
5491 46341 82336 46628 92634 20422 9928 %n32 8
26950 26558 84631 60088 89260 86837 4689 91307 %n33 6
1692 53946 43853 65908 76440 47406 %n34 7
57789 84888 50143 86966 92126 20802 57750 %n35 6
92109 81540 10597 75600 2355 89644 %n36 6
86412 50897 33333 49220 18164 14818 %n37 5
37641 70739 25072 5866 6076 %n38 5
33918 78372 27380 90804 14408 %n39 5
87688 20477 38486 21060 2203 %n40 2
34922 91014 %n41 6
28321 43582 70515 44446 20800 70184 %n42 5
15767 7192 11715 59759 86000 %n43 5
16168 42463 7968 92106 88582 %n44 6
72294 91663 21347 63050 17743 58965 %n45 3
75725 76512 31532 %n46 6
44333 43151 6288 18215 82152 40307 %n47 5
25922 76074 65978 80765 54619 %n48 3
23234 961 28291 %n49 5
18671 65525 49625 18354 36641 %n50 5
70138 5536 84635 14899 73117 %n51 5
53550 23535 55279 737 16683 %n52 3
74662 77583 93001 %n53 4
31703 49204 17075 11685 %n54 4
91257 43932 88663 12154 %n55 5
37462 61449 68171 82654 61778 %n56 5
46623 75327 92459 46265 52357 %n57 5
51065 44386 66705 2085 79067 %n58 3
14688 70723 73951 %n59 5
17818 34882 60228 76846 26825 %n60 3
68691 87908 58478 %n61 2
13297 10242 %n62 4
22531 25885 15335 8446 %n63 5
76379 90640 48511 85169 12675 %n64 5
29757 19661 37445 9342 38925 %n65 4
56310 61693 90428 77966 %n66 4
45339 62191 18161 55819 %n67 4
11931 8568 35388 28930 %n68 5
26437 1765 70575 72846 71657 %n69 3
4095 1274 51299 %n70 6
9280 11619 24799 31400 7688 30984 %n71 6
81802 33725 82886 75944 48391 25176 %n72 4
6660 49495 27813 42797 %n73 5
3334 29731 26541 3200 91693 %n74 5
38072 40274 46577 2201 75391 %n75 2
55181 27159 %n76 4
562 88360 52281 8525 %n77 4
76244 77762 72837 78265 %n78 3
8295 25872 40468 %n79 5
14863 78084 66186 34174 65953 %n80 2
9013 30512 %n81 2
76697 41935 %n82 7
34990 4457 40813 13809 41447 63238 74596 %n83 4
50944 44498 30818 41076 %n84 2
20556 46468 %n85 6
32348 22855 9224 45141 71868 90810 %n86 3
1312 9784 69515 %n87 6
63519 44358 17486 80989 88930 7819 %n88 5
34664 11473 81239 50657 83300 %n89 4
3410 62352 92189 86193 %n90 4
50272 88689 46735 12924 %n91 4
70939 29510 59122 86239 %n92 2
65298 47668 %n93 2
62775 36976 %n94 5
54775 62944 57122 80172 82506 %n95 5
40657 47738 28679 67867 61526 %n96 5
64889 61547 24109 47523 89647 %n97 3
70233 5225 62019 %n98 1
9781 %n99 2
37380 71524 %n100 2
62934 59962 %n101 3
5575 62292 34112 %n102 7
14687 22519 83512 10749 49435 4153 68558 %n103 3
74568 19008 25564 %n104 3
89235 25199 76056 %n105 1
35154 %n106 4
27217 21462 15962 17940 %n107 1
78547 %n108 2
46078 17336 %n109 1
46065 %n110 0
%n111 4
6833 51853 28589 74540 %n112 2
84477 39144 %n113 2
78978 87352 %n114 1
93610 %n115 3
28873 33848 8121 %n116 2
71026 92859 %n117 1
34132 %n118 3
69157 59440 547 %n119 3
83013 23624 12641 %n120 3
12342 83200 22656 %n121 1
87771 %n122 1
77880 %n123 2
38886 18548 %n124 4
73612 13658 65292 2281 %n125 3
52147 80497 71801 %n126 2
65074 42468 %n127 1
49742 %n128 3
81933 26946 82929 %n129 4
59262 8480 55603 45686 %n130 4
82428 77171 45660 12690 %n131 0
%n132 3
78578 28566 6315 %n133 2
74642 35283 %n134 3
70978 31853 84242 %n135 4
61167 85488 80083 90297 %n136 1
92687 %n137 1
92133 %n138 3
57918 14923 80068 %n139 2
72342 67704 %n140 2
43361 47577 %n