81
0 119
86204 21620 37468 68729 7530 70805 43691 37108 18335 26371 66972 31265 31017 17610 34492 32573 22913 14953 62055 83911 78056 12227 27762 74188 68381 86385 2601 99299 80439 2843 68546 34691 98417 27518 63633 3896 4448 27775 82679 92811 44743 82057 10986 42733 9710 43287 32471 5105 23342 37820 57241 20374 7546 42907 62928 71494 15874 88677 35852 26726 54464 33504 59585 14946 65083 96097 24267 65986 33248 27472 60485 47096 50073 91690 7181 43777 73989 8669 12402 29651 83533 14801 95406 93649 12059 65459 27085 9803 80910 15434 9457 86352 90188 87742 82163 67835 36891 23737 24260 30358 55509 66197 49604 73874 1594 7290 44867 95759 52163 77721 68098 44802 80347 22381 76556 20322 99934 85700 80532 %n1 103
91264 8907 78106 79770 28129 97328 44512 57605 14356 93263 98562 29118 40190 91896 73094 74365 92635 14555 72894 67984 92351 6697 9476 25022 15466 25694 18762 71816 73174 69094 17830 55330 98960 78711 22023 10308 75342 53766 16651 8028 53379 79196 42799 17175 77103 5555 98758 12301 18541 9983 61213 56870 56009 34484 44006 84616 3884 18083 71404 44471 73711 43380 92566 7486 28011 7459 23433 32721 80246 89850 90345 95812 97816 50306 2309 21036 24893 42154 64069 93359 43914 65204 70909 63976 50541 65923 21500 82408 39274 62617 11457 88226 10578 25522 20855 59081 77711 46484 32001 4275 85029 9505 11654 %n2 91
24352 62431 34432 42573 54780 48611 82463 63357 70184 63063 92459 34898 98817 98390 97936 76203 59011 96355 71296 39497 32972 7681 45614 92252 12834 89017 11226 35690 89543 34580 9677 2525 84658 74981 12075 44933 71661 14130 18398 58647 58559 59328 75565 60590 98861 7909 99862 10377 85559 4659 67303 96276 46023 63075 7288 42877 66085 32601 29 24846 95314 34584 86856 69018 31946 82999 7368 94440 41543 52045 65329 88628 28550 67300 35786 40165 94306 96557 19500 3199 81358 20679 12695 83027 18102 68246 44059 6967 52278 28401 25289 %n3 76
20346 54292 61877 64043 16213 68383 7599 25571 42674 65563 76030 23868 71951 62613 24619 75048 60486 75249 40419 78719 12709 22643 35955 51244 43936 38880 38786 54853 41904 95779 55861 8405 18113 7632 65388 28158 71649 37463 5529 68925 40737 29301 9041 85842 21219 22345 44137 475 90318 531 6930 79710 74182 21101 9500 73178 94168 78676 38261 57450 24974 78628 73037 50456 42889 67571 19648 22818 53726 71146 9650 95369 21307 29165 84582 14407 %n4 77
88680 12418 95464 84584 96251 21382 72625 5955 66848 91140 1660 12235 23891 64073 40460 16084 64662 75208 94338 13006 19532 91345 73199 65586 67439 11929 75532 93731 64334 34998 16591 88489 10010 24 91016 67174 311 92825 99902 31728 39074 43501 59074 69807 92038 1102 95463 37101 38803 15141 69344 47168 28061 60464 99722 39559 40909 72728 87536 66891 37211 13663 29535 11881 45820 10899 26800 60922 7413 97592 601 74470 40370 76629 61252 1905 4486 %n5 56
98365 85071 83788 9226 16327 61068 20181 28208 3503 2389 26238 87130 90272 80272 29685 16521 59337 17261 13762 85423 89193 34033 88340 98629 40706 23327 78439 40465 28587 68711 25649 85301 68111 50670 92816 50270 17750 39687 21244 5159 48112 43234 29554 12012 45582 22743 13064 70369 86279 92527 69523 48007 61402 81678 37606 60001 %n6 49
34011 16293 12705 82498 15208 35710 56954 90210 27984 8638 95153 61460 62052 77179 99167 81044 46751 76538 90449 15018 76936 53951 70178 31419 14294 42512 29879 98230 62192 51978 48661 52009 93459 89795 7574 5400 76397 39278 22923 303 74045 9765 6606 66811 28449 20909 82797 54351 76851 %n7 41
41035 75586 95163 44360 83548 68630 11925 56680 90470 68063 58096 74909 98153 61269 69808 53768 80762 45572 29900 12942 43125 78443 31592 33905 76114 5170 99507 20795 35702 69934 15223 9724 85729 6583 90862 5621 72521 77008 68949 26309 56750 %n8 33
74878 77853 36267 21507 90161 49572 13426 59897 28479 67980 82114 95723 22119 96478 17645 58362 30392 3499 67313 32993 14277 59545 18360 80299 35341 18801 15390 53135 45668 31617 18909 58563 82212 %n9 32
28098 79420 71509 23146 98407 3828 1875 96267 54602 42504 63419 90880 18012 37175 50121 44988 72313 15784 58493 9798 85361 51299 52920 81550 78797 59857 42287 42424 93584 47196 38677 13009 %n10 33
533 37299 2965 88760 27361 8461 69289 33600 43664 34485 36511 76192 49936 45400 3082 71098 76875 96640 87455 3713 42649 14542 83421 33915 94809 8465 6074 59052 64256 22085 52955 65402 60969 %n11 24
1141 10371 23212 90965 72469 79953 87663 36221 75664 76150 4807 31816 6173 65235 40742 67442 68543 24064 29766 37144 49589 53214 13440 24811 %n12 30
93885 93284 14070 32998 17402 43369 31896 81118 63692 59339 88295 65974 72304 48925 38026 6333 86700 38910 89826 85383 4418 41427 23768 9140 6807 74911 1992 62456 94620 53023 %n13 16
14012 94913 54041 84847 69183 20716 2879 54482 36556 80051 76825 2795 36191 1470 34727 24486 %n14 22
12453 56118 72238 16373 20107 36007 3446 10851 70199 37063 63555 28922 17079 71892 39588 95025 72127 30902 9623 91037 83360 24425 %n15 9
82052 73932 19535 53088 70168 45896 52094 62240 83260 %n16 11
95424 87696 10356 63199 35827 37184 31226 45660 49984 21040 14732 %n17 9
91120 92235 64244 38912 94404 92555 20890 22077 43679 %n18 10
21173 46639 58235 68460 36864 23659 66290 49164 96492 11999 %n19 9
49961 3564 70869 13156 39270 89162 46663 65548 12371 %n20 12
19903 87023 86492 64164 82177 67486 18280 43440 68242 36510 43474 20430 %n21 5
52651 55692 61670 92769 88262 %n22 3
86065 63622 76516 %n23 8
7778 8234 69290 11060 84402 91254 72503 66455 %n24 3
71938 31800 12138 %n25 7
45687 81179 62683 48568 91776 70416 19507 %n26 2
54181 29358 %n27 3
96989 52148 73516 %n28 2
43624 63081 %n29 3
70497 66761 19896 %n30 2
18421 25255 %n31 4
36540 28621 92260 22165 %n32 4
41326 34662 50267 40367 %n33 2
45634 76276 %n34 1
22418 %n35 0
%n36 3
34027 83977 49184 %n37 1
49578 %n38 1
86177 %n39 0
%n40 1
94845 %n41 0
%n42 0
%n43 1
65147 %n44 0
%n45 0
%n46 0
%n47 0
%n48 0
%n49 0
%n50 0
%n51 0
%n52 1
35821 %n53 0
%n54 0
%n55 0
%n56 0
%n57 0
%n58 0
%n59 0
%n60 0
%n61 0
%n62 0
%n63 0
%n64 0
%n65 0
%n66 0
%n67 0
%n68 0
%n69 0
%n70 0
%n71 0
%n72 0
%n73 0
%n74 0
%n75 0
%n76 0
%n77 0
%n78 0
%n79 0
%n80 0
%n