264
0 15
59694 79644 46815 40040 92906 61882 80207 38795 5893 57022 62508 80331 83879 58349 10511 %n1 14
88187 20611 35315 65236 15474 88415 75263 42897 19186 21522 53274 65890 26714 33304 %n2 15
59175 8958 87630 4778 40366 91007 33786 16453 13554 36877 42152 88043 55017 12180 68243 %n3 13
51609 14960 86071 81174 61243 71717 75877 12771 29491 43350 11062 44756 3772 %n4 8
32555 25857 35978 57378 65809 37805 68442 41922 %n5 13
37766 42121 42173 74902 61085 51774 34438 94203 19854 17849 13735 73121 47443 %n6 11
69516 16291 53658 40130 61571 69741 54546 22574 81200 53359 27600 %n7 9
22824 93402 57169 4074 12343 91076 44625 52776 63401 %n8 11
43425 80797 4721 28153 59586 7601 31478 39570 69672 34374 71291 %n9 12
52814 39757 34081 46397 79364 85613 23790 79154 70292 30854 75801 18301 %n10 11
73201 34546 58218 33009 52193 50162 35983 41926 62942 12850 94004 %n11 13
72414 3499 36602 63690 81099 5342 87526 14792 59197 6515 68738 22864 2249 %n12 11
67893 46344 64320 52017 94629 82282 17805 49214 61505 15189 60520 %n13 9
94661 76138 37386 56188 27512 77988 37819 22902 65306 %n14 9
81669 8328 59964 12907 19805 13945 19579 59896 64013 %n15 10
13780 47150 33664 37397 43412 6150 69448 74369 41535 35331 %n16 8
81889 93443 48342 81474 55018 11612 82267 75013 %n17 8
64592 60823 17915 40651 15159 1656 50398 27853 %n18 8
91061 84908 51467 68147 22111 13591 35057 89651 %n19 9
54125 49108 64826 65947 26487 90036 33849 71311 10284 %n20 8
91710 8173 35127 81118 42417 24498 26644 60589 %n21 8
51730 73552 37462 22677 15304 40207 63865 37292 %n22 4
10167 6143 9434 6508 %n23 7
60142 26974 17557 59339 89356 90806 89778 %n24 8
82847 81242 46385 53805 77490 3797 56196 42876 %n25 7
4224 12435 72142 49929 40901 92815 191 %n26 8
79494 1643 52452 90118 86791 10425 29416 13257 %n27 9
57127 29142 84252 18373 74762 67944 92646 69868 30193 %n28 6
48192 2874 92328 90998 17249 74230 %n29 4
4344 60337 68228 89612 %n30 4
36102 54465 7214 2671 %n31 4
91430 83104 6823 54684 %n32 5
61115 81352 87523 79371 48246 %n33 9
34758 2753 33058 20665 14218 11902 3749 65188 71726 %n34 5
37002 40150 35283 44844 20306 %n35 4
18364 9935 71560 53056 %n36 4
63335 4573 39225 83847 %n37 5
22089 50378 18036 84569 17470 %n38 4
34056 27317 41771 62800 %n39 4
36 94544 35473 79970 %n40 2
52246 63662 %n41 6
6052 16513 14566 11196 13944 36308 %n42 0
%n43 6
92571 56799 307 71310 23303 38996 %n44 3
1950 42025 59554 %n45 5
57711 55316 19344 64178 39820 %n46 3
68627 22563 12478 %n47 4
85947 94308 78314 70709 %n48 4
12268 26925 15749 40948 %n49 5
45577 38188 25745 76976 69490 %n50 5
87210 52525 85957 53898 27125 %n51 0
%n52 4
79376 9164 45015 18600 %n53 3
92119 28831 67151 %n54 3
72764 57439 26315 %n55 0
%n56 2
13329 59155 %n57 5
35208 53076 63422 67888 28123 %n58 1
57600 %n59 4
6457 10670 60400 58876 %n60 4
28338 88955 57612 17147 %n61 1
46192 %n62 2
11712 10700 %n63 1
26400 %n64 6
70757 21561 15768 79831 91696 70173 %n65 2
56649 23146 %n66 1
10728 %n67 2
70280 19042 %n68 1
74159 %n69 1
41002 %n70 3
26766 87288 60539 %n71 1
22281 %n72 3
73063 6590 28884 %n73 0
%n74 0
%n75 2
35771 11872 %n76 0
%n77 0
%n78 4
77041 76151 82391 22119 %n79 1
61610 %n80 2
91509 52217 %n81 0
%n82 2
23131 14454 %n83 0
%n84 0
%n85 1
64895 %n86 1
76882 %n87 4
18386 92737 18119 92894 %n88 1
56380 %n89 1
77871 %n90 2
12485 992 %n91 1
20518 %n92 2
32770 42120 %n93 2
77634 82920 %n94 0
%n95 1
25434 %n96 2
87392 51003 %n97 0
%n98 1
26806 %n99 1
43420 %n100 1
62270 %n101 1
71678 %n102 0
%n103 0
%n104 0
%n105 0
%n106 0
%n107 0
%n108 0
%n109 0
%n110 1
28382 %n111 0
%n112 0
%n113 1
27149 %n114 0
%n115 1
49720 %n116 1
51175 %n117 1
34627 %n118 0
%n119 0
%n120 0
%n121 0
%n122 0
%n123 0
%n124 0
%n125 0
%n126 0
%n127 0
%n128 0
%n129 0
%n130 0
%n131 0
%n132 1
69191 %n133 0
%n134 0
%n135 0
%n136 1
68718 %n137 0
%n138 0
%n139 0
%n140 0
%n141 0
%n142 0
%n143 0
%n144 0
%n145 0
%n146 0
%n147 0
%n148 1
57613 %n149 0
%n150 0
%n151 0
%n152 0
%n153 0
%n154 0
%n155 0
%n156 0
%n157 0
%n158 0
%n159 0
%n160 0
%n161 0
%n162 0
%n163 0
%n164 0
%n165 1
1525 %n166 1
76252 %n167 0
%n168 0
%n169 0
%n170 0
%n171 0
%n172 0
%n173 0
%n174 0
%n175 1
54451 %n176 0
%n177 0
%n178 0
%n179 0
%n180 0
%n181 0
%n182 0
%n183 0
%n184 0
%n185 0
%n186 0
%n187 0
%n188 0
%n189 0
%n190 0
%n191 1
93990 %n192 0
%n193 0
%n194 0
%n195 0
%n196 0
%n197 0
%n198 0
%n199 0
%n200 0
%n201 0
%n202 0
%n203 0
%n204 0
%n205 0
%n206 0
%n207 0
%n208 0
%n209 0
%n210 0
%n211 0
%n212 0
%n213 0
%n214 0
%n215 0
%n216 0
%n217 1
35573 %n218 0
%n219 0
%n220 0
%n221 0
%n222 0
%n223 0
%n224 0
%n225 0
%n226 0
%n227 0
%n228 0
%n229 0
%n230 0
%n231 0
%n232 0
%n233 0
%n234 0
%n235 0
%n236 0
%n237 0
%n238 0
%n239 0
%n240 0
%n241 0
%n242 0
%n243 0
%n244 0
%n245 0
%n246 0
%n247 0
%n248 0
%n249 0
%n250 0
%n251 0
%n252 0
%n253 0
%n254 0
%n255 0
%n256 0
%n257 0
%n258 0
%n259 0
%n260 0
%n261 0
%n262 0
%n263 0
%n