81
0 183
10148 91245 54795 8832 83878 48657 31285 1928 81398 64701 1053 37819 61536 35879 34188 61589 39224 24088 76654 6255 31527 33063 78890 70619 18412 86006 36915 34868 57612 75767 97440 79639 90349 16075 85148 53658 4539 87434 79360 79075 1636 78529 59537 95068 16437 95175 16611 84592 83845 85864 40358 55608 73887 19422 86984 56319 82096 83271 42276 94840 7413 94430 60297 75778 70881 41488 65117 57111 37608 14988 40569 93015 8430 3201 24509 6004 37269 49904 66859 46166 34610 85093 84555 66620 19730 104 12405 33866 3113 63047 61893 22515 14698 51023 14997 48682 16279 90436 40063 67333 84672 80277 4367 13764 2248 18818 12318 95398 98853 28339 19008 63187 5408 89044 20358 34562 70491 23539 69700 50098 77428 67109 73621 46561 67404 9325 89900 72991 67893 6511 37596 54942 60185 72988 78302 14747 59747 33573 81989 72155 30820 2667 5325 77578 5703 8198 47157 73795 60311 72065 78581 36194 48276 25671 34847 72705 32423 47314 41918 53912 62748 12406 17629 99445 75857 34738 24827 30476 8992 87989 37531 40080 89649 98073 66726 55894 31871 51861 32089 60470 89700 83290 1184 %n1 142
89948 18451 28293 62540 61057 29170 96867 13711 1594 42091 74197 60932 74418 10199 78715 18846 66756 36256 44614 49421 89574 26966 68691 97812 31201 88558 86782 38188 64681 61596 31571 76553 54470 95748 99129 77805 7044 18771 14699 73679 13354 90703 41364 3234 58357 6494 7640 60193 50903 79582 53213 66053 88120 95675 15824 87190 17569 15382 21114 24742 50139 81126 35185 22284 51657 19407 65357 53583 7388 27583 58619 42960 46860 94910 46972 6635 92672 7198 80882 3529 24091 10919 94230 88374 35859 3316 34039 65775 42226 97388 4248 13679 61216 38451 42321 76019 71901 63105 66235 35511 68830 54087 45053 43434 84803 66414 81699 14373 83805 19793 61576 73797 87499 89818 26729 16939 33355 15260 69363 99562 16861 56113 83953 74380 45737 63774 31252 77240 5533 86288 48593 34076 12874 24368 74348 81034 84253 77279 27513 53579 17326 86993 %n2 106
53575 77893 23137 85999 14486 28992 21629 91205 47905 16206 22098 7395 72216 16164 79298 69150 53225 24945 32906 2067 85598 23046 25786 56950 83505 64774 18703 37742 84349 7663 74281 97693 26190 63119 90326 38841 43632 84400 75580 86309 3665 24388 72813 86417 52680 63449 35022 40031 15465 9294 91109 77970 17691 81480 91449 99201 95264 54053 69693 70833 8932 52676 88640 48416 5728 19078 53703 63398 84695 39949 56594 83784 76900 12863 16005 98459 89433 6342 50091 78842 31716 4427 97606 725 97406 59523 33533 67798 67901 14880 36452 77905 90986 39111 91242 39414 33668 20438 93080 61209 80967 32717 89315 5810 66101 33009 %n3 94
62048 43879 49441 16214 8608 83788 54207 92117 48503 60823 38164 67069 1974 52213 16638 57763 60835 58685 49377 64422 65534 78373 39126 76489 96951 58151 69665 89335 48731 64264 76057 82693 31870 41382 84230 51904 95071 845 84128 97041 15793 496 19185 49886 88126 6392 92209 22460 68903 81590 53264 64680 33667 48979 45599 99122 37617 956 74282 89442 67235 33058 58195 46519 58524 7008 98342 65527 63605 23063 86046 17794 18105 89187 30437 23868 69929 17182 18472 88007 10870 61648 31744 48630 89361 96641 42959 31952 89847 22474 43936 77693 39811 64031 %n4 71
74879 45156 4009 58817 84023 46660 62900 43798 63098 73271 28712 59698 40491 55387 85749 20986 60318 43667 20245 72187 31499 63368 33416 42253 62237 85011 62457 68367 57312 56226 66267 90217 53727 41960 91343 42183 60629 74640 93138 7001 99937 10625 13081 96499 50076 15720 68739 4495 71440 9001 77442 87316 94123 59519 89932 48844 59703 79489 42146 25968 9484 35206 89191 23624 51658 93919 58282 67015 14581 53866 1896 %n5 47
98705 4726 54939 47598 42477 16579 71732 23842 88226 80942 22533 72021 65244 46259 19365 38842 79868 17712 5646 25730 12307 15704 43980 27731 35192 45910 78463 99468 6492 39920 13914 20532 84255 25290 28724 49241 35528 18640 85780 93939 63898 25780 302 74606 29471 73990 8910 %n6 43
38643 7714 10611 54614 60727 54511 15399 24620 59422 51705 31635 38346 31642 62381 87765 54883 50060 94391 5139 36449 78190 5022 30896 54140 7996 96157 69781 28867 97451 44394 62001 62466 58970 27541 26939 41278 18626 46747 58907 93729 40055 70574 86021 %n7 26
98646 67674 9032 87357 32298 43790 64792 86124 78486 99381 82084 21289 40173 73747 24434 3016 90517 62715 57869 89147 67380 79528 69810 8921 63824 62852 %n8 25
60976 14304 31042 30257 22064 28557 21833 96454 1419 99133 23796 32375 87902 85281 62847 43486 29737 58329 93358 90878 63585 9349 10885 39555 39563 %n9 22
97896 68733 85107 38507 64218 15561 79808 9610 93491 85211 22231 3104 58371 94120 62812 31554 49327 2856 95119 81727 71653 1977 %n10 13
41527 87311 51199 43847 23261 6808 40005 62062 18996 52795 58380 31171 69832 %n11 20
72587 76260 52821 7039 15248 96384 78903 18194 99035 60951 8634 60282 40560 29412 35886 78353 53327 7148 26070 19174 %n12 12
57935 70987 24449 24685 40593 82850 27798 74326 91491 57673 85358 16449 %n13 10
8346 91693 36122 34676 31232 95557 93347 57795 91889 79152 %n14 8
73798 60974 89386 30788 60088 98501 46620 53574 %n15 3
63816 34714 17341 %n16 2
18170 98486 %n17 5
40066 46362 73253 85897 3595 %n18 2
12975 9631 %n19 3
80196 66377 63379 %n20 0
%n21 0
%n22 0
%n23 2
52579 18436 %n24 1
71783 %n25 1
19685 %n26 0
%n27 1
27198 %n28 0
%n29 0
%n30 0
%n31 0
%n32 0
%n33 0
%n34 0
%n35 0
%n36 0
%n37 0
%n38 0
%n39 0
%n40 0
%n41 0
%n42 0
%n43 0
%n44 0
%n45 0
%n46 0
%n47 0
%n48 0
%n49 0
%n50 0
%n51 0
%n52 0
%n53 0
%n54 0
%n55 0
%n56 0
%n57 0
%n58 0
%n59 0
%n60 0
%n61 0
%n62 0
%n63 0
%n64 0
%n65 0
%n66 0
%n67 0
%n68 0
%n69 0
%n70 0
%n71 0
%n72 0
%n73 0
%n74 0
%n75 0
%n76 0
%n77 0
%n78 0
%n79 0
%n80 0
%n