307
0 120
20705 37759 28482 33359 79844 46226 97527 90947 38726 38205 2784 44983 87352 92736 73516 56284 8166 61747 79124 83535 67474 70216 95644 78221 33946 23378 64959 65813 43568 83396 87273 76370 95209 86356 15800 7362 87196 72678 85890 2541 82128 99579 78122 45151 64930 53205 89996 67251 94592 3868 45653 73362 81049 27274 37377 16114 2111 64570 38936 78690 75545 83385 59193 41658 54367 54592 68955 56998 53879 46992 23392 39122 94841 12327 66554 12096 58765 80018 2980 16610 75077 61279 52906 72014 95835 90079 75653 5942 97760 60199 39241 62726 59675 64092 14966 8839 5276 93669 571 55201 71759 16159 92600 31361 5326 2877 22790 95986 43143 48060 55735 79652 69097 22119 74627 76615 97093 21365 1817 43820 %n1 95
75226 57960 78217 72039 70256 38818 59557 54830 65117 80632 6761 261 30424 97028 48691 98714 80189 68435 87810 2353 15473 81548 6389 20767 82262 27580 66793 37264 51290 53659 14878 13699 40893 79310 4664 40206 31941 19864 82173 34646 14623 56675 6948 52751 21355 87565 27246 40140 52647 45870 75221 13614 40785 48019 63956 42739 44020 31702 15344 82741 7774 82275 36043 64708 44843 50937 13464 77626 73612 53472 73922 20416 26993 4884 61048 57699 77374 21172 1154 45555 95930 23556 48402 72989 89336 81821 5881 39669 27413 51483 80024 53487 59239 88570 60408 %n2 72
61557 56760 13019 32731 46768 22613 82256 42702 70628 28081 57914 82146 19874 51289 25335 98371 74433 14969 26078 14338 80379 40742 34857 60251 56861 78761 37782 80336 9754 79087 76410 16499 9928 93114 40831 95234 50989 39267 56404 39519 82588 93156 20057 16011 69140 78055 67753 92525 33924 2811 68105 37737 7139 59980 10461 79940 738 54368 52616 76745 7945 54976 30332 13414 4972 62526 61313 8266 60762 4004 85337 7084 %n3 54
2748 93439 81974 56026 72142 73709 54077 66087 78183 85474 10568 44618 55423 74730 19467 63071 12695 29155 57925 4055 14084 33986 23588 12558 28414 74640 87452 74432 69334 95610 91036 27335 96923 49278 67024 51948 15843 86410 75245 49940 41958 74548 9485 70568 369 24654 82386 91597 96817 81461 10746 88537 17364 26136 %n4 40
35780 31203 35930 32429 31621 51231 55974 13235 75936 69535 83736 99536 92082 49615 15526 38746 9213 49098 25520 63547 18379 73558 69219 35604 38511 61918 53343 68999 60796 26293 53367 1615 69686 91391 2703 19174 82396 64280 71449 59853 %n5 34
48023 3977 25614 31877 99365 86274 44321 31351 44998 32393 93380 93608 14720 24352 24191 68142 81561 29507 75676 36113 73844 51410 19276 92423 28995 95263 34028 95911 33487 199 72780 75052 86466 81614 %n6 32
78008 2332 51005 9445 19795 104 8337 93005 96367 30177 71770 11773 77686 16432 87317 57595 51081 28022 56485 84260 15634 86863 4046 6342 35932 62383 62600 90234 24299 69671 98674 52649 %n7 22
10801 44288 10353 84561 21545 63688 41792 18560 55438 93468 25372 23856 85074 63575 632 343 8021 42610 77790 12828 12914 60902 %n8 15
28103 43186 65707 65505 2173 33021 40398 98318 27221 27995 37472 80566 14627 67133 16209 %n9 10
17328 93789 68311 98597 19030 48297 64900 78822 54590 49360 %n10 8
57735 16455 75938 14832 55129 33893 3232 68420 %n11 7
20909 90188 85532 15251 52222 39020 49273 %n12 4
56468 57870 83128 5539 %n13 3
4351 47905 27824 %n14 2
42805 16695 %n15 2
33882 56630 %n16 2
33897 71593 %n17 8
24741 3169 87930 69230 90269 51565 75654 34191 %n18 0
%n19 1
63364 %n20 1
95971 %n21 0
%n22 1
49716 %n23 0
%n24 1
83171 %n25 0
%n26 0
%n27 0
%n28 1
74690 %n29 0
%n30 0
%n31 0
%n32 0
%n33 0
%n34 0
%n35 0
%n36 0
%n37 0
%n38 0
%n39 0
%n40 0
%n41 0
%n42 0
%n43 0
%n44 0
%n45 0
%n46 0
%n47 0
%n48 0
%n49 0
%n50 0
%n51 0
%n52 0
%n53 0
%n54 0
%n55 0
%n56 0
%n57 0
%n58 0
%n59 0
%n60 0
%n61 0
%n62 0
%n63 0
%n64 0
%n65 0
%n66 0
%n67 0
%n68 0
%n69 0
%n70 0
%n71 0
%n72 0
%n73 0
%n74 0
%n75 0
%n76 0
%n77 0
%n78 0
%n79 0
%n80 0
%n81 0
%n82 0
%n83 0
%n84 0
%n85 0
%n86 0
%n87 0
%n88 0
%n89 0
%n90 0
%n91 0
%n92 0
%n93 0
%n94 0
%n95 0
%n96 0
%n97 0
%n98 0
%n99 0
%n100 0
%n101 0
%n102 0
%n103 0
%n104 0
%n105 0
%n106 0
%n107 0
%n108 0
%n109 0
%n110 0
%n111 0
%n112 0
%n113 0
%n114 0
%n115 0
%n116 0
%n117 0
%n118 0
%n119 0
%n120 0
%n121 0
%n122 0
%n123 0
%n124 0
%n125 0
%n126 0
%n127 0
%n128 0
%n129 0
%n130 0
%n131 0
%n132 0
%n133 0
%n134 0
%n135 0
%n136 0
%n137 0
%n138 0
%n139 0
%n140 0
%n141 0
%n142 0
%n143 0
%n144 0
%n145 0
%n146 0
%n147 0
%n148 0
%n149 0
%n150 0
%n151 0
%n152 0
%n153 0
%n154 0
%n155 0
%n156 0
%n157 0
%n158 0
%n159 0
%n160 0
%n161 0
%n162 0
%n163 0
%n164 0
%n165 0
%n166 0
%n167 0
%n168 0
%n169 0
%n170 0
%n171 0
%n172 0
%n173 0
%n174 0
%n175 0
%n176 0
%n177 0
%n178 0
%n179 0
%n180 0
%n181 0
%n182 0
%n183 0
%n184 0
%n185 0
%n186 0
%n187 0
%n188 0
%n189 0
%n190 0
%n191 0
%n192 0
%n193 0
%n194 0
%n195 0
%n196 0
%n197 0
%n198 0
%n199 0
%n200 0
%n201 0
%n202 0
%n203 0
%n204 0
%n205 0
%n206 0
%n207 0
%n208 0
%n209 0
%n210 0
%n211 0
%n212 0
%n213 0
%n214 0
%n215 0
%n216 0
%n217 0
%n218 0
%n219 0
%n220 0
%n221 0
%n222 0
%n223 0
%n224 0
%n225 0
%n226 0
%n227 0
%n228 0
%n229 0
%n230 0
%n231 0
%n232 0
%n233 0
%n234 0
%n235 0
%n236 0
%n237 0
%n238 0
%n239 0
%n240 0
%n241 0
%n242 0
%n243 0
%n244 0
%n245 0
%n246 0
%n247 0
%n248 0
%n249 0
%n250 0
%n251 0
%n252 0
%n253 0
%n254 0
%n255 0
%n256 0
%n257 0
%n258 0
%n259 0
%n260 0
%n261 0
%n262 0
%n263 0
%n264 0
%n265 0
%n266 0
%n267 0
%n268 0
%n269 0
%n270 0
%n271 0
%n272 0
%n273 0
%n274 0
%n275 0
%n276 0
%n277 0
%n278 0
%n279 0
%n280 0
%n281 0
%n282 0
%n283 0
%n284 0
%n285 0
%n286 0
%n287 0
%n288 0
%n289 0
%n290 0
%n291 0
%n292 0
%n293 0
%n294 0
%n295 0
%n296 0
%n297 0
%n298 0
%n299 0
%n300 0
%n301 0
%n302 0
%n303 0
%n304 0
%n305 0
%n306 0
%n