83
0 39
78489 6286 28975 80417 10466 69322 99370 26951 14134 65597 30895 15340 37511 28393 25045 61953 84855 96954 74897 92491 32850 89918 75562 28675 25568 75392 26543 77240 64179 28276 44109 34645 89073 24051 76824 2705 98046 40951 13837 %n1 27
70404 7373 13136 87311 69556 79773 4259 28964 3912 60328 33769 29585 65747 30822 16359 56753 30686 65961 39666 33822 63595 70084 45537 42405 73456 95414 68198 %n2 25
27293 24729 44920 25124 33671 84435 87872 39053 28983 9194 93315 86420 4074 8445 24357 57510 43730 21173 18164 56829 6643 33355 63987 72853 4708 %n3 18
52976 45269 87522 98741 7745 18899 59104 74167 79955 86196 69814 60766 37328 1598 62862 38569 55703 1034 %n4 14
57839 47792 12765 75847 73368 48332 40798 12960 478 7689 67808 21053 11023 9968 %n5 7
67310 82426 97908 29381 42245 48621 87725 %n6 7
87573 32557 89622 6409 67267 86549 91913 %n7 6
9494 26028 49006 56551 7868 33400 %n8 6
51358 31941 75065 88024 79439 72110 %n9 3
73092 72885 55196 %n10 5
70579 25771 79823 99435 93140 %n11 4
15245 85948 57834 76121 %n12 2
31521 75084 %n13 3
78545 23080 53630 %n14 0
%n15 1
55556 %n16 1
93154 %n17 0
%n18 0
%n19 0
%n20 0
%n21 0
%n22 1
51403 %n23 0
%n24 0
%n25 0
%n26 0
%n27 0
%n28 0
%n29 0
%n30 0
%n31 0
%n32 0
%n33 0
%n34 0
%n35 0
%n36 0
%n37 0
%n38 0
%n39 0
%n40 0
%n41 0
%n42 0
%n43 0
%n44 0
%n45 0
%n46 0
%n47 0
%n48 0
%n49 0
%n50 0
%n51 0
%n52 0
%n53 0
%n54 0
%n55 0
%n56 0
%n57 0
%n58 0
%n59 0
%n60 0
%n61 0
%n62 0
%n63 0
%n64 0
%n65 0
%n66 0
%n67 0
%n68 0
%n69 0
%n70 0
%n71 0
%n72 0
%n73 0
%n74 0
%n75 0
%n76 0
%n77 0
%n78 0
%n79 0
%n80 0
%n81 0
%n82 0
%n