109
0 22
5745 57203 21356 1872 70040 37442 20023 42401 47178 66676 61877 28615 19019 3873 25867 22537 60221 58310 60144 743 39675 53967 %n1 19
71627 592 8913 39320 8479 22627 1861 44503 44117 58122 66928 21447 54599 35255 37747 43353 1878 73555 40500 %n2 14
39431 47096 39902 39003 4465 70874 23451 68698 57219 50994 61675 16500 58492 4294 %n3 15
62604 59416 18960 41711 61243 47954 40033 67692 36511 53192 21215 38385 35600 34962 11447 %n4 17
56631 40250 41509 72034 24876 31921 31345 5364 67006 57247 46860 23458 32897 41404 68354 69715 35735 %n5 18
25396 26743 64608 35959 33551 14692 26427 67894 13243 50231 55936 51573 71461 20682 39430 10247 60573 17077 %n6 18
62403 7475 38007 74054 60813 53654 18300 6415 13184 29633 55510 9288 42222 11094 46278 63368 41348 52947 %n7 15
21019 15812 35328 17311 35746 61820 33991 38354 28336 58784 51244 38728 71202 73347 39203 %n8 15
20988 28614 16392 55124 1604 51727 70115 28493 63331 3997 4909 59643 49904 12388 66252 %n9 14
10216 40291 49780 75049 15366 18752 66446 18367 72512 33117 34650 38724 7832 60058 %n10 12
42190 42221 17448 68408 35830 15629 9200 34021 40338 31111 58318 63145 %n11 9
46383 70000 36015 9705 37032 62046 46901 65758 50418 %n12 8
3195 4103 69097 18928 16184 56452 28187 68962 %n13 11
54280 37506 61836 69501 57909 32699 49370 23887 61250 68364 29912 %n14 7
64653 46795 45543 23537 13545 36673 38071 %n15 7
26768 38324 31437 32746 33809 28173 13951 %n16 6
42836 4643 26117 11968 5501 24192 %n17 6
43802 24443 2523 55562 14671 72458 %n18 5
14662 71373 52921 4365 57583 %n19 2
8272 56297 %n20 4
11498 32986 60509 73306 %n21 9
2533 6611 23581 64626 34598 28338 43938 55025 50362 %n22 4
53507 21663 15179 16073 %n23 4
61860 33263 57246 51042 %n24 5
30781 52494 16287 55484 57999 %n25 6
19641 73758 65440 4373 69164 2993 %n26 5
19553 50650 70405 20323 273 %n27 3
71762 33213 68647 %n28 1
56376 %n29 2
28197 29041 %n30 3
62166 11407 25526 %n31 1
74208 %n32 4
23667 62117 40481 29632 %n33 1
22157 %n34 0
%n35 1
65126 %n36 3
14674 5872 47458 %n37 1
60805 %n38 0
%n39 1
20486 %n40 0
%n41 0
%n42 2
5903 66709 %n43 0
%n44 3
632 19936 22667 %n45 2
19363 16411 %n46 0
%n47 3
33811 63462 33907 %n48 0
%n49 0
%n50 0
%n51 0
%n52 0
%n53 1
27154 %n54 2
32212 72076 %n55 0
%n56 0
%n57 0
%n58 0
%n59 0
%n60 2
22153 29242 %n61 0
%n62 1
29063 %n63 0
%n64 0
%n65 0
%n66 0
%n67 0
%n68 0
%n69 1
46755 %n70 2
67135 28139 %n71 2
51070 54574 %n72 0
%n73 0
%n74 0
%n75 0
%n76 0
%n77 0
%n78 0
%n79 0
%n80 0
%n81 0
%n82 0
%n83 0
%n84 0
%n85 0
%n86 0
%n87 0
%n88 0
%n89 0
%n90 0
%n91 0
%n92 0
%n93 0
%n94 0
%n95 0
%n96 0
%n97 0
%n98 0
%n99 0
%n100 0
%n101 0
%n102 0
%n103 0
%n104 0
%n105 0
%n106 0
%n107 0
%n108 0
%n