97
0 22
43432 86839 52480 53122 4611 3422 47625 88196 23836 16753 78830 56135 6381 51506 40501 35323 11 81670 26308 13162 22091 61392 %n1 20
97564 86085 23354 53448 65394 55268 70816 31986 52727 34324 70279 36068 9812 25552 75697 15484 48000 46691 86937 73555 %n2 20
99905 50226 38345 80044 2623 32827 64706 77757 2172 64124 65122 99385 62080 15818 4176 90096 15193 79040 30192 54805 %n3 19
46607 52657 6564 19746 44165 60510 72224 1238 98050 61487 48593 66980 8136 43335 69540 44547 28157 29890 16968 %n4 19
60475 10816 94667 86155 55585 5357 92386 16903 89196 75841 80650 60234 67084 4180 29021 39164 33163 40636 33088 %n5 22
64409 1276 3472 91441 81053 79950 72288 60918 77035 32828 5925 70855 92775 28899 12563 90498 7328 77755 56957 61690 73732 1898 %n6 17
67604 98084 7182 44990 19570 43632 83556 94472 47499 46703 1427 95238 1275 45457 1874 53532 96569 %n7 18
40972 87230 85714 67911 88201 78832 15549 69735 40571 90870 61801 65661 71727 49537 92517 85685 16155 88149 %n8 16
56292 3393 23940 58482 28258 44235 28491 11654 98617 12679 88924 65087 82087 17414 53743 51661 %n9 18
81603 60852 7324 57102 77215 51724 12878 2866 42868 30835 60823 55049 86356 95540 72683 39212 21045 72650 %n10 17
62525 32931 88231 86362 5717 72545 54843 73118 36199 8267 44910 32466 52925 30187 20740 37657 3264 %n11 12
40835 32914 78146 94524 49081 21410 54812 60030 72694 41406 85508 49592 %n12 14
61949 61718 70232 50569 13932 95808 4942 21822 47438 54523 65627 14148 7368 61396 %n13 15
13640 18882 2087 62616 71026 31728 58811 22099 64429 22006 31164 6562 59189 98862 34251 %n14 15
81196 50983 67981 1423 98195 24570 63595 42756 261 52860 21562 7051 43140 36626 82426 %n15 11
51659 97544 34086 40924 53547 85053 28381 61278 98830 6514 69574 %n16 11
5917 32867 26596 10704 70104 82623 52158 90141 38209 26526 58730 %n17 10
47656 80136 69416 49804 73372 11104 72235 42632 89556 79079 %n18 7
17017 54762 48962 91112 9029 81383 20863 %n19 12
41042 83905 63857 51721 38819 97800 40347 46282 7543 4417 90935 93697 %n20 9
34825 7687 86710 41692 27855 75907 50636 64168 62341 %n21 7
18757 35553 69836 8934 88660 21782 38539 %n22 10
20711 69548 66035 65340 61650 58218 48192 77206 22732 11241 %n23 8
3355 25883 18935 92309 32876 84580 23570 7446 %n24 7
59798 43496 9445 28971 82297 95801 76335 %n25 7
81165 65919 2537 44874 98029 47185 40677 %n26 9
29400 7277 96599 41391 49242 59003 80263 13614 87359 %n27 12
41653 63419 95178 22115 45025 86868 50877 98435 50201 52490 57092 11618 %n28 9
58281 18196 66201 56659 84168 48732 56700 11072 19786 %n29 13
10486 24982 13781 42290 38573 22096 67184 47340 78124 7534 40862 61793 28040 %n30 11
81745 64380 7630 11955 25824 76948 85156 23904 34025 99335 62039 %n31 9
99081 36113 4077 28588 67182 1217 16114 60016 31982 %n32 8
79057 71671 28924 11637 10446 23736 40066 25851 %n33 7
11395 78971 11139 15017 77973 63628 15499 %n34 6
22833 75691 18367 32273 19630 65961 %n35 6
61009 11975 52233 55648 81861 97310 %n36 6
44263 28904 8429 78979 30176 75621 %n37 6
12318 10758 73403 7118 97031 39208 %n38 4
16470 28622 69831 29603 %n39 2
53663 85288 %n40 5
65102 63043 42525 74088 42019 %n41 11
17502 43333 61283 62835 17222 61289 2645 45579 71803 9758 63709 %n42 6
83281 74645 98897 76685 64206 1049 %n43 6
46549 19712 16969 59725 29881 55489 %n44 4
25029 28122 3601 14200 %n45 3
41945 36287 93470 %n46 4
24877 14622 35212 89759 %n47 2
56447 96550 %n48 2
35195 4002 %n49 3
34599 28642 7741 %n50 2
3604 20462 %n51 6
68647 62536 97976 4638 84955 80776 %n52 2
36582 82680 %n53 3
5077 72945 3513 %n54 1
55886 %n55 3
90871 24795 78212 %n56 5
74215 21195 31335 4214 25654 %n57 0
%n58 2
7028 44160 %n59 2
18427 86518 %n60 4
83705 95005 77246 11288 %n61 5
23032 40322 38058 36138 96614 %n62 5
82813 78989 7352 26307 60763 %n63 2
13218 95764 %n64 2
34372 29068 %n65 2
83103 31237 %n66 2
17495 66376 %n67 3
55649 93584 59784 %n68 2
50043 83819 %n69 2
56188 20076 %n70 2
30482 13235 %n71 2
38803 3643 %n72 3
79830 58470 71336 %n73 1
85836 %n74 5
79024 16755 37388 19429 68275 %n75 2
69158 27556 %n76 2
16235 49174 %n77 0
%n78 0
%n79 0
%n80 0
%n81 2
25954 21137 %n82 0
%n83 2
73986 15949 %n84 2
6147 58213 %n85 1
5680 %n86 1
30487 %n87 2
95502 6636 %n88 1
87711 %n89 1
7265 %n90 1
73611 %n91 1
57839 %n92 3
31419 83450 63973 %n93 0
%n94 0
%n95 1
33695 %n96 0
%n