26
0 325
24240 47979 27176 59709 73337 5276 308 91430 1940 2601 45753 79589 62362 76618 2103 81325 12594 23702 26128 82573 31749 37684 26733 12573 80013 82607 65240 6254 2187 28455 6690 63875 42050 8759 54913 8068 20362 25376 64599 39675 22802 72328 7417 12146 96288 88576 19082 62217 61853 86647 19462 22560 58155 10158 82476 20412 73408 15228 17444 97946 93494 42688 90633 26487 15362 90147 69169 23314 26174 65127 44981 53003 88051 66681 6646 95588 19729 63498 94180 63983 8729 66768 98670 93322 27026 335 63311 26614 22938 10740 33985 13377 3127 10347 22335 98970 73896 94121 90472 86867 26328 52054 85417 36279 95452 44412 83934 84320 90444 42005 88737 70363 32155 35492 27747 80678 77317 40629 95017 96396 22638 56584 50344 87095 20546 67256 53473 61137 62728 40761 78927 35001 6714 61825 42694 95617 68439 97567 88796 26909 9441 567 3763 27394 77232 94764 50387 7231 58501 5320 6929 95966 44079 67361 62146 69608 1152 11809 90554 41761 33539 74061 83365 75887 37798 63491 62281 89098 57234 83501 7555 83864 22763 93328 37425 49683 88557 35109 24272 2367 1699 78151 30107 52944 93338 36746 45928 20417 68777 99541 62726 50912 53543 6757 7455 93357 64531 65563 49688 74195 77524 33631 75498 40637 56667 91856 16937 88981 54366 40130 77513 54510 63199 29870 15872 18164 26135 22381 39091 55925 39693 99013 17578 82646 80898 46030 12431 18814 66241 35862 36669 20636 93600 74003 20912 21052 57772 80038 37423 28248 64620 48202 98575 53610 54976 57228 68804 59278 38396 27665 69025 84239 41775 8042 96111 96091 48051 5206 47489 23735 10300 98803 78896 34713 90338 65589 35246 65821 95187 69671 15602 85118 58859 6781 54192 64054 22144 60038 14665 76615 86038 20066 27582 8787 60102 17574 59083 33217 9335 57581 10308 90641 39302 59345 81624 86787 30335 27295 40904 1247 33912 33454 65182 10480 39747 56837 51482 12485 98183 77065 92219 22916 99171 30943 27002 60713 77639 94897 54017 55333 17556 21932 95440 74490 9815 %n1 172
46930 22271 128 42480 41535 61394 69068 67854 47882 87350 40649 27294 39372 30077 77565 67875 85835 60692 52740 3627 37947 80219 77667 4666 84041 83496 73798 90774 33853 75812 26759 14088 45512 47031 29499 26587 44071 82140 98039 19138 66644 56839 15022 93891 70649 12376 17112 48806 96606 59359 83144 2842 28288 60680 74854 58100 78355 81556 12297 28484 31368 20819 81532 90467 50815 57441 23074 18017 57464 72209 36977 6325 43142 76357 23053 51116 60553 33670 90495 65337 49055 70441 60769 98974 21226 70180 92142 79574 5380 76219 68407 25618 27640 89773 17284 64805 12829 42673 3969 33737 88979 22255 77764 50826 52277 35601 18158 22716 57757 82317 15717 64492 59670 26509 26017 90172 93392 76272 63005 16769 35095 65246 83684 56495 75084 27443 21873 84282 53285 67155 75485 1428 39640 56828 38390 64543 95076 71990 32437 88097 80433 15339 83915 87303 83180 95358 17962 45064 44081 20924 3038 80176 91790 31880 58144 45470 28507 58868 63747 84740 69445 52651 95217 72091 54729 14586 59529 49165 32344 77555 50790 31008 %n2 97
39291 78645 11693 46101 28220 47650 48246 89869 34376 11422 82613 86434 12635 64982 37778 8913 36676 1141 56435 9864 7894 5289 69053 52321 74531 86779 67772 58762 43021 26522 83812 45138 20082 3560 77818 48938 3817 50410 71861 17769 45805 18820 96013 23060 73214 97392 29308 35397 89048 29557 81198 54569 76088 98928 29932 92471 91971 65706 45977 19824 11837 53624 91108 39232 54356 64442 3505 79450 18487 1411 43996 98988 89933 15969 68192 43615 58189 69024 52032 20651 6222 88640 10046 48272 51704 41458 82480 27335 82645 26378 81190 18825 62346 80725 5662 83530 22755 %n3 63
9283 34433 30998 34212 54609 66279 67119 51221 66434 88458 42227 79175 37748 79129 73393 34905 36348 38856 3776 40148 86320 36517 30187 92311 37207 82779 22836 67567 90818 96401 54036 56604 14323 12549 48227 680 72130 77194 55189 4244 13807 2839 86512 81571 90416 7057 62367 42730 63086 21883 97072 42564 20477 49351 28498 38998 37886 86911 62593 36017 42740 12954 27499 %n4 33
36271 36063 5189 99122 37054 21804 67154 67063 60747 65905 73505 66036 72760 62475 37212 76401 89864 1406 94490 38131 75036 85324 63673 93209 38021 4176 37520 31742 58757 9433 6754 70492 53043 %n5 15
90312 14850 41688 73794 55661 76104 70552 52345 69760 89738 66133 37857 72161 10403 8292 %n6 9
75548 91610 52052 6086 53756 20772 1159 81522 90795 %n7 5
16217 40896 20138 19557 2147 %n8 0
%n9 1
9425 %n10 2
56996 97656 %n11 2
46860 38932 %n12 0
%n13 0
%n14 1
58056 %n15 0
%n16 1
59514 %n17 0
%n18 0
%n19 0
%n20 0
%n21 0
%n22 0
%n23 0
%n24 0
%n25 0
%n