191
0 18
53708 22010 36625 55389 45578 42450 5426 37284 37663 25067 34877 3212 49170 55823 12995 32450 14243 39597 %n1 17
9296 13570 37132 2071 22117 10967 1309 4737 33976 48741 29284 23443 5813 21210 54945 4822 59468 %n2 14
46411 45514 5692 59075 202 22336 1318 25938 41952 49387 6140 42620 60289 1080 %n3 17
50776 28375 10781 1379 22987 47269 32478 20583 38880 11656 41733 31515 52080 30159 2739 14955 12119 %n4 14
11071 21850 27978 35935 42081 13265 58486 57231 36541 28692 44459 25979 28031 583 %n5 11
7431 10990 45090 13178 16391 33473 36144 36989 44655 59658 15755 %n6 13
53802 3631 60340 43015 29336 52141 29988 37269 33831 35768 6191 21933 46643 %n7 12
21436 20704 42561 50375 2200 19067 49832 3481 17300 6533 35669 39715 %n8 10
37378 25124 26296 30128 4050 30317 60858 54750 22337 40855 %n9 10
27523 48519 53056 43992 45368 9826 41316 19222 27421 30168 %n10 8
6883 38519 31039 17138 28283 279 53591 30924 %n11 9
58863 13142 5245 48481 25849 32689 45575 2297 51414 %n12 10
47143 15875 44206 51568 52802 5928 42041 36737 60102 60596 %n13 7
28415 2957 30386 37409 57256 2660 51463 %n14 8
38242 21167 3498 46954 56324 61106 55943 44930 %n15 4
9729 29440 39219 20480 %n16 8
49123 21195 51700 55480 60752 20844 55873 61192 %n17 6
1075 3814 14297 23463 29013 16523 %n18 8
37407 18142 25531 26674 44553 45260 43242 53312 %n19 3
44741 13965 25250 %n20 1
12169 %n21 8
36345 26082 25915 30684 42867 38489 5033 20527 %n22 5
37140 15091 57272 40271 6016 %n23 2
44225 7532 %n24 2
36177 3178 %n25 1
3462 %n26 1
2880 %n27 0
%n28 7
33958 41096 33194 23544 22544 57906 19464 %n29 3
49102 28605 43803 %n30 5
59242 6099 55654 15593 15510 %n31 0
%n32 1
27849 %n33 1
32749 %n34 2
50696 51924 %n35 0
%n36 4
33918 21496 41954 7917 %n37 1
41723 %n38 1
36779 %n39 1
49577 %n40 1
1859 %n41 0
%n42 2
13937 36167 %n43 0
%n44 0
%n45 3
22109 3518 55772 %n46 2
52285 58491 %n47 1
23581 %n48 2
23127 14339 %n49 0
%n50 0
%n51 0
%n52 1
55017 %n53 1
12809 %n54 0
%n55 1
36399 %n56 0
%n57 0
%n58 0
%n59 0
%n60 0
%n61 0
%n62 0
%n63 0
%n64 0
%n65 0
%n66 0
%n67 0
%n68 0
%n69 0
%n70 0
%n71 0
%n72 0
%n73 0
%n74 0
%n75 0
%n76 0
%n77 0
%n78 0
%n79 0
%n80 0
%n81 0
%n82 0
%n83 0
%n84 0
%n85 0
%n86 0
%n87 0
%n88 0
%n89 0
%n90 0
%n91 0
%n92 1
36887 %n93 0
%n94 0
%n95 0
%n96 0
%n97 0
%n98 0
%n99 0
%n100 0
%n101 0
%n102 0
%n103 0
%n104 0
%n105 0
%n106 0
%n107 0
%n108 0
%n109 0
%n110 0
%n111 0
%n112 0
%n113 0
%n114 0
%n115 0
%n116 0
%n117 0
%n118 0
%n119 0
%n120 0
%n121 0
%n122 0
%n123 0
%n124 0
%n125 0
%n126 0
%n127 0
%n128 0
%n129 0
%n130 0
%n131 0
%n132 0
%n133 0
%n134 0
%n135 0
%n136 0
%n137 0
%n138 0
%n139 0
%n140 0
%n141 0
%n142 0
%n143 0
%n144 0
%n145 0
%n146 0
%n147 0
%n148 0
%n149 0
%n150 0
%n151 0
%n152 0
%n153 0
%n154 0
%n155 0
%n156 0
%n157 0
%n158 0
%n159 0
%n160 0
%n161 0
%n162 0
%n163 0
%n164 0
%n165 0
%n166 0
%n167 0
%n168 0
%n169 0
%n170 0
%n171 0
%n172 0
%n173 0
%n174 0
%n175 0
%n176 0
%n177 0
%n178 0
%n179 0
%n180 0
%n181 0
%n182 0
%n183 0
%n184 0
%n185 0
%n186 0
%n187 0
%n188 0
%n189 0
%n190 0
%n