300
0 14
83363 11816 26301 21275 8418 41572 32975 30711 4758 54036 43338 48770 59653 37418 %n1 12
31608 5673 48539 8507 71381 11007 73902 69303 49074 89635 73610 46387 %n2 14
94168 42297 57915 88527 70626 51268 69157 29481 71105 52642 86656 55461 20857 5439 %n3 13
88395 81217 40150 3530 43273 9279 7448 69441 80605 7975 95724 1902 20020 %n4 14
56929 45134 56709 78278 33358 50139 14940 20443 88522 34952 55559 81811 20903 70503 %n5 11
55917 74099 47185 49878 7607 39710 15117 38097 34586 86526 84989 %n6 9
91743 72859 34756 8236 26584 13207 71763 64780 12162 %n7 13
31502 91861 57964 31862 1784 26887 7090 12738 35737 50900 55610 91146 5450 %n8 11
64356 39035 49522 27184 37618 47298 84497 26889 34814 71228 45267 %n9 13
35721 57375 64620 68347 88173 15935 11991 3666 41080 2978 63226 66077 33691 %n10 10
90374 41135 46999 46371 7422 40617 3946 31957 1892 68568 %n11 9
22154 68040 36770 57684 79007 14259 80470 2199 86394 %n12 13
23336 10734 49102 52112 90437 68784 76517 33882 74628 16893 4012 48296 31354 %n13 10
23617 70467 3752 6189 29224 60998 42194 87004 19750 13360 %n14 6
16031 9591 67824 47494 90263 25022 %n15 7
46003 31315 54969 73898 51815 10051 77344 %n16 10
2394 26414 88561 85047 80197 44878 15017 9371 85671 2819 %n17 5
3013 58056 76676 29343 82310 %n18 8
10629 1413 39662 75618 38806 69997 14263 32438 %n19 4
27967 26945 94310 20805 %n20 8
66282 44430 6435 41183 72476 10226 72696 56623 %n21 6
28856 46117 94633 31196 70991 74639 %n22 9
23258 38111 48757 47915 82318 44210 75784 5367 81248 %n23 10
50247 15127 49070 21668 61520 58223 65648 88858 13392 4925 %n24 7
17861 92542 20035 39267 59748 64282 13370 %n25 6
60087 12329 123 43869 68862 8734 %n26 7
53591 86775 67711 60702 33733 11995 31104 %n27 10
87327 30136 45853 66304 30018 62071 33429 39352 40972 72783 %n28 5
38246 45329 29980 87120 42572 %n29 6
44690 28521 37015 90989 37397 5112 %n30 6
91223 23620 8915 46205 38638 31278 %n31 8
5473 55095 85318 74492 94656 92023 78657 85338 %n32 10
79663 84651 55505 61457 21498 56360 78161 45822 15862 40484 %n33 6
72920 24687 94345 11174 19443 70473 %n34 5
95421 43937 5133 32734 87693 %n35 7
61315 19450 51016 425 77559 26873 64999 %n36 4
54894 29471 4090 58813 %n37 7
90173 55534 87230 46315 22077 39175 53276 %n38 6
71166 56908 43752 56993 38832 41166 %n39 3
53315 53117 40693 %n40 4
70244 34595 83904 70463 %n41 6
95871 30742 94536 52328 43169 74171 %n42 2
24302 63292 %n43 4
49814 34831 1417 49652 %n44 3
81107 59827 42929 %n45 4
94479 69801 5110 36302 %n46 4
11578 79198 60348 29402 %n47 5
3893 45817 81462 59010 588 %n48 2
88900 58891 %n49 2
61158 51896 %n50 3
32064 83127 16524 %n51 3
47972 43920 54029 %n52 2
30662 34641 %n53 3
77347 68436 13378 %n54 5
78152 22431 43179 26774 42055 %n55 2
61571 78318 %n56 1
44263 %n57 6
58835 62849 66633 39953 77936 38363 %n58 2
25373 67486 %n59 4
55683 44389 82150 14478 %n60 2
21280 22856 %n61 1
11470 %n62 4
51289 56939 84634 24185 %n63 5
79207 63874 21341 87017 70130 %n64 2
70758 85726 %n65 3
79690 1047 17992 %n66 2
42333 74104 %n67 1
64439 %n68 1
67221 %n69 0
%n70 2
83347 30003 %n71 1
22819 %n72 1
58944 %n73 1
43813 %n74 1
62868 %n75 3
94470 61950 73396 %n76 1
2384 %n77 1
31169 %n78 2
9464 96427 %n79 1
62716 %n80 1
13530 %n81 1
68988 %n82 1
26751 %n83 1
45090 %n84 1
40225 %n85 0
%n86 0
%n87 0
%n88 2
59867 29930 %n89 0
%n90 1
56216 %n91 0
%n92 1
67288 %n93 1
58427 %n94 1
57275 %n95 3
14197 70378 34550 %n96 3
93772 91232 13813 %n97 0
%n98 0
%n99 0
%n100 1
43192 %n101 0
%n102 0
%n103 1
49086 %n104 0
%n105 1
70523 %n106 0
%n107 1
83915 %n108 1
95076 %n109 2
9536 993 %n110 0
%n111 0
%n112 0
%n113 0
%n114 1
80404 %n115 1
37518 %n116 1
28599 %n117 0
%n118 0
%n119 0
%n120 0
%n121 0
%n122 0
%n123 0
%n124 0
%n125 0
%n126 1
75562 %n127 0
%n128 0
%n129 1
179 %n130 0
%n131 0
%n132 0
%n133 1
73580 %n134 0
%n135 0
%n136 0
%n137 0
%n138 0
%n139 0
%n140 0
%n141 1
51485 %n142 0
%n143 0
%n144 0
%n145 0
%n146 0
%n147 0
%n148 1
79180 %n149 0
%n150 0
%n151 0
%n152 0
%n153 0
%n154 0
%n155 0
%n156 0
%n157 0
%n158 0
%n159 0
%n160 0
%n161 0
%n162 0
%n163 1
24891 %n164 1
13137 %n165 0
%n166 0
%n167 0
%n168 0
%n169 0
%n170 0
%n171 0
%n172 0
%n173 0
%n174 0
%n175 0
%n176 0
%n177 0
%n178 0
%n179 0
%n180 0
%n181 0
%n182 0
%n183 0
%n184 0
%n185 0
%n186 0
%n187 1
59495 %n188 1
36053 %n189 0
%n190 0
%n191 0
%n192 0
%n193 0
%n194 0
%n195 0
%n196 0
%n197 0
%n198 0
%n199 0
%n200 0
%n201 0
%n202 0
%n203 0
%n204 0
%n205 0
%n206 0
%n207 0
%n208 0
%n209 0
%n210 1
6456 %n211 0
%n212 0
%n213 0
%n214 0
%n215 0
%n216 0
%n217 0
%n218 0
%n219 0
%n220 0
%n221 0
%n222 0
%n223 0
%n224 1
31852 %n225 0
%n226 0
%n227 0
%n228 0
%n229 0
%n230 0
%n231 0
%n232 0
%n233 0
%n234 0
%n235 0
%n236 0
%n237 1
2842 %n238 0
%n239 0
%n240 0
%n241 0
%n242 0
%n243 0
%n244 0
%n245 0
%n246 0
%n247 0
%n248 0
%n249 0
%n250 1
62053 %n251 0
%n252 0
%n253 0
%n254 0
%n255 0
%n256 0
%n257 0
%n258 0
%n259 0
%n260 0
%n261 0
%n262 0
%n263 0
%n264 0
%n265 0
%n266 0
%n267 0
%n268 0
%n269 0
%n270 0
%n271 0
%n272 0
%n273 0
%n274 0
%n275 0
%n276 0
%n277 0
%n278 0
%n279 0
%n280 0
%n281 0
%n282 0
%n283 0
%n284 0
%n285 0
%n286 0
%n287 0
%n288 0
%n289 0
%n290 0
%n291 0
%n292 0
%n293 0
%n294 0
%n295 0
%n296 0
%n297 0
%n298 0
%n299 0
%n