23
0 125
38760 39445 19879 15916 29764 41839 9753 11106 49997 29403 2820 43457 31988 56327 19375 30126 24196 38865 47205 6149 6535 47490 27242 21739 52560 55378 46205 26576 20679 26223 49623 23885 31120 55411 31742 14819 13764 42159 11659 35215 40774 1123 12512 17261 32434 22276 47404 7977 5040 49686 46201 18858 17588 21445 52407 24812 42713 41865 41331 56931 39897 52680 3304 7351 54546 22210 14270 2249 50950 44312 18979 5753 25738 13137 55023 52962 16229 33053 20612 52463 30387 18333 49981 45785 15179 37205 4200 35620 24398 11862 26622 55477 18007 14807 44461 42985 43134 45699 36311 27146 29035 25981 24989 32113 3250 53850 35176 29336 21723 29120 55572 27832 42658 51382 41656 5691 47530 56563 13493 55087 22595 55716 45001 41860 19174 %n1 48
14841 33212 37721 19446 26832 29095 39588 8389 16580 1337 1408 4139 30139 19725 42031 25940 55044 40395 19882 8570 48543 33583 39122 32205 36337 822 49097 49579 7457 12997 48823 20145 36320 39282 43763 3793 25172 35727 20876 43476 11724 173 7427 1023 2557 41510 32250 3252 %n2 19
17967 52693 21659 55114 20825 47871 33621 34365 33675 6468 14300 249 43936 47194 20377 43817 21660 44317 29946 %n3 11
51945 16546 12234 50855 31509 48962 6623 52183 21384 20047 30111 %n4 12
18219 13855 8262 9148 4582 41480 12371 25538 16277 14810 6645 10150 %n5 2
18727 49156 %n6 1
41854 %n7 1
40322 %n8 0
%n9 0
%n10 0
%n11 0
%n12 0
%n13 0
%n14 0
%n15 0
%n16 0
%n17 0
%n18 0
%n19 0
%n20 0
%n21 0
%n22 0
%n