198
8408 19
9756 16222 31076 23569 13455 63077 27938 35896 40222 47632 3312 82975 23584 5279 4098 69966 37821 22006 46750 %n9342 19
50743 45719 68511 99237 8794 79450 87459 1919 3597 23403 71781 70869 12970 49258 26016 54335 73823 40759 43938 %n2943 20
89074 42824 10040 34734 14627 36728 35038 19155 56395 38998 44522 11954 4916 61497 68429 56722 68857 48077 8051 90985 %n5057 18
98302 35107 51615 26128 52320 92737 91836 37004 20724 27485 37723 10394 30101 56288 69573 56493 54671 27927 %n8924 20
12031 37607 75238 70709 11531 35164 63884 4045 74346 94983 39946 96539 82408 19112 35280 43711 36417 18916 60589 3317 %n9221 19
76388 57012 19985 67088 26344 74554 24514 70487 25306 52725 29873 90500 83297 88825 86722 93774 8245 88738 84026 %n8301 20
42833 77553 60520 77403 8668 33035 59243 80421 56580 68204 25209 94550 23887 73315 93091 86813 91618 79257 44378 79564 %n1598 19
11607 13254 38763 51557 10902 64519 30557 38745 93254 9729 34493 79514 11831 76495 56326 3331 17390 57788 81280 %n5621 19
52140 32620 19098 7845 60026 4633 27127 12746 14822 59919 91081 45934 80098 78307 56717 34928 3209 28194 94534 %n1133 20
89093 48670 67618 35861 41188 21741 20708 87020 41625 20269 4635 80544 50898 23940 6023 84375 23045 24559 22869 28103 %n6910 20
1819 1461 29866 84035 24360 92039 34096 77514 68231 29904 15916 59656 83844 15432 42546 74100 30148 79901 72794 10629 %n5036 20
31959 9900 45519 77929 13644 18083 92696 39903 29604 46328 30645 579 40914 39032 53126 58639 85664 13524 52674 35359 %n9951 20
30746 79279 99083 23612 51430 44718 29724 93979 49895 98805 30497 64155 77165 50703 15113 59129 75166 50730 6896 83863 %n9805 20
54566 205 53462 25462 3203 77204 55021 34639 60084 63350 85938 64975 69928 20438 82251 30928 61658 57977 23730 30299 %n2595 20
68600 24051 74434 65394 6211 14294 53077 47277 7402 43589 89403 20237 37988 99774 85163 21527 32210 58789 56102 4574 %n6112 19
21317 87586 57834 95722 96465 1051 40142 54018 78666 6901 47382 13248 31668 61716 27539 86659 95625 93072 71160 %n5294 20
87435 95852 78911 93228 78899 16698 77661 80627 98765 42723 24523 35912 28350 22848 93883 99504 14456 48438 22139 48322 %n2664 19
52093 54995 84514 69525 70202 65434 57718 47150 73448 47589 80596 57976 96111 31295 73485 91693 60287 30059 39531 %n2929 17
27465 27023 44911 38518 30469 38703 43243 46862 35499 81535 136 91547 58328 21993 70385 54481 87204 %n1561 18
30326 71237 38789 92091 25619 18027 58267 92126 9880 16710 37006 87458 53032 16984 90433 5669 37612 27889 %n7533 19
22825 20309 49380 50358 12511 37097 32632 52756 46742 54296 52024 95154 70435 43745 69426 43403 61163 87845 45926 %n1586 18
99143 64819 81029 6839 72033 75129 30002 45853 9184 5425 37911 98168 70460 46358 59150 79629 91872 42446 %n2560 19
47035 50332 87694 47585 42077 98687 34286 9355 3919 90653 30532 46678 23625 36243 53012 57157 54891 12033 61536 %n6350 20
91967 85008 12098 95651 74719 22137 90683 29478 88930 95079 29897 28244 13595 80162 77825 51631 91017 93115 48297 81013 %n4433 20
64294 46541 94976 51203 51197 53097 68362 10802 54230 12864 84020 27731 43036 23365 63561 29276 19352 38711 66206 66372 %n2443 18
62886 36135 22643 52396 76796 89883 48055 76070 38444 50616 35445 46019 72255 3997 61228 85775 89581 44950 %n9937 20
86547 93171 55483 32255 71638 19533 93635 66338 73695 16797 64210 23664 80087 8300 27017 67641 80626 93406 33274 65351 %n4630 20
91356 7100 57171 43959 69243 368 84719 84525 66660 28823 79817 94786 7177 82768 29479 48216 47610 72945 54033 67946 %n5287 20
25182 28737 85930 45300 80276 27536 3206 10141 84768 69034 3028 70320 7137 74984 74627 8987 25386 61540 6389 78017 %n2596 18
7317 89768 13673 27348 39432 81132 77235 62448 55132 61967 85984 92388 99555 99463 76435 34838 8770 27542 %n2274 20
13812 95580 21433 5724 14237 18594 69748 706 45754 81383 51872 20424 31581 5336 83970 50802 71022 95634 89548 68863 %n5469 18
41959 90219 71779 61342 28439 95665 66309 94990 66396 5116 6240 53581 81175 71115 65340 34624 80793 24373 %n2829 19
77091 27028 91436 60182 74154 85080 9546 8252 41562 13207 97508 91369 85274 82823 97725 56084 85013 52043 96141 %n2442 20
98604 84503 25730 48399 73543 99505 48981 58775 27609 31444 48214 4533 40660 16400 72868 16842 69852 62385 96549 9663 %n3223 18
20739 84505 91948 40460 35749 23213 34131 77868 27778 31259 27504 85020 14959 72482 88337 28497 95880 13444 %n243 20
19979 33857 14463 40821 28617 90322 25516 34016 48340 91767 43824 22596 8039 67052 81411 66764 3667 4157 85694 27509 %n9269 20
86757 20210 9353 50815 26347 23676 93686 96352 76753 23128 37052 29253 59944 26592 19235 95977 17441 16975 57458 22497 %n5654 18
58774 55252 49319 47669 3479 26060 89846 13720 26456 83268 59164 42559 80070 87670 3565 10907 8560 94010 %n2643 20
72861 27112 92516 70175 14964 47531 46099 55530 38170 60587 47714 60965 31813 72542 16944 88998 571 92984 19499 48641 %n3454 19
61351 98346 52330 32422 4898 19304 7321 79703 31384 65309 65984 65362 84783 19732 34871 9148 65778 55062 68136 %n5172 20
51447 57499 4624 78612 70466 52269 6742 17102 52564 57587 40985 22553 863 71104 45727 8430 24432 67828 5955 32583 %n3240 19
3239 58788 31252 88967 24970 70624 41151 63771 40965 48404 66073 12530 2140 28472 60493 75140 95905 59117 31503 %n4139 19
37278 15677 4532 29502 99384 98735 54109 56378 66706 30583 22546 17427 31160 31040 81556 58217 49140 42697 88407 %n6247 19
23903 93861 87397 68930 52998 13773 84919 97839 39781 43826 87127 1016 9586 82602 1267 17357 57766 80219 16436 %n9242 19
49420 21470 74072 37102 78355 1941 54825 37862 89260 26479 52262 31590 10725 86748 42919 6430 33400 29313 3638 %n1708 19
30200 47750 16336 97263 30138 67395 79508 35718 63266 45679 73555 85474 42746 93112 55210 13969 5363 7109 30026 %n5053 19
59378 10965 47759 45636 95967 73720 19673 93125 97335 25811 93391 63193 11913 25989 37442 56682 39551 97862 59427 %n3015 20
55366 59103 18432 34807 94206 34244 44696 84758 4840 45093 56574 10788 45619 12014 50932 62459 60802 61320 57506 32227 %n9732 19
34279 70399 68587 25547 45457 46395 59657 91031 14832 27469 30621 23745 16150 21619 5122 97489 97694 23923 50564 %n2708 20
82422 64931 43114 96552 14008 57484 14779 96343 58419 73774 34517 28024 74184 39506 42940 56282 83932 37677 75651 46311 %n6715 18
35878 70288 49510 96008 9544 69349 94724 95314 3598 68116 34769 21077 98111 26822 67956 75926 92033 1147 %n165 19
70232 77458 56855 28355 37089 6338 82111 76135 81958 78600 57068 71402 78531 77356 91426 51720 33518 88798 29967 %n9294 20
42080 72711 16973 96726 23597 68640 97076 42870 89243 7009 57516 37909 747 37479 48181 54341 59429 87581 33522 57295 %n1065 19
77947 91882 87160 78289 73016 93966 56400 54970 9015 76483 33295 36080 88148 59899 39346 28543 50281 9836 95946 %n2495 20
66336 26985 27764 47549 14896 65060 1722 45994 76494 22049 4707 68844 98988 36009 48434 86643 75157 92082 65423 86359 %n6193 20
39912 48885 9104 81647 14845 5896 3566 8650 90838 99532 35872 46958 60882 30943 86553 6591 91125 36402 75383 80380 %n1590 20
91546 44930 42873 2134 23648 10382 74549 9828 80717 90864 22519 2770 83061 8255 27041 67334 16264 75650 39080 94592 %n3439 20
64887 62989 42178 39392 97960 31612 20458 47501 64213 43263 38761 47302 55859 82258 10234 86189 21581 75470 50004 91591 %n2054 20
92636 91659 1710 6185 27668 44097 85047 64013 64706 45711 15150 57039 78222 78287 80293 59767 94677 2201 93387 38213 %n2235 19
18597 56327 81026 65586 75038 95174 47269 39343 91372 60651 71171 90978 91502 94805 19971 4980 34107 31664 24426 %n7197 19
33752 79354 40527 45087 9789 70548 60373 57881 37221 35493 57825 50884 22905 29183 47711 32052 85002 23852 17486 %n9717 20
24005 49619 34430 89528 31613 8818 17131 80175 54700 81030 83029 53060 31011 80746 36358 71094 87353 10492 17668 85268 %n6836 20
43972 7098 43887 2475 46021 73748 76334 9803 34777 35649 16538 60963 11927 8810 13539 44567 63685 47880 20434 39964 %n7607 18
36793 13578 30674 27708 68105 88927 54689 31124 21455 6586 89878 21239 23812 44318 81943 26623 38648 81250 %n417 20
1989 6910 94957 53611 54617 35858 275 15324 96586 66048 10368 24763 99685 93582 60189 47041 23860 42052 67351 95889 %n6468 20
33024 70998 45359 52653 12308 38772 39842 6743 5418 29476 93445 60710 84678 2730 85490 43956 3664 15038 81275 68680 %n1537 20
83836 48693 12074 77438 74527 97801 42729 91907 10681 61374 87307 33275 37321 69114 17099 72268 54007 2729 6451 86409 %n9582 20
80930 79771 91380 49047 71517 84645 18295 65333 72460 62732 76051 38096 57117 15781 75325 82593 26027 72058 68781 25539 %n3120 20
63599 45779 89957 86000 70284 807 99902 3756 72215 41195 54200 92494 80761 74725 82105 81665 75149 16260 95577 85769 %n7040 20
61395 10448 63916 26840 81695 18632 20104 6429 68762 52031 40241 9114 51633 12011 19113 15896 95228 40704 36601 80914 %n7833 20
48921 80729 81100 15040 75439 28263 13413 27970 6455 13335 25955 76171 17284 55296 951 65603 77924 82706 28929 96292 %n19 20
57153 2596 41297 82303 77516 53043 53181 59697 34109 33832 31923 15417 289 10987 62074 45938 84845 50289 84320 54031 %n2935 19
79361 13418 34906 75105 91478 37916 29005 89387 84668 37879 44126 89879 34047 94414 14544 7784 63695 68413 1992 %n6408 20
96625 7013 45766 95538 97811 96312 67157 68047 75829 20727 72073 35842 75512 89199 1689 26662 71706 93948 88726 28955 %n5065 19
32542 28614 40458 9950 71471 311 6870 20130 3096 69453 75917 99038 63892 77520 71880 28703 62380 89812 99758 %n3996 20
1780 51051 57060 43290 58993 70919 35666 47535 87377 84099 80609 51006 87655 61597 55704 75272 92155 93675 85299 11956 %n3928 20
1040 11109 99984 79929 30902 32229 67684 81414 20790 98055 45529 94388 36372 15018 75480 76960 27612 41979 49155 88388 %n7541 18
5324 19940 11479 13215 20145 52966 36106 83579 90316 38348 67202 86275 83095 39512 93685 89555 9812 36777 %n2493 20
33551 79579 4729 43399 39918 33432 63953 32355 74389 48818 42085 15829 40108 95617 35806 8519 57871 76814 83473 58246 %n7637 19
97166 81221 72436 63042 14319 64449 55467 90300 63221 3599 44301 13345 8429 28763 57007 81661 11312 76630 48679 %n3177 20
11779 77499 35387 42259 53291 8418 41280 3463 95748 36917 47795 72611 87898 3862 20571 70659 95194 6937 22071 61995 %n5006 20
54408 54828 50106 68314 43268 21514 30427 91079 53649 6050 25614 12938 18289 57867 64415 76702 46101 95257 35815 39830 %n2631 20
28844 95646 53154 27196 41551 48846 91910 65968 46628 98470 51443 72913 92325 86463 39248 49839 63405 11334 72613 30747 %n7358 20
8226 6016 41726 81897 46729 65508 65619 36550 63957 45114 59605 34271 81543 47834 46203 30585 67570 34122 51487 88944 %n9870 20
34553 59381 84963 98810 26958 34399 91285 95460 40288 7031 65133 27792 10416 40333 35560 99838 49916 35036 68752 42155 %n2384 19
83871 89392 74373 92352 32593 28226 75040 15032 84077 65527 72828 44035 34763 40514 6258 40138 66377 47168 52570 %n1542 20
48422 32276 43483 37154 57961 88883 41059 53326 91068 41041 50781 35572 23501 47800 2698 74937 46442 86246 20852 25437 %n9806 20
3034 7833 27565 5897 66069 66792 23799 91531 48636 63040 51194 25166 32539 75753 17347 90405 26491 45685 5999 49240 %n6217 19
85806 11473 26532 45158 67029 3693 76904 69296 23486 31558 94618 24966 13626 42311 21660 12635 35640 39143 48716 %n6020 19
38495 38747 65581 38092 37584 16329 6235 95373 7074 67998 25232 95225 141 35028 77779 46814 20367 55774 5209 %n8839 19
73517 13780 93992 11548 81713 62467 17418 61444 25692 80409 4964 15830 66404 30601 79479 48420 24954 25978 76776 %n54 15
67037 84312 25896 13920 66803 72890 42403 52778 1443 50638 97254 81349 16396 49211 24468 %n1071 20
32627 95206 63642 6887 6476 40591 24067 16958 95131 95444 51129 54740 72878 71649 69803 58381 18563 37300 93264 15724 %n9060 19
17460 91847 85768 78524 75184 15588 58438 32288 49125 82115 73534 30539 2832 39421 51498 28418 47744 3631 21954 %n8407 17
73812 1674 32342 71975 35536 24530 49023 13322 58976 61032 43528 53003 90837 553 71533 36215 29682 %n7037 20
48985 81267 53124 43135 83890 48839 56971 76844 53984 99397 43065 91291 65088 78772 47961 5450 12469 80734 30514 37019 %n9618 19
98375 59376 62769 22615 69299 62320 89076 82354 44304 98974 33397 50619 25482 8646 9983 2458 4238 94777 84855 %n4401 17
13369 8449 55061 92631 10694 90009 53624 96546 176 12535 89240 91057 27963 40054 66987 55517 2498 %n8964 20
35362 76338 96959 31142 17605 15675 97490 83880 80136 43860 80145 58163 4600 93683 75538 88448 9849 9673 53561 64755 %n9647 19
6639 93830 20992 36874 77077 22523 36307 29392 69201 25354 15121 35547 14951 3723 46419 25514 24037 95318 47109 %n9277 19
1677 75269 26618 1404 17950 82049 76296 52765 24431 8730 95698 61344 85535 32901 69537 16941 98478 71851 4990 %n8736 20
21646 8865 94262 80692 49650 69455 33504 66827 33706 350 38512 16084 85576 11859 90079 60008 5591 51427 24446 25964 %n1670 20
93037 3093 23129 68278 68239 9793 63980 38845 51718 56610 2236 1764 16775 74694 7834 68138 71716 3253 76288 4625 %n972 20
43377 67802 47495 17859 27474 16153 41005 15185 22442 90445 2389 23737 60423 42783 67061 2497 71103 55508 54586 35199 %n4413 20
20941 10327 3122 28378 49728 59260 7199 46770 14730 57058 20025 86589 84151 91694 32534 68090 37650 66666 7762 18639 %n976 20
25452 69105 89648 84913 20915 2565 61575 79713 78129 70061 27399 92649 96395 40726 7768 3121 3485 61758 1581 84408 %n8531 20
36364 65222 18210 51681 98543 47191 81979 29678 64312 76901 52444 87376 36051 95539 179 1931 63130 30210 45256 31881 %n8046 20
19009 1801 53710 47686 67877 80588 70965 59572 93679 13731 35624 53756 23451 70753 48638 89532 9462 52846 51652 16932 %n1750 20
18814 80077 97517 91723 91749 62902 74833 84480 70715 28733 68603 68908 10305 11023 64392 7149 41618 54370 3419 44587 %n5239 20
96215 93034 98401 60165 84253 40472 78457 72887 31060 60645 77807 77922 77815 48604 85295 32705 84030 20909 84346 99630 %n7988 19
54800 11809 73737 29220 50143 77953 60842 56908 78125 74963 38340 99324 71914 73639 99652 92503 56061 52276 6005 %n6832 19
96968 91032 72490 99670 80719 59365 25371 935 26356 18282 83082 86543 65767 17907 44438 39171 22132 20256 25364 %n6132 20
99616 70159 78304 91995 22965 35404 31537 49399 3129 98166 7367 31414 82418 24486 53964 86473 72999 51697 26482 70814 %n6008 20
29920 45867 5250 34661 11410 84551 87851 79165 43410 24401 60417 96729 54791 36282 49132 29348 34879 80558 14507 65795 %n4482 20
49467 54183 10365 97425 79991 61732 90221 89662 89503 81854 67305 57388 44967 44312 93118 50173 44553 24692 78570 83502 %n6506 20
24116 30919 63696 18166 14102 88699 87712 38531 69738 50555 36989 7474 29415 15720 28152 77282 33649 72108 3310 83010 %n2802 20
50397 23499 96771 9668 8801 45811 22263 32041 24226 16711 84309 99840 82962 35866 99134 36731 50305 12886 25769 72496 %n4172 20
93456 37227 73170 61291 64796 25870 89841 1809 375 34144 9431 24224 24564 76277 81230 67135 95094 87093 11279 76947 %n8385 19
41505 75733 8231 42303 48764 98942 44086 17066 47878 42967 62862 12131 88746 10972 99595 22621 69228 50374 74830 %n8472 20
40905 96439 46723 37818 28863 71149 42765 52642 74540 99210 1120 47754 42883 88166 96632 87231 27105 15709 78122 31206 %n9530 19
78919 59229 30646 46332 27657 65930 70247 94433 71577 72234 84206 5518 83438 3263 71665 3782 91234 8645 18334 %n4271 20
16292 43577 24347 20987 26395 61454 18754 12340 34348 68113 48279 11583 44465 54256 86717 29450 71604 49633 28379 1111 %n2666 17
33667 60452 55114 24085 95190 18220 76598 26796 86730 77976 53405 78768 88819 25484 4386 15898 29143 %n5371 20
88714 19200 148 13317 92326 6973 92824 62941 76146 27757 30254 36848 67048 49611 59805 44981 16987 17832 64207 70107 %n6185 19
43886 10957 64503 26521 88182 94908 13777 85140 80553 39140 75533 1550 81670 50605 47875 53631 4259 92901 49168 %n2922 20
32682 30076 45653 19408 42405 88220 72829 26814 75524 16526 33656 9446 87058 33208 76311 72305 62828 40862 51794 53663 %n7557 19
31883 98991 45739 56578 86238 89518 40655 4837 38895 61791 39949 82235 71193 75834 6468 90708 23140 31895 21062 %n6712 18
87917 28022 10214 14454 4014 60773 76611 15454 4260 36804 55337 62255 85203 8461 90135 82890 72059 21673 %n904 17
1135 16486 26397 97527 64466 31208 62617 53568 86297 37057 44808 71323 90569 7538 24713 96928 28012 %n3169 20
81404 68833 21488 88523 47381 91815 27517 50325 39686 21040 45464 14258 55535 32833 61712 27591 28600 83548 51699 97013 %n7485 20
62708 92488 83709 66322 26815 12622 71957 45375 91006 11459 1530 74992 36115 97948 78824 23497 17261 75863 24630 93074 %n4188 20
55107 24790 78967 4685 65716 74653 48855 61295 3949 9443 98086 9776 42996 94512 95029 53254 61376 78816 40737 49469 %n661 20
48941 87312 32402 83190 46618 77606 50977 25973 15297 26557 49350 31489 55860 41272 44823 15973 86001 9112 5110 66405 %n8871 20
93051 22656 33317 54889 12814 2013 14111 44006 11833 59423 75716 37707 1029 22043 1221 21236 12315 77712 54623 3231 %n2995 18
21413 74081 1247 34544 52146 43436 9318 19261 18246 57138 63121 30202 52134 19577 30414 5441 84242 5274 %n67 20
97380 10379 80138 17819 38474 53171 78606 23088 96609 19160 43532 29957 3776 56251 8420 70823 43389 97315 66461 13875 %n3099 20
98898 33907 540 70860 23576 89187 61304 70395 13117 95897 80302 73481 24562 67095 45758 75284 91092 70504 11896 19156 %n8884 18
90230 59177 63572 26684 3550 11645 36919 20310 67226 96767 42053 82713 22326 12151 6991 55880 94654 68993 %n1764 19
47404 44025 65649 11406 54107 77315 20779 14379 64281 13065 56196 21325 56985 56758 12587 48550 14640 65781 12597 %n264 20
73181 32309 59053 19188 58244 88161 99300 92154 51971 49444 43906 12083 22244 68055 99607 33829 25941 49927 26064 69178 %n4646 20
64540 30050 57217 74853 8376 78733 87555 47445 36223 73883 20136 61007 99991 61592 21572 89107 37218 89958 94651 52237 %n1401 20
21662 36831 18325 32087 99567 40839 88283 25313 59882 89744 35776 650 63603 33765 10209 4430 85309 63672 77727 41249 %n1364 20
46785 61473 9703 53457 22118 67215 6637 5480 50191 16602 35016 83629 13278 36175 7442 78179 43337 18075 95115 31631 %n2830 19
73779 43765 27169 2816 85802 50999 24754 93477 11521 52506 81508 66058 69904 2023 22923 62515 74125 3571 65030 %n7815 19
29279 83165 82861 56576 21168 9755 79735 5927 47844 48124 13176 90719 6691 43089 65395 99502 35113 90067 69558 %n7484 20
30428 6999 499 97413 33899 74915 24604 1233 33011 62288 51693 35042 94567 31262 83090 68859 13048 89053 80159 27513 %n7860 19
48240 24305 84469 41569 3402 36445 75104 59875 19307 47710 50291 53950 9732 10683 70194 42738 420 34841 70323 %n803 19
53927 70093 90712 81940 38793 16274 97193 67839 50810 13551 64953 46309 87528 62986 31818 28304 80392 39931 8554 %n9619 19
16869 67923 53603 97570 89384 74864 71889 81817 99231 63514 93670 94054 8715 4945 41545 22074 59750 33053 66905 %n9730 20
70796 24739 58576 55585 14811 22331 64189 86731 32356 95043 46789 90332 93533 77896 11655 9781 97708 19222 6266 53014 %n2140 19
68277 11014 61889 51199 34067 21656 49034 96257 32349 74569 92186 1216 48255 44281 16729 31007 99635 53975 33375 %n9487 20
24335 64606 42850 62805 32525 32426 98040 76083 26750 6038 75819 54543 30970 32950 2958 75389 35812 72923 9282 52169 %n6727 19
3037 68367 169 46683 20419 27475 71129 89031 33345 9678 62815 33423 99493 35650 9975 53500 751 89985 99419 %n3597 19
40462 30212 95110 15572 44464 11413 10118 37962 76133 90138 43181 26650 84345 90342 82493 12667 73670 55285 59146 %n1959 20
33065 66986 79779 37814 92586 15504 37462 8816 30360 6488 65440 30904 26841 80465 40740 78377 22070 58849 2558 26926 %n875 18
22879 69768 16430 83367 45012 34973 58702 25801 76351 19725 66502 7369 1076 50280 23244 24063 18696 31777 %n9985 19
5474 86708 18118 352 81477 35989 4521 95315 81469 46976 43277 39791 57997 13262 94829 27065 44342 31641 71651 %n3445 20
66283 27253 4892 42696 33382 86625 85296 37423 51247 4035 64997 96884 81792 38675 34801 54121 21852 67596 44515 61680 %n9029 19
8174 21238 93249 14741 86492 90513 67385 73968 87109 15784 54927 15282 67865 15325 9474 63312 16128 76134 26710 %n1606 19
70957 22806 70198 14572 16695 443 89988 87052 82204 70712 74681 81083 60313 73298 5223 92791 93400 81745 95307 %n6475 20
12560 14540 73577 651 99870 23436 66303 22107 65414 10604 74108 76975 5887 11868 76173 82125 58887 11961 53368 37398 %n7287 18
31985 75752 35972 9724 70999 91452 56179 31373 51665 12943 47716 53773 35538 67875 18785 73935 41289 84244 %n7339 20
77692 95078 53848 47960 18156 43162 2107 32093 28568 37395 32405 56101 29228 27500 5671 29480 72783 78398 50903 99861 %n1725 19
64105 96309 20639 75688 47773 72812 19198 21222 51028 11418 74978 58216 37583 73196 83499 23399 83255 47814 98779 %n7072 19
23190 95736 17708 39286 3659 96718 60880 95521 23931 52746 26289 80706 73842 28666 14344 90714 96889 97556 72820 %n1928 19
91387 30272 71206 13849 2137 50666 71220 56262 98559 37082 78401 28227 7612 16058 29389 9633 97196 35298 99276 %n6370 20
33734 88380 46583 427 32239 37690 34253 18097 91160 32566 93433 94898 93870 3501 84683 48312 43840 60385 40362 25601 %n5928 19
6437 89184 42070 6800 73704 58680 98020 16327 30727 58003 9901 70381 92971 71629 93169 46283 2104 89660 48786 %n8405 20
62327 27052 75782 17767 94531 8937 85493 4455 21434 2869 15557 14680 23404 86386 54822 29265 35887 70616 55744 11318 %n6236 20
95663 46152 89336 72514 26472 74537 37495 85494 43916 49075 71100 88550 89773 67257 89011 6736 31748 23755 21997 97316 %n1946 19
70491 45740 94673 81283 94057 16007 37602 59859 18216 26043 61933 5055 39379 72024 93984 43211 70889 6934 34940 %n1356 20
83283 52190 15920 73445 49706 77787 89796 40507 56979 61543 74453 1718 98328 70779 66975 63860 57786 7850 74656 13975 %n251 20
42139 36247 41394 30980 2436 28038 36245 51726 88034 49704 43465 56930 68948 380 42849 6156 16364 30613 80354 96369 %n4255 20
81866 86820 56287 86341 72649 86205 43634 64636 77860 30433 96564 4701 67242 99761 82795 26711 80831 49819 63616 36939 %n1478 19
29736 81910 56764 95287 59763 21990 29280 16091 11030 70272 40915 94114 89956 99281 44076 3165 94760 16541 88154 %n2055 20
5499 59987 65188 91863 41799 41440 47421 97431 62518 88144 18570 55571 47379 77093 61117 92375 30771 93835 31848 57445 %n2392 19
5874 45798 19690 38070 61950 20247 49985 24706 62322 50451 49173 27503 13110 61279 42608 9482 48016 60584 95757 %n6550 19
94970 97138 10051 35700 31067 49892 65313 11530 97857 7958 93066 63103 12759 33058 80912 57286 85050 57527 16395 %n7219 17
30095 80035 10232 61498 83244 65577 8046 79025 99905 6933 52610 56374 81402 95844 76261 46688 10771 %n9636 19
66300 13836 94382 22875 97065 45399 81091 8473 11817 26596 14039 3261 85429 52435 74739 7273 4076 27211 77358 %n5311 19
88308 47594 27 73422 85283 52285 82953 37385 75001 71301 41168 81510 56186 66267 5980 26765 40337 31674 76763 %n1977 19
58468 30722 86932 74523 26223 79439 89875 94900 49282 44362 35476 80164 58335 30488 64735 67078 53076 93365 43892 %n7164 20
16300 88532 51927 46932 93598 11034 22616 51026 11250 1665 26683 11969 92743 59655 89788 4667 15824 1126 32675 43695 %n5639 20
83004 98037 9399 37394 54255 40505 56052 35423 36910 48368 34598 80119 47904 3492 93994 10915 5820 18113 6993 24597 %n2468 19
67246 15132 59586 22455 50910 55111 48757 6745 76499 71515 58641 58943 82367 92160 64188 4270 97638 75860 44075 %n5272 17
37152 6228 26000 54677 14946 18631 83652 52185 49264 37339 38740 37519 79790 44610 8396 50995 82744 %n349 20
83215 64201 17897 92378 45706 49971 10212 55168 56492 71808 20469 87536 18167 97265 93253 39545 59352 73350 99807 34171 %n9045 18
13713 20061 78045 81167 86487 43068 19468 62787 19059 21167 54030 45335 21723 37302 69232 78288 82414 41506 %n7050 20
53270 13613 34199 40683 37230 11958 63853 85014 79055 21397 54619 37315 66657 45019 57452 39815 41269 35575 6540 84806 %n3313 19
15087 29810 39101 21240 78315 27001 16056 55400 69247 61534 27145 76838 97791 29372 86764 13500 54001 15393 12670 %n9847 20
40102 53569 49572 25360 83320 76930 96190 11764 81346 98774 83562 67470 90236 51583 34886 42249 31148 86436 37905 85170 %n1766 19
53596 67168 24458 81273 52409 79777 72289 74387 61094 77826 69757 50775 13224 75892 6660 93776 75696 12421 554 %n1262 19
59548 37217 91379 52936 12010 99440 21917 89874 28974 81930 93039 89597 60418 97293 91993 63823 15082 4865 76659 %n8903 20
41038 78859 97455 2106 57343 23782 18017 25647 68033 15826 34201 36675 85260 72762 57029 99759 89694 97548 32021 27919 %n6588 20
60125 88210 19537 75995 48982 50826 49067 50809 7618 42352 66794 98341 1988 82960 38766 2159 75758 47631 37636 36766 %n4713 20
7840 20958 42024 16018 72070 4500 47016 6256 15110 97498 15233 2430 70362 79089 18798 86903 344 55232 20393 76521 %n9692 17
991 12574 90107 94674 59362 89000 4046 53196 17138 49181 6893 38246 70740 10196 45235 44492 95232 %n6134 20
88845 8314 20223 28511 59575 15130 15983 16441 83989 14464 46847 72197 54442 58272 21341 84770 53746 3 93362 17304 %n