139
6376 105
11506 10475 95665 75103 61715 83484 68004 64266 5086 15869 62857 78291 41969 78929 80518 67729 19683 78363 64940 69577 31698 22423 48828 85806 9457 98486 17912 96988 22408 11697 20295 77339 57760 9433 59448 99346 79935 70170 16010 32157 55817 33505 290 18293 86712 25747 18017 68923 96512 86342 79901 85311 38516 39118 71553 36071 48334 28297 14981 56247 52036 7216 10742 36897 19820 17075 78204 53755 86024 53778 67495 46441 64242 75663 59931 29824 83168 31736 57692 74671 5727 38458 81159 68066 6103 30294 24582 79962 72105 45446 35529 67474 8064 86890 38442 3889 77577 74788 74487 13440 87508 42975 69188 59728 53914 %n1869 58
97090 82016 65118 65703 68211 52790 80434 29987 73962 74122 64250 52101 34536 84519 27341 29802 70332 21081 84242 45340 35814 47214 69894 73570 89286 61002 60083 28173 79147 10489 51264 92246 21672 65541 33442 72627 45519 70156 25581 31488 80777 88391 85990 52509 48485 77979 95051 87916 64774 80547 97846 58933 42273 20551 88350 36270 34503 34775 %n5277 38
80174 64028 68343 45118 3211 84948 332 12174 54576 41765 25210 29427 52559 36727 27242 31041 63434 17732 59957 48363 33389 98013 78486 87672 74513 93528 93822 82464 72952 1283 60789 71844 36074 73676 14803 66047 77713 26318 %n425 11
70741 33627 25158 74044 45898 20607 93970 190 59044 86211 94124 %n4710 7
83397 747 6204 74284 91364 87221 11018 %n5793 8
69551 37066 57698 74131 56786 62072 81252 66909 %n4763 3
82336 11244 38581 %n4258 1
93531 %n6293 1
59923 %n2936 1
9612 %n1569 2
79277 94752 %n3325 0
%n3800 0
%n89 0
%n5265 0
%n2248 0
%n4123 0
%n4896 0
%n4270 0
%n7002 0
%n2917 0
%n6505 0
%n6871 0
%n6081 0
%n3394 0
%n5343 0
%n5562 0
%n6502 0
%n4907 0
%n1985 0
%n6600 0
%n252 0
%n5607 0
%n3014 0
%n1429 0
%n6926 0
%n4810 0
%n5030 0
%n5790 0
%n1270 0
%n1472 0
%n1398 0
%n2559 0
%n2790 0
%n4223 0
%n4781 0
%n1702 0
%n5568 0
%n6068 0
%n6651 0
%n3347 0
%n3538 0
%n4961 0
%n1259 0
%n3193 0
%n6248 0
%n2675 0
%n6537 0
%n1689 0
%n2979 0
%n6421 0
%n2164 0
%n63 0
%n5066 0
%n4937 0
%n2966 0
%n6727 0
%n3769 0
%n2783 0
%n4259 0
%n4197 0
%n1208 0
%n5634 0
%n3594 0
%n99 0
%n3660 0
%n4309 0
%n6123 0
%n774 0
%n6048 0
%n3334 0
%n1863 0
%n4266 0
%n4606 0
%n3013 0
%n4972 0
%n1358 0
%n6 0
%n4614 0
%n2528 0
%n277 0
%n4165 0
%n6340 0
%n3407 0
%n3748 0
%n6175 0
%n7040 0
%n6429 0
%n431 0
%n6430 0
%n2401 0
%n4144 0
%n6840 0
%n5451 0
%n7109 0
%n6573 0
%n4407 0
%n6064 0
%n4557 0
%n4593 0
%n3231 0
%n6446 0
%n4623 0
%n3548 0
%n3078 0
%n483 0
%n1435 0
%n4911 0
%n5004 0
%n846 0
%n186 0
%n414 0
%n4478 0
%n793 0
%n2789 0
%n6912 0
%n931 0
%n6165 0
%n1284 0
%n189 0
%n823 0
%n6541 0
%n3774 0
%n1848 0
%n1876 0
%n34 0
%n4672 0
%n2949 0
%n2327 0
%n