325
1847 172
15390 62544 42538 93733 60933 70040 89655 54417 91524 99354 84508 83198 92795 13692 6521 12824 4230 5897 36288 47738 88411 79952 26054 82008 6794 60993 15293 11514 24797 51686 55924 87213 69118 67802 94759 90351 20561 37822 75364 8098 10849 5020 12006 54215 47947 60667 2889 92057 75006 61352 3477 97168 97788 45600 89616 70875 12835 46574 16694 85269 527 89920 57739 20082 28207 28503 9169 16906 22796 63657 77905 29153 32987 39618 54804 24419 88569 94078 84788 5071 81132 30293 33069 3810 33402 60026 61576 9349 5003 1766 47242 37365 7946 44078 32190 53613 96186 29004 16716 97942 96919 58513 72335 75628 68775 78492 27946 33140 20111 40631 8468 74289 10708 99892 20808 95785 67844 72529 94044 59006 44533 58837 33758 90212 19315 36874 39687 90431 34871 14615 27070 43968 81041 36552 18340 73127 83367 82271 5785 2691 6051 61540 94930 65421 51477 54462 16400 3846 50858 79811 92556 38441 10452 48057 40752 98813 33162 15328 61632 81912 1123 3080 12979 86974 99640 98170 48976 41311 85698 80951 58289 72670 %n2776 25
77603 71450 87683 30214 85578 6876 1433 64916 22206 21542 2811 57 73796 89369 62776 9265 88618 62560 75635 53872 21490 82835 48474 87293 99700 %n5690 25
40315 6090 41253 15773 58697 47085 85329 60069 74676 64273 22167 35768 18137 38954 87204 15489 54818 59898 34127 93387 73007 26004 65101 85018 51097 %n4293 25
51172 76178 57164 99944 15749 10207 41645 45191 98926 44426 39222 34455 24095 93206 28733 73678 7168 97480 69826 3689 11946 69884 57190 32693 89610 %n2620 25
23298 42551 96480 60088 5842 67990 1336 9718 33064 53659 72505 8613 49009 88702 55901 67010 65497 48631 43193 80568 76191 66220 7383 57899 39394 %n2909 25
48382 90631 80603 16706 28268 61174 68249 58334 4141 3470 77965 44640 24350 70926 12223 68259 91039 27568 59355 41240 10674 66990 84434 79273 33171 %n5591 25
44805 62137 37424 79054 93071 15621 68760 30970 5846 16214 68311 2235 57677 89766 37383 49010 58463 31435 4173 12712 15627 46096 22625 73542 29427 %n854 25
80883 59472 8221 3918 67995 6764 97045 85102 26371 67434 52612 14787 58362 97874 72403 72926 62213 38478 36633 97473 80325 19124 45263 86981 99053 %n780 26
49713 11292 52348 72070 62994 5867 53059 78771 65966 74177 51249 20406 54211 84468 84757 26426 9954 9831 75220 18876 89160 20295 12168 93013 51292 77791 %n1941 25
52318 54884 96765 52291 36258 98082 93747 76078 44582 6187 23813 21525 48210 65053 89612 78670 60783 12388 98914 43157 88617 69898 92141 90202 58879 %n1174 25
8126 98158 76444 50597 5377 44154 35193 50013 73917 63575 36701 77497 6237 95464 16714 53514 82234 6163 68681 39035 75351 18263 73305 6987 11639 %n787 26
96447 7205 90900 36511 58533 14904 29823 2857 35782 96558 92127 88768 3783 94165 79380 56619 65944 44056 19874 78056 91528 65031 41182 43864 27954 90796 %n4917 25
95729 3026 84014 8211 15072 13907 4523 2942 88006 34021 36608 25703 28219 33632 83609 46663 67633 40996 9345 88081 38224 9267 95802 87243 66877 %n3243 25
6348 6470 10913 18942 4795 52970 89180 83611 26806 3950 55799 99558 62198 47737 79190 96504 31010 21442 30993 28558 61758 35868 49225 42621 60247 %n1531 25
63422 14444 74898 30090 89695 60496 49002 47722 30098 96769 49669 64366 55555 15505 37325 77499 88453 87547 85463 78350 16752 88554 93931 75980 30132 %n369 26
17970 12953 40127 37119 3315 86142 80709 190 32022 89656 31379 88968 89255 61430 91539 86660 35335 64701 44657 96223 31550 4366 54611 97366 63909 29527 %n2388 25
58701 99042 19634 6411 62060 38861 42931 26752 10421 44294 63728 83832 65122 75528 6262 47167 73075 28952 30061 88147 39478 70773 12220 93530 89777 %n5643 24
25739 31839 24195 56947 29439 79485 17672 57050 24569 20586 74517 51709 91063 59569 30176 48583 88921 40989 28619 93519 69429 15433 49396 61575 %n1622 25
42647 6362 8032 78601 24699 79160 39569 23420 58841 51971 56651 55930 40637 63188 31129 94184 67131 70441 26804 75314 71695 74900 43915 34835 27335 %n4761 25
54147 99169 20348 78603 43476 17637 82238 42171 43207 99390 96527 7316 61252 85923 53112 37714 94398 54586 14164 80000 26627 12966 88393 16614 20558 %n4872 25
4544 52638 39532 25494 55857 64112 80225 60264 79854 68606 90176 53798 54275 3558 84001 12200 4984 64875 44592 49501 15076 9174 10034 97398 30796 %n3481 25
37657 37707 50616 96825 45070 45124 82757 45142 98862 81346 53511 41049 22459 51779 72573 59963 68115 33985 24963 48350 41833 91067 28759 48821 2846 %n3042 25
94746 82995 91393 98613 54896 51663 45066 33326 41108 77413 32204 90859 73495 78452 25998 70263 97034 50732 73752 96988 22249 8291 76239 58829 57250 %n5603 24
37367 87334 94232 5879 30515 33213 81175 87451 94322 72120 43935 15215 94407 74596 53134 87336 44192 54803 14093 8883 98336 63174 39419 50629 %n3166 25
79511 95157 43904 82317 90203 37138 32782 87183 37247 19449 69819 73993 52693 26036 5660 79437 12920 97832 92811 92456 82110 25916 38833 78374 3727 %n3328 25
41650 61748 70666 45241 51885 93301 5571 88854 37064 77180 17907 26215 92122 37009 77287 15465 41156 78143 69818 78437 98439 30356 63945 77544 6760 %n4798 25
93651 66644 78384 63200 51120 99103 8564 25529 12275 60917 56858 87480 72630 62874 43844 64851 30910 34831 96555 89147 82105 9017 2777 34005 31530 %n537 26
63304 6791 74655 59580 87585 5255 61285 12380 61057 21625 9475 99084 95690 16546 97566 16553 8852 46144 50160 55597 46222 82845 88346 19738 39354 53913 %n1695 24
45160 65995 77043 95656 69232 91920 70890 1507 16173 80195 20068 40561 47985 53056 61 98377 64323 27117 64904 408 41474 86960 62688 61085 %n4438 24
44472 67554 26199 63369 74319 70498 30960 47763 66686 56096 2363 21360 2165 48218 86247 23717 95549 2913 7467 76086 19065 95512 17510 39898 %n5658 25
50093 45354 92794 73588 11858 38641 48575 49073 58805 6724 4831 1768 42859 65141 26956 52663 13705 40872 82923 5904 41778 65419 30514 80755 91257 %n2955 25
62028 45432 24223 94343 86527 1401 86034 21737 33904 1804 97295 15596 87531 89857 33556 38237 15644 33053 30498 85064 72959 27769 41574 68295 42860 %n2659 25
75487 74911 29334 81755 53668 1134 45316 90521 48694 18596 46804 98612 36005 45979 8566 93256 28662 47511 94608 5610 44018 13173 42710 63976 73861 %n4323 25
55977 23404 35246 42037 41954 13321 61976 21000 5112 40781 68692 36497 24677 42150 82811 7877 31339 33237 90648 26760 71943 64322 60005 81186 11897 %n5519 25
68019 38953 37173 35181 82144 89607 39650 37264 12687 26526 26500 30453 7702 13327 7398 50844 6517 93955 24693 55068 92163 94182 52235 82248 70537 %n5656 25
81734 64272 2866 27885 2506 8023 16295 87373 38281 25394 61949 59513 5923 40673 48884 14580 86833 64544 93440 81269 97046 97547 87748 78137 97868 %n2024 23
97694 17872 12113 26487 3683 6558 47428 45041 89469 65377 90773 13127 94127 31322 30423 39117 79953 29548 39118 15502 83701 53070 10521 %n176 26
22042 96014 49975 17958 25165 66987 53520 68435 1513 16280 45038 43946 42689 11933 24513 27615 30020 61295 61400 31962 77239 13929 48263 40190 77748 35809 %n490 26
70068 66286 60695 88164 41343 81792 42976 22779 12237 66129 75580 33320 2813 15762 15357 70359 72999 65057 56805 63297 84834 1769 92264 21143 69604 3551 %n3839 25
46639 86620 76358 47588 34373 46230 48977 27639 26530 52175 13885 71102 42719 57768 38260 45267 5337 99367 82731 24207 9794 47447 98500 43733 61626 %n3250 24
49257 96979 45531 35305 58985 65355 9133 37393 35250 18 17940 90298 35744 97020 41805 25633 22660 44587 26187 64064 91682 49054 56587 12630 %n3691 25
83451 32632 10592 8587 58192 91224 5665 26138 50388 76653 45337 38652 39639 70539 13364 83147 96354 91660 18896 63711 72141 5266 21568 51921 21297 %n5703 25
95585 81262 90853 41339 46232 14775 97715 59685 62832 14962 38223 40867 99271 9052 22199 91780 821 20758 62336 89779 84588 25758 27651 76900 42554 %n487 26
94474 41023 94456 73225 30746 33172 55945 39318 3146 76618 11884 30913 37843 35984 17403 32971 7322 87485 72305 66178 77970 45221 42062 47550 15083 23286 %n1733 24
98382 97315 21917 90131 91090 48923 61599 21209 22156 54857 5123 70333 64462 77690 11976 97413 94209 13883 87861 68351 67353 92406 74553 47101 %n5045 25
63739 15270 67783 70465 88774 96392 11039 69038 5877 84712 23974 32476 71722 78811 11457 58345 60062 47435 94770 37345 26966 24097 78553 29148 93275 %n5663 25
55589 52089 76331 50957 53343 36318 45304 44186 73807 39793 14669 63413 37817 66621 47240 16688 4950 67242 95473 10594 950 71520 70604 7309 42802 %n2686 25
2258 81496 74643 2557 7152 47458 42892 74815 96086 58645 80230 48180 40388 65439 22808 22333 62908 99589 91302 35404 32530 8596 30134 13090 20850 %n1400 25
26295 74300 9268 90881 16086 33568 10368 23380 73151 28210 42002 74251 92391 26727 98028 73558 38066 77632 92657 11820 99047 51889 37679 98070 34956 %n3964 25
70075 88958 69715 57025 50488 15891 64188 75872 16738 66023 88099 41932 410 25673 48756 78380 51918 95848 84253 91405 28711 31448 20929 19862 49041 %n38 26
46672 47786 95249 36481 35563 47008 91043 19287 17989 75193 38585 91573 55057 13061 11177 69167 68632 23800 14031 14737 54048 54984 67491 31132 39782 17885 %n1049 25
93223 84919 73130 93990 31970 15338 65586 71732 89198 78162 67566 42282 47997 55848 59935 69388 23728 49760 45675 28233 22755 2215 35872 11583 21907 %n4405 24
802 73520 86319 61804 49109 12643 32550 33199 27357 10731 22201 77552 73325 83765 77721 80784 50663 84048 54717 61640 84109 30869 65384 45119 %n2166 25
29149 76337 62069 40683 68270 14656 31677 69338 37788 42894 22001 17448 20911 13092 44104 99870 13033 5554 8267 83728 88860 58510 66072 28416 61327 %n167 25
41997 20634 91464 24004 92441 87014 71636 38195 14631 35654 83933 46733 18969 73457 18527 73383 61451 47648 22216 72901 42339 6086 86822 59451 37833 %n2991 25
25649 95677 71572 82230 50103 38288 49553 75069 79371 98204 20617 42841 82944 87882 60346 790 60353 20351 85584 33757 91309 55479 11355 17527 37003 %n5010 25
60871 23907 36084 2409 77265 64578 50406 4825 29293 79690 77480 42693 76345 19525 78697 19882 49391 75601 79781 7474 56843 82610 89475 99871 23719 %n904 24
68067 82103 13849 92738 33203 79005 50805 85591 93150 51672 16621 30478 86395 87831 47507 20518 58298 38966 94772 68273 52964 68253 90871 12340 %n2672 25
68918 84231 83237 52245 39010 29357 86431 84103 48152 10216 58718 56660 93684 85846 69126 83656 55534 51435 18833 52163 45288 33338 10309 15961 54733 %n4512 25
35207 29337 40155 49842 8001 33695 30860 63012 54617 16288 12822 34446 39077 97101 78641 76959 10357 41438 88873 30310 15369 64876 11553 30932 62212 %n4454 25
31984 56386 49758 88191 77797 1347 91980 73855 32180 88711 359 27659 34657 76339 60694 99403 22568 8541 42481 78557 19255 49941 94649 15291 49273 %n436 25
52639 99005 7219 13137 55342 67968 68834 58783 45295 81005 63697 33178 9287 19866 70956 25183 93422 10637 17850 42938 8866 77946 34870 49364 58255 %n1992 25
51723 1477 65215 13980 76379 56008 50196 51461 72549 63737 27134 31975 90772 4513 9410 87439 81571 56062 54585 51103 36982 13042 53289 80541 75870 %n2019 25
84659 10035 81957 6506 72098 71032 77169 59050 99774 70107 2267 56001 48403 84071 26551 84478 33258 52211 29094 37669 30566 35917 28573 18633 62930 %n577 26
65825 59234 27547 58989 91073 79016 60443 30570 418 33555 18784 1941 26172 41197 70286 83015 10821 95195 60853 72263 421 65456 76596 4304 22771 99499 %n1320 25
83550 26061 85915 54805 28743 68650 22712 67598 9795 96281 77887 67107 31671 19667 75651 63771 68731 41360 98787 33384 11417 90067 33954 91641 78536 %n418 26
71781 53069 33116 43400 10049 87774 75773 12314 83170 33478 67125 82235 49074 92244 96018 50728 76157 2366 48029 81802 34790 58277 52713 72774 4986 63526 %n4200 24
55595 57038 82538 27176 51787 88931 47633 10343 98094 52362 59227 56125 85520 12188 87105 35426 85936 56335 51044 4587 55460 11695 65621 67927 %n5647 25
1051 1252 97704 30021 67771 24581 39090 5564 14486 75131 30475 55461 6198 60479 11279 42415 9832 84399 99781 51626 34108 64280 63026 11759 61867 %n2229 25
9328 99230 598 68861 72223 97527 51691 15847 12715 29435 10517 8164 50235 94263 15550 44480 1178 9258 89040 5645 74327 59842 57818 87536 56520 %n4576 25
34940 71796 78558 78450 96930 67973 44298 69443 58637 75593 24334 47604 12947 57503 19777 26899 94355 7613 73318 59155 404 17569 66639 30407 9401 %n4023 25
96453 69883 41031 60339 23116 90313 83702 26681 44760 23322 21567 32314 2804 51879 10768 12487 45421 20415 32233 74677 31482 95926 98344 35162 39850 %n2944 25
11791 18761 24358 38511 30502 78678 70769 32734 19699 17440 86234 48692 88326 12774 90915 34763 73894 87878 37970 10764 6094 99203 71246 591 7824 %n555 26
80972 35317 85668 94599 36980 87470 47454 90121 13128 68496 8657 4223 95256 78188 36341 27204 22128 77854 6837 42074 27059 2132 7295 59477 89131 21511 %n210 26
43316 91411 81203 67667 559 45365 9699 87393 39097 55388 942 95482 72801 72367 4771 3305 74282 51179 22676 67044 66504 27206 97852 78038 3068 42329 %n203 25
47902 84500 57183 65366 70447 44095 95325 22150 77719 65037 80418 57608 27930 55071 71152 87629 24791 36178 39242 45498 22182 16758 98309 73659 44374 %n795 26
59905 36474 50294 63946 40413 55710 71392 88201 86263 29711 97698 27054 96838 89471 59290 11429 51997 1893 70815 15520 44161 3999 54856 25014 68302 57356 %n5523 25
84905 86644 99044 20594 69841 64509 28261 73642 24193 76912 71476 19644 57160 90719 20952 87252 87026 1152 31714 62485 47010 63750 76193 7241 30924 %n4544 25
77053 64039 30786 47571 87691 58635 87518 14959 65648 31242 86753 27903 81156 31068 35484 45834 8761 30339 50851 10167 14736 94871 59371 40997 78570 %n440 26
31159 42326 9013 16627 85935 91765 6861 72266 25812 10887 39479 59632 48250 67445 15398 2879 86 75181 17528 50266 26324 31438 16011 12101 85842 10791 %n5657 25
30980 74 6459 39268 88132 30063 90883 51339 28974 18677 72770 68734 80187 53026 4589 82115 15521 29522 59625 99310 47176 36832 15309 64784 20556 %n2217 25
92159 49812 46206 11019 85904 2487 8793 92970 75293 13068 44137 41405 60519 95560 61105 14886 88728 24731 40148 74572 21648 50523 43019 55905 66505 %n737 26
99967 6536 69677 59283 91208 78152 59528 83362 64348 48874 99452 27455 21211 12711 81258 19842 62534 51792 63390 5791 23570 57418 68504 26277 53399 52953 %n945 24
8821 62674 29172 93285 93409 60875 60184 12353 62625 35356 75246 25937 69763 65525 15786 96235 38295 56273 53060 92849 82031 15617 72919 72159 %n656 26
83608 29950 42001 2845 80330 99704 76449 33914 18745 86170 43427 78734 50173 32258 80461 85847 70976 98034 23046 927 95261 9820 35831 16730 78130 4773 %n903 25
56471 440 74903 56640 28251 50282 10997 36383 74467 2186 18931 38010 89940 15480 94895 7609 13394 38702 69292 91195 58604 11673 49167 68991 34176 %n669 26
44841 75171 85273 90083 84273 63645 70273 84451 41050 10867 8376 17502 12636 37604 85659 46826 10486 63103 36057 85038 73013 7236 54728 52116 92266 37814 %n3924 24
94973 8226 6493 13650 8276 79486 92177 9238 76879 22515 10057 51571 69684 92612 81233 94900 60013 7480 10245 26725 62360 99693 95268 84408 %n207 25
38919 34669 34887 51421 83704 63173 88742 77671 75294 67964 43223 13734 64341 7456 35954 12321 57213 91557 80311 51812 84980 85348 22918 81640 5305 %n5161 24
99826 96254 23614 84490 39598 52854 95733 74549 17598 24019 48951 61308 34920 2320 42219 54047 95285 28275 25902 73215 26744 25125 92187 6552 %n272 24
57762 34370 2013 84810 94162 16317 86434 63223 6776 14332 42469 22737 38121 25863 61701 28947 51825 15878 82099 92043 95779 7907 5282 70728 %n3733 24
31750 66336 82382 74051 99220 27095 29127 28518 40841 10919 88188 38778 46742 825 36185 59062 22198 53533 69771 28990 501 45486 57082 62106 %n3335 25
888 5745 55428 48711 21300 69899 86763 56928 81231 90159 86577 32583 79580 771 32792 81149 29287 96880 54471 75300 81524 83851 27766 4779 87273 %n4027 25
20779 75889 34110 74005 91874 14678 58935 3556 21602 25445 6193 19822 76093 40933 76680 61664 46728 76437 49350 47317 5996 35382 70459 12187 68310 %n2591 23
49844 44413 58042 59381 28178 4250 93466 30520 71855 21978 30018 69396 59369 32548 19754 35179 80069 51423 70581 42805 97561 14155 67185 %n760 26
65235 73946 92432 944 76011 56733 6903 18647 80904 24446 44069 85959 91303 5434 15469 77655 53223 14942 34713 4538 52314 71691 62351 8412 65464 24823 %n4601 25
86289 36973 42788 88718 55726 33958 41290 17149 5334 86756 86261 42535 36380 30562 57049 85201 34339 97517 74081 72525 53618 18638 31954 24159 86722 %n2856 23
59566 50756 80303 81030 90546 47282 75617 19584 82613 57750 56115 79414 42748 40373 63468 42138 78424 76106 49495 39290 19405 52280 86764 %n3638 24
76551 905 1578 95302 44783 44478 28364 80227 59325 53038 81537 42800 53927 78120 11689 47948 80777 7024 10703 71922 2163 84440 72067 40482 %n5444 25
98765 89237 18044 39369 46850 76630 26556 64732 19978 45368 37494 6918 3586 45326 64143 94072 8431 28379 60121 79390 18540 1960 76729 72515 49536 %n4836 24
33016 58981 53445 74747 58640 57221 86511 57371 80969 41652 14158 86321 21073 14915 66089 93469 42843 43109 92342 30990 98603 75858 24127 83070 %n5034 23
85507 59116 37576 93975 38233 41026 51442 89204 48309 35980 38545 83793 49107 16788 75899 22026 16664 23702 70131 45166 33965 29735 40506 %n122 26
55217 63895 74312 53926 67918 87893 960 10231 66054 24814 92226 10559 71768 27584 27904 86023 89043 625 17153 26248 89646 8911 76495 84991 3752 27899 %n3925 24
97528 14841 35705 6853 651 21237 56035 23925 73858 99744 94609 11027 26745 35564 77140 38939 86484 91263 81232 24563 42102 10544 991 16440 %n4390 25
4905 6771 86648 21874 94460 38087 73316 59163 28371 5826 53880 6540 37995 51609 62091 40365 61850 15879 94151 8290 37465 86595 64098 52076 37836 %n2894 24
72464 30800 64059 93209 70782 81599 10530 35684 87545 36555 20382 65851 48518 20880 28823 52820 48235 46053 56933 34810 25375 86276 33312 73828 %n1883 25
82903 99380 34729 4774 87880 48523 74125 80194 22416 30019 52277 86617 38193 75224 62046 5256 22309 6511 43810 19362 8976 75452 49775 41233 53103 %n3060 25
69973 46734 34376 79931 27867 13415 31689 29155 18941 54486 70089 26183 8702 65579 21307 14549 14018 17870 48354 58053 81967 35930 46910 92257 3580 %n2343 24
43003 75271 81105 79707 69633 79589 98403 74844 73687 22533 51929 13065 66012 35542 6023 75465 4174 77323 15555 27359 32650 96031 79461 54861 %n3382 24
12761 49962 7753 61424 18641 15267 17313 35658 90833 23994 78750 97127 45230 16969 10282 57104 42041 15288 29762 65917 1114 25785 71305 36654 %n1086 24
10653 46777 10813 32350 77481 61694 36707 12550 89952 71479 81705 71918 10941 52483 17505 13139 56289 36887 11024 53778 4557 81899 45258 33096 %n2507 25
80070 74865 47549 50866 27340 80773 59577 99853 11906 89301 56304 88682 1889 85700 25419 59723 43176 25678 92258 35651 9069 58038 4031 27168 8575 %n1832 25
60316 98572 72554 4030 79105 60581 24471 56053 66167 40498 49222 17010 54199 47024 35049 49125 7515 37783 83545 94144 11031 62007 89212 50960 58477 %n1413 25
34031 96522 43948 60700 78108 61595 69452 24306 7103 20868 95657 79120 55677 88014 6980 62220 10663 11480 71432 85133 54084 96149 29802 21521 93309 %n5774 24
24339 89379 85539 79670 54619 14734 76129 94208 62052 77145 70208 56779 24136 70181 5780 93232 22231 5494 36055 15716 40677 45023 97412 35450 %n3044 25
58449 93039 76788 7021 52672 78470 30289 49665 31047 49816 25965 36110 26230 1219 23398 37924 49231 20280 82282 44729 35453 33852 4442 84789 61723 %n4894 25
79446 99392 26665 53441 88992 86528 26962 75434 78585 94413 19474 88531 22298 72178 8973 78520 6365 13599 93003 33751 43347 44373 57306 17941 83857 %n2448 25
55170 98691 23997 23340 999 87367 39962 65713 42472 26332 68155 2229 29345 47746 12421 97763 35363 6369 74153 12925 32793 2216 64634 39942 64662 %n3863 24
59511 71554 9716 96286 2754 89024 78719 14353 16496 15027 75422 27074 38014 7988 86029 65344 60031 77174 62169 58780 48249 8912 32024 52283 %n5655 24
98343 64121 11645 62059 18671 8539 78933 61708 28034 29008 33023 43546 32123 70303 29483 60238 12579 70256 41116 90119 68884 19849 8796 36613 %n4337 25
47434 99694 25681 86025 19189 10381 39031 39207 32811 72675 37478 35442 73867 13785 24158 65644 28100 1037 3346 39328 20565 34592 47385 60690 93468 %n748 26
92268 91132 89512 22810 25339 47141 51123 56178 48580 80604 15243 13619 24278 60952 88988 30534 26735 42914 57785 43975 20352 35374 71774 52609 83143 45250 %n3152 24
48979 78247 89008 75865 76598 33718 38324 2217 88764 69507 32211 97203 67877 44753 84403 72679 98035 81772 63060 10831 68720 60410 93452 65218 %n2300 25
69177 19711 93052 16466 11275 17216 6225 2809 60934 22541 71555 77517 53561 57645 3600 80083 58717 28197 94712 69868 99363 56174 94827 27914 30832 %n1728 24
8601 80920 32989 25234 66206 33507 10490 58470 15802 73260 87999 64756 20899 28826 4179 54041 20219 86631 18432 15552 35978 61806 78321 26383 %n1535 24
87382 98754 55350 8560 66218 74078 23883 76290 38878 785 49525 63001 70210 9049 87185 93799 23438 85444 95702 24616 3169 42431 22680 34130 %n3279 25
45765 85661 58190 75939 35647 16046 69869 80169 98366 44575 45470 77830 38228 34963 86774 61396 77189 50442 6887 70612 81556 23186 47055 28161 26035 %n3565 23
69317 37767 46756 83910 30542 29007 11529 73776 52352 96991 56349 45463 66158 44283 60477 14091 15048 64610 20727 50483 76266 48553 70682 %n141 25
46271 34777 63405 71192 20627 89796 37758 443 73446 70067 94188 81703 84729 30155 49293 45204 15853 24486 21119 59538 82696 11403 79649 4457 15133 %n724 25
84067 58206 91830 31560 1243 16760 67472 32991 57673 3249 68515 87947 92251 11247 27881 88574 58067 48129 64782 29295 38984 25094 44979 20397 82862 %n2245 25
49039 90577 17715 70365 7773 30834 6266 22089 17685 72352 15481 52126 39099 76880 3829 55601 87954 33218 27463 18161 85006 73909 48603 54210 11782 %n5672 25
14086 80996 31351 75012 3978 16420 24142 34968 69824 60086 9901 92886 66238 33609 82224 25331 49252 38770 47616 18260 80944 91764 69234 62523 9221 %n2475 25
29050 41163 82174 19177 25292 29221 3310 66939 60686 57439 36043 68599 93109 99454 27608 40554 10762 67665 51820 99954 15039 84052 6570 28049 82401 %n3895 24
40297 96258 85518 40378 32409 25811 98040 35956 49157 26747 59431 36713 5233 24316 43709 66103 53804 20624 41132 16607 43565 77078 88208 97479 %n4712 25
84733 41152 82827 90809 6653 64605 94660 23133 5517 26960 16999 85300 25462 54968 65637 30518 78047 89621 19088 80108 86345 10488 24636 22833 43259 %n1649 25
81372 86288 68035 89976 97645 1712 11590 92068 26607 1379 49565 98267 10347 11536 63146 10697 30207 14182 42939 8379 95316 58748 36875 55113 5690 %n129 25
47038 15280 84751 17712 51608 26683 44190 57382 70716 66036 18919 13004 53597 57800 78406 1320 15386 22294 39335 93268 44091 29021 81329 31697 14025 %n5516 25
52335 90557 5620 67994 17288 10605 19187 56972 957 83094 84348 59287 45651 54190 88461 31690 41882 52212 34055 47952 77953 52363 22141 93569 89492 %n1078 24
41289 83001 40594 41242 65243 99491 81112 88010 38811 49695 34061 92465 71574 12989 45454 26043 41686 52766 13212 78521 42792 89391 32931 18266 %n2560 25
5321 4728 69749 63391 16940 11070 54959 64844 92334 77144 2234 29013 63985 93775 11573 24433 51456 36394 24920 37742 3536 74675 4420 54478 26531 %n1836 23
49296 24761 84041 38405 76592 95187 57537 58961 41573 90924 70977 58164 94829 34582 79672 52015 91993 43250 43135 8638 95698 14166 85837 %n2923 25
12757 99366 36598 71434 57226 89615 610 20492 52437 89058 8264 5271 70793 70014 66632 29316 54030 67505 86976 43555 7307 51683 77130 19466 24360 %n3915 24
84705 71337 99437 70285 1999 31327 28746 85243 67889 99318 94308 67893 56286 51334 9764 6471 43221 57535 17590 9314 91480 50934 20540 4397 %n582 25
10495 79222 38858 40633 56432 99088 62660 18829 48983 67892 50335 59721 22313 19481 9171 42214 52059 63005 79774 64559 39515 14618 23352 1368 90145 %n3753 25
14352 62882 6401 86493 31933 9035 36424 42212 88299 28188 93374 27728 55636 11944 38724 49431 40962 66240 84227 14079 23248 18444 80199 12413 6851 %n2768 25
45225 87608 84768 26438 56953 98161 8703 60494 19382 76296 79435 74806 53545 34576 69231 19700 35322 14396 47478 35599 65316 44322 6752 93548 72211 %n899 23
5472 99697 66770 95565 61064 18083 95635 66651 35826 27509 31052 97769 72405 93600 60614 73753 16967 1462 341 76976 13662 60291 41429 %n3209 25
85117 17666 5625 4403 29656 91477 46547 30954 48747 17607 98109 51543 50170 95742 94573 29850 58857 5601 46993 32642 49522 31562 40087 24363 48581 %n4639 25
89844 97185 13389 55720 96368 68314 55143 16062 64403 43576 16593 568 19222 41808 12106 4634 72674 69229 51860 5586 94985 58079 19668 88193 78505 %n5676 24
4166 29077 92864 19166 17694 81301 84586 88136 13626 22748 9273 22988 79586 65180 92385 57550 47644 56685 77456 13552 23918 87569 43691 30635 %n1297 24
42720 87934 45634 23478 65035 69563 86831 13332 87689 32117 24469 3410 5195 31024 80053 35770 29964 9280 96533 7886 86992 85650 16494 15109 %n144 26
55197 22164 79731 98281 73679 88333 22554 62272 83188 59718 99424 8175 87920 85625 39132 69859 66723 4534 75901 33103 9034 97969 81575 52897 9650 40424 %n1081 25
90464 11451 71593 81334 90995 80835 72626 68906 40786 87955 11416 75961 32472 71522 6716 26527 68788 76035 80958 85979 49728 65605 2722 28423 97634 %n2772 25
21225 6726 37645 79423 76015 38523 1402 71923 74290 65149 90319 43177 73533 16255 7695 43843 72526 80892 90035 21259 29327 33437 42620 83316 98911 %n892 24
80946 2458 8542 29105 46174 61573 98043 55222 58863 9278 44669 41194 74236 7929 20633 23071 4161 1039 4065 86323 14004 81356 11491 54301 %n4518 24
35591 50635 26322 22577 62298 88724 98373 92273 33668 66741 79226 62929 2239 6825 4571 31040 50766 12626 28697 89770 4727 7969 20042 5671 %n4052 22
10111 78948 85509 96391 30842 26562 10174 72009 83730 9304 29851 57144 17567 76699 99846 98997 19839 28702 1522 85334 73625 41727 %n5772 25
91499 68957 19823 80084 84793 3975 9336 75175 61897 85278 12895 58242 46867 252 52300 62222 69418 59464 99057 97916 22916 15503 72726 56629 4317 %n2422 25
85212 72903 65329 30943 35835 41813 20662 34195 63007 32823 13469 21852 90587 32966 8985 29536 26878 38890 87690 61301 3769 81062 95845 24443 54508 %n456 24
44327 83335 95444 71899 16861 99935 57512 99350 79199 60705 13578 80810 29773 83464 41986 91112 28883 43000 81118 47991 13505 61237 54467 64869 %n1248 25
18515 5850 1396 51407 65810 18943 34090 42324 75543 51510 34448 70832 24371 3046 49693 71484 1592 13745 75052 1141 94410 13939 32545 9843 89242 %n2759 24
34804 35294 76409 55668 15783 41507 93705 85845 63634 77433 60253 60683 47241 30574 15377 56374 5031 58619 36908 81274 29235 76839 39632 36538 %n2661 25
40815 14585 83180 50246 53916 6307 13727 79945 13541 23094 53220 62299 46485 3081 12659 30894 99317 16597 7985 4461 50813 99110 75822 43875 99015 %n1506 21
87493 40611 14518 37966 39302 63082 83972 75770 44064 48054 60557 67371 3284 9766 83691 9922 31729 76609 44786 85843 69928 %n611 24
71150 82398 78135 15575 81771 50191 89532 56695 16742 62669 2069 25643 95172 93487 15387 24962 95976 61404 41880 84299 60322 83834 69353 95222 %n1205 25
58922 80778 61913 29377 34313 23288 90378 63171 64045 77218 74393 35988 11748 61477 73339 52910 24981 21590 87834 32159 81318 23586 21837 98807 60212 %n660 25
51274 38991 97326 65774 34686 27422 96878 51741 98404 85738 78513 67465 70474 34880 95226 75581 65681 37848 56459 80571 94174 77837 76142 35343 7570 %n3892 23
49506 11239 61079 51938 31488 41598 7435 42505 18826 78028 61676 54820 39668 40983 95769 69175 66976 1026 23164 32876 89629 6396 95710 %n5054 23
90301 26392 9453 37143 7170 31909 38573 32849 3030 93346 91630 60315 93331 95687 15041 65448 95284 61447 50622 72102 5809 7937 99526 %n5083 25
50164 58573 39551 73636 6305 11507 80935 5086 73735 52306 1295 42889 21985 63029 13841 15527 66254 9936 86627 80528 67338 72738 33794 38735 4809 %n2209 25
71973 75008 68951 99956 32947 58964 79822 94357 94170 53077 32102 31256 55385 71903 87051 79565 88220 28692 90010 5963 7835 50028 97776 97420 11211 %n3395 23
6209 57123 32206 56044 14835 14582 90361 21963 94145 62440 64027 89168 82191 13266 85751 10047 62583 92547 53933 47706 24187 51001 52923 %n411 24
65136 10788 86140 83846 13711 21192 49848 27633 83995 35573 76749 28690 53919 6101 87372 64142 86189 14435 41558 83952 98944 97877 36296 76621 %n4430 24
38958 2562 5227 65506 82902 55413 110 88022 33433 87144 18423 65229 34586 91470 15242 25868 76859 41790 75595 20889 57925 61436 98662 47859 %n3440 22
52623 98177 64163 69524 44198 48652 10541 74340 15302 4057 602 9681 88905 7659 77631 21494 15140 59921 98 1247 18530 26723 %n355 26
97384 78224 49881 21114 2341 81220 63256 58809 83905 40081 17595 62998 97355 24881 4509 1472 94709 73414 7274 67449 21808 15419 22852 36136 19168 17749 %n3098 25
7189 74749 31419 32029 68535 14270 66438 98485 96103 42592 36092 64905 51318 42806 67970 1358 881 85190 86891 65493 80318 17726 57219 65461 11851 %n2403 25
15485 37286 43870 5805 82994 10871 68304 44700 68156 61060 15339 44280 97758 84558 8205 53984 80215 67833 50135 63469 17635 61262 25455 42106 53004 %n5232 23
45746 7360 8189 65038 78362 98707 5988 69865 72197 7802 64788 19223 47777 45401 71073 12367 70442 52299 46997 75303 86179 93496 8011 %n1477 23
51536 15044 42530 19407 57300 24806 94487 67285 45740 33573 51576 57485 94757 73553 66772 53587 57129 39611 71237 8235 92539 91706 69339 %n3522 23
41048 1617 97505 15548 71841 27008 84427 17713 14154 8555 46090 7733 10531 19050 40420 54040 13282 27234 5388 52005 38763 49372 71145 %n4710 25
73290 35357 41722 28599 21768 98419 24126 78278 2822 27582 58132 74449 44630 15168 15120 82544 76249 22961 56758 25103 88487 51096 40207 76242 41389 %n1949 24
55873 90151 70221 47524 12876 5258 15664 93460 44744 90697 19020 18072 82495 20389 70858 41629 51111 90130 28677 48691 70917 80689 55631 30127 %n5441 23
28856 39345 82576 62662 49629 44764 21353 41710 12700 14209 61847 87984 47690 60612 77121 9041 67247 21540 20190 48875 26740 66697 64817 %n112 23
78786 15364 70792 2136 79317 19850 96175 55949 66561 94498 35911 81793 51974 64715 62111 19524 94096 35132 94761 85281 84695 32287 47742 %n1242 25
98779 80814 12811 39990 81516 40196 9700 52514 27610 16746 75298 96562 89186 39134 16883 52251 506 67219 34067 59061 82135 57549 12430 13188 65950 %n5402 23
8617 42509 19144 16001 70985 19605 92454 64754 458 41013 4609 32241 76061 84303 20655 88642 49239 51192 65562 34347 7641 46755 30653 %n890 25
94116 16846 28639 28506 69179 69018 70232 10950 53087 19898 44134 56750 16613 66468 96716 84395 40446 51200 60480 44709 25822 45270 98946 40522 18531 %n1417 24
54214 33035 38612 9272 33376 60001 270 27807 97521 60842 26669 41138 57659 15429 43728 22443 28243 5476 59541 57941 11631 2171 98685 86509 %n5448 25
37349 94089 13560 5676 77282 11592 55931 1973 97120 24641 22108 22609 38604 62369 94173 58078 55980 40853 85606 3620 38329 50607 79916 29898 68926 %n2092 24
7538 75553 28130 19731 18354 31724 88862 74175 86926 53479 35784 99242 99735 84457 25846 69580 30582 14022 46946 9749 44708 47207 65895 48540 %n3546 25
19914 10658 27334 36734 62981 27968 84933 14909 47161 1946 71745 96858 77014 15318 15861 70541 77135 73326 99400 43243 11866 23268 62030 27164 22583 %n2655 25
74058 32875 76668 45189 18886 57062 84060 46220 84503 3290 46086 31227 29544 97262 82937 48703 10468 43360 63434 63557 35017 29648 34943 87723 23919 %n2895 25
4454 10775 5739 63357 81936 86280 30725 95563 82035 24301 66948 25709 19998 33591 34578 1431 5259 71168 2305 14969 95431 29787 4694 57268 59410 %n5527 25
21906 66379 7795 28640 67718 88750 70002 45098 32077 94970 1626 93550 59097 7186 64182 13913 21400 37977 6141 14140 35192 26023 1597 16457 38975 %n4011 22
64873 30490 93979 34978 33707 73892 5490 78545 88919 18160 60008 95327 31105 14313 37925 11642 51818 54295 449 75568 67006 46776 %n5169 25
12719 23393 62270 69491 91987 65015 70300 89422 30847 82573 38302 47078 6263 1602 9982 79905 14324 94885 93001 45520 38551 73934 30999 51490 54823 %n2529 24
57641 52889 31567 39682 65041 12092 58896 54842 59373 36984 50234 64141 52080 96723 68283 78976 21932 14555 18330 56257 83836 39455 85367 93138 %n3665 25
61228 47231 27365 52092 67016 47613 43955 3365 39239 13451 58707 74792 54979 46189 97548 23865 73087 96022 16398 49870 45157 951 21172 15455 28317 %n2197 24
22669 75891 12293 64256 58930 56800 62121 28847 15884 50565 8790 79400 59964 86396 34942 8426 77653 41035 35095 77494 72633 56343 21614 88452 %n1472 24
13158 82735 38271 96442 93500 40038 93190 76119 24551 65963 58394 20192 75859 438 51831 13848 57850 58875 16919 24944 17909 99933 70948 51605 %n1892 25
9739 14985 18908 33517 96466 72993 48457 43448 67344 67690 1773 59093 32935 43678 41841 22809 20038 60015 29727 53766 24830 33629 52178 45803 56254 %n3929 25
90363 12363 78185 57175 47716 106 34444 56897 52065 30991 98783 25823 89669 60931 91625 98899 93646 63480 91805 84447 33576 40998 1408 88876 45349 %n1647 24
43294 33713 23083 31434 56669 29428 87551 82114 62738 36517 97067 1723 18533 36536 61566 63701 15568 92135 29649 25434 17177 46876 84055 6751 %n3326 24
78765 61112 95814 43773 21217 15657 93471 80011 92216 93749 15418 54204 97990 99543 31536 59809 41378 72915 34990 43627 58572 66613 84080 58337 %n1066 25
71852 27795 45462 66431 3932 55727 9553 30295 45391 82307 54888 2297 37045 24501 17204 77824 67175 11160 87038 70568 54017 93447 8197 26739 10144 %n2928 24
94517 39914 56164 26267 48119 90670 6758 51302 51574 5456 82603 56601 33114 60679 3306 65466 54300 96944 59372 2161 12493 75960 2910 78377 %n79 24
53714 68113 27266 59235 70147 20838 82249 52458 86268 9085 96340 44233 71336 32532 33785 88959 81837 84665 32289 70456 4172 20638 46471 13119 %n5411 24
53723 73630 37098 72871 3774 47436 59948 8160 4501 68530 8625 50385 26394 55371 62452 7337 80722 55893 24681 22628 73353 96964 19688 91377 %n4541 24
66823 95709 77580 72601 35415 54073 47357 12785 45500 23975 39623 51488 64300 32560 37705 33862 71204 8904 97961 15146 69465 71603 52765 84206 %n5188 24
27367 79218 49976 91664 60823 28463 13101 61926 70177 78263 16531 29885 49193 8932 68339 16710 66929 51029 47592 64453 9033 20783 80821 62241 %n5617 24
39125 65181 49196 11082 47406 50618 63912 47336 17387 68403 21414 34232 76084 44855 65126 71440 60415 19628 85416 21023 21229 49164 16930 82108 %n131 26
96465 12382 89549 9004 1120 67896 81445 42783 48391 43398 72682 55076 53121 99894 86021 29961 59328 639 3767 69642 45800 54566 99583 15528 68922 70405 %n1002 24
73279 60358 83666 72514 61163 550 57560 13083 27400 36885 22803 76720 79345 62456 24396 78071 60323 78540 29781 78007 64727 37971 60606 35766 %n3045 24
34967 25225 3936 80208 69183 3983 60200 70375 37958 11381 26889 98758 35228 26168 73257 25190 53073 8287 55486 53839 8736 34248 60020 33230 %n806 24
53978 39795 63120 5078 81783 23135 82217 61263 15045 6301 89074 25489 80345 45044 96556 12103 2814 19234 14639 52569 77116 98152 35859 9100 %n4825 25
33329 11409 74533 62701 44551 862 49704 28861 27306 13944 24543 27796 73180 69815 63567 60266 94590 25484 15765 58727 29883 14627 54548 57516 93681 %n3731 24
47539 56859 46676 99033 48811 9822 49034 12056 47828 4033 90445 28519 70514 15543 28092 58230 78564 82810 73830 8661 39115 68451 20694 40795 %n3643 22
93593 12022 81387 35685 93900 43332 13231 80662 9144 67088 75205 156 27722 55879 88707 36216 17593 53449 92408 50492 44727 18614 %n5741 24
32524 65473 80701 15760 86598 47530 62276 70138 65239 73289 17081 47099 44019 39646 40969 78961 80017 55412 93899 74493 23788 92610 28401 18686 %n4730 21
41583 40414 94932 42739 18241 22998 78149 10739 12133 73740 34315 52029 38765 70192 58178 28300 55096 75579 24482 13818 59968 %n3416 25
70369 15792 67217 81470 72900 66735 72307 15990 42312 70965 68363 81920 46398 52671 648 46582 7245 30456 68846 66296 82865 48947 33542 44662 3234 %n1962 24
55870 43525 87406 11399 95836 77714 70596 32659 56823 27688 86843 51205 31170 40953 81400 67722 84899 45670 2131 8943 19276 3116 83712 80417 %n605 24
38838 90864 68931 17424 13390 33123 59649 51046 74115 7459 66863 50272 91689 21955 93652 64071 97940 26535 40958 95942 66908 32784 81315 92737 %n533 26
63455 24060 60335 30906 99990 62129 99611 91652 80781 47033 73261 26299 20343 8791 91895 3132 42855 17066 87007 80390 99525 93728 80703 19370 31707 88366 %n4435 24
47772 51659 35702 48334 94789 57119 67197 70216 33543 10446 99131 52687 42404 11751 97504 50357 87626 10146 91099 21665 90250 80211 68937 53829 %n856 24
56246 84874 14300 241 29074 44435 67406 71964 63668 10863 6176 71840 15719 96719 18223 82425 73998 5475 58117 47810 66559 6863 90607 46500 %n1644 24
61728 46984 62367 50250 58968 86607 17669 46452 25344 34414 6945 2154 75847 10501 79598 94161 15156 88051 4623 94101 54851 812 61937 95634 %n1563 22
17531 37251 92250 35188 61996 72637 68553 15920 58821 86303 92709 99603 64885 6514 74513 59557 6779 75281 88555 2563 84564 57742 %n1881 24
29138 71178 75176 49401 47874 99943 81129 30736 70884 73813 38215 15790 24369 14419 83046 34464 57810 37223 65342 67402 29692 84687 77214 39700 %n2753 25
42032 89789 90347 19917 14192 56799 33689 77728 5615 11688 11071 54166 98340 92170 44406 20819 10515 32041 17190 69504 61605 53706 23791 38262 54439 %n2336 23
17382 34354 51620 99112 10672 5460 14430 85969 13898 53505 15987 8342 15277 75259 25827 85786 17515 97980 38659 11291 98994 32595 12936 %n2683 23
53583 33077 89592 99398 2743 5889 12799 86169 66102 64010 16589 87593 6210 37849 41909 40722 82247 28704 27792 37873 17570 74406 21931 %n1844 25
37875 39401 15254 38925 77448 41144 61022 57405 9840 69432 32248 19611 94420 96325 87296 53908 11155 73587 77295 76943 78620 85597 55966 31534 37775 %n3259 22
76070 28093 59865 70819 88278 65308 83856 16727 17087 33346 30733 15096 64247 59850 93930 99036 141 548 42040 22268 90079 51247 %n740 24
82119 85779 77764 96781 48668 84936 10449 53238 94352 23314 33977 47395 57227 78334 26537 28307 49369 62802 70326 45965 12661 37926 6565 3308 %n3233 24
78806 69710 10131 97666 17369 96104 59433 31264 20547 7116 4862 95786 99852 43018 5419 66577 73309 24703 72456 28434 11021 58737 22749 30023 %n2401 24
97487 52055 34799 52310 49070 7513 48557 36014 90263 20675 2964 17176 22481 65523 21305 94653 7324 46534 39488 2635 55906 98368 79451 13135 %n2156 23
24776 25691 42477 94176 11538 61536 26641 76603 24404 73559 9007 54920 8266 18699 2585 92401 18738 98049 84016 79685 14578 82405 7686 %n1158 25
19348 53923 41393 44796 94166 69258 32480 69977 51052 11794 65323 32125 71808 10916 51690 52917 64231 99634 60658 55040 13875 9233 22847 46714 70444 %n2032 25
88960 88814 80655 33276 73935 76713 11136 78555 61969 97308 50380 49366 9566 47906 33583 81029 64653 94136 44108 19732 99793 2232 13525 29398 48854 %n3274 24
30859 22674 23506 28237 25430 9898 30628 19464 61782 79530 57756 98150 3085 80275 53934 99316 84512 32920 4417 56936 17686 64009 98625 5427 %n2181 25
98645 22122 15815 44871 74626 38561 1836 38507 21343 11812 12001 71714 75554 3257 63555 18235 71512 94137 93476 19810 46384 71109 11596 19806 86044 %n2611 23
37156 57095 9185 95168 31312 26859 10782 84534 15598 25994 37721 99453 81781 44392 4157 39210 54381 82338 74922 23802 36935 86364 43979 %n635 26
48872 62531 74556 26114 17095 93803 70419 37612 48937 19204 42151 20226 90426 32266 27809 75401 99794 54018 56265 30604 81116 63501 62767 76662 57347 29936 %n1528 25
39906 34556 56683 74087 96641 1872 99495 31499 71573 94534 79911 96505 39929 30112 41078 75914 68420 45721 48122 55059 84251 93628 88812 35887 87103 %n4494 20
51780 14134 10426 25459 27801 4370 66177 87562 23782 82243 94304 98194 69207 29971 13468 73569 89437 21972 62209 72169 %n1577 25
48938 91697 52517 16143 49348 32773 35468 34103 59198 32637 53499 43931 16624 87473 92684 88386 31061 27339 36298 25047 92562 32522 86801 96992 5618 %n2061 23
61235 18529 91882 24138 83512 69241 47804 8337 58100 34909 78429 99737 84337 83738 61975 59688 722 56012 39113 16441 34391 53316 34979 %n2383 24
51409 74179 88303 78442 80116 8686 28326 53592 47098 65799 67256 17866 25729 89249 77081 23937 897 67133 34524 76263 8471 39880 91896 90891 %n2611 0
%n1798 23
31718 38301 2052 15695 44157 97141 34301 606 13793 67441 11486 32210 22401 72658 52812 26001 82351 73216 5209 85757 33636 43348 51674 %n1555 25
87747 84341 25828 7425 58248 23208 21322 5961 34829 50052 4309 33001 44120 16620 95129 50187 87084 14036 80559 89882 907 43258 33667 28984 56740 %n180 25
61569 56377 96347 33557 71726 73026 40169 44683 54409 76730 24865 39999 59824 26134 86014 33 95611 2514 23905 99384 89809 4000 63811 63810 96545 %n4853 24
27035 95322 60851 8775 78688 490 83618 41696 4971 63195 4804 1248 43991 72688 34716 54511 74280 92193 97560 70527 16205 21894 14323 9759 %n4105 23
715 61379 13724 40645 51004 45410 85249 82216 41894 38009 84863 88443 9010 10995 80407 18839 24516 14288 56775 10799 45207 56360 63760 %n67 22
3888 90003 12434 15571 11305 53594 91100 8209 27894 6610 44409 87853 1947 62055 96321 29342 2703 32435 32707 49512 39340 2929 %n5202 24
30253 62240 26101 29108 84472 84382 83957 5021 52246 50037 43806 38168 33884 10881 62128 17684 56147 76376 65372 88840 12512 97751 27201 4686 %n4323 0
%n3547 25
51746 66846 72388 11525 33599 49894 52 12631 37864 7414 48059 46957 37564 30606 89966 42400 66919 65258 64154 19856 28102 63118 80670 24063 63190 %n962 25
86121 68192 15893 12374 98812 6796 61688 6359 24897 13893 65296 86988 80542 69328 98501 55561 71113 49370 35853 31470 36416 62571 49871 59337 18956 %n3501 25
53503 28962 30531 54524 53463 1353 89978 35375 20278 1588 78803 2972 49415 32059 60924 17705 28966 692 58716 26547 94381 96965 81484 54551 84554 %n5667 22
93424 7098 40226 5044 16303 71085 78653 8472 81989 17807 11938 57106 97520 38456 50690 67978 70882 70086 72275 58507 91911 29578 %n5393 22
65934 41617 56608 9715 20583 51968 98674 31590 65420 49191 34876 6765 74845 37695 27405 94556 25067 73876 37534 18778 98962 71758 %n4007 23
23973 96696 92490 52756 74131 25989 24376 49762 20197 83418 32634 86507 43960 86377 88127 69844 91426 76797 33057 7806 53027 51228 94180 %n5238 23
56765 7391 63621 71243 67145 41391 46170 49788 80396 79416 17034 84509 27136 98332 27173 53750 75050 30334 27275 66416 9352 83781 80569 %n5502 24
316 81216 31526 53387 24460 82878 76842 30158 31799 90493 82029 5756 24186 72394 94037 56941 21232 98075 33051 58650 15279 77091 63488 57267 %n2938 25
22926 95630 77822 92142 8246 91258 38930 43916 52415 24923 81095 94422 87537 95278 83826 30039 19805 22188 58059 71917 30053 27200 48216 18327 18383 %n1827 24
50477 24611 31591 2068 70011 93895 41498 63821 46463 84537 90435 94937 40965 96003 95714 56546 31216 92629 61497 22862 17930 76313 28868 67936 %n3690 23
98922 55185 747 19893 34140 19120 36566 54682 45133 16175 64619 25950 48930 50606 70338 32170 30045 20155 70334 75136 92376 58625 8937 %n4474 23
55476 60820 1217 83626 76913 29411 88050 42399 3952 84493 72258 85351 60423 3356 87075 48748 77021 10777 58695 2888 38962 28019 44389 %n1353 23
76248 20372 41355 86716 62177 23626 60888 33653 79441 9149 28545 73380 87580 32490 74454 45901 47923 42601 95458 89433 56904 21079 23498 %n1149 23
60574 2075 89258 74583 31815 48567 61873 96857 44932 7319 37463 75046 5058 84242 55843 85630 7763 58708 57726 78975 8639 27699 70633 %n1513 22
45666 61785 76597 35621 56938 10356 56516 4872 14902 39459 23401 69264 85404 60061 24030 33479 58978 95927 73685 71766 6113 65331 %n3958 21
29983 95162 18538 86350 12047 77344 43582 64367 71276 30806 98716 40817 57327 62732 46803 5899 2580 74899 76595 18194 63587 %n941 22
91759 30795 92070 63185 43373 8478 23871 23287 56584 1214 22957 67594 58683 20555 7530 1314 87694 75195 29962 63101 95305 77733 %n5059 23
90095 45069 97545 2719 52631 68952 3669 57338 76702 48178 96381 9613 15289 62949 45012 32103 97886 32418 72477 14293 80449 69755 67091 %n4038 25
57920 5237 33075 12852 32828 68859 49490 79982 99831 23588 53128 87803 68168 82172 5582 11626 23189 86470 46631 42206 72563 32108 29408 10522 10735 %n3958 0
%n2792 25
8614 739 79727 9402 57650 61730 59917 56902 5222 74968 72283 41301 68167 86601 57589 87182 67287 41422 81489 34815 30002 19933 34635 25385 23638 %n3334 24
53358 77877 73333 88595 69619 72574 29431 56612 57812 80322 17897 84445 54833 91743 20412 2690 79758 64359 22569 29239 49764 85962 87945 58745 %n12 24
5108 22765 59172 83475 84896 97486 69918 95054 34037 96006 51351 14630 64984 36363 78535 97613 23933 80577 64600 56850 18565 3948 60156 30886 %n3300 23
5663 48303 80274 60508 43833 88287 34052 21049 99847 74452 25136 96539 48118 28456 35994 67352 99970 90381 68081 40508 88433 45920 23522 %n2908 23
7712 15077 19563 48490 85527 79362 72345 95381 58213 76652 2469 75338 98660 73803 38560 79896 13241 41030 87969 90357 42616 27277 15721 %n3027 23
4603 36447 96120 96289 52500 42629 31421 62557 49099 94518 71861 72681 83557 32326 9864 18963 18217 49970 56018 61480 22060 29097 20985 %n3240 25
71998 66841 55019 15173 19986 5808 64641 7276 33788 32488 27489 14021 11362 24106 23914 8248 84417 52832 77903 2148 93086 6638 12140 89765 40715 %n4568 22
18302 98658 66027 88909 42608 4010 93482 6145 42272 37678 90884 21644 9302 57254 10643 35348 37896 2485 29514 23290 20214 74460 %n863 25
49201 56084 61319 57036 62917 37020 31367 59146 91595 98533 67301 56813 35041 7190 38632 4131 60169 15323 66059 58047 82964 10435 40417 88304 30828 %n1744 23
27972 4654 64520 60472 65469 65184 93348 88934 64550 34890 17886 39740 61998 32025 59412 24740 60689 95026 46303 46836 22169 72371 41170 %n4127 22
69104 79626 55830 13892 47683 29291 95752 89251 11357 46158 39346 84616 16595 27056 80713 19247 53403 59123 81131 22709 41395 75696 %n5638 24
44099 47517 77415 37310 9481 51809 77691 43846 89452 21303 12868 36146 74168 53501 23677 41323 14767 37249 20866 753 56679 85614 58973 21331 %n2288 25
33012 98919 41310 2871 33460 78320 74235 62713 33418 64826 75584 58757 2507 27798 3431 21361 37261 33354 15906 97196 15370 79068 85247 58689 64534 %n1590 24
82359 81955 81554 6172 12165 45197 50857 3419 13082 39640 3698 15793 79193 9209 30721 36617 82667 34915 28445 48782 79796 61382 18379 72462 %n201 26
46845 46512 3010 11754 1218 40757 45201 64562 28008 92321 51961 44953 69417 30820 70374 34568 45143 77128 17614 36272 24967 57265 25077 21576 713 44312 %n5176 22
2310 60227 81717 17957 31413 26477 70379 27264 50450 26067 3017 91467 82218 13481 28882 69514 40259 75454 55017 78177 41358 35394 %n148 25
71596 18698 81663 34205 62014 21831 70225 94546 50504 68142 13972 39036 53118 7849 81164 12734 16074 41350 12143 36245 70080 25228 5599 91621 70372 %n438 24
58305 77787 36920 95227 91898 22151 59881 47544 18736 69875 49272 92152 5023 23841 31674 65661 49241 3656 96736 81727 89832 80751 72336 65165 %n4509 22
28504 64268 73939 69260 5437 99204 98053 76168 69127 29131 49765 59030 58056 19041 28655 94359 70235 24507 83754 57946 29834 81219 %n184 26
34995 92462 87417 92835 51862 51794 93713 9063 82917 13245 66328 45836 8056 97897 22822 95513 63953 81535 58666 36251 10018 88319 18513 83636 38315 81641 %n421 24
11413 73674 91345 85289 43602 71372 85230 57469 1091 91016 62229 61901 78775 28017 81865 64606 95466 96903 10745 24978 2620 65105 5245 61720 %n658 25
35691 95106 52297 38547 75446 55683 25766 93181 90099 77099 86421 51594 12002 24222 59453 34905 25951 50546 45395 14465 98219 83782 75632 76291 48183 %n1082 23
11649 47343 58321 83688 89783 73458 38502 69963 57065 90259 4289 45129 87248 96091 10492 86578 85576 87284 93715 16117 39418 17073 99218 %n264 25
68578 58970 59609 54405 62181 82027 63040 51221 4055 88659 63034 66302 33441 83285 58500 36583 15271 9781 19981 11943 66280 11430 88640 64590 89170 %n2852 21
25509 78525 23361 93606 6415 10766 45826 34888 91107 37295 80573 73544 40131 83370 54756 42966 7044 91948 36683 24632 54628 %n446 25
70836 25833 88669 86695 42736 65146 2830 95476 38796 9636 5029 88549 36944 36211 43095 20257 23296 49346 67335 77615 96159 15895 38268 42549 57003 %n1760 23
96635 23 14634 25505 68565 8130 74606 54062 94085 5864 84550 88421 34360 78951 36872 3892 28878 30880 95082 36045 69786 28673 69681 %n3449 24
64484 2543 44303 16419 35741 95575 56228 10373 13376 79127 57079 31297 24402 16645 90671 74354 10234 44924 70144 9295 11811 78875 88639 8773 %n5413 23
4264 73629 28864 63906 11146 75476 74079 63831 33117 19083 65683 74320 71024 74428 23302 67993 27461 10858 83948 26047 34036 75994 61435 %n1095 24
42200 84133 2044 52941 72377 56665 3603 95693 71266 79246 42480 34435 41340 14751 17731 51310 74589 88887 25498 13633 74812 90208 211 65852 %n2468 24
2998 84625 2658 15186 46808 66333 66414 27410 90965 14230 28734 5007 36950 31818 96689 91500 97102 87418 26216 74172 69174 74688 67069 78526 %n732 25
24156 85063 45260 66881 6780 98062 37328 85874 92180 71945 65067 76410 37381 57757 58045 26208 25694 22372 94889 7115 4957 31792 28896 2863 3770 %n3346 22
95806 9068 83650 22653 33525 7632 34828 5462 13653 15378 28355 13674 33501 20763 39453 26391 63813 13064 59713 64802 54209 49327 %n4659 25
57283 68560 34891 32501 55914 54858 97765 49743 48431 37267 1634 95377 3929 55279 14989 5591 1041 5295 43873 90861 80271 6606 33795 73983 10647 %n885 23
52546 80511 19021 50146 53209 17906 92242 10793 59342 45323 48916 54187 55716 48255 87609 10619 53438 21333 58928 60340 80855 56996 79121 %n3598 23
79564 76633 85430 99377 26917 84046 60299 8352 82820 34196 1854 20200 95122 77058 68049 2442 64283 76080 44772 94411 44798 68698 62824 %n5194 22
62733 69446 13899 38 23929 24745 67906 6718 26087 2100 3533 65054 51559 49799 12569 33149 98778 96073 62563 40874 96767 20208 %n2095 24
85264 85582 80710 16808 82487 73253 80101 27674 87988 68433 29246 82041 62624 56291 8386 5484 58167 47179 2037 35722 15611 99758 63826 6327 %n1466 22
12095 39701 36360 91966 10952 47622 23938 27345 3407 11679 26167 59993 99416 27735 18937 5167 36846 31067 73970 25933 66025 23619 %n3503 25
20154 79046 3042 12737 37 52140 94049 77179 5210 64712 33938 53093 11011 25761 95527 8198 34822 59504 19852 16486 36480 98069 60752 385 31079 %n2487 22
63416 26759 56866 24050 99234 5865 43581 37752 56672 12988 84530 55847 8755 26568 43429 81170 16357 48963 15911 16555 29809 45310 %n984 22
42877 41069 5487 35923 71332 35762 73613 73925 64291 75691 13091 51031 59629 42795 48719 93012 77677 22065 10730 21645 78167 50952 %n2307 22
77715 39425 49384 79338 76830 87765 22002 84569 70885 61446 87335 77663 96424 31573 75252 15414 92923 11750 60171 54450 86117 43065 %n898 23
44313 15005 19019 50118 16445 62880 17488 29227 98402 5639 34966 86642 94710 94107 4436 21097 13285 84034 65656 31501 94038 42944 48363 %n3314 22
6077 85173 60940 23126 18294 55492 44503 92288 41946 60345 79430 70454 2246 79673 46315 77766 4531 39011 49944 83051 69704 76421 %n2012 25
74949 75265 41555 69203 28005 59319 31244 14387 41336 6735 90711 27346 25844 5293 18572 64530 61492 7610 36624 42371 65209 36912 84278 68041 64276 %n