139
5868 138
72437 63668 31332 36645 70524 27271 61077 32297 82670 67155 65065 39580 39565 46296 71159 41693 74120 55091 82069 3270 37331 23038 86854 47135 53365 12561 12011 69118 50159 76046 69988 65882 48258 41664 47106 36420 74762 30869 1992 41446 14840 88255 32392 54451 40250 4560 30636 64774 36132 78301 43780 74219 41612 32412 6727 74190 55982 74471 7219 50884 85111 26472 46408 16278 10015 68779 43709 19079 26235 16886 79196 8625 23948 23868 31090 6524 36721 24893 46224 45770 80301 5090 39059 16488 56752 49302 39585 187 55254 57995 52560 55211 53733 57297 50877 52785 41126 80785 62722 15445 46070 54355 63550 23563 58655 18007 31128 25000 25072 28794 61736 24441 39560 71491 40985 8951 48126 18231 9408 5635 62141 16181 36620 29572 41616 66333 66473 42254 28333 43676 30008 52978 33150 48737 38032 34377 20185 65798 %n290 77
33363 64350 77771 48847 42897 77950 27344 52582 18021 14004 82314 56546 16308 49309 46423 62107 35657 6008 3181 18375 23080 20122 45940 23775 64309 702 84811 53915 37886 38709 69999 84743 38440 27082 42825 28765 60847 19521 44851 76380 50850 40744 24847 67589 6409 88003 20552 19260 6749 65655 64293 44927 36267 58389 3098 265 86948 67474 83965 34684 57453 66683 22358 59113 19773 49779 18774 68107 63966 74409 34738 87514 31589 44081 28394 68003 2050 %n957 39
24464 55938 67795 14567 838 70614 25051 34455 7302 57040 80496 39534 5854 55191 40560 53459 45889 60939 31441 13987 23484 14118 26666 4064 37968 58649 132 85477 62428 23979 26347 10084 45388 5025 35426 36555 49458 22339 77784 %n6605 16
15451 83616 20498 60500 43910 57551 5224 2174 17677 86636 31048 30910 72447 48528 71035 29232 %n1787 11
17347 82839 23644 72304 53429 86361 20363 75185 4424 82120 54498 %n310 5
47896 15936 26249 16081 18982 %n5477 2
57460 77607 %n2275 1
16426 %n6852 2
57377 25564 %n1652 1
77407 %n1230 0
%n564 0
%n6291 0
%n1974 0
%n4480 0
%n5160 0
%n5333 0
%n2747 0
%n1720 0
%n4409 0
%n7008 0
%n823 0
%n3917 0
%n6030 0
%n1796 0
%n2075 0
%n1200 0
%n5417 0
%n3891 0
%n5604 0
%n5934 0
%n450 0
%n4929 0
%n1492 0
%n2972 0
%n5383 0
%n5182 0
%n3841 0
%n6500 0
%n6204 0
%n867 0
%n2374 0
%n5707 0
%n1197 0
%n702 0
%n5831 0
%n5632 0
%n4452 0
%n5619 0
%n7091 0
%n5419 0
%n118 0
%n5571 0
%n2242 0
%n2219 0
%n2043 0
%n6871 0
%n6626 0
%n2898 0
%n6190 0
%n2591 0
%n3386 0
%n744 0
%n227 0
%n4447 0
%n6409 0
%n967 0
%n4076 0
%n6998 0
%n636 0
%n329 0
%n4438 0
%n5550 0
%n4541 0
%n2994 0
%n2337 0
%n6789 0
%n5952 0
%n3078 0
%n4910 0
%n630 0
%n722 0
%n6332 0
%n2168 0
%n658 0
%n6717 0
%n600 0
%n355 0
%n5671 0
%n6287 0
%n5761 0
%n4888 0
%n3923 0
%n1474 0
%n3172 0
%n187 0
%n148 0
%n2587 0
%n6275 0
%n5122 0
%n1419 0
%n2752 0
%n3453 0
%n3874 0
%n4732 0
%n4775 0
%n1688 0
%n4680 0
%n1680 0
%n1452 0
%n2806 0
%n3595 0
%n3290 0
%n4937 0
%n545 0
%n1792 0
%n1823 0
%n3663 0
%n6766 0
%n4307 0
%n7085 0
%n2571 0
%n3327 0
%n7179 0
%n3244 0
%n3036 0
%n1926 0
%n766 0
%n3138 0
%n5533 0
%n789 0
%n6923 0
%n6518 0
%n3984 0
%n324 0
%n1400 0
%n3305 0
%n2150 0
%n2539 0
%n