285
7058 11
95339 61324 96212 69472 50089 20594 71328 35887 21335 56006 46494 %n6625 11
55232 93996 32360 19269 26073 17734 88302 21570 43226 23053 87313 %n1601 11
2259 80645 48626 47752 72289 68074 5305 49244 10974 14533 93123 %n7185 11
8855 41197 98934 84043 96963 12471 43728 51467 60797 90405 22787 %n5528 11
22741 61284 36060 51076 14740 97312 71398 17497 77474 10355 9566 %n1486 9
15070 7950 43612 91626 14772 64754 47566 15707 66912 %n529 10
12186 71568 59848 28264 33942 87627 85157 95243 79687 35337 %n7444 6
1135 51897 7106 14425 4420 80109 %n423 11
11317 82105 29623 24556 41188 16905 71638 10459 84059 83377 8295 %n786 7
52974 57041 5326 42972 52006 66753 68847 %n6583 7
12311 1188 74495 24529 63719 4326 78620 %n139 8
68776 42172 74017 73184 77085 50789 20355 90228 %n5765 7
53028 70003 7134 68563 42138 45678 43655 %n1573 5
69778 28312 20928 23984 64415 %n3955 8
85148 90254 25396 33520 29006 1203 12126 49101 %n3785 7
54566 61285 14579 59402 67895 46429 8975 %n7061 8
23578 1921 5868 98735 82268 49158 37762 42575 %n680 5
89537 22804 19317 50325 97569 %n2262 7
45955 88171 70532 92015 45981 90509 19850 %n7123 6
89772 11825 42295 2247 88430 5600 %n5136 8
90878 69470 10097 85096 61079 82160 52706 44824 %n7682 9
25495 31281 87137 80975 22644 17405 35667 11382 17254 %n5494 7
18572 94757 26805 83022 93380 28050 5044 %n1054 4
6155 40299 7350 52584 %n1248 6
69796 66756 86609 73999 57218 64916 %n8428 6
14372 32593 91233 8229 53703 46688 %n8463 5
97059 96152 45742 53677 15233 %n5686 7
2694 18139 10853 45543 10968 78683 33902 %n7309 8
74783 41630 41403 47623 51550 14006 25469 26718 %n8126 6
64248 13295 72940 80572 47949 80174 %n2717 5
32313 35393 46362 97980 64788 %n2523 5
74827 36044 75965 13163 47176 %n6726 4
21236 57374 98143 39631 %n1211 5
84734 67400 17444 8090 79559 %n6442 4
10512 94440 14677 23734 %n1807 8
92138 39541 55064 62552 70905 9254 17197 55638 %n7071 5
74744 59618 56700 55859 7763 %n6920 6
80226 64505 7214 24721 18075 71663 %n2737 4
73073 16618 57995 27546 %n3888 6
8386 21688 98652 78416 20636 73025 %n1674 4
70671 21955 23460 6967 %n4041 2
93616 25692 %n7643 6
90608 45502 66757 29934 14370 81614 %n491 4
99815 44060 47223 48440 %n3963 2
42198 29696 %n3633 2
43079 29984 %n3832 4
64909 18116 36029 21562 %n2053 3
96510 62364 17005 %n1901 2
66363 4380 %n7612 2
12064 85727 %n3352 3
70860 29892 8278 %n8009 2
71870 87815 %n6058 4
34671 83175 74591 89726 %n1631 1
89107 %n6688 2
87840 25389 %n8465 4
14020 34557 2194 45562 %n391 6
41609 71185 62041 61974 44402 93903 %n2993 6
49541 51866 36493 58213 33634 753 %n1176 1
6715 %n4186 2
41092 29819 %n3834 3
67349 29753 88141 %n6419 0
%n5999 1
36532 %n5490 4
30235 56854 66252 63595 %n8119 1
81147 %n2995 3
66229 47205 98836 %n3882 4
10404 30798 75516 44147 %n7781 1
17167 %n7622 2
31951 21357 %n3043 0
%n2432 3
11852 65626 18601 %n4142 2
18076 7826 %n5733 1
3915 %n8121 1
89211 %n6911 0
%n3258 0
%n8196 3
78004 26834 27344 %n916 3
18893 23900 41347 %n7428 0
%n2880 1
77589 %n5535 1
70340 %n6658 1
81290 %n155 1
4581 %n3781 2
53704 53044 %n4533 2
38189 59791 %n4398 0
%n3848 1
80017 %n1592 2
61425 55835 %n5491 2
27859 41329 %n4147 0
%n5960 1
6522 %n3651 2
28518 95315 %n1698 1
86435 %n4032 1
65782 %n3475 1
59232 %n1302 0
%n8154 0
%n6471 1
27185 %n2447 2
19579 21049 %n7479 1
94898 %n8388 1
5924 %n6620 0
%n6870 0
%n1700 1
29713 %n7119 1
91531 %n4488 0
%n1487 0
%n5012 2
91846 19243 %n2513 1
61840 %n8369 1
65044 %n1403 2
23861 67523 %n6629 2
61758 5450 %n5806 1
49697 %n3764 0
%n7453 0
%n4875 0
%n3023 1
91748 %n4105 0
%n6555 1
75340 %n6519 1
88186 %n226 0
%n8479 0
%n6816 0
%n8432 0
%n6711 0
%n1180 0
%n5943 2
69741 12605 %n2192 0
%n11 0
%n1295 0
%n5102 0
%n62 2
35277 28481 %n8417 0
%n1379 0
%n6210 0
%n3662 0
%n7674 0
%n2642 0
%n4661 0
%n7802 0
%n1103 0
%n1912 0
%n4343 0
%n3193 0
%n4205 0
%n6136 0
%n4116 0
%n3977 2
48064 23174 %n1804 0
%n5846 0
%n2022 0
%n6090 0
%n1941 1
7037 %n2951 0
%n4619 0
%n7217 0
%n5099 0
%n3166 0
%n829 0
%n448 0
%n3177 0
%n7633 0
%n3756 0
%n7924 0
%n1563 1
52287 %n5023 1
96343 %n7675 0
%n5979 0
%n710 0
%n4009 0
%n1438 0
%n1645 0
%n4780 1
14576 %n6052 0
%n1387 0
%n2109 0
%n6976 0
%n2094 0
%n4216 1
61903 %n3527 0
%n8338 0
%n1321 1
98191 %n4974 0
%n6972 0
%n7208 0
%n3310 0
%n4220 0
%n4831 0
%n4149 0
%n3758 0
%n7015 0
%n536 0
%n5152 0
%n6835 0
%n5615 0
%n5161 0
%n7002 0
%n4749 0
%n6454 0
%n2244 0
%n1974 0
%n2685 0
%n3163 0
%n6500 0
%n7034 0
%n7818 0
%n3431 0
%n3355 0
%n7933 0
%n5576 0
%n886 0
%n7992 0
%n7833 0
%n8182 0
%n3681 0
%n4535 0
%n3215 0
%n3085 0
%n1551 0
%n4677 0
%n7959 0
%n33 0
%n3448 0
%n1223 0
%n2277 0
%n4565 1
82307 %n8139 0
%n7635 0
%n77 0
%n5110 0
%n2118 0
%n6963 0
%n8501 0
%n633 0
%n1682 1
82509 %n8339 0
%n4341 0
%n2455 0
%n2101 0
%n4297 0
%n2562 0
%n6845 0
%n4746 0
%n6021 0
%n5549 0
%n4286 0
%n3726 0
%n6003 0
%n3564 0
%n5525 0
%n1231 0
%n6149 0
%n6446 0
%n5487 0
%n5602 0
%n1878 0
%n4226 1
90090 %n6138 0
%n2356 1
59641 %n7518 0
%n6718 0
%n2729 0
%n3918 0
%n2623 0
%n8105 0
%n8219 0
%n7638 0
%n7403 0
%n3975 0
%n4063 0
%n4368 0
%n3917 0
%n942 0
%n5201 0
%n379 0
%n5546 0
%n5623 0
%n3209 0
%n6881 0
%n5639 0
%n3966 0
%n4184 0
%n1362 0
%n1463 0
%n2751 0
%n