85
1544 188
3116 42878 69055 32538 11488 99984 80027 10568 49194 92157 98020 58325 72659 81968 76667 6520 9699 38077 71598 71784 33257 46980 31077 31192 82132 18434 79947 73213 81434 76357 1085 65992 37405 94423 42292 92859 67805 15335 18794 51256 86827 30287 40859 40866 59881 65146 61786 32539 94956 39854 14735 37813 15309 49224 7035 12902 71480 81260 48410 87053 7557 42577 35728 54771 81179 65436 72442 97405 21884 98613 27367 52067 28577 32025 86698 36358 50132 32841 4087 65030 43961 17510 72707 95681 75582 80288 35114 131 16946 63068 27363 34045 38285 71912 25914 45113 38304 61917 35987 95327 74094 25443 4863 34810 20062 43265 37043 49843 85639 8487 95389 59030 46222 62624 90344 48907 40677 65738 72401 28923 75504 38503 13305 53317 58538 16272 326 73127 20181 41441 52354 5727 50337 11389 79287 74706 33002 20718 53735 46024 22584 7591 81733 79984 44390 75466 52375 63606 6293 96695 35137 55192 13804 10231 38457 2194 47611 30026 46661 55622 24243 68729 36024 72420 45849 60804 11814 277 28489 5799 77878 30736 48644 35132 83852 1812 93447 98019 86955 35189 13161 53903 44877 79456 6061 97654 60100 87943 %n3289 134
97620 92568 77982 27238 55120 93016 65085 16093 51832 36730 89658 64037 44216 93526 63294 84320 8989 43659 53031 34506 4819 41300 61837 30002 87147 58930 21610 94477 44925 58783 26463 7995 41809 34792 7418 5469 84495 95116 73153 70155 43594 61121 85607 24567 29427 41426 19115 51037 40313 34361 70374 97399 56475 99026 82669 26865 71693 92405 15874 31648 13237 92888 20487 9624 41329 91908 81160 11965 26629 99956 10480 36964 89445 16461 90584 31229 82034 26954 63600 32846 85721 63096 75036 26395 80893 90748 87725 25532 52886 78715 20823 94841 15855 55395 87107 74365 34230 41226 58119 37668 85239 95251 26610 87327 30691 61940 96805 87900 40480 64684 75163 62647 22169 86649 25337 95766 94153 12643 39415 61531 68769 37081 78502 16343 50141 34734 39666 84236 9803 69724 16970 4962 24277 60843 %n4981 97
37479 9193 75661 45795 96162 9984 86326 35695 31939 7139 23319 35877 15913 17587 45322 95037 41067 93193 47732 81272 10159 39268 23811 24315 54971 52942 68286 68618 29653 27870 91353 14897 68008 66806 63909 34971 22506 28468 87080 20357 77622 65268 27064 551 36942 32314 31550 37461 564 18389 78896 84895 1283 88253 28746 56240 32655 76786 63235 68256 66239 9378 14107 36747 63562 38731 5916 25211 35 33029 67334 76184 75377 22899 91722 76738 56124 8156 77914 98663 26833 99758 41186 8737 76213 86301 88849 87358 65689 83155 92479 40877 18152 50003 99922 49901 17065 %n594 75
25360 56394 49205 6343 56198 84730 58410 5973 37648 57835 21855 64127 38539 12344 58399 427 37899 76803 27439 95105 46649 92862 13154 32772 33276 34748 53710 29037 8287 43146 94481 91910 8806 13292 51369 77978 2440 64224 92067 46035 77876 88591 72557 24886 84605 614 91126 29973 91811 49735 97698 26435 35914 74219 35991 18406 29328 31126 21234 84923 35805 97479 55967 82340 9322 65678 63331 33316 57771 27786 97607 43135 91563 77315 61981 %n722 37
54186 16091 24205 11763 88507 6829 76740 53171 19759 40184 17428 9794 7293 52093 4566 62778 44675 49314 88496 2173 55574 33655 19362 45502 54492 37951 85960 68683 98890 93166 23219 55057 63191 67965 12725 5021 87610 %n4552 29
25014 37974 75625 88082 76618 68377 71599 5004 56332 65043 70412 83916 95330 97616 4936 35171 52347 16695 97029 48715 14530 47250 23150 34558 99198 38850 31877 79656 16017 %n126 16
35797 93827 71568 24856 32699 11970 19530 85888 28558 62938 99995 61323 77676 69999 30582 85490 %n2584 11
95172 22730 50069 98060 30973 65720 88919 19661 89685 2551 69386 %n956 12
32493 59742 41831 15768 3954 68902 17949 60382 35408 36003 42438 31497 %n1427 6
32325 15236 48658 74563 96107 99849 %n2518 7
91051 22070 85951 62579 47132 45591 57958 %n57 4
31305 88156 21535 27010 %n2686 2
90960 67952 %n4369 3
89346 93681 13520 %n1560 2
8595 54384 %n5153 0
%n1281 0
%n4288 1
85666 %n5262 1
90481 %n3909 0
%n154 0
%n5306 0
%n1121 0
%n2252 0
%n2244 0
%n1970 0
%n3931 0
%n3168 0
%n325 0
%n5200 0
%n1416 0
%n577 0
%n517 0
%n3869 0
%n4843 0
%n3954 0
%n4524 0
%n290 0
%n2272 0
%n861 0
%n4001 0
%n2300 0
%n764 0
%n2025 0
%n1834 0
%n4074 0
%n1461 0
%n1755 0
%n2726 0
%n1373 0
%n1596 0
%n536 0
%n798 0
%n188 0
%n2072 0
%n4315 0
%n3290 0
%n1022 0
%n3691 0
%n2973 0
%n2263 0
%n555 0
%n4620 0
%n4939 0
%n4420 0
%n4525 0
%n3622 0
%n504 0
%n4188 0
%n871 0
%n2576 0
%n3775 0
%n4582 0
%n2405 0
%n2799 0
%n1497 0
%n3135 0
%n1575 0
%n3335 0
%n3450 0
%n1131 0
%n4153 0
%n3522 0
%n4028 0
%n882 0
%n