186
5565 106
9565 54646 98253 59012 87678 99799 53319 85885 60886 25619 989 39873 63301 4775 75972 7093 38329 36899 5448 38621 7837 90078 33851 64175 15212 31016 57800 99036 68153 66441 93891 80072 97263 26183 41088 58359 24188 61805 54349 63586 57486 8991 69994 93276 52898 93255 56680 89559 63461 31932 9623 93843 57669 520 9914 13963 63910 80180 26596 98906 71310 32684 20664 63588 58147 30836 81434 25103 94795 30915 23490 67031 36788 22707 17832 56057 80384 40587 48683 71563 20285 79978 81837 72805 48078 59328 32298 64290 13140 78646 58749 25144 45623 94264 89833 41936 75467 43472 97628 51797 91564 37897 98952 89764 26364 68449 %n5387 90
48549 55844 49316 88306 12880 42113 13261 88483 54306 48133 66644 22242 72095 99999 84899 50141 56618 22008 49988 70571 4943 71148 62721 61546 27832 76211 9001 1748 42895 74299 22709 31371 49734 85930 55007 65097 52963 45404 94597 5397 27686 19119 89982 41471 33477 43299 32262 2723 58602 98530 6531 41790 7260 74715 59387 32009 3623 99979 32452 99555 66988 20112 45022 77860 90312 30055 93222 57317 41920 61287 71054 56271 70236 54453 53440 99588 65093 98872 80879 52139 88283 6325 8426 22800 69775 18626 90505 75062 29215 54404 %n6116 86
95658 78860 35341 66503 78590 73285 34825 22018 56962 7519 11191 49377 9434 8502 71066 85865 70533 30435 65046 93827 17835 74463 80789 57414 89115 44741 49040 48583 5023 74949 98500 94557 28968 85782 33995 80441 26906 38692 85078 6062 8628 60809 10641 52086 15575 13207 68813 25007 88050 50105 25531 81720 72352 8746 87198 88763 77644 93678 85294 33371 30292 23984 42183 3236 3428 80443 70137 88820 10290 77062 29438 91123 87386 47166 6514 50193 24947 83909 66521 71293 15963 34550 39546 38617 23812 9998 %n3154 69
65269 47176 33883 40555 9752 15861 15570 97881 28656 64940 9122 82508 7750 67839 10988 63138 52319 15901 92332 68092 65297 38654 29213 26814 19132 96802 61586 91478 75195 73708 655 56859 20535 74666 95084 15277 45347 50010 68369 59891 92209 75185 39296 47264 92781 76956 77277 91241 17086 78454 23820 65253 86825 47511 19607 46961 490 8499 93705 9739 75982 92639 34400 14920 81598 56366 2358 55179 50637 %n4086 55
96953 50280 36194 1370 76861 42651 91017 13390 46722 56090 44578 91647 78869 18053 86092 67082 85678 66562 34619 25804 85477 13982 19065 44854 63944 47437 98455 87573 95926 75316 14158 20911 6479 37457 8952 29339 22215 15612 36804 79848 34521 86751 49350 62346 98630 88785 45183 74778 53637 82305 33676 92534 29870 63308 14546 %n8604 45
13316 44116 57961 94970 12334 76589 65156 43205 87274 4139 63289 30474 34863 28691 97311 30514 40320 16914 82958 23443 50894 80363 363 26802 98205 93983 31314 69886 72960 18996 39478 1777 14071 47478 56879 64867 34835 63829 67851 46987 27911 36286 8282 13133 12025 %n7578 46
56303 38893 59970 31487 16995 4800 11145 87853 30079 92981 92518 65228 6084 93865 78544 27981 41518 77804 84697 10547 17010 87978 33875 24060 22175 35528 60188 32072 39757 34167 52221 9675 14650 48317 18687 26910 59821 67692 42260 87254 48118 46705 87103 13792 42046 10696 %n8602 42
90735 72913 27589 30796 11281 5240 31379 89676 36242 407 39208 99991 14005 85303 77981 50094 55067 14956 71400 29674 24095 88601 685 96893 57922 51984 69421 12824 65001 48288 78252 36545 2575 30037 48098 36683 98964 87825 76539 34471 73546 5447 %n5350 41
35398 41157 70508 56142 47141 73627 81874 54501 69793 60045 9754 60310 63709 94370 97712 15331 42227 6851 96029 1533 13030 4056 6868 46929 56180 9679 31205 71815 11115 15233 53409 49560 636 82073 63651 23011 67699 47661 57273 34503 75500 %n5026 24
74285 30744 81109 46327 43686 50600 46001 24543 82316 37087 22864 94499 81113 60214 24162 76162 63821 24337 373 39104 73824 30376 70280 93365 %n4843 35
63044 34414 67022 55849 26449 63529 86040 69277 9327 71698 21546 78406 88067 14565 14809 41565 64749 3087 39904 58108 80265 5379 72635 31032 84826 65576 67742 7690 28420 38585 4431 18264 4300 74635 52914 %n5155 23
66958 38179 19302 96388 31842 12404 85661 6186 50810 17005 96700 50005 9803 65271 98179 34027 12685 69731 51482 84183 36463 57156 5875 %n226 16
47811 73397 82578 98173 76940 48222 81738 46764 87160 97663 32677 44271 63268 23039 18016 15753 %n5395 22
7 48505 2968 29601 44366 54038 40212 44896 30057 45276 95974 60173 18365 41990 76834 86286 65747 68641 504 44662 14007 34687 %n5385 19
8733 41184 48575 52561 39693 10921 48161 77712 25753 74535 23663 78876 8281 8239 70944 49068 40414 33954 76734 %n3877 19
46452 46177 31096 48387 64234 11259 55228 65684 31897 14794 60700 96671 86454 4179 5500 86495 95435 63274 87229 %n6716 11
96276 23033 81546 75567 78731 39500 99838 29337 43466 17483 26867 %n5806 11
40262 35837 21641 83407 56492 2704 28786 25059 91413 24281 68343 %n7671 12
23631 42723 40042 91533 57518 99521 20437 75376 61875 71435 51343 25189 %n5571 7
66979 24251 80923 66343 65225 8381 83191 %n2529 7
27088 73365 1562 35607 75694 85371 2852 %n8417 3
35997 82377 37239 %n4463 7
18231 87285 23300 72269 32706 17435 33534 %n5531 1
11953 %n3864 4
14490 14276 20732 45552 %n4299 3
75416 267 39139 %n1515 7
93704 27425 72196 82210 40198 6102 2952 %n2511 0
%n8973 1
75537 %n1876 1
94438 %n8210 3
15158 66732 42997 %n6607 0
%n6444 1
97549 %n1155 3
33716 52445 11985 %n1888 0
%n717 0
%n540 1
3865 %n8406 2
44783 62433 %n8553 1
22470 %n3433 1
21649 %n7958 0
%n1581 0
%n3734 0
%n2388 0
%n8813 0
%n8214 1
11577 %n8500 0
%n6689 0
%n9023 2
75646 70011 %n5169 0
%n971 0
%n115 0
%n932 0
%n3868 0
%n975 0
%n9312 0
%n4368 0
%n4737 0
%n5115 0
%n6217 0
%n3588 0
%n4141 0
%n188 0
%n5980 0
%n1071 0
%n5649 0
%n7318 0
%n7542 0
%n8958 0
%n6141 0
%n7865 0
%n624 0
%n5092 0
%n274 0
%n6924 0
%n740 0
%n3946 0
%n7634 0
%n7735 0
%n1182 0
%n1203 0
%n9337 0
%n9070 0
%n5231 0
%n7718 0
%n6690 0
%n5074 0
%n3829 0
%n3295 0
%n5020 0
%n7581 0
%n6551 0
%n8090 0
%n4341 0
%n4387 0
%n9180 0
%n6318 0
%n9104 0
%n4419 0
%n4323 0
%n3320 0
%n1279 0
%n894 0
%n8030 0
%n7984 0
%n8136 0
%n5712 0
%n6147 0
%n1780 0
%n1138 0
%n926 0
%n3727 0
%n1908 0
%n4613 0
%n1578 0
%n2314 0
%n8924 0
%n4506 0
%n1327 0
%n5473 0
%n3820 0
%n2125 0
%n4614 0
%n2565 0
%n5640 0
%n7385 0
%n1471 0
%n2072 0
%n1439 0
%n5774 0
%n6929 0
%n7867 0
%n8903 0
%n4063 0
%n4580 0
%n8843 0
%n2402 0
%n7847 0
%n8739 0
%n1524 0
%n8565 0
%n4356 0
%n7742 0
%n9212 0
%n9192 0
%n2999 0
%n2563 0
%n3515 0
%n6176 0
%n1315 0
%n8093 0
%n8573 0
%n6555 0
%n3119 0
%n670 0
%n9221 0
%n5586 0
%n1884 0
%n3368 0
%n7102 0
%n6143 0
%n3079 0
%n5917 0
%n2474 0
%n1347 0
%n3040 0
%n1751 0
%n6649 0
%n2212 0
%n1538 0
%n6475 0
%n2825 0
%n3278 0
%n6708 0
%n129 0
%n4742 0
%n589 0
%n3031 0
%n4767 0
%n815 0
%n6635 0
%n3822 0
%n8932 0
%n1083 0
%n1246 0
%n8372 0
%n