218
849 132
9251 7484 74653 5980 55626 21425 367 22391 31876 24352 9420 78278 78697 42696 12232 96294 81993 47852 28253 81779 549 34788 47021 60112 92987 43755 23407 83999 96429 16897 30556 57274 70740 92836 53389 47552 31753 80254 4263 97258 67692 73625 98701 98549 32568 1194 25835 94302 19296 30119 94509 54000 54127 25707 15600 6905 56766 52068 66305 11226 47756 37946 89131 99420 71209 69508 20632 90065 11035 560 43611 35008 68471 15461 81096 66942 53 2150 23928 66328 110 80701 73770 28769 6377 6409 5753 82831 3973 33478 17361 29745 12936 56429 34414 38130 79820 42595 43934 1579 56533 21193 44635 9628 23662 6690 58886 78407 8167 53656 62999 44384 910 10497 27203 64311 48527 1544 59667 6707 57529 38768 42483 87562 79826 5800 20680 42059 56116 27531 24164 39305 %n7 106
94861 27022 19834 95402 70033 27525 50564 50087 87861 5968 34502 57328 37016 90243 7497 58914 21714 25704 17253 55304 50413 65046 64708 294 45262 416 53697 29862 79844 26843 36978 87132 82686 47906 71721 98735 50848 2393 47323 12510 22815 90310 1877 9946 2510 11962 54864 49845 36134 8012 74728 91448 86471 77127 69387 35263 71001 73355 3057 61799 75328 73196 55181 68529 17101 90512 58145 68828 67443 21927 5582 70364 68096 69639 41574 50709 30650 11376 42011 82186 3216 60219 6148 87282 95512 92471 86166 11448 87806 13285 27778 70766 16438 89161 40319 71050 71838 24385 41008 93677 6260 75034 19049 32418 242 5838 %n988 75
77796 99432 48230 39156 98933 66946 88424 3076 86463 87095 21574 85093 39038 25543 66391 51100 70307 18977 8918 31365 33030 10952 67832 73432 38576 69041 33736 53330 61598 38189 80696 58520 64229 58541 46494 75985 77390 70692 94884 50720 33031 56031 63890 51084 48241 78154 1152 7013 14735 9133 47399 60743 64391 66338 99695 61834 30806 12831 83456 71779 94 13369 8429 40809 78425 91948 54608 6008 22905 18849 68723 79440 47562 48641 76517 %n319 70
18831 6558 39224 97809 5551 50088 62408 52681 39310 64589 53583 15653 96991 51286 71294 30666 75037 67391 21353 55501 56151 10668 42822 78900 31168 66117 30953 16917 19552 6613 1054 86416 41877 3878 13356 97832 1320 74307 32104 39380 43914 6454 99650 63442 3984 82175 16677 92851 75687 56732 14964 36070 77185 43466 35619 74768 22743 97109 69976 66336 45321 36551 11740 13349 70455 42146 52326 92683 30080 8449 %n1398 57
16228 25599 56945 99788 79920 95934 39308 10691 15071 10942 16746 10464 67679 7579 46431 58292 24956 43932 29956 89506 87145 95283 18991 46478 79670 29316 18656 20104 54187 33908 28024 81323 11135 9332 62115 8566 93678 30265 92348 8134 63057 14800 35684 66105 94377 17053 87232 33833 34681 32249 76333 15821 8409 55081 60552 82715 37639 %n308 51
50464 27883 72154 24282 65191 71185 53137 3462 94745 37908 14791 97851 84663 29551 93023 39718 48700 40537 83842 44069 51117 39393 55952 89687 3784 4220 57404 51919 83950 74888 67871 45726 7573 113 26126 5442 74481 18340 10396 26819 44687 29600 98858 75015 65784 20018 15883 496 21472 60983 34575 %n698 35
69848 54278 19231 71658 48465 50546 35027 60454 25000 45215 87713 69497 87656 69257 19154 72810 4079 98698 30345 15091 78257 28697 97917 2996 5939 7549 84012 50854 60027 36425 71245 53973 28964 35354 58102 %n928 30
43006 95909 52404 22277 92691 11905 15165 75673 96564 82526 89608 20737 88764 86778 87891 54146 61565 21780 53775 47235 62202 66485 4256 92936 34886 48221 25759 39091 46865 76468 %n662 24
57359 88340 32044 50071 97776 38851 70146 40175 42728 58331 87866 89719 14458 96609 34256 73337 40397 4038 22439 43701 94095 19682 91722 1876 %n278 15
88434 15058 53779 16845 45035 54843 19121 73488 99433 46091 37044 23653 94510 68983 17697 %n531 16
51050 6799 42884 91323 37125 67423 57814 45585 10212 83740 51954 82072 2022 70609 59529 54639 %n376 13
90323 5780 38511 71153 93353 9309 29685 20978 65847 31203 51263 72135 62432 %n493 5
93983 91761 66794 84107 72849 %n158 12
62810 73970 31057 37493 68946 77692 48325 54992 24904 26399 11250 83910 %n1336 3
58726 87102 25136 %n456 4
87402 42412 56399 29375 %n671 5
66957 45754 53190 16217 21678 %n22 5
96730 10339 40638 50691 86128 %n313 2
97202 18440 %n1282 5
15973 42289 19573 68198 83068 %n1253 3
59520 62940 92260 %n398 1
18507 %n354 2
81709 42873 %n557 0
%n399 1
81475 %n129 2
3692 42814 %n253 0
%n804 1
17687 %n1385 0
%n1189 1
59661 %n368 0
%n845 0
%n60 0
%n994 0
%n1003 0
%n1391 0
%n178 0
%n697 0
%n591 1
74468 %n538 0
%n568 0
%n132 0
%n907 0
%n1145 0
%n1073 0
%n829 0
%n1256 0
%n371 0
%n1252 0
%n324 0
%n759 0
%n115 0
%n156 0
%n1271 0
%n397 0
%n8 0
%n44 0
%n870 0
%n177 0
%n152 0
%n101 0
%n365 0
%n411 0
%n803 0
%n706 0
%n792 0
%n835 0
%n425 0
%n931 0
%n1285 0
%n230 0
%n1306 0
%n1121 0
%n718 0
%n1224 0
%n1381 0
%n707 0
%n596 0
%n1344 0
%n392 0
%n1334 0
%n79 0
%n696 0
%n429 0
%n551 0
%n114 0
%n472 0
%n641 0
%n486 0
%n610 0
%n790 0
%n785 0
%n1114 0
%n1100 0
%n1328 0
%n186 0
%n288 0
%n71 0
%n355 0
%n871 0
%n125 0
%n789 0
%n39 0
%n529 0
%n889 0
%n535 0
%n856 0
%n923 0
%n235 0
%n217 0
%n546 0
%n242 0
%n666 0
%n1217 0
%n645 0
%n95 0
%n1341 0
%n161 0
%n1284 0
%n1393 0
%n787 0
%n737 0
%n1040 0
%n169 0
%n86 0
%n580 0
%n693 0
%n1327 0
%n821 0
%n519 0
%n85 0
%n781 0
%n1013 0
%n969 0
%n140 0
%n271 0
%n301 0
%n1237 0
%n774 0
%n823 0
%n689 0
%n124 0
%n1324 0
%n1272 0
%n679 0
%n1101 0
%n879 0
%n96 0
%n800 0
%n200 0
%n269 0
%n1288 0
%n694 0
%n375 0
%n292 0
%n834 0
%n1239 0
%n215 0
%n1342 0
%n121 0
%n744 0
%n722 0
%n488 0
%n508 0
%n730 0
%n796 0
%n110 0
%n40 0
%n34 0
%n756 0
%n945 0
%n1157 0
%n323 0
%n688 0
%n656 0
%n953 0
%n1174 0
%n573 0
%n1200 0
%n498 0
%n1034 0
%n780 0
%n1273 0
%n463 0
%n448 0
%n431 0
%n236 0
%n1147 0
%n154 0
%n391 0
%n1211 0
%n126 0
%n549 0
%n915 0
%n513 0
%n813 0
%n1144 0
%n1004 0
%n83 0
%n1124 0
%n1236 0
%n344 0
%n1196 0
%n769 0
%n118 0
%n263 0
%n1214 0
%n1115 0
%n577 0
%n957 0
%n807 0
%n1102 0
%n675 0
%n484 0
%n740 0
%n343 0
%n1311 0
%n1036 0
%n