183
6670 141
15653 6863 33524 49534 94544 17549 2581 29195 3602 83750 71550 13405 81670 26181 78176 54768 13336 52062 51637 37895 69104 47307 17181 23317 86367 91545 95143 86562 82813 39710 17677 29660 51968 96765 93730 16527 76642 77535 90627 94654 48375 69034 33605 74652 68782 95518 43930 26191 54764 51855 89456 58368 60385 96466 81213 63790 87528 13128 55629 23290 7987 44485 99080 41372 31222 81294 39444 54712 19206 41568 97237 61299 54964 56660 88493 24232 71786 19582 38384 93381 35393 21254 40559 52623 98097 17829 31354 45934 66132 68084 73561 4202 66454 54057 16844 16033 44675 11473 81787 1642 80792 51515 65219 79500 79567 90975 94723 61030 60322 64414 38011 74198 13617 77332 54577 49670 86537 91734 94623 6265 60529 26069 5705 51982 61748 70210 36913 74588 47737 13954 79363 27371 16468 70767 26607 47449 38763 76589 11040 80661 35425 %n3805 117
88666 4237 63102 24572 37224 49098 61186 31340 71347 77090 12493 88648 54833 33004 7095 13008 98014 82594 4697 79161 82993 13698 54482 13461 16847 36701 69246 19351 58775 15455 54717 89838 66977 38020 33241 74638 40140 97001 57021 97892 15457 36751 43641 29532 1559 19717 40914 27290 31359 72344 53216 63083 61902 1398 11803 9060 34640 48717 35027 55416 72300 7977 92119 30313 41408 35052 57896 11599 66118 20071 45237 72533 28946 64339 92249 52646 92838 75008 35066 80116 67295 11166 70064 33434 48254 78552 46135 24926 53258 73584 21941 78045 80845 90694 56692 35189 36293 89669 66957 41754 81864 9368 70845 51628 94854 32368 75332 41337 4167 86218 28353 4622 83179 10387 9841 11891 92898 %n5392 98
38815 31724 44236 77946 86532 93717 23461 50520 57477 39364 79818 63414 24019 39799 16014 68870 72649 80916 4546 38321 36600 41285 87693 9271 5558 97698 69927 27131 11197 76797 89888 79617 84549 42657 31296 5601 83235 93038 27539 65111 77583 57944 59448 71741 74598 33874 97123 77889 55876 8585 3668 65582 96570 99666 91493 62451 13326 97761 37073 71259 45012 42603 86932 73513 11400 51812 63654 78983 46442 19447 94664 95717 93164 57414 62715 27607 11794 72010 49746 53233 94086 23465 73899 79155 72629 78062 19319 88535 38095 853 991 32053 21801 41422 51735 50018 53060 59819 %n5363 76
20543 39038 15075 65513 56938 94346 70816 70096 1466 43880 78522 75498 84067 14025 75940 74188 77542 70707 88125 42469 49023 54020 26002 15950 84646 93722 48845 93515 75618 33238 81316 47451 38232 22991 61231 93446 30091 82853 53765 20110 12875 62796 92197 99086 43527 6500 35248 15307 8855 36012 51517 65151 41008 71265 29809 77906 39193 28446 32266 58799 23713 35931 69625 92740 34021 60183 57513 74541 61815 30486 4152 61545 89833 53661 66105 26922 %n1893 58
89062 33972 2277 66764 71383 70833 25322 82965 93881 58838 30669 63960 12614 94993 59841 72183 26509 85001 68041 36565 65712 67494 90448 46712 75623 56447 67567 70637 46628 78874 39894 63240 40082 85160 15399 72676 26414 48556 2551 36458 29738 97321 36653 98153 88500 45398 42896 46809 74884 99322 12793 40479 60238 88028 30232 57185 31358 18545 %n6258 63
98426 65026 24097 35882 17010 73607 56634 4571 19238 45040 27031 68840 43528 1312 37553 83092 81109 47061 93826 15251 25897 47798 81430 64031 33001 7444 43902 8160 88308 57784 55543 57228 59110 16990 1037 77744 89997 67209 24710 82657 19914 47653 78150 82774 33697 15327 96483 13014 1260 99298 18359 62950 57263 52177 92709 23313 4990 90613 84213 191 58651 9544 50148 %n3496 42
97161 60399 2111 77325 53072 21155 74733 5335 53127 57140 78770 12565 63307 29269 98127 90084 38714 42055 17060 30931 37413 30857 55183 1197 52192 45150 28324 11854 74645 65132 65003 6268 33832 31312 22030 30550 82247 9524 8076 98945 59602 65814 %n5511 40
18108 90125 61976 49943 72733 89473 61565 60372 56649 64967 54612 47206 4133 9906 43974 81181 60073 97154 10155 68285 60273 77925 13055 30326 94258 34198 46837 34152 57560 51929 7265 67582 62943 5498 60148 15267 11931 39658 17343 69694 %n2422 35
88444 97921 39748 33267 83063 96949 70987 11027 52879 22950 63598 6052 63393 96862 15363 62770 64934 362 76525 82827 10267 76444 96477 61233 19793 56438 52165 83190 54894 66226 4957 54006 64651 65069 10135 %n6575 25
27639 72962 45510 27939 38894 44530 54596 2084 13815 80417 34675 12040 50187 83056 2886 89840 2785 69720 6454 84276 81634 29848 68047 64664 51828 %n6297 13
32363 74380 87505 99904 70269 68819 65752 32097 86934 96969 10654 85524 19536 %n3592 18
16133 67890 48627 67496 95835 78779 9086 19329 83197 16838 24524 921 58603 86026 87317 67056 62293 54781 %n3527 15
73250 41882 83158 42736 80672 29460 64835 32158 68705 33150 93313 7445 14477 40184 56700 %n2725 11
38782 45060 77922 82860 22040 15430 87930 41625 85241 85450 33235 %n5761 8
76912 65996 52240 97864 26390 70747 78489 48849 %n2693 6
78500 76623 24647 17651 75695 93712 %n2526 6
33790 59445 91918 6688 91395 4414 %n3671 5
9719 69743 84062 67356 19448 %n703 5
57294 62287 93519 76606 37609 %n2094 3
52135 20745 77446 %n2520 2
35067 29159 %n2694 3
43251 34142 53546 %n1413 3
27853 92116 54469 %n2643 4
52283 85417 78504 51705 %n4080 2
82745 55362 %n3695 1
79844 %n749 1
601 %n6959 2
86653 98443 %n4861 0
%n3714 1
91788 %n4297 0
%n338 0
%n4320 0
%n4924 2
28537 70839 %n4292 0
%n4810 0
%n4035 0
%n1062 0
%n3816 0
%n1046 0
%n1119 0
%n6855 0
%n2701 0
%n4587 0
%n6189 0
%n3806 0
%n5907 0
%n4571 0
%n2989 0
%n3880 0
%n670 0
%n6624 0
%n6070 0
%n3516 0
%n1352 0
%n4366 0
%n2040 0
%n6881 0
%n5998 0
%n6990 0
%n3059 0
%n6952 0
%n2115 0
%n2890 0
%n5920 0
%n3551 0
%n3374 0
%n15 0
%n1609 0
%n1589 0
%n2945 0
%n4220 0
%n1187 0
%n5279 0
%n967 0
%n4173 0
%n2964 0
%n5130 0
%n4591 0
%n6546 0
%n5868 0
%n3753 0
%n493 0
%n2441 0
%n2010 0
%n3485 0
%n1376 0
%n4494 0
%n4342 0
%n5408 0
%n6887 0
%n5470 0
%n5485 0
%n2065 0
%n4141 0
%n1928 0
%n1837 0
%n923 0
%n3985 0
%n5180 0
%n2530 0
%n5289 0
%n3958 0
%n1931 0
%n5257 0
%n7038 0
%n545 0
%n6861 0
%n4288 0
%n6263 0
%n6839 0
%n5820 0
%n5663 0
%n1890 0
%n6381 0
%n6238 0
%n6895 0
%n2371 0
%n620 0
%n1572 0
%n5319 0
%n911 0
%n10 0
%n6287 0
%n6239 0
%n5075 0
%n653 0
%n2766 0
%n3904 0
%n6632 0
%n1082 0
%n5120 0
%n6401 0
%n1296 0
%n3977 0
%n5250 0
%n5696 0
%n419 0
%n3669 0
%n6525 0
%n1899 0
%n6744 0
%n6905 0
%n6163 0
%n2599 0
%n5153 0
%n3789 0
%n4151 0
%n136 0
%n1191 0
%n406 0
%n2035 0
%n1189 0
%n81 0
%n100 0
%n6146 0
%n3162 0
%n1219 0
%n2572 0
%n518 0
%n5314 0
%n5019 0
%n3214 0
%n5716 0
%n1009 0
%n1257 0
%n1728 0
%n1206 0
%n319 0
%n3642 0
%n2871 0
%n1724 0
%n2542 0
%n2281 0
%n4010 0
%n401 0
%n343 0
%n5282 0
%n5255 0
%n6695 0
%n19 0
%n4361 0
%n4983 0
%n