106
2167 106
26961 23040 80548 53971 4715 82667 20260 20252 58610 39889 16948 22724 75749 4642 20255 51380 35968 80806 87502 62121 6565 35501 45647 54793 71399 94610 76419 51675 12414 81549 8842 92934 59322 27112 36599 4156 86646 99877 20931 53885 50440 91926 90971 60089 5897 36258 69433 74779 72423 79931 24689 33220 41033 28158 60680 9729 50322 21042 91773 42667 32424 38253 55552 28120 42104 70401 61054 41721 98207 50084 52456 40170 68431 35829 34603 7483 10057 72755 35559 70806 32887 60308 10241 12944 18350 78638 33221 49098 77162 16313 6497 41551 25199 78292 95610 94352 56734 67345 48493 66069 160 90592 85942 20259 96665 55490 %n6060 80
45761 16136 40964 97814 40923 1282 85354 42585 23857 99311 2116 61969 12845 5878 42861 94921 92746 46464 36686 4406 5783 23625 3136 24508 54507 50145 38443 23531 90519 28909 91267 57895 25656 71505 86883 50169 34004 79419 59 87570 38588 89874 78226 15937 37357 79118 20146 71782 22977 46650 42297 8043 66728 93445 43241 67028 3569 17844 73734 64823 2838 24339 69873 36470 1748 41992 33109 88814 78771 36343 99186 40302 71603 58539 13902 18637 30106 13819 50200 96017 %n6572 68
1923 80932 11154 54575 71913 98349 5190 30403 58675 34017 76791 97079 6222 34797 53651 82936 79661 40719 43549 54816 91470 43052 6675 22978 53201 49889 71670 66217 96462 82695 81190 5849 40857 81790 83237 46000 70296 9783 243 45719 93517 27447 26097 11281 73454 15341 76377 96390 97230 1324 91759 21565 43485 2688 91878 71437 8726 11677 97233 77921 48078 6215 73665 90332 8201 63019 43953 91946 %n6099 66
73218 3941 44509 68746 51805 36351 24908 45771 19426 97112 27559 47683 96824 92756 16137 43104 51638 72776 80744 32917 61806 67848 76349 43603 75359 14849 55194 53918 12078 9651 35485 59128 71747 10620 79976 98347 5165 51788 76642 92870 84522 14396 31345 73694 34839 63817 99485 34224 44207 32076 85000 85002 1635 65290 17986 21515 95454 47837 1472 54675 78466 5943 84766 15629 97278 30917 %n7813 48
47726 62746 99747 52774 21906 85849 64671 20350 33363 29327 46677 26664 80557 6987 88859 85353 94683 96002 65370 13364 26332 95358 38065 68545 1196 73972 48750 61464 75874 52434 95842 1871 8550 65262 38604 60515 5863 73554 84924 64647 12089 86439 58717 8578 95228 27906 97634 78797 %n74 44
92041 37378 41503 8812 17886 99450 96660 69101 94539 93016 72795 2376 15678 63726 17767 35403 9821 43329 71137 8781 20744 64490 18838 6361 71096 55147 75825 84051 83965 94305 64797 93165 57742 46010 4468 8376 30321 8189 6110 277 52223 91245 26840 43597 %n5992 30
16504 41034 94053 35159 68186 18472 72713 72648 16660 17654 48233 63923 59019 4614 76294 14608 77116 69594 85624 1589 55160 40685 8146 24867 91869 65751 2510 44159 20212 55064 %n8528 28
18894 18084 42963 15228 1094 77938 4602 24983 94172 62346 61514 60445 80857 56126 6443 90051 36355 53786 74959 30900 98493 58918 88834 95912 54450 86391 42773 41064 %n7762 20
503 94024 55936 74776 33653 68114 98653 29481 56759 11068 11685 2250 34582 5708 65014 7844 53386 27144 1807 94824 %n8988 14
60764 97640 87189 54489 26374 86097 31753 59612 18952 45325 87793 99274 34954 397 %n5919 17
18162 68913 90497 55014 64675 85451 10155 88435 81387 42473 15568 21591 33259 87897 10707 13348 55168 %n5192 14
27743 17469 77100 12378 45419 44855 93519 42847 81169 51604 10677 89065 80933 81872 %n3997 9
92373 61328 43437 7497 70993 68508 21909 56069 45362 %n3610 8
29482 9502 29169 15464 25953 26948 96149 55405 %n6091 8
61937 73590 26421 14053 62329 75385 80654 39171 %n5686 4
72585 31232 98082 50009 %n3729 6
39073 11323 71405 5461 13318 3870 %n1308 3
57099 274 81090 %n6756 6
59777 698 1096 62282 35757 67852 %n1727 2
42944 25533 %n6211 3
57093 13735 88339 %n9009 2
39859 55806 %n6606 3
70516 68235 50086 %n5485 0
%n6981 2
96335 34123 %n8210 1
28338 %n7335 0
%n6888 1
75577 %n8199 0
%n281 1
69476 %n9011 0
%n7758 0
%n8132 0
%n7965 0
%n4727 0
%n1611 0
%n3395 0
%n2993 0
%n2794 0
%n4849 0
%n8656 0
%n2336 0
%n7736 0
%n4747 0
%n3856 0
%n9416 0
%n5299 0
%n7520 0
%n8839 0
%n3549 0
%n2507 0
%n5829 0
%n5762 0
%n5606 0
%n2783 0
%n2891 0
%n5477 0
%n7348 0
%n3055 0
%n4348 0
%n6216 0
%n3175 0
%n736 0
%n8989 0
%n8672 0
%n1107 0
%n1901 0
%n6543 0
%n3459 0
%n8597 0
%n7172 0
%n5237 0
%n1097 0
%n9117 0
%n1635 0
%n267 0
%n8206 0
%n7873 0
%n627 0
%n9168 0
%n942 0
%n4310 0
%n9104 0
%n5378 0
%n2400 0
%n630 0
%n2153 0
%n8567 0
%n7908 0
%n4194 0
%n4568 0
%n269 0
%n8169 0
%n4329 0
%n352 0
%n6717 0
%n6782 0
%n3290 0
%n5525 0
%n6807 0
%n445 0
%n8766 0
%n7660 0
%n7091 0
%n567 0
%n1022 0
%n