300
20450 13
5473 31315 91743 81217 78278 48539 62053 29481 41572 63226 74639 41166 72696 %n17537 13
64620 56929 52112 58813 55534 44430 6189 11174 5110 74104 50900 48770 70473 %n18863 13
55917 64356 56216 66633 72859 27184 3893 73580 39352 43192 9371 59653 83915 %n6907 12
19450 28521 425 38363 23620 76517 69441 19750 4012 68988 35737 73610 %n19185 12
62868 28856 9536 45134 32734 39267 8915 179 59495 76676 33882 10226 %n3993 13
38246 88561 84634 37015 3666 1413 53315 12329 61520 82150 95724 13392 81811 %n2096 11
3013 94479 84651 47915 79180 7607 14259 60348 73902 20805 43920 %n15846 9
79207 39953 31862 8507 87004 64439 26774 68568 51485 %n10295 12
43937 80404 20035 87230 69157 21280 51896 43179 48296 59827 38638 20857 %n8248 13
88395 68347 94168 39035 56360 70378 15017 75784 14263 70463 31354 74171 58891 %n10931 9
11578 35721 50247 29980 9279 29930 69303 52642 67486 %n225 11
49086 90374 63874 79198 48757 82318 83347 5112 32064 44878 38832 %n682 10
58835 27967 22431 4090 92542 55683 34641 993 70130 55461 %n12883 8
70244 53117 30742 41183 11007 1902 91146 25373 %n17112 12
67288 74099 70467 85318 31608 36770 58223 31957 71763 45267 54029 13360 %n13718 10
46003 49814 55095 49522 2978 68784 22819 73396 57275 86394 %n19583 9
46117 67221 41080 45817 43752 92023 34952 53276 31104 %n18950 5
10734 67824 52328 24185 16893 %n7338 6
21275 26889 12738 80605 78657 37418 %n17827 10
10629 31502 34756 57964 53591 84497 17992 88858 15862 95076 %n12017 6
30662 39662 80197 94536 49652 85671 %n11858 8
83363 45853 71166 2842 56993 42572 29402 20903 %n21667 10
62716 87693 2384 31196 44389 30003 59748 20443 45822 13813 %n19256 7
79663 51016 1784 28599 45090 56623 5450 %n9496 7
77936 61571 70523 33358 60702 72476 8734 %n8725 5
78152 26301 90437 14940 38097 %n607 3
74492 6456 13207 %n4367 5
23336 81107 95871 46205 40225 %n2891 6
66282 5673 34831 79007 86775 83127 %n537 6
23617 70758 37518 94633 79690 61950 %n9516 7
77347 8236 21341 13137 7090 10051 12162 %n5951 4
69801 26751 70991 82310 %n6209 7
73898 1047 71381 65648 11470 42929 31278 %n12350 5
22154 16031 55505 11995 40972 %n14051 1
30136 %n18040 3
56939 42297 46315 %n10549 3
94470 85047 43273 %n9544 5
45329 5133 60998 5367 68862 %n14253 3
38806 58944 54036 %n4686 2
58056 74628 %n7089 5
83904 11991 59867 64780 43338 %n6609 2
24302 61457 %n21499 2
77559 42194 %n20908 2
47298 55559 %n20713 4
3530 62071 43813 36302 %n5740 2
51815 78161 %n15056 6
91861 24891 40150 96427 29343 81462 %n16535 1
54969 %n21323 4
88527 78318 56709 16524 %n17304 6
46371 94656 33429 34814 22077 2199 %n8629 3
87327 85338 89635 %n13712 2
2394 29224 %n7972 6
3752 34550 66077 49074 42055 84989 %n4108 2
49878 11816 %n5412 0
%n13894 4
37397 26584 4758 588 %n3246 3
61315 46999 21668 %n18914 3
58427 32975 22856 %n12937 4
49102 56908 87017 20020 %n9892 3
54894 61158 57684 %n5864 2
66304 8418 %n10372 4
90173 7422 40617 1892 %n7465 1
64999 %n8224 1
39175 %n12110 3
68040 60087 55610 %n3031 4
75618 7975 80470 33691 %n20359 2
9464 37618 %n20071 2
26887 46387 %n1157 3
15127 49070 13530 %n10497 2
29471 47494 %n8451 5
50139 15117 14478 71105 5439 %n1086 1
43169 %n13872 0
%n9680 2
39710 7448 %n12843 2
24687 90263 %n13140 2
41135 94345 %n20077 6
91232 19443 1417 3946 71228 59010 %n19538 2
51289 57915 %n3411 2
70626 43869 %n2538 0
%n14424 2
26414 14197 %n14375 1
85726 %n6007 2
33733 32438 %n1475 1
75562 %n7107 3
57375 91223 26945 %n10343 2
30018 94310 %n20371 1
44690 %n9137 1
34595 %n3661 1
44263 %n20797 0
%n15157 1
81248 %n11111 1
68436 %n6709 1
86656 %n11767 0
%n17726 1
67711 %n9365 1
77344 %n14758 1
6435 %n11096 0
%n12661 2
38111 26873 %n2549 1
15935 %n6257 1
87120 %n7793 0
%n7084 1
72783 %n9008 1
70503 %n18719 1
93772 %n3726 0
%n14600 1
62849 %n17874 1
47972 %n11677 2
88522 86526 %n18115 1
88900 %n7567 0
%n11854 1
44210 %n14003 2
42333 34586 %n2646 1
123 %n21339 0
%n10146 1
17861 %n19715 0
%n3704 0
%n10896 0
%n19735 1
90989 %n3790 0
%n14052 0
%n9310 1
88173 %n2250 1
31852 %n9655 1
36053 %n6970 0
%n13382 2
47185 30711 %n8187 1
31169 %n20198 1
40484 %n298 0
%n10169 0
%n17599 0
%n3124 0
%n7313 2
23258 2819 %n4958 0
%n13781 0
%n19319 0
%n16608 0
%n1703 0
%n5659 0
%n11466 2
51268 21498 %n9291 0
%n11902 1
69997 %n7600 0
%n240 0
%n2368 0
%n19705 0
%n2181 0
%n15736 0
%n2002 0
%n2200 1
13378 %n13571 1
13370 %n14741 0
%n9943 0
%n8200 0
%n5287 0
%n9171 0
%n14570 0
%n2611 0
%n13451 0
%n21308 0
%n7480 0
%n6030 1
9591 %n981 1
4925 %n19646 0
%n12699 1
40693 %n18248 0
%n5651 0
%n971 0
%n20276 0
%n21261 0
%n2716 0
%n16498 0
%n1267 1
95421 %n326 0
%n4981 0
%n6890 0
%n4123 0
%n17948 0
%n9111 0
%n9399 0
%n4534 1
63292 %n12392 0
%n17178 0
%n7939 0
%n17799 0
%n3980 0
%n8023 0
%n15164 0
%n1716 0
%n15652 0
%n12182 0
%n9610 1
25022 %n4471 0
%n5030 0
%n12956 0
%n13077 0
%n5148 0
%n1383 0
%n9053 0
%n15993 0
%n409 0
%n495 1
64282 %n6480 0
%n5789 0
%n1936 0
%n1098 0
%n21401 0
%n14858 0
%n18388 0
%n17955 0
%n2681 1
72920 %n8289 0
%n18099 0
%n2835 0
%n20223 0
%n20986 0
%n13943 0
%n17214 0
%n7683 0
%n11819 0
%n13294 0
%n13608 0
%n474 0
%n2645 0
%n10602 0
%n20930 0
%n14882 0
%n796 0
%n2617 0
%n6766 0
%n11890 0
%n8639 0
%n12323 0
%n11325 0
%n9103 0
%n3442 0
%n769 0
%n9271 0
%n13393 0
%n5052 0
%n9933 0
%n718 0
%n11834 0
%n21245 0
%n2712 0
%n17249 0
%n1559 0
%n1069 0
%n22054 0
%n13859 0
%n12422 0
%n18139 0
%n11166 0
%n18965 0
%n21914 0
%n17225 0
%n11651 0
%n17480 0
%n17712 0
%n15488 0
%n9897 0
%n11313 0
%n6536 0
%n7495 0
%n20899 0
%n15206 0
%n3655 0
%n704 0
%n11387 0
%n5596 0
%n3309 0
%n21621 0
%n6328 0
%n5394 0
%n16441 0
%n8791 0
%n18511 0
%n2784 0
%n2561 0
%n20760 0
%n5517 0
%n21724 0
%n2970 0
%n13873 0
%n7794 0
%n11569 0
%n11326 0
%n2877 0
%n9394 0
%n9815 0
%n9823 0
%n18064 0
%n2478 0
%n10684 0
%n3514 0
%n8525 0
%n16191 0
%n19218 0
%n14539 0
%n