138
5517 16
33898 75996 61084 12318 90524 68602 86928 75562 77170 89327 52375 14613 72985 15465 66558 33097 %n172 16
93275 73247 46883 99447 67836 94636 18615 79095 58945 44415 47761 9625 82897 94029 92556 26629 %n3905 14
19193 47423 1908 4702 72299 28631 31490 95973 47036 79261 72642 36919 26169 12543 %n1668 14
59334 59008 56024 56710 94076 77373 11423 26429 52987 41468 53772 76308 2934 64299 %n4997 14
71721 80200 15984 12037 46019 4970 33508 90198 86910 1355 91034 20093 3693 53817 %n5548 10
26780 41565 62876 55236 10687 24711 60201 65980 37000 55276 %n1916 15
38719 76749 45982 95890 54615 94426 27380 37773 93711 56684 50491 97360 27275 6769 76296 %n2592 13
41887 85719 39199 26546 5954 3645 58991 13657 46811 6304 49856 60808 61078 %n2404 10
23002 74619 32227 91001 42914 96741 2529 88376 86334 2973 %n110 13
20058 28526 34705 649 72974 19792 77847 65638 2502 8584 58793 49742 36682 %n4640 11
85774 57669 31347 65448 5250 98884 36773 45231 6006 66884 68768 %n1895 9
11657 28660 48959 42389 34921 27087 33401 59460 87007 %n2612 11
15862 36224 82987 26549 99180 99786 57539 37045 82148 44846 77019 %n1955 9
89887 39597 26009 67467 29557 13948 66740 85702 10524 %n4147 8
56523 25712 70449 78272 80622 49975 70292 11417 %n2360 9
42684 53102 68471 90776 85707 94566 46271 70738 78254 %n532 6
1241 10729 17906 88547 673 90703 %n2728 6
78163 69935 10129 31847 47438 3412 %n365 4
83147 92792 72563 97632 %n5766 6
75177 32929 1619 97750 85615 25426 %n2988 8
58339 91653 24188 11521 39349 31676 35869 23307 %n1555 7
50393 87137 51557 29235 47101 49162 71310 %n4389 7
10496 99605 58244 47899 74706 61424 95628 %n2771 6
38876 36795 64356 79268 55247 140 %n1229 5
67621 45897 71604 69916 94235 %n5188 2
49577 51168 %n1223 4
88213 84248 90248 40510 %n1511 2
63094 24647 %n2819 8
27177 6123 99593 89431 49387 99481 71413 51698 %n5710 2
57128 35093 %n1631 9
73284 31464 54430 94034 97027 49072 63179 87790 72368 %n5427 3
38137 42642 54848 %n3479 5
7504 38710 11059 75312 54653 %n149 5
56667 63337 79710 40693 92680 %n1576 3
77871 11462 24909 %n3563 4
76878 18298 72386 45420 %n779 5
42037 4929 60799 30922 69527 %n3293 1
43042 %n714 5
73191 85595 57738 20076 32068 %n2550 3
18241 16100 36957 %n1931 1
54318 %n2947 1
72819 %n5713 3
67449 36034 36363 %n749 2
9418 15481 %n3522 3
34836 12971 26283 %n1400 3
49084 75749 73493 %n947 1
44363 %n4759 3
20782 3614 52779 %n1116 5
11878 75281 3659 64401 24465 %n244 3
17834 42466 42173 %n3611 2
32168 73568 %n270 2
67958 55048 %n5218 1
73350 %n2279 1
51534 %n3788 1
57541 %n5421 1
41904 %n4005 1
42340 %n5479 1
48568 %n3221 2
91098 82082 %n4913 1
20514 %n3063 0
%n4433 1
89309 %n306 0
%n2347 1
82049 %n3702 0
%n3893 0
%n236 1
6427 %n902 1
20383 %n5829 0
%n1369 1
14440 %n5784 1
75032 %n2769 1
64069 %n1482 0
%n341 1
52984 %n774 3
78492 95760 91831 %n1416 1
3342 %n2741 0
%n570 0
%n5552 0
%n1574 1
32446 %n5128 1
20647 %n5343 0
%n3736 0
%n1436 1
8898 %n1073 1
37307 %n4443 1
23100 %n3059 1
16673 %n2543 1
74136 %n3981 1
82426 %n1360 0
%n558 0
%n4366 0
%n2459 1
32925 %n1636 0
%n1549 2
89726 26492 %n3398 1
99732 %n4182 0
%n2686 0
%n5849 0
%n1624 1
96214 %n5379 0
%n1163 0
%n1432 0
%n4353 0
%n5280 0
%n555 0
%n1024 0
%n2173 0
%n5264 0
%n4672 0
%n5824 0
%n2251 0
%n5121 0
%n2524 0
%n4819 0
%n360 0
%n3433 0
%n2526 0
%n5291 0
%n4514 0
%n4648 0
%n3607 0
%n3387 1
20150 %n4027 0
%n944 0
%n2201 0
%n2272 0
%n3856 0
%n2971 0
%n3804 0
%n2088 0
%n1518 0
%n2732 0
%n1291 0
%n978 0
%n3621 0
%n3965 0
%n871 0
%n