250
6905 94
14806 45187 96223 68791 52343 42791 40162 72769 93111 77208 36697 25859 16497 58472 59814 90494 98461 44038 3538 81191 73197 2060 66055 93905 37924 84053 87008 8356 26045 50746 47555 7142 54648 6692 53424 67872 91550 87526 11880 58425 9388 93166 13969 43171 57905 73890 81129 96972 15852 57204 16034 39917 79317 56999 32301 3494 90511 12022 35907 4921 23257 85693 93639 60648 73632 68419 1948 25389 97762 69580 11938 15024 78461 16315 56558 74756 88344 93099 61636 48904 80379 58679 18307 63210 81767 86773 76643 10122 14470 15153 64789 66805 78045 95611 %n1419 87
76540 86525 49707 16595 1323 30831 27737 63468 52498 74693 70991 3533 18418 25601 27504 14426 35675 48217 45010 49325 93323 94644 64273 3905 10890 70114 52749 22893 30038 73666 42029 76368 51225 34373 88464 95430 69470 40867 32067 16244 66411 76360 81149 23097 27240 71162 8999 36536 50314 10021 99143 69582 51866 82403 2260 99695 54994 17930 20416 83430 91253 56647 70712 31959 67275 49945 13405 28326 62664 69809 17608 39926 58953 39290 87867 81582 58821 98525 80889 49586 46754 74417 74349 89411 28603 1185 78358 %n184 76
95425 10316 93280 26491 64148 83723 27919 70469 89567 11089 58245 83683 35848 35382 24032 81025 2450 40238 78709 30635 4077 41663 41319 96937 87870 39351 91030 32974 75984 49633 13975 71534 61466 31452 69289 99348 80482 94197 38687 35708 76251 84687 4504 14254 66247 81677 63206 67236 45262 21607 89099 53725 90572 63384 37735 13656 58041 58584 23467 21757 16280 14064 86029 28809 29863 196 89721 58485 20181 10613 7338 32742 81793 67436 95054 19545 %n5847 62
83439 98500 60471 65003 70720 1456 13811 20421 97052 9694 3821 11458 10050 73437 67172 78470 2623 85423 66027 12680 63381 10106 41751 90788 99545 53673 57688 50090 27780 67387 2953 77058 17454 85790 67529 24414 32594 47717 1606 24031 13386 34397 70839 92459 73954 85014 56287 57344 20336 39874 6188 87911 26401 84459 774 39065 65591 89507 84014 55799 84942 69253 %n1217 54
47486 52834 5558 95763 45309 69556 93940 93251 41600 9967 717 53731 80763 44664 14023 78778 15829 11783 82394 1232 29337 67310 59772 19384 95895 78367 97873 19936 72785 94364 54720 69304 7923 98363 52222 95559 89446 18278 18839 92703 90956 66938 70086 60583 54464 41292 4082 50401 89016 12096 89961 35520 94609 53479 %n5927 52
39074 97375 97190 99247 36150 6667 6337 23060 20920 86351 32325 17939 96503 95548 3457 77024 21086 30592 91386 4351 98981 26896 31775 34533 78019 12413 3941 15028 59962 88380 19052 11303 4713 53318 15192 6870 57708 30240 3836 33028 95477 14645 46489 36460 52436 50952 34774 85587 1688 22667 31500 9889 %n7358 44
41588 73565 86082 65276 14727 27621 17363 12114 72965 1877 55922 96941 83432 539 36302 8502 72147 17613 60626 14710 52165 45933 17100 41702 53574 13225 50856 75205 9486 70503 44613 71026 76105 1427 646 22217 76008 77973 32905 58830 64902 82871 20855 80346 %n9056 42
51044 64397 55899 17294 68493 43248 49250 99698 51366 92449 15803 79194 76268 37897 24969 36801 46911 50711 54344 67781 37128 90239 67011 54765 29343 19682 10618 41905 51925 93198 25328 8236 28077 14212 91027 22378 91202 7199 40627 63487 19082 80040 %n4913 29
57000 33742 35124 25052 14648 78764 69843 71045 96439 22240 90760 21583 36946 87690 26462 37799 88028 84049 66545 71031 22161 20670 1826 75578 22337 49005 87209 36569 42002 %n5961 22
59083 65537 89281 63913 50065 61893 41471 82187 19795 7742 55500 8549 43800 51388 40424 51996 12054 9849 99852 17778 5386 11382 %n42 27
7374 58101 9131 47173 97122 43960 34804 30718 5988 66017 81460 36896 42122 19983 24122 96387 66934 15671 72771 66731 19686 55337 83722 2809 55744 47102 87562 %n7655 29
67822 90221 12352 37579 17666 75889 11634 99985 68607 84675 16333 62487 37757 1951 85992 975 36633 57164 34047 47492 70154 2838 69140 7643 34667 91195 3255 13695 56337 %n8642 21
64210 91887 66171 76766 81498 25962 40944 5496 50087 54261 41598 63255 71215 414 89291 89517 86801 84358 84046 27660 4453 %n9030 16
16157 5871 33238 47456 64683 50704 15039 2210 73444 64587 12990 25552 62505 92598 78859 46327 %n3123 19
21074 94775 31495 49989 83154 33630 40906 69702 3842 74574 4606 65423 72097 4155 96336 84411 78059 75242 67454 %n2929 13
27969 70167 62098 44452 60690 39269 79924 14343 99098 61446 7650 45763 19333 %n2000 18
30584 62796 91802 16893 67323 37767 27267 14847 72333 19050 59234 1670 46389 53128 40954 48019 25811 42719 %n1578 11
64378 25139 39878 96570 46340 42008 19312 45252 72071 56405 95602 %n1720 8
14787 79353 80595 82873 38430 95349 51028 46537 %n2644 9
18755 15936 63863 30471 2254 41565 74205 49995 9811 %n5065 5
27281 9569 21330 10694 85055 %n93 8
88824 4439 79699 8569 99775 85017 87142 99916 %n1956 9
78219 64690 97628 26210 84360 15602 68571 30896 49691 %n8087 4
50326 88074 78949 81472 %n6998 2
13243 89075 %n8498 1
93546 %n8935 4
5148 97829 11526 72119 %n1289 3
13755 33619 26109 %n7888 5
79965 9139 29080 65767 66198 %n7043 2
58575 31733 %n3641 1
32233 %n3563 0
%n764 2
27492 59894 %n6666 0
%n5157 2
96242 89340 %n2659 3
81970 61779 2220 %n2623 0
%n7911 2
21802 11582 %n2661 0
%n7646 2
66922 63935 %n757 0
%n5435 0
%n190 0
%n4348 0
%n2744 0
%n6207 0
%n7842 1
77893 %n7370 0
%n953 0
%n3735 0
%n2989 0
%n4693 0
%n6083 0
%n1596 1
69229 %n4879 0
%n5646 0
%n2853 0
%n8764 0
%n2639 0
%n1104 0
%n798 0
%n1033 0
%n3746 0
%n1135 0
%n2370 0
%n7833 0
%n5910 0
%n876 1
54110 %n9365 0
%n954 0
%n4306 0
%n8285 0
%n3535 0
%n7394 0
%n4637 0
%n3246 0
%n3366 0
%n7532 0
%n1539 0
%n8949 0
%n656 0
%n3626 0
%n3122 0
%n9606 0
%n5739 0
%n96 0
%n9794 0
%n9581 0
%n1504 0
%n714 0
%n3953 0
%n1821 0
%n5244 0
%n4537 0
%n4699 0
%n8957 0
%n6217 0
%n4230 0
%n332 0
%n4769 0
%n3001 0
%n5593 0
%n4604 0
%n6625 0
%n5538 0
%n7145 0
%n4203 0
%n9342 0
%n8375 0
%n5686 0
%n2047 0
%n7146 0
%n2765 0
%n9545 0
%n6227 0
%n7313 0
%n5746 0
%n5870 0
%n8762 0
%n6827 0
%n4756 0
%n4680 0
%n4292 0
%n1706 0
%n7349 0
%n4734 0
%n3640 0
%n5886 0
%n4148 0
%n9625 0
%n9791 0
%n1750 0
%n8627 0
%n1691 0
%n2822 0
%n4035 0
%n1491 0
%n3328 0
%n4075 0
%n1837 0
%n3042 0
%n5179 0
%n687 0
%n8000 0
%n1954 0
%n9047 0
%n552 0
%n2075 0
%n1994 0
%n995 0
%n7191 0
%n3693 0
%n6326 0
%n8988 0
%n7615 0
%n2403 0
%n7631 0
%n5607 0
%n4679 0
%n460 0
%n8346 0
%n5784 0
%n7035 0
%n3148 0
%n3634 0
%n9022 0
%n9207 0
%n6728 0
%n1899 0
%n7596 0
%n8204 0
%n3036 0
%n6993 0
%n1982 0
%n8670 0
%n7445 0
%n149 0
%n6098 0
%n9161 0
%n1387 0
%n8712 0
%n829 0
%n8319 0
%n9273 0
%n3201 0
%n3218 0
%n6211 0
%n7018 0
%n8061 0
%n2577 0
%n9017 0
%n1659 0
%n9156 0
%n8362 0
%n4620 0
%n4973 0
%n7956 0
%n2069 0
%n5615 0
%n6236 0
%n6896 0
%n5290 0
%n4147 0
%n4460 0
%n2617 0
%n7345 0
%n290 0
%n4251 0
%n3767 0
%n2946 0
%n352 0
%n2951 0
%n602 0
%n8059 0
%n4353 0
%n7373 0
%n1839 0
%n959 0
%n8646 0
%n5500 0
%n9130 0
%n2660 0
%n9555 0
%n2653 0
%n8463 0
%n8220 0
%n4876 0
%n3890 0
%n6265 0
%n705 0
%n3495 0
%n9032 0
%n6698 0
%n4638 0
%n8960 0
%n8609 0
%n4998 0
%n5826 0
%n4156 0
%n2649 0
%n107 0
%n904 0
%n3483 0
%n3192 0
%n6536 0
%n8185 0
%n3658 0
%n7240 0
%n5662 0
%n1253 0
%n