129
3875 187
38022 79498 20402 50353 17721 55242 52464 93725 31197 41619 96978 7323 702 21095 43022 1178 31402 81871 75157 24463 17631 81110 11455 9744 82355 20257 64752 18087 35255 76264 25761 35529 81079 22757 43564 95185 95190 81223 97080 1336 80902 82405 76828 42278 15436 37795 17502 78811 75942 93362 34692 69623 73229 13899 3655 24864 72355 5858 52710 63343 27200 83268 94285 44092 88626 16347 16931 3343 48842 95525 89981 40614 57404 68800 70112 32048 61079 62154 64314 6119 53563 7769 27347 46649 34668 28460 13939 22478 81122 74922 77997 37634 18652 44312 46794 24672 52876 80696 42600 97342 91961 18024 12765 493 85978 31785 69920 77116 7763 10398 52888 94936 14477 58243 2920 86180 6549 67681 2384 32392 71813 52948 45221 55173 73955 12459 34880 87089 10916 68214 68337 82318 18444 91557 75941 5785 66321 39737 23948 83692 66402 17576 3924 87030 36132 45071 56645 1220 20742 52614 26345 39952 60784 57826 69947 58035 76208 92790 96509 56585 69147 84079 71799 52355 87547 68373 49921 56178 91702 50356 26168 73280 98095 60967 36010 21738 73876 84752 58006 76073 61016 28528 71250 60740 8818 98112 82042 %n5107 137
5744 19830 8380 92817 62501 54632 26117 48026 1810 9048 37461 72455 36615 82964 20269 93610 49409 96602 36408 37943 35265 51285 23038 38124 64495 76911 47361 92725 88094 71672 22638 74845 66007 56997 45030 70622 80141 47431 79756 48097 98535 8578 59948 5986 45366 46975 27124 10464 61732 23554 99120 6704 11628 77090 30795 72459 62514 59771 19415 56191 59716 32808 9081 37902 3515 17861 41852 36094 35696 74407 77083 38814 29852 39189 29572 36857 58360 23868 31082 22564 28057 91127 78518 3383 3635 89487 80906 69714 64669 54883 46168 30040 86216 98419 83564 44694 4683 26826 18158 93100 25346 26768 8019 48199 56210 63048 15386 3692 39081 20271 75134 62899 84261 33741 12016 6712 68509 93272 36831 44689 71449 4900 4762 63618 67415 22987 98947 27490 70631 94002 47305 48957 68563 53132 9644 17565 76406 %n2559 94
59034 33664 34968 16671 86394 97563 3568 98420 54678 88844 65740 99458 48720 71905 96799 774 55919 87845 23443 54056 60688 89317 54802 2125 43714 61473 89428 84649 92699 52910 84186 35981 19689 92062 85760 41061 19663 88839 75965 59159 63683 52864 78308 67900 18434 72606 22039 66050 42721 7234 54261 75793 5166 5090 42178 14175 89894 12885 79510 31208 32237 2503 34458 79423 79159 58434 33964 82214 51882 41588 12192 7270 7848 55309 52834 97494 13341 33806 93281 96952 70973 27247 31906 46513 14579 96144 94276 3465 16160 43490 85962 34273 53670 32747 %n4885 72
69644 77812 51582 53845 87258 69556 31771 95134 21311 79604 64482 89131 89774 22458 19725 96151 65569 60847 19559 13575 94790 76294 82860 23312 12640 34871 3316 70504 60598 6183 29645 78835 63038 20177 17405 63894 37758 36438 97825 96479 58584 10687 70486 52113 27356 10762 54273 91040 86108 7359 50208 87024 57059 63494 4976 81295 9041 98472 25833 42408 43180 45758 71043 28309 71124 49981 31566 94078 51084 13567 29419 70439 %n1625 51
2241 8351 12010 57626 16999 38221 50285 41133 8903 17436 11560 37763 54569 51906 24683 99481 4734 309 9892 10896 85601 19105 70932 87627 24508 20814 68799 20207 37527 59178 3019 22592 57102 72109 92824 39831 3434 2431 76234 35652 71482 77352 79132 32430 6343 12879 86903 48846 96283 7980 5411 %n1043 33
30161 83928 20625 22178 62782 36485 62595 62717 93351 27362 98452 71864 49238 60262 25247 78126 66477 22106 77409 47677 82838 85291 30212 46674 53118 18674 794 87732 39185 86598 37368 81457 83753 %n4410 23
93280 38766 50288 21750 58555 31885 4660 15278 24325 34764 26312 31054 30616 50081 55328 68833 34750 29135 93914 635 2248 38393 19142 %n4732 22
69188 78113 66691 77404 80042 52753 21141 63889 69974 91084 97978 540 18322 71603 67554 47858 48203 35164 9591 28149 47020 19805 %n1915 10
78246 87183 35990 601 17053 38534 1487 19526 24553 19653 %n3871 14
8263 32822 9842 64406 64892 2765 83783 11842 25089 48710 82730 90606 42952 90079 %n2179 6
26477 66370 80702 9017 2635 11079 %n1291 5
42207 20571 99264 9448 76168 %n1268 3
22388 87633 22048 %n2812 2
98151 74526 %n3781 0
%n5262 1
69719 %n4131 0
%n1081 0
%n1264 0
%n1430 0
%n3526 0
%n1027 0
%n4549 2
53877 28122 %n3688 0
%n2780 0
%n2859 0
%n2643 0
%n1647 0
%n186 0
%n3411 0
%n1287 0
%n3547 0
%n4752 0
%n706 0
%n833 0
%n4134 0
%n2460 0
%n527 0
%n2895 0
%n3193 0
%n2153 0
%n2677 0
%n596 0
%n2257 0
%n4665 0
%n4711 0
%n449 0
%n1748 0
%n3942 0
%n1108 0
%n2050 0
%n4676 0
%n4555 0
%n2391 0
%n3992 0
%n1390 0
%n1116 0
%n128 0
%n4693 0
%n3897 0
%n575 0
%n2432 0
%n1428 0
%n2026 0
%n71 0
%n1793 0
%n3497 0
%n4239 0
%n3009 0
%n875 0
%n557 0
%n1762 0
%n5138 0
%n2099 0
%n1792 0
%n2027 0
%n3013 0
%n4623 0
%n842 0
%n4487 0
%n1852 0
%n4788 0
%n3885 0
%n746 0
%n3623 0
%n986 0
%n1249 0
%n4321 0
%n3063 0
%n4696 0
%n2051 0
%n4937 0
%n3976 0
%n4565 0
%n5217 0
%n553 0
%n815 0
%n3786 0
%n4942 0
%n802 0
%n4056 0
%n2744 0
%n4288 0
%n411 0
%n96 0
%n4173 0
%n3342 0
%n1489 0
%n1338 0
%n4231 0
%n5165 0
%n754 0
%n5322 0
%n2900 0
%n3302 0
%n2031 0
%n2787 0
%n2474 0
%n467 0
%n5077 0
%n3952 0
%n313 0
%n2213 0
%n779 0
%n3865 0
%n3614 0
%n3735 0
%n4077 0
%n2731 0
%n