37
2638 30
59733 25313 63716 99838 21104 28835 58868 18583 11246 71401 28477 47151 45168 7326 49758 81843 91019 77261 1544 16753 83201 49339 24238 18508 71864 60542 25532 16565 98270 59039 %n1141 29
87205 47928 60466 59229 37070 38374 2563 28469 65283 37715 31143 96776 88621 24289 84970 34817 36037 84912 50217 11380 21140 40354 28386 72953 45713 54396 71209 70355 73317 %n601 28
57978 36402 78273 97447 19886 90413 14695 50583 65635 68417 16010 68766 90002 19233 48792 75803 39261 48732 52380 74115 5629 83226 16478 24816 5039 85635 99452 40250 %n196 27
82596 33884 8610 64038 29847 8716 34472 76286 99239 51936 55624 39772 76468 6513 63083 10832 40605 52012 92942 96036 11556 86608 19242 53343 28773 69247 69578 %n5347 27
52701 58323 20047 17311 64585 21430 7607 75466 88609 40110 12843 46276 91025 15913 30006 54506 30431 51229 85469 34492 1233 83269 72480 70609 86510 82174 5508 %n1785 26
72093 43252 49651 75928 36693 93797 26728 37414 94740 5661 79551 30127 70219 95901 29632 72039 71178 13346 87836 23024 66697 98896 31491 98412 55187 76841 %n5499 27
49388 7522 80746 98868 20924 48335 90282 21212 87871 11513 35450 71928 34962 63123 14177 65462 4801 29503 83800 42746 81972 76111 68315 54849 38585 98570 77108 %n945 21
94719 75160 11289 32362 61691 97910 92905 12546 57194 50967 84301 30692 41741 89722 24711 39996 40732 34374 60020 6507 95219 %n4741 22
9499 2690 74992 69832 20420 51453 20939 79375 26423 20952 15339 42161 64324 68779 26056 97591 37649 71797 69955 84853 50196 44990 %n4440 22
91756 98674 70806 84711 71868 75590 12727 79146 41885 87127 32460 11089 70177 15309 98536 62316 84365 3710 70836 91635 97113 73572 %n5775 21
21904 78828 37582 70677 41369 31081 44326 28183 59638 34352 80695 65911 29895 71279 92876 33009 10513 19527 29459 56464 74603 %n809 25
67749 4634 94898 97022 82242 6731 35147 89867 55191 13939 8712 95017 1730 6498 37428 9388 67577 95546 48256 77197 21106 85314 52587 77878 82201 %n828 15
11258 15031 74159 34545 9885 88294 9556 62371 475 70258 32385 64782 51722 26913 96491 %n3771 16
55743 56165 95653 84013 56014 85760 380 24035 25422 69582 94054 7179 99144 44186 69552 42448 %n1805 23
7258 74121 38481 41067 68921 58966 32559 65522 58712 54674 47209 55643 97572 17917 52474 37583 26765 98150 75004 73044 40312 12655 73309 %n439 16
89331 72843 55220 68739 34251 20529 32891 37454 92714 9047 24439 94051 22724 64219 12524 41954 %n5635 20
81325 39128 59034 19399 60405 47889 7537 9134 13514 46390 98298 64020 36554 45430 31745 78389 87736 58118 54803 84564 %n1297 13
90541 83548 72768 8050 48961 98913 63012 10947 2975 52206 31157 13065 46202 %n1838 13
97088 67652 99640 505 23460 27112 60628 7542 89267 61424 16361 22961 32547 %n3550 15
91653 79009 24624 98134 37000 52129 79178 49194 34319 24240 48580 69608 123 76036 44368 %n2403 15
29685 95920 12850 77758 35784 87100 75572 7518 32750 24071 42287 47482 385 76908 97219 %n3470 16
97397 39446 61545 39477 95988 56447 32760 7495 60468 22145 97363 76709 25581 1472 58579 93415 %n4019 12
37276 91804 55142 90889 10133 89680 12680 59085 38829 17511 58429 66052 %n689 13
56252 35732 37600 66382 90950 11266 16387 48839 80048 22361 71562 17536 17497 %n3651 12
44399 25966 17664 15055 18932 10713 40923 7797 47644 4319 12847 84813 %n2336 15
44800 4961 74739 13680 2126 71473 12888 33737 73009 24128 59005 85981 62247 56791 47587 %n4321 9
49342 13449 76233 88600 10129 12378 36762 37810 77305 %n4936 11
89394 18211 12932 94384 78656 71355 75010 21036 62520 29305 31396 %n1787 7
77501 40790 39219 19728 8269 80537 91301 %n4414 13
49785 91039 66687 21262 97943 72983 30814 33594 30048 3611 18576 29795 70317 %n5956 11
93505 62176 34871 88227 44158 60507 79734 69018 40287 14974 81660 %n5341 9
45058 62372 45887 55772 72657 96368 18060 1699 44198 %n5274 8
4499 90768 59283 13328 29676 75114 28285 98984 %n4613 12
72245 91001 70883 72279 91998 15858 3636 43341 63769 39938 74848 76558 %n1812 6
19622 65318 92632 35891 37119 7193 %n3860 13
57419 78659 40443 98533 24907 53833 96187 43966 76998 3519 10165 34741 73184 %n915 5
61694 19141 50277 72120 60048 %n