257
1697 207
11011 231 31488 90249 21137 62297 9405 56852 15288 10827 7552 79852 37783 25068 85925 91301 39660 70621 60406 99332 91004 52932 42224 72206 13782 64481 95881 87985 24585 79132 60625 138 80677 17349 53710 22754 94102 38439 75747 24714 73885 91471 45249 29862 24246 15715 74582 20904 72965 28185 66757 3663 49937 41398 26734 62332 20276 22950 32683 46885 18471 98438 65796 66323 69505 61975 29225 80862 813 23449 50956 53865 99832 89844 30574 81335 51445 90616 72571 31333 57916 91886 11915 26094 50543 27098 31290 45713 49661 36308 81772 14487 46385 33380 53663 25745 71188 10463 64508 61649 64486 42115 54965 44156 18084 31458 52277 4827 51534 38274 14669 14471 39357 66147 10854 95443 20220 32907 27207 18278 40984 47232 75699 50506 53427 49337 61074 43512 66565 22729 70740 47827 72777 20900 58434 68783 39710 26569 64625 84427 89279 29497 17093 66700 20833 72354 53264 25056 35860 46247 97317 16306 5486 19383 34253 20419 39039 69925 10696 99707 41772 2631 67042 28439 73318 20005 93624 71482 55256 49911 18073 27664 89236 39237 34232 96127 59549 23519 70277 95988 56830 30158 38031 89033 3981 34431 29146 20409 45425 69686 82931 24176 58580 48723 87709 29550 86512 71604 54684 20515 78566 51852 13264 10731 29407 26276 35329 %n321 146
9552 83764 49665 64844 68507 14399 98748 28155 84504 57483 87214 50316 72625 72146 82744 31500 25083 94702 44697 11176 10500 17789 65828 19852 70194 28414 83778 72436 31113 53533 96792 91413 83337 43465 71331 6626 64445 32115 49696 16621 84633 20344 84388 57639 90713 17444 99150 80528 88630 63061 29321 42248 85058 86949 74349 39440 35634 37171 75437 40576 82056 72467 95935 77456 90990 54017 73387 27423 85081 71885 10264 1841 95484 92588 45672 24132 93388 93982 27194 73236 28852 57491 76070 69676 69472 27508 24236 31865 25282 44239 13004 57438 29358 21579 20368 95505 20961 2207 13645 90739 39697 9096 54802 28958 83600 61469 28250 65776 39885 83874 11022 65979 25203 62522 37266 82948 83944 16060 56064 29271 20435 50800 16624 9690 22148 70294 62617 32689 50425 11295 21159 14915 67696 72693 41282 8185 72360 74930 73734 30474 55311 35462 68412 11841 79811 6238 %n2224 114
62219 26992 46962 71294 85671 31698 2953 4959 8070 70929 90838 37731 51373 70726 84122 13915 74666 48058 92376 84132 76260 59123 54910 66253 36302 16603 27270 49155 79780 71026 14467 19668 94809 4887 53456 86062 15514 59815 38588 65875 42483 67399 35717 29710 11361 16837 16345 15298 40546 17029 36982 11542 67889 96810 48394 27283 52670 43971 80165 57440 21024 95717 82854 92768 39418 13220 91474 70184 99226 25236 58770 19421 40727 94680 62227 61318 13817 5589 49081 19690 54756 6807 8316 22066 81475 36960 82438 45454 30165 35952 42595 23943 60212 46020 31274 42759 84844 20491 46010 84252 93400 2813 25532 19489 91367 57543 30716 23802 54028 77822 40464 45373 87834 26969 %n893 72
58250 3026 53752 75894 78169 64558 6194 94391 60513 60390 46865 67039 5275 81786 33605 58148 26047 74579 41318 74981 10357 24150 86931 93727 99465 24367 4510 95006 34600 52001 3614 18539 57695 16196 82824 57208 40677 29643 34964 27871 97717 72166 63864 49521 56476 26267 7748 50503 29322 36239 25643 41470 48700 85416 95660 87904 27057 43830 8991 55133 9702 91638 39874 35953 83455 54620 63140 38320 74515 59762 56360 5224 %n1087 52
90110 83039 15007 54418 66035 45336 8855 3802 74418 34834 12687 46777 93011 69919 8324 43985 24061 62280 11423 64058 86612 31081 5095 46052 96531 2756 12609 10467 44011 8064 82821 48631 27489 83167 81948 82996 28914 51866 85944 39177 89300 16745 91826 12183 39027 58498 20593 91639 98212 43744 37356 3284 %n1469 40
91392 32865 5815 60098 73659 67247 43529 38550 51807 34683 86849 74733 21902 88042 3838 87576 52271 49907 52426 76946 20588 26154 13389 19337 9656 5108 26249 47306 27151 86160 86498 55071 55262 24759 67766 3118 65668 50151 17450 76027 %n2782 21
36623 15791 3952 83843 68022 57313 76840 14657 43043 61413 85939 69748 76262 18692 26743 90789 48351 74390 57767 71256 48685 %n2546 24
48793 94746 28884 29427 50080 70581 31987 75517 1306 89158 92858 63734 56716 11412 20362 99065 84599 41009 55873 82184 20698 53298 72233 35544 %n90 16
60397 1487 73095 32189 59872 22312 26813 97146 57320 15455 12440 38758 49228 24273 48023 93295 %n4436 7
79258 58111 37841 8569 33572 25828 68171 %n3642 3
97469 78597 24968 %n3620 7
59951 12544 68386 64961 47098 13513 58243 %n2051 3
9117 71518 3521 %n1117 1
94994 %n2938 2
40616 40480 %n281 0
%n3772 0
%n4255 0
%n4606 1
51268 %n4571 0
%n1252 0
%n1419 2
77128 29583 %n2155 0
%n3834 0
%n4601 0
%n1228 1
10959 %n870 0
%n3254 0
%n2721 0
%n1692 0
%n2656 0
%n2368 0
%n4642 0
%n4483 0
%n2129 0
%n4752 0
%n3001 0
%n1841 0
%n1101 0
%n3085 0
%n20 0
%n4796 0
%n2260 0
%n3404 0
%n2272 0
%n1199 0
%n2685 0
%n1641 0
%n2084 0
%n1138 0
%n451 0
%n644 0
%n4799 0
%n3888 0
%n2741 0
%n2414 0
%n877 0
%n1314 0
%n4669 0
%n1417 0
%n2631 0
%n3150 0
%n38 0
%n1309 0
%n3128 0
%n3255 0
%n1094 0
%n50 0
%n1183 0
%n64 0
%n4615 0
%n1776 0
%n3151 0
%n523 0
%n4739 0
%n1158 0
%n4758 0
%n3870 0
%n4524 0
%n2990 0
%n233 0
%n2764 0
%n111 0
%n2875 0
%n1717 0
%n195 0
%n822 0
%n3692 0
%n1209 0
%n609 0
%n3489 0
%n3904 0
%n2208 0
%n3519 0
%n2579 0
%n1554 0
%n3951 0
%n3688 0
%n694 0
%n3867 0
%n1465 0
%n2918 0
%n2043 0
%n3736 0
%n2285 0
%n2735 0
%n4635 0
%n4472 0
%n901 0
%n3527 0
%n4535 0
%n801 0
%n66 0
%n3476 0
%n4714 0
%n2421 0
%n3546 0
%n1946 0
%n3490 0
%n430 0
%n2994 0
%n3431 0
%n2593 0
%n540 0
%n1928 0
%n4046 0
%n2136 0
%n3268 0
%n3770 0
%n3133 0
%n3308 0
%n4515 0
%n4390 0
%n3007 0
%n785 0
%n3708 0
%n1150 0
%n4829 0
%n3616 0
%n218 0
%n3735 0
%n1597 0
%n3184 0
%n2337 0
%n2798 0
%n1315 0
%n820 0
%n2583 0
%n4330 0
%n198 0
%n1559 0
%n6 0
%n2123 0
%n2394 0
%n4169 0
%n4489 0
%n2884 0
%n3748 0
%n4379 0
%n4002 0
%n40 0
%n68 0
%n4659 0
%n4414 0
%n1646 0
%n2083 0
%n3718 0
%n2204 0
%n3513 0
%n4283 0
%n1943 0
%n293 0
%n1533 0
%n1993 0
%n4732 0
%n2458 0
%n3809 0
%n291 0
%n4344 0
%n184 0
%n303 0
%n4681 0
%n2103 0
%n1477 0
%n2670 0
%n1988 0
%n780 0
%n3517 0
%n146 0
%n2666 0
%n791 0
%n3175 0
%n2205 0
%n562 0
%n289 0
%n109 0
%n2010 0
%n3656 0
%n4104 0
%n199 0
%n2219 0
%n4814 0
%n783 0
%n4061 0
%n4740 0
%n664 0
%n1508 0
%n2864 0
%n2152 0
%n1479 0
%n1446 0
%n3722 0
%n714 0
%n3514 0
%n3601 0
%n452 0
%n4456 0
%n2881 0
%n292 0
%n2397 0
%n563 0
%n89 0
%n792 0
%n4441 0
%n3835 0
%n3687 0
%n514 0
%n2318 0
%n1826 0
%n1783 0
%n249 0
%n4343 0
%n126 0
%n1281 0
%n380 0
%n2095 0
%n2812 0
%n434 0
%n1938 0
%n4710 0
%n2753 0
%n2544 0
%n296 0
%n1868 0
%n4112 0
%n32 0
%n672 0
%n3887 0
%n1963 0
%n1124 0
%n1128 0
%n3234 0
%n432 0
%n3437 0
%n3840 0
%n251 0
%n4060 0
%n