343
5205 146
23505 63104 5546 76313 87573 89508 30568 79969 33014 4699 47433 21572 34316 95798 85528 75330 78810 7786 46751 24625 62039 1249 43816 86975 1615 4347 40763 43851 958 63892 33241 94295 29457 88577 39900 59514 54905 38268 66734 54196 41915 79733 8675 22347 43846 82771 98449 65008 52397 223 25084 1714 92107 45190 98190 73481 4635 57425 25536 4860 77520 92339 7218 29406 66601 48392 94626 725 29592 66190 40824 85023 85920 48232 36042 2508 44927 19349 48312 32936 42171 26022 72658 42763 86485 83073 46242 11197 46895 22828 56332 97728 96748 57606 98916 5109 96780 72445 86256 24286 68111 76525 81003 97358 15489 19609 65701 9447 29631 18524 57371 68681 36368 36708 30936 2120 65327 27780 75541 20630 25444 3614 24565 60879 48417 43716 81634 97367 86591 82889 8511 90607 89452 1451 86580 66758 64901 21919 76595 51994 75490 34860 64828 69433 2525 1396 %n2303 119
35493 89454 52124 27790 32995 26955 12269 30616 12860 78519 53399 70625 4078 92705 56572 19238 24362 19315 15084 98257 60318 12157 76387 43364 34314 7397 19981 15925 40274 71561 43183 13061 44529 34144 61121 40995 17283 35379 48619 28424 96627 83194 16367 88039 22039 34139 10053 869 33185 90697 88499 15954 76245 76899 10716 9661 38413 48617 22258 78129 71425 38628 42620 61439 20016 13806 36752 92216 18736 64199 21006 18331 44731 92350 5597 26434 24079 30034 32694 96433 522 97774 95428 19410 47450 39404 52534 92830 68334 39327 87063 60821 56568 72787 11305 81469 44941 99285 85436 60765 98185 80281 89975 47662 80139 93565 97825 36476 35291 68292 93635 75345 72381 87213 81126 69854 69074 42921 1004 %n1181 91
64202 36782 99470 43216 4639 73214 72418 52963 19737 17439 36573 46902 80770 18148 95193 66715 63494 97244 18876 26507 18985 18074 71373 15313 49916 40794 99094 82931 22443 3748 78348 65693 95076 77491 21598 16425 8626 150 38562 50299 81971 89358 67515 14808 21359 98024 49082 75656 34965 29314 318 411 77414 69071 37283 85222 157 12226 65325 26182 6481 39698 26456 44765 17233 57715 86393 41076 47111 75400 42166 47354 497 6470 98181 10064 80431 9877 70450 83181 37209 94252 81681 40538 12436 9856 7789 10566 4933 69761 77301 %n209 76
38974 79891 95807 91125 76695 96042 19041 68309 9946 62549 6696 38958 92467 53936 7278 89427 12919 92254 45071 56036 41290 99623 3122 7674 67170 28418 27254 1282 40642 85418 20438 10624 77632 38434 5496 46655 88478 26264 64591 919 62226 49097 93126 1258 2475 91815 21805 39146 99738 32785 68405 9352 43727 12460 83179 41820 95520 52385 21676 14420 3981 58644 33124 46827 75262 53473 91699 38938 63860 89503 78140 24194 7455 97409 47351 16561 %n6557 60
33638 67331 57105 47032 91846 98046 12722 1363 39795 49119 45959 11013 72801 70478 83817 11088 17413 70152 16494 56211 98200 80704 36913 40249 51656 57963 33243 90684 19635 82437 60195 34384 41485 30467 50562 78533 9543 7658 59488 59467 20923 73258 66278 81884 66919 95508 93396 89743 39113 32844 85065 79020 41703 98482 32884 9055 64751 35701 16274 47001 %n4275 46
32751 19794 15549 81891 99520 46774 29547 93819 81723 93728 30044 33333 75165 70006 89715 70171 11213 31753 28584 69973 63060 41909 80955 93377 80683 19033 38110 49510 61354 60534 39978 67341 94283 46211 50404 96768 69450 53572 79606 2861 41917 95578 68258 40529 17601 92925 %n4891 31
70182 73833 39459 1106 71976 64956 83853 78594 84515 65427 8853 42754 21605 98032 86930 90300 1127 7687 16669 18773 8336 45253 75854 32874 69475 45619 63515 69929 53890 94636 7099 %n1801 27
43838 18577 55383 333 27982 54875 80161 2801 83685 89812 65151 66103 48059 64 92408 48 58402 60600 49852 51745 17572 26123 13522 24308 66732 886 77881 %n5115 21
77265 75106 98681 69612 31549 48442 35922 47256 41334 19335 48334 24354 97435 52873 60911 5277 28368 51345 63040 81873 54437 %n5908 16
42732 17265 90827 57931 24772 61335 67855 22961 53544 59943 86916 94235 63063 74787 91927 53960 %n1799 17
33593 17681 11546 50262 18107 92244 94779 14963 19690 83176 67645 50589 7966 86874 94168 77716 40355 %n4428 9
50663 31574 35362 16020 38030 3796 43070 39741 2359 %n5564 11
82988 85952 16468 49634 92027 25244 33204 28858 87358 96593 97268 %n5357 5
24949 60562 31604 12323 14845 %n2824 4
4495 63360 33004 93394 %n838 3
79794 57457 94947 %n2749 5
77873 35368 15294 10842 34531 %n5779 6
87712 60876 66477 23471 91195 64457 %n4885 1
50206 %n2291 2
91740 35375 %n210 2
28941 72102 %n4041 0
%n847 0
%n1151 0
%n1098 0
%n5936 1
12633 %n6763 0
%n576 1
41146 %n6074 0
%n642 0
%n5873 0
%n605 0
%n745 0
%n2618 0
%n3050 0
%n4504 0
%n5676 0
%n4138 0
%n134 0
%n2769 0
%n2352 0
%n296 0
%n3676 0
%n6559 0
%n2513 0
%n5045 0
%n4007 0
%n2261 0
%n1055 0
%n2967 0
%n5086 0
%n3174 0
%n3134 0
%n2292 0
%n3666 0
%n4874 0
%n4035 0
%n294 0
%n456 0
%n304 0
%n3681 0
%n813 0
%n6583 0
%n3582 0
%n166 0
%n6555 0
%n346 0
%n3574 0
%n3060 0
%n1006 0
%n127 0
%n3175 0
%n1350 0
%n6075 0
%n648 0
%n6313 0
%n4185 0
%n4687 0
%n2566 0
%n2508 0
%n6201 0
%n4162 0
%n3529 0
%n1533 0
%n5659 0
%n3167 0
%n2184 0
%n4804 0
%n2907 0
%n2251 0
%n1176 0
%n5722 0
%n1704 0
%n273 0
%n3315 0
%n2887 0
%n606 0
%n1089 0
%n2656 0
%n6615 0
%n608 0
%n1695 0
%n3595 0
%n6097 0
%n5424 0
%n781 0
%n3518 0
%n4305 0
%n104 0
%n36 0
%n283 0
%n650 0
%n3367 0
%n3746 0
%n1457 0
%n1714 0
%n4136 0
%n2481 0
%n3697 0
%n4498 0
%n531 0
%n1157 0
%n5315 0
%n5011 0
%n133 0
%n5928 0
%n1829 0
%n5256 0
%n1807 0
%n2926 0
%n4471 0
%n692 0
%n3434 0
%n4087 0
%n567 0
%n4718 0
%n3890 0
%n2288 0
%n1491 0
%n4925 0
%n1490 0
%n1135 0
%n19 0
%n6713 0
%n512 0
%n2645 0
%n6845 0
%n6566 0
%n3521 0
%n6304 0
%n4432 0
%n4945 0
%n4212 0
%n1031 0
%n6582 0
%n4388 0
%n5036 0
%n1268 0
%n1810 0
%n1517 0
%n3925 0
%n5958 0
%n4075 0
%n2131 0
%n4676 0
%n2682 0
%n3359 0
%n5523 0
%n3947 0
%n3211 0
%n249 0
%n208 0
%n3758 0
%n4884 0
%n4553 0
%n5930 0
%n1589 0
%n3449 0
%n1755 0
%n1694 0
%n5960 0
%n3308 0
%n2201 0
%n4497 0
%n2023 0
%n1245 0
%n4043 0
%n4863 0
%n4137 0
%n610 0
%n2105 0
%n4792 0
%n6236 0
%n6138 0
%n1479 0
%n3323 0
%n292 0
%n2738 0
%n3152 0
%n393 0
%n1414 0
%n2601 0
%n60 0
%n3852 0
%n3265 0
%n6470 0
%n6010 0
%n2431 0
%n5661 0
%n6398 0
%n4079 0
%n6622 0
%n1452 0
%n5953 0
%n903 0
%n2178 0
%n5521 0
%n5900 0
%n337 0
%n6189 0
%n5549 0
%n4783 0
%n4569 0
%n4373 0
%n4293 0
%n3263 0
%n4260 0
%n4629 0
%n1165 0
%n6309 0
%n4441 0
%n2387 0
%n329 0
%n3275 0
%n5009 0
%n2426 0
%n2412 0
%n4748 0
%n4170 0
%n2575 0
%n223 0
%n1411 0
%n3375 0
%n3476 0
%n966 0
%n1775 0
%n6378 0
%n463 0
%n2139 0
%n6646 0
%n2505 0
%n367 0
%n5634 0
%n4219 0
%n161 0
%n4199 0
%n3429 0
%n2103 0
%n624 0
%n2300 0
%n5625 0
%n44 0
%n444 0
%n1818 0
%n6740 0
%n2348 0
%n3294 0
%n1120 0
%n2475 0
%n5880 0
%n5994 0
%n2534 0
%n660 0
%n5921 0
%n6111 0
%n3426 0
%n3120 0
%n5376 0
%n806 0
%n1412 0
%n4672 0
%n5636 0
%n4984 0
%n1305 0
%n5747 0
%n1406 0
%n5398 0
%n2415 0
%n3015 0
%n4062 0
%n4784 0
%n2115 0
%n2948 0
%n6571 0
%n5331 0
%n1203 0
%n4936 0
%n1965 0
%n969 0
%n779 0
%n5731 0
%n1386 0
%n3354 0
%n5162 0
%n1477 0
%n756 0
%n3161 0
%n6488 0
%n3663 0
%n5351 0
%n2613 0
%n946 0
%n1768 0
%n498 0
%n4489 0
%n3464 0
%n6141 0
%n646 0
%n3499 0
%n403 0
%n1159 0
%n1040 0
%n4359 0
%n4830 0
%n1291 0
%n6297 0
%n5870 0
%n3516 0
%n6692 0
%n3728 0
%n2547 0
%n2026 0
%n3008 0
%n4483 0
%n4037 0
%n6350 0
%n5166 0
%n1173 0
%n3009 0
%n4539 0
%n504 0
%n1169 0
%n2008 0
%n