101
747 202
39427 30574 19671 17434 833 16068 12893 28371 39432 778 34689 14939 28553 7440 29882 6131 6894 10539 30958 39984 41686 5703 22653 2433 1888 16841 3349 27255 43199 37210 19598 7045 19985 27549 35538 33245 31112 31144 4939 1713 38847 6628 8209 41016 11654 16659 30161 19773 27428 34549 33096 31304 15559 17721 35772 30288 24538 17103 39156 16385 31717 40846 32345 8424 19658 13694 31228 607 10403 29570 8083 39747 7318 43853 36240 22748 41491 16983 22606 14123 15539 39928 16861 44554 24090 33802 31811 3737 39236 31072 20526 7720 24472 8513 13108 37507 11217 24817 27052 44481 11497 18384 40543 13778 12870 2058 29880 39812 10508 23246 36900 29894 38635 8649 36398 15910 38019 8568 19862 12369 2484 36953 23606 7267 32021 27168 35623 25275 40745 35697 41616 2081 40777 17616 6007 43902 13737 33640 3504 16475 33926 10945 15056 18611 42075 32998 21691 34033 23660 30811 1509 42824 4647 22773 8245 43664 28925 14702 16873 29722 28326 22475 2127 37415 38042 24831 10241 27681 1520 13175 4972 33670 34364 30140 3602 19071 41844 38678 30993 36832 6267 6164 20505 2566 824 15677 16769 17313 9192 10045 15545 20534 17739 12910 10714 2501 25823 37095 1466 10383 4649 3809 %n2549 73
12506 33398 8264 37957 33812 16839 20933 43127 32002 5411 29148 9850 27495 23641 22313 14196 37033 43876 39045 17886 10352 9038 16371 14468 28775 25439 705 23748 44726 40054 32199 33347 21449 30069 22636 43848 4132 3337 21378 41185 15402 31061 17727 25624 41230 42008 16112 34194 21788 11305 22977 29807 34874 28877 2571 1618 29048 39681 22298 12780 36614 7569 25403 395 2006 17406 18377 3415 34159 21900 17097 27074 17240 %n600 73
5353 32005 12802 14290 1587 11351 26934 28190 16033 2967 1433 18077 25780 38279 23617 19155 20435 6911 16336 37224 1670 41643 11367 12182 20103 3228 35093 35548 13944 27783 6450 23392 19600 25035 13856 22840 39158 26791 12944 1651 8112 36170 30351 32615 33811 37235 24914 31314 25735 39808 38007 5778 13505 33121 43690 5148 4588 36816 10239 40950 17045 17805 33734 26160 24725 36388 19283 6580 23655 21782 38438 25461 3138 %n3793 72
9901 31387 25966 28498 15354 19131 2513 28054 22207 35403 8790 35128 39294 9690 31942 11530 11124 23402 20777 41300 31461 25285 21050 34250 43219 41441 2760 10166 27368 24358 14765 7756 42310 41329 25134 29561 13780 38608 100 27170 20461 856 471 7200 29154 11568 17017 20978 4883 41449 31609 21080 42083 33210 40593 9719 14662 36340 11957 16213 35958 32054 484 3864 335 34444 17853 3039 21384 34278 29452 8035 %n3461 70
8564 39946 19441 20572 13023 36363 31749 17901 33093 32424 22874 23612 29640 22223 19743 23793 8586 34941 41476 24623 31911 24878 31448 8596 27570 12938 37479 32624 39631 174 29757 3101 22511 26770 27603 33620 29194 8515 26412 30008 3207 28958 20834 1667 37637 5621 25665 18142 1539 21020 44 21339 2102 11994 36966 17343 9556 13971 32112 20623 12417 19623 19820 3163 15283 24011 3405 30750 36035 27888 %n615 73
23775 22302 27360 24156 26995 14242 15806 20465 15057 26864 20990 43496 27900 22943 25934 7326 17644 39037 35051 34276 2982 11750 29401 25404 35558 16702 29530 7836 28277 8964 29113 18910 36538 32573 14169 6388 16192 42466 33877 28787 39511 1930 42870 24930 18050 12892 4564 25747 36812 38235 10840 16931 27232 3509 4085 16597 26011 30463 22096 42056 30649 24937 43078 8713 19216 14863 38246 20431 11830 36719 40567 24921 25001 %n883 73
20038 44409 39153 8604 26996 19794 44370 41679 38411 43841 1564 35326 25068 28361 44168 42717 24345 28562 9941 21923 15110 38843 2993 35960 8125 17838 24671 6096 33355 6249 25549 1397 20352 15913 6827 2651 13517 35276 23735 25214 30355 4379 40704 2988 14400 16120 13049 13811 38088 35092 34691 24372 40159 22565 29066 12875 43396 41431 25657 28188 22904 24928 15698 36476 34119 27296 38330 34228 3252 36183 36296 4862 30839 %n1740 73
28968 21557 19060 1445 10990 28548 4575 31898 38925 30731 21750 6769 13567 35579 39995 41439 27928 37230 21921 7052 1758 31864 33118 17553 1593 33047 24761 34056 14319 11762 12563 23787 43388 9673 10685 23947 19805 27848 268 33237 11713 10453 30000 26154 26479 198 7796 2786 42368 11539 29604 27901 43081 21283 36606 37881 7023 26691 8558 38813 9452 8363 33285 33181 34669 34877 38387 32999 32143 3297 23053 35428 19812 %n3443 70
12533 2946 18370 5009 30979 9462 44207 5102 34237 1880 12426 6645 15197 29408 2898 35526 39679 14994 20311 33166 22908 44361 15930 18247 3395 27505 18999 4486 9461 493 32542 31734 32078 24122 17621 31393 4160 39612 9312 43216 1679 21667 22074 921 6815 19008 33822 33505 44727 21370 40171 29390 19011 19000 30865 27203 23532 29304 24769 11775 3939 8005 2454 20051 6803 8004 4888 6586 1388 31010 %n1134 73
16130 1967 16539 43011 33959 44214 15982 10519 15933 12964 24541 28824 23939 28572 34115 26147 41801 470 12770 32555 10651 21046 28476 949 4386 22830 33193 36459 9070 41076 18318 9221 22194 28063 17522 31930 19097 6304 23596 31111 8507 3130 26474 26607 32202 22202 28510 20794 33127 25914 40989 23913 31283 30354 40394 27238 35006 17061 36361 21389 32122 19016 13360 12749 24728 38152 33697 38717 42785 7859 18173 10191 10268 %n2841 72
14623 9416 3258 24567 23959 6817 44322 20155 6224 12801 35304 27192 14377 25018 14813 11449 42392 3194 22514 30991 21595 39188 18313 4270 18850 18120 28819 5784 2529 33599 13219 16001 39483 6026 24180 19653 24838 8109 31844 12484 37278 20147 6105 7355 21640 30112 22011 9096 1463 22864 33921 35896 7428 27231 29899 13613 12529 33519 17715 23365 40434 35237 42103 1250 1838 22068 35971 23161 4169 44159 36898 21259 %n1999 72
30964 11554 10876 21601 19318 21772 145 40921 37014 21417 30415 12959 43819 16166 17974 42556 29491 5390 33903 11882 39933 29902 15325 28901 18035 34544 44650 12745 24771 26711 36779 17962 24374 37262 19906 885 23241 14783 18170 36065 32539 7543 11194 24416 19709 20234 238 20277 42823 24293 24432 33792 20342 3041 2424 37305 29682 24613 28791 6608 27689 4302 38654 33114 25568 29186 10110 42654 17260 3523 27511 4454 %n652 73
15527 15797 6293 12994 42322 28710 43755 40524 5552 31569 4128 1884 14757 29600 17618 20920 39506 4391 34709 25635 16901 6568 31525 6920 24115 37576 7296 9913 26422 15837 31064 20000 34520 37535 19849 44295 20915 31865 2712 26126 38562 15266 23530 4000 5153 7846 14675 7899 408 10631 17823 28307 14199 38066 33681 25348 33080 19789 22166 19300 20895 8411 35008 10173 30923 30406 42854 36356 5618 35870 2184 40689 38003 %n2827 72
30367 8173 14181 432 25740 13810 33406 40304 23358 38921 21164 13096 18908 40861 17817 35084 27396 29182 43870 12287 44454 1747 26571 4290 41861 9305 16653 37799 33589 2816 19299 40074 281 5329 18232 22219 13534 17535 1108 3703 41404 4676 12252 22969 18455 32402 6349 43410 14506 26418 41897 26485 9528 36906 21185 10512 35817 39466 40290 4709 37575 20169 11082 32540 25346 29566 14670 9433 40466 15279 41774 36127 %n2455 72
29801 14288 14691 25002 14979 40908 20980 15078 40935 19399 13095 1759 3145 15820 41991 38761 19387 21766 34696 9539 8754 24121 16780 14431 5592 43823 12349 15154 27369 40984 27990 29420 20811 20790 326 39230 26018 6716 10996 40230 10817 33541 24392 23946 10389 22921 10325 14613 8427 43580 23391 10488 28781 23068 1243 13207 23515 28014 34112 30271 14119 22553 26820 3144 34183 23375 28983 15670 31688 19941 22884 33609 %n4930 72
35957 42442 29294 26841 18839 20617 30039 23646 2280 44384 14862 38329 22631 44205 17887 25498 24237 40776 19647 41557 15565 39103 15994 30214 15021 32019 18337 11540 31536 22968 24291 42801 12564 41856 21505 13716 3392 11332 11054 21672 4517 28896 10190 27974 33930 11866 9609 22995 1827 3762 11154 23174 29040 2751 20634 43491 24605 7892 5919 31086 6835 30316 38001 14407 33647 29226 8572 20298 28286 17315 31710 9162 %n3755 71
12277 19854 12290 40402 13436 44223 617 6957 20964 28303 15835 8706 14001 1695 28248 2625 1540 40867 28505 14063 31884 38395 26125 38611 30761 235 31664 9383 41732 16040 37316 29826 4971 1628 8973 15310 4022 3666 10635 12432 21012 11642 25572 43770 36616 41773 26393 40335 44210 19505 41806 23097 19767 11148 37429 34140 29213 1182 25630 43552 19741 10896 7652 43488 6098 26500 14155 22814 26850 39900 11312 %n4532 71
42402 28401 7975 19116 31456 29394 4077 34950 13258 40172 19262 21537 1088 34724 3076 27040 6687 35617 21992 42876 31566 26343 14206 8943 7672 2438 8330 16326 29824 17652 37023 9849 15403 32239 32810 12848 8878 27772 25806 7814 5035 22256 39764 42733 26386 27968 13557 28514 22599 39919 40407 37717 34230 3508 11926 17150 28905 14654 16607 25849 43967 37674 29415 40129 10745 1469 41621 6776 30384 11318 43656 %n2000 73
23575 44723 29071 3229 34116 34315 24518 33256 28655 13245 42182 35291 44290 5622 32751 5262 13583 36834 36330 22944 32015 12164 36351 44591 30162 18772 27347 10487 26408 41811 39815 16425 19591 38584 16324 21678 20645 37901 6128 33487 12982 34972 42378 8639 28864 3280 25903 26364 30902 10130 15737 13870 23525 1507 23508 12986 29064 39430 2880 36976 24249 13332 13428 30046 39497 5063 42270 23281 14025 11600 11923 44343 33652 %n3660 68
30886 25561 5467 38849 2797 20204 14318 39295 41722 37156 34255 6083 22981 12315 35725 40869 36868 6587 36647 1016 30249 30210 33548 17073 20211 641 36449 17482 29432 26112 25307 29034 31412 11381 14020 41111 15974 40010 29168 4688 1024 36628 42418 30323 17953 28656 26374 38573 4188 36119 34130 3895 8711 27700 44243 11914 19991 34794 6922 36994 19452 31151 10886 39736 1314 12379 13963 27515 %n4326 72
7848 13446 25039 10968 14269 5756 25158 20997 24639 15457 4782 17110 38143 32631 44480 15155 22682 40254 5603 33673 27281 38624 21720 22285 40202 44137 1891 34172 16395 2275 884 3681 13669 14738 24890 38041 35738 38407 3116 21698 42712 41146 41977 483 35187 38454 23989 34164 42755 6118 15865 11847 31573 28502 33741 22963 24449 36495 6538 600 16637 38416 19230 6704 31406 8622 29127 4785 22075 6926 26989 35709 %n2713 70
7997 43274 35596 29890 8664 34648 23569 27586 5747 42285 42177 20735 16332 42476 17513 10054 35482 41613 18797 14028 29240 19208 37460 44611 6611 31507 37386 21819 41876 12266 30889 1904 42647 43418 37694 38683 41883 40655 32712 21758 21199 18209 31341 9370 5193 24036 36872 18378 29454 34930 35342 43070 24346 30867 24765 43458 34638 30431 1077 12621 18409 17665 149 41365 40302 34680 8243 5133 23550 33516 %n51 69
37850 13755 8007 35264 25005 12374 12890 26688 12511 26027 18005 30795 39592 17638 32079 32874 18350 41229 17807 12832 37149 40551 9513 29906 32862 33044 43984 33834 33691 35916 31457 11395 21740 33334 17705 38440 20869 42794 16482 40840 42505 36017 40672 23112 26193 43356 37406 29884 41771 27253 41192 3084 12594 12838 25178 5163 12900 39178 18654 23957 15584 37862 3002 6060 36070 21309 8571 4835 12667 %n2294 71
37723 44534 28149 16645 20207 38658 25615 6431 19022 16328 7639 8846 39290 14634 499 18464 12056 20841 16389 16813 5725 36591 29564 12363 13983 24735 23510 48 36206 13544 39932 34025 9391 40957 35032 33672 21025 28182 25534 22678 38101 8181 29618 10346 22958 24318 41995 9753 6275 17837 14185 4104 23011 11326 42233 40019 23738 23175 27697 8953 11843 2251 43801 36181 28422 11871 41928 42995 36211 14210 29596 %n2659 70
35232 1010 5555 29002 41567 39102 40871 40177 5796 34425 15291 919 11980 24520 24851 31479 20965 30742 20050 9739 28065 5615 9642 37594 6382 3416 44677 19456 43157 31419 23695 5789 15025 12709 25672 5087 14476 21427 42589 17771 33595 42998 14711 18526 42227 43922 31781 15138 43309 39168 24051 10727 9557 24964 10404 33765 41266 19488 24960 21042 10585 43036 38547 32187 31337 37566 1107 31036 38429 40459 %n154 73
40514 13146 14411 35178 18064 14457 33415 40813 6904 7949 7503 34555 20559 4936 10695 30735 10530 43631 15463 6416 7628 39576 5093 39675 43647 38065 11522 7527 560 33452 42972 24621 12672 35069 7577 30744 28410 4408 32120 10760 18819 40810 37293 40894 44273 22920 6845 2028 7678 14137 15287 43621 13379 28797 13588 31532 18358 19673 32472 7230 41462 20609 969 33063 39449 44224 37261 7706 44612 44073 12362 36678 13519 %n2519 70
31326 12730 20898 36259 5883 8748 1661 4433 27825 43122 18335 895 27274 29736 7287 3323 42954 11673 27915 14847 16848 7992 31082 15681 16186 5600 24296 5896 1110 2917 15513 13426 1527 34305 31391 22498 9931 14427 11473 29271 11783 3291 44338 7146 29257 24403 39931 40718 13553 23605 2754 20088 32319 25148 11681 27149 38072 14059 37401 6457 34753 38870 17955 5303 22153 1616 8360 43715 25475 21262 %n2915 70
38375 26657 25510 131 37611 10078 19099 34131 10175 6256 26057 35708 22090 32495 1933 40834 13142 10500 33950 19420 32937 5386 5881 35398 32204 25818 1319 23235 32429 23459 15299 14131 21169 40725 98 12297 33366 24492 28495 32813 32274 14084 11091 8992 38539 7650 3320 14125 42229 37714 10427 7645 8906 32618 42207 12588 35112 14868 19560 43509 41065 36004 7820 36026 35985 39508 5028 31542 17068 19840 %n861 69
40662 40288 2807 26523 40456 38462 22311 13775 43377 30772 19917 19439 40146 44039 7325 5428 23378 17702 15174 42335 2850 31355 10208 40445 26793 26778 42955 5475 3727 12239 21488 27298 4723 770 29246 10607 31100 2177 13650 35786 40500 32442 30094 15561 16159 2969 41999 39620 23812 34925 32530 36045 35437 14255 39052 16706 42968 12072 19708 13570 34394 13686 292 32091 37080 17596 43759 39710 35169 %n4172 69
17655 5868 23757 42375 37777 43786 27782 7379 36201 20104 33218 15943 14278 14378 42058 9217 7171 39205 39955 14183 15714 23968 39405 21268 18017 31778 42253 17677 35436 21986 5380 1240 25970 21235 10567 10492 22270 29837 22598 26433 6816 18535 30113 4257 31979 7969 42839 14650 233 4729 20681 2504 5519 10088 16302 8211 19183 38288 23083 9982 31652 30129 30838 36120 16612 3903 3332 28157 24993 %n2517 69
10193 11559 15491 23264 8561 37503 27579 17976 13159 14642 9870 15124 31623 27752 8157 19686 20399 22741 32667 38495 24181 32452 25323 1902 21174 40993 15374 25618 31497 16843 38200 18363 16838 31616 38303 39801 17946 42371 17062 37445 13422 32154 37091 1977 32276 40126 31858 32759 20684 32795 14478 34747 39699 44282 37491 11669 9731 28143 14659 27947 21611 38188 18597 25131 16318 28531 29936 12701 24888 %n3080 70
3382 27059 11419 40350 22485 31917 25037 34641 26373 7522 12891 2627 11729 27640 31300 29999 9164 13928 25127 14124 16156 24373 28694 37438 41879 1269 32656 32964 29869 32033 4263 27630 6517 35647 7062 32346 3070 42996 21619 13592 25655 23594 44185 6906 21123 43073 21407 24169 26014 36630 6581 8298 665 18840 9587 15029 32733 13832 20518 9423 28573 26411 40140 27960 42736 16184 30723 775 8542 40124 %n382 68
17897 12365 5228 7854 39193 21681 33526 31157 6485 19316 13711 16456 28356 39088 43869 24134 44653 18970 12326 10613 15799 11813 27909 26161 6583 9983 35730 41136 9088 14896 33147 30093 30829 18636 36012 4145 13370 42492 13154 39852 36690 19271 22600 42802 2563 25467 39737 41472 13074 34625 34076 17943 6978 13094 17002 38259 3708 19784 735 29284 44407 18442 44349 42983 13052 13880 31772 43253 %n4090 63
36821 8312 10962 40948 6577 29635 30368 41429 44134 34494 40419 14042 26933 20951 11533 307 26530 3749 30436 16498 11104 20801 21373 14525 35188 37436 32492 32157 37763 30544 7817 487 24423 31524 6022 26728 43622 3197 35239 30163 26877 37549 40193 36463 10659 10465 13172 40995 17036 20193 8641 11839 28397 12152 4714 9980 42582 38973 27967 28846 3300 42577 17208 %n4151 69
44284 44729 23437 27593 39927 29362 15929 37203 10955 12445 19186 35186 25861 34087 29924 24739 22414 6777 31056 18088 2610 40370 6148 25501 13632 2851 36634 5045 12657 41530 22242 29228 31363 43226 32869 18417 37467 4004 41298 5809 12676 24751 16632 16414 27999 1210 43124 39752 28229 35193 26911 27992 27518 23845 16250 33389 38723 13695 31485 12412 40364 26288 6502 11777 17883 15725 20372 43061 5613 %n4166 69
6108 30532 7067 43598 38565 7204 20884 15436 44359 38159 23458 22280 15598 12336 996 20774 29255 29692 33062 1803 36320 29337 9282 41998 7250 21710 23057 76 14355 1595 10866 8762 5744 2239 2023 5321 28923 33477 42215 7402 3124 762 8505 9717 43976 28141 3911 15811 3209 19459 36540 9675 35698 35389 13868 28675 4721 8945 33429 12949 29853 16551 42295 243 13759 15512 14578 22675 22660 %n3230 68
2902 21253 30932 31155 41766 21719 14043 42043 3272 22349 35205 10688 12385 15981 13453 4458 23158 29752 33669 42596 27946 15518 22705 20522 2351 39261 12896 42830 18473 37725 24336 24221 18356 36519 40779 10767 25782 6979 33894 26943 23072 8848 3186 12598 3628 44585 40078 26436 19175 3282 32962 26797 40138 13587 22459 44464 30652 457 24840 39296 2580 39122 20356 5094 37803 20835 23211 22913 %n8 69
20913 38638 44533 3127 36662 34505 40449 12386 38779 34350 19343 42044 27646 613 27914 32351 40879 44508 1960 42017 4032 11985 36885 26190 2731 36598 6513 7622 2528 21552 12897 42377 38415 13212 29950 14624 27221 27935 7465 23750 15051 4196 7658 18280 24039 33397 20677 3160 35220 16762 19733 4341 28711 34833 26040 18073 7956 44150 4471 15882 4294 20879 2364 38908 43357 18945 9967 3688 43326 %n2174 71
18558 29909 23353 28231 37264 42497 13946 31295 1847 925 30408 35405 8297 33944 21951 41646 29944 3198 44640 13343 33876 21873 2116 24876 10598 33721 34339 41575 14373 35367 15478 6050 1733 25418 1084 19001 4300 42278 33497 16749 25168 3947 6841 40325 31041 32058 1963 16595 10 8527 9764 38747 29225 32467 13514 24031 35486 32891 15337 42137 29865 11626 40985 7007 36585 3611 4182 24442 10377 17575 31803 %n4060 68
30036 19936 3312 20110 43977 38721 11878 18127 20336 29165 10482 40922 5781 32325 29606 26473 27257 12902 30043 9178 8484 44206 19696 10532 42352 4722 15012 28833 5841 4769 7140 16615 21930 38216 4062 43436 27199 9911 31883 16863 4247 36727 4856 12058 37152 9051 4275 32766 25183 34437 2819 3888 39069 35816 42743 38010 38845 39703 20767 1150 6638 37013 3151 25193 25095 11476 4334 32632 %n492 72
33833 8611 43210 26673 39085 18556 3900 32844 17570 482 33489 29989 31808 23822 44523 20772 9545 2388 1044 31161 33856 9425 41506 30618 36251 28051 32963 25224 31544 28415 12615 12980 14750 44589 32295 33016 15010 39337 3293 37681 42464 24847 15664 38900 36412 35936 24460 16167 41466 41518 39033 9266 35253 42369 41913 21048 38677 41629 12012 14214 35362 7196 6214 14965 31621 12185 13260 34368 28986 10393 6541 15771 %n3852 65
34525 13896 26439 43201 6102 6380 22873 22532 12493 24091 25943 42119 43160 17044 1400 33564 7380 15327 41614 21117 1338 17381 13280 35002 7126 37724 7252 12146 5968 28761 30152 467 12134 17957 18667 27878 37513 13394 16279 17630 41178 29588 43032 25250 11129 41067 42585 39420 9728 3079 9386 2303 15767 29486 10181 7281 13683 13965 6444 24401 8991 8251 38666 26927 41846 %n2962 65
40705 17632 28657 6271 8259 4595 31332 548 31875 34487 22616 14617 29842 38267 19811 32286 33629 33598 31800 4212 42030 5549 25712 33991 14682 33857 23165 9179 7088 7053 19135 27838 25620 6641 22769 40421 17829 31713 1636 30785 26935 4854 20706 6923 18776 23709 5038 1224 16383 30538 6037 24477 42567 24295 608 13262 28471 36093 11944 24968 5591 17989 2833 8200 17296 %n2250 64
36008 37991 28616 12535 433 2416 13685 16857 27464 29670 7771 28258 15847 1645 16421 23055 32680 3844 27536 30806 25100 20327 39660 41358 5095 15821 10620 32186 20558 403 39067 30422 11630 4718 5869 36605 33461 6780 8487 23127 44476 17842 34175 37028 15580 42200 35269 7722 23471 16248 4640 1092 38109 5032 35861 40587 13692 22081 797 37170 34416 8417 39413 33392 %n1627 70
32845 31090 35519 1528 29911 23988 34657 5110 40816 35551 35040 38803 2820 21299 5288 37529 15448 20394 35138 30775 26044 12162 26119 26900 26642 3376 30375 34783 41291 8824 19166 27984 18989 36809 42239 24670 25939 25833 40681 40670 16443 41331 38938 31420 30340 26509 18836 34214 12855 26875 38905 10330 36172 28611 31452 17136 28678 42115 1526 26729 40417 20983 32775 24674 12022 21948 12807 35688 39857 20516 %n705 67
17647 4201 21592 4812 29379 3615 33868 7989 12409 13456 2404 42645 2040 5693 35852 28436 26223 5742 38636 28965 21648 32796 19407 9232 17519 13779 32135 14667 8240 41073 42776 13187 23729 41072 31771 24975 5302 24954 5180 21132 5506 9050 8391 25605 37720 11371 27746 44208 27251 39323 28887 31116 44507 19967 3142 32422 8420 33134 25301 23911 41520 37185 42089 13881 39727 15454 33649 %n725 70
22028 19868 29438 10174 21300 9946 20644 39081 22838 12610 13170 11376 25850 2906 44304 9995 565 27829 40247 22106 37490 39042 23685 41894 15053 787 17565 3478 37420 14927 43551 19110 13516 30987 17008 36604 43338 29659 8669 1987 25189 19871 22802 14010 12914 4807 37593 21980 39741 2601 24208 2150 19182 30547 16018 44100 25682 40151 10833 37756 23330 19337 24947 44671 44668 23138 5446 23725 21265 34942 %n3792 67
41430 4064 16382 5674 19761 30385 43501 31410 27345 16023 42706 9542 44052 14294 32709 20691 6110 22865 37133 37411 191 26609 32225 5688 23746 3485 27731 12457 11066 44155 12066 41975 29047 37742 16635 3384 32468 18082 7605 35050 15639 42042 23624 9491 11738 17788 27440 27957 18111 21485 9424 42646 6410 38975 43449 21956 39849 27132 17185 34596 38277 3887 14007 12353 5209 8644 21651 %n14 67
17341 22037 5259 33202 36198 41682 17719 27881 956 39446 6251 30100 28883 3563 33170 34639 24363 25106 691 16085 36272 19426 19513 44475 29391 31312 1872 20325 5200 32704 749 33600 33798 1334 29188 23543 27409 39969 12664 6648 10153 37781 24319 2190 31325 3833 5096 21702 35157 8674 31164 11128 30725 3223 42473 35789 36520 26450 31148 23823 11536 6796 30754 19157 7747 42844 29059 %n4274 69
35803 7019 34832 37212 27707 14052 41510 38599 19167 34834 9339 34453 20383 5774 40607 4841 11170 3042 27156 40476 38604 28253 41208 11116 14037 24664 15547 5460 36595 19235 9263 38146 22728 15220 24194 23253 36867 29641 17251 251 13136 41777 20685 24118 8673 18034 4183 41080 23170 37612 40547 5316 3583 13687 32590 10306 30691 40176 24522 37393 20592 36105 15333 2255 35464 35013 4224 4833 26091 %n3163 61
39248 16732 14435 7881 18810 25262 12037 7286 38712 44636 39135 41172 14787 16321 5421 18022 7282 337 1477 40039 18279 33807 41924 40282 42456 19947 19620 29292 26297 36553 10057 34752 39938 36165 27574 3149 17768 12331 16524 38148 42152 34892 38115 3722 34613 20556 25020 40939 27234 31655 15471 4710 26944 5044 37256 22205 34059 7738 625 4792 25619 %n1540 70
4156 16262 35608 39865 44278 14545 22247 8734 27175 5447 19565 36244 21737 40170 15571 29810 39060 21506 3906 15458 5424 41848 39571 31066 40484 24820 14326 33979 7032 20384 25232 13828 36954 42045 14203 10848 10024 33943 43384 39957 37327 27240 4771 7245 26903 21438 2957 15008 184 44291 8525 38377 19861 41720 39117 32827 5217 44096 30989 12841 14341 37234 2033 3269 43140 41293 12510 11306 22635 15883 %n2768 68
1552 27069 504 21578 24225 9340 18244 24389 42787 37449 32415 37124 19138 3024 27897 22863 42173 38039 13764 5877 32136 43700 5860 124 19873 41789 2359 21975 16547 1360 26807 12532 5713 44256 6177 42698 42799 26749 19843 3866 2622 29357 20067 25360 17606 24656 10372 5190 28267 25289 5939 27844 31952 17720 13793 28315 23332 24634 30148 13072 22623 22147 32925 30317 32183 36416 39317 12784 %n1325 69
41241 13808 16471 23503 44215 44144 1594 14773 32756 12619 8455 946 26222 42514 12912 28061 30550 15420 21076 41992 28624 20360 38589 4664 42091 6925 7241 177 22234 3383 29046 25559 42085 7262 4596 39601 42857 17493 23104 26612 14714 20318 34643 43017 5577 22347 27391 31653 8983 24356 10549 20707 33843 11122 21610 30137 2493 21461 22745 3183 41256 11002 35633 15679 2430 20089 6940 10615 32565 %n4656 69
16550 4699 783 2406 39200 28690 40651 19027 22640 5720 28175 10111 36545 41330 5626 44009 35131 12945 32791 16511 1859 42540 22759 24787 42068 2685 12796 19430 21062 21615 14518 35081 15522 31493 25728 40250 20363 3952 24885 5929 36191 30265 40721 27540 13688 42113 20816 23342 25159 64 30520 43903 36692 16744 35468 9033 4532 15277 3488 41797 3654 36668 40268 28778 25536 7324 18563 3398 28919 %n4541 62
30346 13581 1596 7890 10932 12196 22036 42167 2455 36000 20449 32662 5456 15117 22708 11822 28328 5426 21963 756 12759 20867 37940 11056 2738 23819 13441 30559 2088 3514 41652 38391 20087 4801 43064 7365 39484 33139 16887 26469 17906 30852 37180 43720 3354 18651 6278 8388 40905 1743 4491 26631 25114 27390 7619 44391 16446 5750 24881 9594 6366 32646 %n1481 72
6781 30635 36367 20998 10844 34807 20029 8087 19050 20821 542 34178 589 5589 36625 14698 19055 41464 22595 35766 35839 30832 42702 26249 39106 15740 11314 37579 29077 35733 28744 31054 34998 37299 23413 27744 6720 20570 22181 14851 15143 18746 30507 21119 12520 26146 32232 5850 23628 858 28475 35303 40308 5483 32097 27014 6487 24873 34294 15726 31934 9742 41460 4515 35236 31251 34291 38783 20023 1057 12138 43015 %n2833 64
36395 37543 39421 24818 25899 23489 12207 6943 37233 33703 26617 34612 10498 6147 35357 41014 8076 22851 18150 4435 11434 13878 8719 25586 6749 40223 24590 42711 23930 39768 28804 13830 34216 25244 23180 7917 17177 25025 32735 9791 601 22945 14920 40709 1305 2193 14148 38121 41027 30820 39372 19963 38718 2206 442 19061 27851 20905 39246 11506 43953 5970 2808 4497 %n3347 64
21280 29333 2041 786 19751 527 8907 10334 10399 21792 1028 43007 25009 10661 35910 33290 17194 43862 33002 31641 28025 4973 3341 24587 5350 14541 6840 28971 33529 19278 2981 12639 41217 13597 5967 44228 29503 27079 32859 36617 1707 26784 44682 5282 12631 12008 16057 12187 32169 27854 17244 26854 16116 7951 23243 11382 10518 20286 5025 24618 34528 23800 39543 19705 %n2089 67
36402 17865 16303 43613 18137 30011 3656 25405 23242 19467 5046 20891 43435 4641 31712 8791 11179 19646 20011 35932 39074 39347 2535 37685 7926 19238 7536 15379 11272 9246 40825 14628 14379 18141 8767 17742 41 41008 39084 29425 25181 43987 28 43004 15774 36266 15293 34279 13239 34538 1268 27267 5824 6489 29849 36289 11599 37320 44257 6980 1833 11118 6945 11062 19973 14984 16922 %n1949 66
35646 37818 43129 33739 29005 22009 10004 29291 36207 19147 642 22903 39816 19247 33298 34766 22014 9641 39657 21276 6019 9560 35705 20900 7246 5086 4388 4485 29162 34800 17338 29764 12862 14157 27552 24110 34289 25828 13653 14437 41675 13457 11067 17850 2252 21240 12920 10683 38749 6390 8272 29462 354 24834 4356 36293 39034 26582 30454 15100 43424 441 30251 29227 18795 6289 %n2832 65
41387 8618 18108 13033 29916 34583 27763 35395 34599 44479 22915 40648 1094 3845 4037 40716 32535 37114 12813 24359 25656 15432 6756 1451 39408 15033 15219 24537 7505 1772 514 33852 31618 16448 35098 42833 32173 6404 18284 41468 34452 23081 26367 44495 11232 21011 43899 13365 10221 9653 38785 28913 16369 34019 30109 21791 37570 25678 4153 16697 30160 7910 37775 11661 17201 %n545 67
35827 9240 1325 29484 17102 18182 20845 27373 14519 7059 41853 38305 4168 3780 43799 22555 38317 25804 27187 39375 36819 19945 34605 6808 15122 40600 20852 27996 40554 31062 3095 3288 25698 24364 43189 23126 42962 30931 34285 16381 11886 7089 7168 5289 37336 7112 34727 20148 16189 2115 342 32060 32041 1391 10014 4325 7132 36400 23682 11011 16546 14194 39859 12517 40393 27351 32323 %n4874 64
30399 16796 30969 26059 29380 34207 26902 28734 4823 21733 33777 33656 30200 11390 37245 977 21589 42334 13396 13608 4066 10248 33612 29656 7121 39240 33587 36782 11640 42978 5334 29437 20963 37878 33368 2066 30994 30124 22150 36866 10138 26349 9710 32812 42543 2267 18890 32779 17687 7563 23185 3491 32401 12228 31949 42752 12778 22112 1845 19056 16896 27374 38230 12918 %n71 70
33684 16538 39368 5161 35634 162 28742 13817 3417 15766 33818 29851 36712 21015 37020 21361 32654 33904 9993 32777 28187 32700 10332 21351 29267 5234 26103 39763 7455 5728 2759 43895 981 38960 27167 42952 17607 6606 17947 38082 25666 4668 9076 38934 15814 44720 15000 43582 42994 35317 34619 28969 30490 22869 26371 41104 27906 25997 11045 31938 9435 17526 17908 6220 4725 690 16888 655 38501 30402 %n3417 67
30284 21129 27616 23267 34931 41972 39678 36729 10810 15588 40231 38302 44419 39016 31140 17801 14721 21039 25674 43273 18500 42488 39416 43732 7264 30146 2656 18354 6478 9302 32361 34469 21535 14049 30033 21620 32787 12818 33797 15586 23917 1680 2750 10923 18903 1555 32512 23282 30179 10842 36691 29101 25824 37244 4806 31651 33579 1083 1708 4076 43863 43173 740 37702 28208 39245 19962 %n128 63
12128 42744 15189 3466 34165 27342 20041 15073 6697 20177 3189 9003 14748 39844 16330 39568 33292 38987 36563 966 42132 23949 21258 32344 28174 27849 38404 18914 24007 2045 19203 3347 16519 5957 16952 10988 37876 27442 612 6159 20989 28317 29042 31925 36285 36741 25607 15880 42275 20285 6237 22404 7646 17928 3048 32066 4942 35274 26952 37175 10466 2061 3305 %n2328 64
40586 32500 10726 6828 43989 3037 18305 38568 1569 24997 634 16878 43250 9390 7462 31517 33098 32824 34382 26872 17295 5848 40824 43455 29937 12856 18032 36592 33824 5490 3794 43277 12007 16170 24743 4831 15297 41089 41744 2697 44392 25880 780 37914 6591 13501 25257 16276 39450 19771 9953 18656 24191 36854 14350 27633 7833 39344 20670 31959 33740 25743 17186 44152 %n926 67
3361 41152 39717 22519 17580 2240 36921 17006 37999 29812 39950 33742 18080 5775 19115 19979 31120 29504 1808 19076 20305 25527 23598 44076 32621 16648 40239 39811 33506 18996 23565 4545 5402 11671 367 1590 10566 41438 27813 22534 5137 29414 32263 36243 3943 10108 30476 5450 37722 41047 36294 41705 6630 25241 39136 1852 13555 3148 18843 7190 9241 2468 17602 42427 2447 31594 20544 %n2624 64
32743 16417 35835 30758 32708 31430 19738 28765 20652 33883 25663 34002 17810 3761 41357 29140 17307 31716 14404 5412 31571 12797 38481 2953 40781 12502 22206 24681 333 30645 13645 14499 31723 10677 17043 39358 10924 20112 22715 32105 2774 554 28828 7553 31370 25680 8395 19769 9512 23593 40038 4059 488 6084 36881 4853 43452 11572 35196 7155 30405 1412 33520 20077 %n2774 67
7163 37884 41579 6946 23263 10211 16314 39044 6318 32214 25854 11325 39555 3591 6732 39921 33111 25180 10889 34754 13469 16971 38364 13367 43920 25437 42569 20861 31176 2894 27830 22860 31854 10255 21626 35266 27810 32404 39824 22846 1365 10879 40862 32939 10716 30427 36737 42226 40362 19245 44624 26914 5538 250 44439 35106 4999 22353 12087 13434 37226 1478 24655 8867 4875 38673 24257 %n2339 61
4879 43378 31845 22758 26636 26896 44079 16499 4547 37486 14648 5963 19954 36221 18762 7525 17245 37157 1805 20374 1020 19428 15713 9883 29651 9937 3964 13264 34629 22775 35042 39913 9862 31101 3182 38928 24913 36258 3578 26504 29560 11086 38137 91 23151 36457 24795 40309 30382 709 14800 8610 32193 33571 35473 14949 22579 12566 42133 43235 33523 %n1537 68
8336 19716 44675 4420 38762 27930 40423 8421 42889 36531 37313 17937 43181 33434 34223 21632 42575 13464 13629 12746 25057 9347 1143 13850 7971 37547 44579 33078 7083 8654 10690 41885 16466 37385 9745 32959 27870 12002 31958 11755 7024 42682 114 38430 32194 32831 6288 4963 9089 44405 31443 24275 12720 41545 31343 30144 43788 4134 5572 22449 6143 24262 30926 38410 30238 628 10201 7530 %n4096 64
12658 39164 7915 28687 26906 19458 11774 30911 29557 39887 20013 32543 21613 13450 27797 23791 41701 43713 8887 19527 14097 1666 16512 7472 37187 9847 4149 6363 31847 29298 2792 38118 32062 15758 1748 13002 16103 28822 32648 17467 29433 21972 28736 15321 17188 15447 42046 30671 36842 4230 29143 17257 26536 32575 17830 14482 8623 20141 38335 43695 16096 7184 11936 22095 %n752 67
28358 4748 26163 21332 13927 25117 26916 27086 40218 20273 21556 22543 18560 31766 13750 43323 22753 2659 7208 16286 10229 24058 8175 16759 33928 27977 29287 33470 21448 760 14680 10813 40436 23520 38746 8151 21731 39828 34148 35078 1484 39557 2310 18904 10165 3678 24035 41352 15831 35203 23005 327 10719 11627 11383 2664 12628 38777 12189 30027 43907 16048 11982 16859 5294 43001 31117 %n2097 64
28985 25186 37595 20710 3059 24023 14237 20741 27745 44564 29377 7983 6694 38293 9027 30870 22316 11712 22901 13528 32718 21082 2778 25518 33985 16525 31308 8405 27061 22416 36631 14710 25112 32568 23938 36776 32332 11500 27513 35613 42303 24281 2573 31613 36982 42452 13083 5104 1069 24848 15653 8940 7726 1432 22050 29519 5064 43525 6942 21277 29925 43451 34645 3529 %n1240 68
10624 36831 22177 32650 3974 25944 30962 36985 34493 17369 7922 14857 26355 11520 1996 13552 43441 2733 35969 43930 33837 19710 24582 13984 19542 14511 33757 12578 8134 24063 19474 38357 40678 41154 11988 33902 37652 511 4364 27740 26437 30959 33037 4991 37177 18214 6785 4385 27663 43553 34988 13353 42725 29172 28193 41548 3629 2672 28129 5935 7893 5842 12483 28814 19483 41303 30419 18899 %n125 63
1990 35366 31500 12232 963 17278 6378 1220 13391 37903 4068 28762 37132 2511 19548 32948 3758 44114 1315 44378 33962 19152 1688 13145 13680 39460 15703 24429 28211 40232 35383 42549 14801 41710 42985 2959 21463 13411 20974 43637 3029 43531 1419 34677 37392 14138 23000 9572 36912 42877 38058 38886 30657 42079 4451 38441 33924 11262 30 23533 14588 19621 14092 %n1296 65
11938 11436 22237 37377 21847 12231 7306 19075 43826 29598 34716 41459 41495 2931 1078 22727 4306 36748 28832 31296 10995 14746 13795 42937 26752 39735 9190 20315 19643 39885 41884 25483 23609 19535 44040 29573 8481 32806 1954 4848 23184 37364 10472 38691 37660 5465 20151 31380 1005 38388 41079 12201 11319 36147 17475 24870 32558 3891 36743 34601 16230 23615 23307 15613 21144 %n1656 68
38487 1366 8986 4800 10020 35853 18931 5766 8197 28299 24466 9102 36546 26654 11919 32454 8325 6763 18894 22878 38241 30502 14959 42023 38952 773 14797 36013 26865 7085 14298 27371 12739 24127 4887 29031 29296 44430 4490 21916 32252 43420 40504 32549 31446 28078 26572 21323 36768 43200 16458 42772 30868 9405 29525 39534 10535 5609 29556 122 20385 22742 1395 26618 9107 29405 2059 5936 %n3233 61
40198 35622 24251 9204 23186 25872 39814 39819 28221 42185 37052 42414 19133 30814 6266 39790 40089 5996 37868 31183 1011 42759 24704 42225 3232 27282 37738 36646 23335 11468 20350 8227 20666 28825 10788 39335 25542 33230 1668 35653 11948 18680 4107 17418 18723 20044 21239 14596 16175 36517 6486 38969 35005 26124 23207 7068 16275 17779 37272 16781 36015 %n4240 66
29399 34308 40374 30576 13091 1544 17841 15468 9259 28191 22402 13561 38128 30640 32855 19573 44328 3958 6514 15169 15941 32854 9421 37589 23816 33560 10042 1968 24431 36460 36250 21053 20172 39170 27789 25815 13852 32368 37760 20355 6849 40506 18174 14302 33407 18637 32498 28693 9758 27875 33070 16436 21493 27598 1487 19033 21069 28670 264 18140 32924 21409 24514 40219 19354 8453 %n2756 62
30711 20215 4684 13678 21465 31223 5451 30077 4361 42157 37199 18559 12873 30458 30629 25688 27917 43562 10616 7515 23501 35940 21266 7337 26871 11249 8354 13940 35161 16484 21453 13252 10903 25325 41819 31159 30620 41149 3781 21006 6117 3447 4162 15102 40691 41670 35792 2161 30746 36730 34957 18902 29799 4102 26918 14729 40645 42588 34063 26566 27136 40102 %n4389 65
8602 37623 37562 31200 9443 37683 6864 31770 41869 17845 20009 37808 12715 22972 7542 4978 5672 37125 6696 1464 25628 31106 17116 25156 27683 21127 23770 40062 43312 15493 12046 43669 28592 34637 12329 34323 13743 28679 35401 42741 32898 44575 11909 5374 38120 36709 12429 29395 32425 43537 34714 26744 5300 1972 30330 12695 23961 10300 1415 17932 17919 36415 38563 30134 27349 %n4567 65
475 5439 44018 8164 41608 43282 26323 30605 689 38929 7072 12174 24732 197 34460 44654 7941 3317 39706 13739 7762 13211 11010 44271 22850 24163 40307 21116 15762 29063 17900 32809 11196 33752 16123 28827 5491 34597 8345 31510 13013 41297 16554 23537 31508 25950 22602 22664 40318 30734 40160 43248 23942 10288 14385 11159 22832 6031 11862 14271 27636 15241 36131 38646 13593 %n3509 59
6528 37480 38479 32146 40228 43040 38215 15984 18540 35902 28820 11448 39077 44148 22251 6931 42853 8258 18287 4757 36683 44572 33031 37974 42867 5417 24580 35869 40794 41519 33884 36990 23552 34967 13371 3612 39888 3094 11176 11808 30320 11637 23980 30068 38755 5227 26757 28607 539 22367 8566 21906 24037 28704 19035 35909 15654 34509 21003 %n991 64
27529 12175 30283 9082 8107 22911 1299 29016 28576 32611 29983 25213 38412 18517 42568 10415 4091 20806 39124 24891 36615 21639 36939 1605 16356 39645 8659 41482 9917 40509 3955 40328 21343 40965 33625 25233 44416 14964 19531 19964 20021 25477 15371 14108 13712 25738 43087 11990 41810 7432 41610 2800 30753 22734 1123 38617 22113 4651 18249 35868 32917 42098 21221 39758 %n3315 61
1195 38068 17758 16139 26153 35865 13259 36325 35312 43101 27677 39611 22107 37338 22098 15940 7081 30445 2843 32205 27923 4851 21502 15141 6564 10591 44363 27294 27348 2506 17273 21329 34866 42478 33788 32865 31729 18360 2300 21366 28633 21606 930 27408 24020 19003 23715 38821 34504 27411 12772 35963 37478 43530 21310 6956 38664 23973 6744 13908 10150 %n1973 63
2082 39923 38590 168 36167 32784 32730 34430 35248 183 31503 34991 26284 5803 36392 42966 9954 19150 40884 21848 19824 6406 17504 43340 32574 38024 26350 35455 1216 40305 33249 28921 9206 37961 31636 9110 11042 2634 23728 30349 8486 34884 40389 44128 501 38476 43873 39562 39443 27872 13420 42 38063 23494 24942 1434 4568 13674 23013 3986 31402 40016 13356 %n514 64
29675 9618 23526 19315 13496 7493 37841 24685 25507 29695 33590 23344 3221 35375 27963 39503 25135 44184 9530 24159 36238 35814 44120 24781 30103 84 33190 39306 30056 10758 34567 31678 18739 40390 34839 25098 32581 730 17263 42192 32459 29018 36027 26894 30653 30231 22374 18264 24517 19602 12062 14104 39309 2367 15746 38318 22078 377 10324 23069 16654 8844 21884 28849 %n2314 67
22253 365 17734 3663 18513 39987 15795 2398 26372 42547 33040 5903 21745 9377 40468 20819 26071 13981 12844 33282 9996 13500 29811 21312 18353 10176 37434 5686 5633 42969 13964 40790 40768 30670 1791 41434 19986 23857 6594 6133 21074 25113 7158 18672 3400 41130 6629 13816 36101 29196 24157 11454 38016 37382 27328 27024 33052 37138 32244 43065 34845 23212 29779 44006 1164 39220 23710 %n503 66
3327 5389 14105 9191 24692 44187 15700 22929 15885 31700 17651 44005 42668 22804 41351 24611 4682 11421 31675 19926 10318 17479 26893 24602 14158 32838 27805 23352 38897 8788 19309 44691 3729 34937 39166 13429 28542 3813 9022 42512 26614 23098 5090 18302 38649 22617 1183 8110 139 31592 16870 23096 22646 27278 33332 33448 5979 14033 8975 1036 221 37812 1402 34251 42539 16919 %n3232 62
2998 16588 17748 43743 7315 2846 4678 15148 7497 17357 41870 24508 18347 19335 28002 1085 35177 42041 34447 24986 726 17050 23849 20923 43703 28743 3913 32561 20074 31992 35430 27953 4339 31893 33456 25802 26861 41658 24974 35416 12632 32359 43563 11084 4413 33442 13368 12313 9793 30269 3975 30992 38012 38916 35654 40986 37335 19202 35113 19358 4269 9360 %n4131 62
43320 806 43763 23018 20607 29006 731 7623 28043 5471 39776 17166 17929 38240 28563 13859 8503 26352 13403 26466 14803 29979 42699 19633 29251 32333 39655 43110 12508 12589 4099 33678 18973 21320 44019 8053 27555 43982 5125 28644 1086 23177 14764 36907 15341 16281 20401 20490 36142 33766 2922 30468 38099 24361 11820 27751 21487 38689 21771 31515 31271 5221 %n4022 65
21741 41160 7410 21684 30676 26031 13424 32930 147 11734 25896 44408 37469 19312 1916 29325 23614 23818 17090 37038 34911 14381 38114 15594 11481 18479 295 5377 24897 17963 30965 39536 23592 17316 17100 6339 51 236 14098 4096 34620 11482 41124 18757 32234 4598 24355 32509 7328 29269 3815 24627 6334 39780 1186 204 30510 21668 18304 20865 26065 17542 5410 13220 14540 %n930 65
9207 18505 19948 25492 36791 22461 18595 32086 11089 43518 9626 18319 30244 16292 17447 20503 9578 5482 31007 24053 8913 3477 5378 29350 29054 3851 37522 43548 33563 21518 14720 28164 19676 25216 20687 15204 22220 29607 36734 18877 6189 13806 38772 38008 9013 17224 20396 43406 20349 40910 2381 13691 41093 15095 44658 20943 20306 5993 44143 27009 1232 3910 10309 17155 38439 %n4069 56
16763 9213 27121 20874 25995 234 21243 42651 2441 30472 189 22983 2525 37573 32179 24368 1335 272 31827 23832 11397 43268 36582 17079 26339 33436 38530 39567 21989 19106 10851 2299 5799 16160 20269 32830 7482 28300 43667 34358 6674 14534 27471 23317 36611 31359 35836 15182 40136 26420 34951 12318 41841 15908 31747 27343 %n4548 66
10823 33775 29742 5918 41348 19331 4041 42652 1989 28293 38741 42880 28021 38435 29998 10333 39053 27435 309 18976 2444 24155 24049 26461 28465 17293 4452 27774 16701 14816 18549 34768 10355 32349 12303 18165 25717 37958 35798 12163 24908 31424 38578 4731 41435 44542 39642 3936 11251 39509 34850 14616 26317 2432 11933 27331 5545 22281 41206 18387 42948 36482 42591 5708 20159 37217 %n1645 62
10762 34489 41605 37796 959 34568 28689 15755 7358 38997 20643 39783 29712 23331 15176 8331 8668 33211 30303 40937 7932 19687 29831 40829 28721 21457 14665 30935 19781 14425 14870 424 29099 36645 6006 11471 4773 7044 25935 9437 4763 13059 25946 21065 7289 31826 44354 9125 36981 34773 44660 22235 25370 30864 15753 17627 13067 35179 44297 23880 12054 25696 %n2700 63
44305 33165 33187 9043 24850 4363 19226 242 12253 9388 80 4159 19242 8942 28430 34889 14760 450 10576 31961 29297 10548 29131 18564 36112 4746 4979 35801 30628 22550 28151 36220 25264 27787 32104 34989 27798 43322 5030 4498 37474 41821 2480 12205 13509 30531 27115 7964 29623 10167 8924 30546 7383 9001 22982 33514 18864 27834 12434 10565 6023 25646 18649 %n2765 63
15590 11294 17671 21704 35310 37982 22221 11993 38959 20012 28654 21094 30175 35229 11228 33172 1447 586 15959 11244 30224 29330 24531 42308 32599 40792 21271 23115 23753 13757 13675 40246 23763 17882 9418 23553 36166 15423 10894 8635 41161 9231 16315 11038 402 6549 14486 18516 5579 17437 40087 32941 12787 27812 26261 33400 6859 9802 27850 18932 16163 14198 26951 %n