97
4663 21
3355 38803 4611 70232 69416 13932 7352 53547 1238 61487 59003 60234 65596 48732 6636 79040 73732 7741 78212 65961 61392 %n4643 21
81196 86839 50983 87230 44990 62536 55585 92309 22096 38058 6381 84955 64429 42756 76948 21782 19630 14148 77973 93697 16155 %n486 20
60475 43333 42317 38573 4638 7687 1423 12878 32828 75907 16235 18367 8934 80263 3513 25851 81861 53743 31982 87711 %n875 18
34372 5077 79950 19570 97976 10704 61650 65919 2537 51724 7265 83705 2172 19746 61289 42632 37388 40636 %n2149 18
91441 58482 5680 23836 82680 94524 13218 44910 71727 27259 29021 77755 92517 40677 68275 33695 59189 64729 %n1696 20
29400 25954 32867 7182 94667 55268 83556 40571 45025 58213 40501 12679 63595 77206 48593 49242 73372 4214 28040 36626 %n894 21
6147 68647 7028 41042 41945 80136 63043 47625 77757 95005 86868 88924 98435 8429 81670 52860 9758 61690 63628 54805 64206 %n447 20
99081 13781 60852 26596 54762 28258 20462 88196 16903 27855 69836 32876 2866 67182 65627 40066 39164 39208 3264 97310 %n4084 17
10816 41653 69158 7630 20072 94472 57102 90871 6564 44165 54843 49804 62080 98897 89556 21045 11618 %n8094 17
25883 81603 23940 3472 93584 55886 28122 34324 72224 48192 56659 92775 80776 21410 7446 11241 16968 %n4225 15
81745 64380 21137 70279 41391 74088 72235 23570 31164 15017 86937 43335 76685 29603 79079 %n8458 16
66035 83281 30482 86155 21195 72288 86362 83819 47340 89196 70855 44176 11139 4417 92991 37657 %n9355 14
86085 25367 40972 16753 5717 99385 44874 35212 45457 16114 49174 25654 72650 20863 %n7409 11
7277 51721 77035 22099 28381 91112 30187 85288 98862 87359 29068 %n106 11
59798 61718 64409 99905 61283 62835 81165 88201 55706 10446 85685 %n1320 15
20711 55649 23354 36287 44235 67911 65661 97731 66980 59784 8136 7328 1049 86718 62341 %n5568 11
43432 78621 3604 52727 56135 73118 12563 90096 57092 62039 28157 %n2221 13
46549 12318 34599 46703 72545 28588 59725 54812 7543 16755 26307 66376 61396 %n10079 13
98084 3422 15628 82623 67184 69735 44160 52233 90498 1874 47185 69831 61793 %n8874 13
56292 1276 31728 78146 85053 1275 61278 44263 45579 6514 98029 34025 89297 %n8588 13
43496 80044 16969 10758 61009 18196 90141 11637 30835 11 73555 72683 96614 %n3584 11
17017 65394 95869 11654 27556 25552 28899 48000 93470 26526 99335 %n8977 8
66067 11395 63857 9445 22732 72694 13614 34251 %n2976 10
52480 18882 81053 34086 28491 16470 50877 2645 11072 96569 %n1442 10
56188 52657 36582 70104 14200 25824 49081 38209 60763 69574 %n2186 7
50569 32827 21822 28642 32466 46282 78971 %n2648 9
40835 17495 95178 67981 58811 88660 4176 31237 21562 %n8249 13
5917 71671 17222 24795 49537 60823 54523 96550 23736 19429 52490 43140 57839 %n1430 7
70816 28904 29881 42019 30487 81383 60016 %n7032 13
10486 60970 2087 78830 15549 11955 40347 85836 97031 95540 38539 58730 29890 %n6670 4
261 50636 85508 75621 %n9962 10
3393 63419 4077 36199 98050 84580 98830 56700 56957 13162 %n1860 6
13640 35553 82813 41692 97800 73611 %n10100 9
53122 51659 31986 77215 52158 14622 15484 1217 15949 %n3544 9
31419 61949 69548 95502 79024 43632 1427 15499 71336 %n9684 3
50201 56391 39212 %n9937 3
62525 38345 90870 %n5959 5
40322 58281 92386 98617 3643 %n2316 8
95808 20076 22006 95801 77246 55489 44547 64168 %n3273 5
83905 79830 65122 63973 46691 %n6400 1
51506 %n8798 3
52925 74645 51661 %n7653 1
7324 %n11091 6
34825 96599 18935 55648 4180 73986 %n6318 5
62616 50226 24877 98195 40924 %n4182 6
46607 24982 22115 83450 28924 90935 %n11078 4
83103 4002 11288 69540 %n10657 5
79057 38819 13235 11975 33088 %n5001 4
53448 7368 86518 58470 %n8600 7
97564 65340 88773 95238 8267 60030 20740 %n11034 6
88231 73403 3601 22833 80650 26308 %n10941 1
84168 %n6842 4
71026 45378 39314 71803 %n3555 5
19712 97544 47499 60510 75841 %n9002 2
65087 95764 %n7306 3
11104 15818 58946 %n8337 2
32914 47656 %n8980 4
74215 47438 41406 53532 %n5847 2
42290 82297 %n8412 2
36138 48962 %n438 4
65102 23032 58218 30176 %n9409 2
86710 9029 %n3126 2
86356 78979 %n11191 1
5357 %n9789 2
66201 40862 %n5999 3
17502 5925 23904 %n8304 1
2623 %n150 4
64706 75697 15193 9257 %n7092 2
85714 36113 %n1415 3
61801 55049 82087 %n6112 0
%n2808 1
24570 %n251 2
32931 82426 %n1427 2
67604 35195 %n4446 3
18757 60918 7118 %n2169 2
33163 22091 %n1653 1
32273 %n10793 1
28971 %n3054 2
42525 67084 %n112 3
78832 76335 49592 %n7401 1
75691 %n295 2
56447 72945 %n9451 2
64124 28622 %n393 1
89759 %n7108 0
%n3075 2
78989 9812 %n4495 2
50043 4942 %n8828 1
7534 %n8085 0
%n911 1
42868 %n7235 0
%n4619 1
31335 %n4990 1
63709 %n4125 1
6562 %n933 1
24952 %n290 1
88149 %n11422 0
%n