503
4084 128
50984 63273 59305 96660 59127 30948 61436 55767 58795 78759 3803 41744 87848 83572 61574 48076 96943 35287 34326 38011 81203 60678 85446 61238 52180 40479 59884 13301 41895 45927 19461 34539 17373 92943 38399 16612 32977 36606 30026 68361 12410 10157 79122 80724 30467 17197 82320 70880 24346 65596 59381 80685 57058 89275 69423 67074 35158 65011 73408 40495 95039 7915 1071 68515 46318 80869 83886 86236 36523 67392 80530 47780 52338 58022 11689 98726 49938 33342 66686 82659 88541 99354 56768 2266 3967 70868 79736 11657 69018 76916 12936 795 49930 30745 776 96958 17569 37968 5787 32547 2924 17336 17763 14436 32106 52512 76231 88835 8156 23581 64423 6647 86342 2401 51549 20113 7116 89934 75023 92801 27723 77866 35656 93208 83044 25773 53520 64381 %n1450 106
38355 49371 48908 47692 78249 61106 31933 87903 19362 16973 61290 15047 71851 96653 53488 79412 32786 72909 41493 87621 13203 42133 15714 54486 32644 29808 10008 78301 56250 98047 140 99847 9752 68644 71600 19522 67153 41236 44909 35136 81992 70783 14491 67399 5848 88080 48652 68240 20828 82340 45572 5169 34162 61438 32157 17487 45741 97877 90860 44121 18658 15283 15392 8668 73694 31120 84964 41188 4588 64183 67998 94556 73151 45810 90422 16029 5105 48517 2009 93276 54505 51154 3049 28182 58730 98457 56004 61795 99174 4078 66789 45950 25182 54026 2269 14897 42271 58273 47508 29592 29641 69226 30835 28009 58999 41465 %n2955 85
4939 23679 81911 33178 99440 55270 3047 76580 26609 8035 5951 24474 1047 37801 95778 92638 82467 77945 41608 79350 61062 91855 93811 20429 9646 76132 65624 46645 61768 24643 33692 69854 52840 57560 95066 62795 4582 33373 61819 31759 7848 34930 31674 90670 87462 52016 39499 58018 94295 76155 57590 71671 98147 83309 66025 33687 65014 63629 3767 26268 40504 82368 6709 10863 95118 78934 40853 46723 88755 59865 80729 98112 24241 755 52462 76248 45772 79298 61008 96191 31936 65479 86791 1411 39966 %n3835 68
63945 12264 67319 47517 16137 48169 17915 20748 63175 66591 81288 92256 42042 24898 34197 29453 50231 5243 82142 96221 69894 69209 22478 73002 48021 85085 41282 6682 48860 51285 59961 23558 88094 24170 38495 54470 10848 62433 53752 83937 91466 31509 5513 42737 22135 75886 20475 21334 58403 12326 457 67839 18364 9080 50357 60803 51203 6784 18341 14801 34477 92328 18926 14322 67179 48765 77054 1966 %n7655 60
96193 33234 16145 30705 75055 86861 74139 93647 51004 18802 79693 82695 29889 75065 51876 54493 22903 94525 7707 3083 55487 63891 14246 46215 11652 43951 36038 31969 42091 55810 75142 17370 58440 7168 2181 99344 55471 86217 6506 57336 62686 78195 45999 36303 23590 19045 76527 74333 13099 34586 68180 89537 42257 23337 23702 74983 3679 56214 91754 81160 %n4845 43
24984 88889 29626 40139 20413 35404 20110 98747 9402 59744 79250 75271 94971 34635 69101 83704 25771 86438 49600 34793 68434 60342 66631 54355 11531 67923 78953 66964 86553 58151 48279 56651 76957 1149 48501 98817 86979 3241 27083 7191 86157 3503 85836 %n4440 39
96331 7584 21790 90628 36421 72012 96531 15617 75425 49224 79083 28878 82271 44255 91601 11793 27538 91641 47138 69851 4602 97660 69564 56216 5029 37483 16566 38675 95727 86240 18599 26651 43835 91827 75426 24503 92860 4855 14125 %n6572 32
95492 67262 63592 75664 60517 46534 74019 50366 79114 61390 99839 25395 82876 57974 7339 69375 53193 65464 6522 91395 84055 2071 98065 71589 3533 31931 79399 28864 27446 7446 91281 92873 %n6751 26
30983 64366 28213 45844 76389 44787 36982 98420 8432 64567 7633 18729 96262 94983 82739 35000 48060 75574 51334 30522 80361 32583 65995 99834 41304 36976 %n2107 24
38772 49340 10452 22244 12913 16250 77131 56708 84014 65576 97876 70597 60136 1185 88376 54329 65402 70871 2492 11874 31744 74763 4908 56491 %n6328 15
91090 8582 44982 9201 67595 70421 92712 30235 30271 9123 31608 16844 69273 78118 48401 %n578 15
35816 61985 48959 95305 13389 60423 90673 81076 93930 2122 57164 33086 72421 98256 95729 %n5287 16
1659 55952 50496 39076 4830 94022 39829 95142 91853 17933 376 79682 35315 95983 6379 26026 %n413 9
44558 34535 86118 76343 75846 65082 47823 94607 72260 %n5921 5
95473 6889 77683 3714 1885 %n467 6
21289 77609 80149 13767 13619 94446 %n4993 3
8118 41084 19606 %n7122 7
47656 29528 70790 96009 88961 85876 72016 %n4160 3
45075 3648 37986 %n392 3
2658 61554 93755 %n6519 3
29603 99188 99994 %n681 2
2107 82620 %n3052 0
%n411 2
3780 63102 %n3557 1
94622 %n1591 1
6655 %n4096 1
87583 %n3341 0
%n1213 1
70474 %n3418 2
54967 12 %n5595 1
59859 %n2 0
%n6031 0
%n6279 0
%n7781 0
%n3395 0
%n571 0
%n4438 0
%n385 0
%n6127 0
%n2146 0
%n4709 0
%n1296 0
%n211 0
%n301 0
%n3766 0
%n5077 0
%n835 0
%n1255 0
%n5255 0
%n1408 0
%n5258 0
%n6571 0
%n3201 0
%n7650 0
%n3673 0
%n2715 0
%n5919 0
%n126 0
%n1860 0
%n7213 0
%n1185 0
%n237 0
%n6124 0
%n2636 0
%n5488 0
%n4653 0
%n826 0
%n2180 0
%n3913 0
%n2889 0
%n400 0
%n7719 0
%n526 0
%n968 0
%n7513 0
%n7054 0
%n6898 0
%n5147 0
%n7012 0
%n4513 0
%n2021 0
%n4843 0
%n1111 0
%n3272 0
%n147 0
%n1060 0
%n51 0
%n6193 0
%n5712 0
%n5424 0
%n1554 0
%n1928 0
%n2034 0
%n3691 0
%n5956 0
%n2318 0
%n1053 0
%n4210 0
%n886 0
%n2029 0
%n3997 0
%n3284 0
%n4732 0
%n569 0
%n5405 0
%n7687 0
%n5190 0
%n3865 0
%n7201 0
%n6580 0
%n5295 0
%n26 0
%n5641 0
%n7407 0
%n5027 0
%n935 0
%n2633 0
%n383 0
%n1589 0
%n1337 0
%n5069 0
%n5106 0
%n792 0
%n6599 0
%n3123 0
%n239 0
%n2930 0
%n5011 0
%n2689 0
%n502 0
%n2105 0
%n650 0
%n6412 0
%n3403 0
%n893 0
%n201 0
%n2164 0
%n6460 0
%n3828 0
%n3776 0
%n4098 0
%n5770 0
%n6026 0
%n7722 0
%n3706 0
%n5680 0
%n6767 0
%n3106 0
%n4284 0
%n5953 0
%n5124 0
%n1440 0
%n5100 0
%n7160 0
%n57 0
%n7528 0
%n3575 0
%n4377 0
%n7066 0
%n2769 0
%n5887 0
%n6630 0
%n2434 0
%n3644 0
%n901 0
%n5968 0
%n342 0
%n4939 0
%n2685 0
%n5239 0
%n3949 0
%n6186 0
%n381 0
%n5788 0
%n115 0
%n4989 0
%n3322 0
%n1698 0
%n5289 0
%n7001 0
%n5040 0
%n2914 0
%n6250 0
%n6755 0
%n6920 0
%n2128 0
%n5499 0
%n7359 0
%n972 0
%n6886 0
%n3753 0
%n4699 0
%n3817 0
%n224 0
%n5837 0
%n3529 0
%n3368 0
%n4187 0
%n6931 0
%n3634 0
%n7502 0
%n5231 0
%n2317 0
%n2086 0
%n5024 0
%n1629 0
%n5470 0
%n430 0
%n3072 0
%n1689 0
%n6501 0
%n3434 0
%n5967 0
%n2985 0
%n7025 0
%n2507 0
%n1063 0
%n6018 0
%n7784 0
%n6500 0
%n3904 0
%n2224 0
%n3755 0
%n2161 0
%n1982 0
%n5735 0
%n1268 0
%n7145 0
%n4973 0
%n3746 0
%n1606 0
%n6745 0
%n3100 0
%n5114 0
%n4539 0
%n90 0
%n6827 0
%n7306 0
%n7349 0
%n1993 0
%n2444 0
%n2823 0
%n2072 0
%n7318 0
%n4829 0
%n44 0
%n3931 0
%n2190 0
%n3167 0
%n1966 0
%n6020 0
%n7742 0
%n7731 0
%n3754 0
%n253 0
%n2176 0
%n7537 0
%n2982 0
%n3550 0
%n4521 0
%n2544 0
%n6646 0
%n7085 0
%n5152 0
%n1711 0
%n128 0
%n559 0
%n6991 0
%n1644 0
%n356 0
%n5951 0
%n1917 0
%n1852 0
%n6953 0
%n6738 0
%n2976 0
%n2617 0
%n229 0
%n7237 0
%n5986 0
%n3436 0
%n3472 0
%n1878 0
%n5050 0
%n3515 0
%n5085 0
%n5158 0
%n697 0
%n5009 0
%n3183 0
%n5594 0
%n5688 0
%n7783 0
%n3917 0
%n132 0
%n4025 0
%n7312 0
%n4658 0
%n2804 0
%n1273 0
%n1816 0
%n4568 0
%n6912 0
%n4349 0
%n5000 0
%n4625 0
%n2877 0
%n2609 0
%n3786 0
%n1226 0
%n3186 0
%n924 0
%n7796 0
%n2110 0
%n4343 0
%n1679 0
%n4500 0
%n7379 0
%n2393 0
%n7044 0
%n2026 0
%n1341 0
%n6257 0
%n127 0
%n4562 0
%n516 0
%n6010 0
%n4261 0
%n3504 0
%n5427 0
%n1324 0
%n661 0
%n2898 0
%n2445 0
%n2616 0
%n2295 0
%n2797 0
%n3868 0
%n489 0
%n6351 0
%n6652 0
%n1649 0
%n262 0
%n1310 0
%n1732 0
%n7011 0
%n3293 0
%n2638 0
%n1197 0
%n1578 0
%n3063 0
%n5699 0
%n4594 0
%n5034 0
%n6678 0
%n6349 0
%n7097 0
%n4738 0
%n3080 0
%n161 0
%n6358 0
%n3996 0
%n5920 0
%n4281 0
%n202 0
%n2113 0
%n2850 0
%n23 0
%n7677 0
%n4020 0
%n2700 0
%n2637 0
%n6008 0
%n7272 0
%n5625 0
%n2103 0
%n1016 0
%n6494 0
%n707 0
%n3963 0
%n111 0
%n6848 0
%n1718 0
%n6666 0
%n6660 0
%n6665 0
%n2210 0
%n7317 0
%n5400 0
%n4717 0
%n4105 0
%n2742 0
%n5739 0
%n4721 0
%n5218 0
%n6534 0
%n1939 0
%n5550 0
%n7613 0
%n4806 0
%n2902 0
%n3475 0
%n4807 0
%n2921 0
%n325 0
%n5843 0
%n3059 0
%n2155 0
%n5296 0
%n3258 0
%n3393 0
%n3023 0
%n3756 0
%n3929 0
%n7548 0
%n3791 0
%n550 0
%n5553 0
%n7123 0
%n602 0
%n4947 0
%n6719 0
%n663 0
%n5139 0
%n7490 0
%n3863 0
%n3185 0
%n3689 0
%n4548 0
%n3031 0
%n4801 0
%n1100 0
%n2512 0
%n2319 0
%n7319 0
%n7559 0
%n4916 0
%n7234 0
%n2133 0
%n954 0
%n2430 0
%n1121 0
%n2045 0
%n4997 0
%n521 0
%n1580 0
%n6874 0
%n248 0
%n1560 0
%n4347 0
%n6613 0
%n871 0
%n2327 0
%n975 0
%n5320 0
%n2171 0
%n2482 0
%n5165 0
%n5901 0
%n3594 0
%n6138 0
%n3957 0
%n2755 0
%n1609 0
%n5281 0
%n529 0
%n6175 0
%n3253 0
%n1678 0
%n7653 0
%n1704 0
%n3266 0
%n4627 0
%n6611 0
%n4656 0
%n6478 0
%n3980 0
%n7102 0
%n3589 0
%n7476 0
%n2040 0
%n5600 0
%n4225 0
%n3883 0
%n4687 0
%n3943 0
%n2765 0
%n957 0
%n2310 0
%n7560 0
%n734 0
%n3219 0
%n6833 0
%n7077 0
%n1288 0
%n4955 0
%n1375 0
%n2723 0
%n3815 0
%n7079 0
%n5187 0
%n2390 0
%n