253
7174 17
56909 50827 50724 29525 19209 76862 36738 76328 20133 29976 55260 2758 59420 29072 74327 35602 27268 %n5867 17
22163 39922 30188 40694 50832 77103 30301 7818 34229 80981 59461 2285 80572 92491 39535 5466 75082 %n5423 16
7515 98084 67019 80510 86537 1099 10302 59513 24470 19890 17216 88650 3030 22903 1952 83950 %n807 15
5479 78144 61196 92232 86528 61480 45624 84637 60044 39799 57216 58374 51740 55519 81587 %n2889 15
56703 86762 14907 43944 26318 4730 7813 15773 51556 44338 67199 88059 96052 36485 59022 %n8128 14
25405 36417 40398 54934 20804 96900 46325 90433 44657 98504 49191 84212 72580 66997 %n5489 15
36959 92352 33873 80554 4600 62600 70475 52116 11972 75128 95537 8278 57954 19437 35178 %n1835 15
53715 90390 84280 38947 79495 93178 98020 3724 69859 17762 39226 16231 25964 32103 94260 %n8552 13
16178 97170 86550 75497 27074 42100 74578 28676 87324 13046 67191 63290 91804 %n5678 12
51285 30160 79845 94884 87743 32369 91868 59977 88994 51634 6337 13274 %n2373 15
2203 5459 72203 16528 38616 68526 85734 75755 6181 37564 54841 96454 77962 50501 43158 %n1921 14
81267 62047 70575 42282 80989 4041 73438 1070 8451 61444 11351 18378 38777 22091 %n6193 10
46333 34684 46646 23586 77569 63728 49545 81052 35996 28100 %n6393 10
34569 7379 84717 24536 86695 63456 9328 74893 21587 81775 %n4995 10
15470 21506 86964 60361 48081 3264 61543 5829 95167 80242 %n243 7
34107 18911 40193 17472 58414 32032 17975 %n5524 13
3860 17198 10259 50120 32220 96566 29546 41771 52490 32587 41063 69850 86050 %n5069 8
91692 56338 79893 448 66909 66153 43122 76673 %n4196 11
3928 11020 6575 90752 14752 32543 67541 11910 26818 98710 97332 %n544 9
5279 47553 32994 51171 44474 12599 70174 33965 40423 %n7380 6
98499 23414 73817 15313 70202 97158 %n4640 8
30149 10069 22034 49298 77183 76819 55177 52177 %n8972 5
18054 15325 64659 6667 64003 %n3125 6
98753 50156 24577 18599 3502 59202 %n9540 8
35149 13665 2493 63505 22204 13015 14435 7391 %n8538 5
77172 44658 76723 92400 4669 %n6504 7
45886 31424 60144 90411 12035 61281 9871 %n4145 6
59419 81619 43903 67033 63778 66273 %n5938 5
8224 14049 13468 68174 36808 %n8671 6
29085 93640 69068 87866 89603 8709 %n6061 5
27813 34624 49943 61708 38403 %n9131 9
87769 79641 21265 8659 57771 35003 68273 87344 19898 %n853 3
38526 68503 2603 %n6810 4
15213 60803 86043 88098 %n8569 5
64384 28688 1243 48338 79330 %n8350 3
68026 58746 47717 %n5361 3
73464 20548 57236 %n5768 7
67028 78902 56082 93476 8007 69179 45685 %n3879 5
55095 72296 79228 19529 91916 %n1904 4
33995 93109 77225 51873 %n6596 6
11322 42281 2452 66652 18274 64430 %n9418 2
41490 59016 %n304 1
61102 %n7333 3
9785 59696 3981 %n5191 5
74207 93451 94624 40629 8196 %n8580 7
16259 44861 36661 40794 76479 32958 59067 %n2156 2
47986 27682 %n2583 5
16270 21128 48350 773 29108 %n44 3
70289 35716 12886 %n1935 5
39214 90600 50011 7180 63918 %n3009 3
27601 49615 32898 %n9665 4
42169 32192 30736 79804 %n3646 4
71422 63659 3479 47730 %n4170 5
62751 245 54694 83092 37554 %n7977 3
27265 26265 53106 %n8312 3
89268 76366 44429 %n3456 2
75303 31430 %n8953 5
31149 53903 42523 4778 68935 %n7505 1
55951 %n6578 1
18111 %n3308 1
93327 %n3326 1
75590 %n1813 1
19605 %n2743 5
56417 84868 21710 7575 4631 %n5687 3
28446 52013 16529 %n6713 2
31106 46406 %n7088 2
31244 74898 %n4641 2
52214 82523 %n4147 1
26430 %n231 3
29660 12559 93371 %n7378 3
89894 71307 28336 %n2872 3
82230 6255 72920 %n4325 1
40810 %n3900 3
32483 35385 7706 %n1907 2
53601 50643 %n6025 4
36363 15855 6937 45928 %n6096 0
%n3275 1
97483 %n6933 3
25550 94875 25501 %n8511 0
%n3509 0
%n2904 1
4613 %n6032 2
39764 9865 %n669 2
30523 22284 %n251 1
56320 %n8295 1
63959 %n2603 2
74065 61486 %n3114 0
%n5873 0
%n7331 1
91107 %n3538 2
97567 48315 %n8560 1
18841 %n4805 0
%n7776 3
23204 61722 21693 %n2528 0
%n4691 1
64968 %n3017 1
71167 %n3257 0
%n2692 1
75197 %n9138 0
%n1443 1
30090 %n7950 1
94135 %n511 0
%n5958 0
%n3425 1
39282 %n6365 1
23186 %n9997 3
7394 24140 40533 %n8026 1
88019 %n8225 2
18410 61163 %n5559 1
26903 %n7002 0
%n7246 2
67142 5638 %n4571 0
%n7628 0
%n8889 0
%n4694 0
%n7980 0
%n3983 0
%n2866 0
%n7640 2
32541 41045 %n9214 0
%n6472 0
%n9096 0
%n10162 0
%n4551 1
14050 %n7443 1
81737 %n5590 0
%n9918 1
38893 %n9833 0
%n4435 0
%n8274 0
%n3829 0
%n4235 0
%n7042 0
%n7931 1
69579 %n8607 0
%n2372 0
%n8558 0
%n9220 0
%n8821 0
%n8272 0
%n5289 0
%n8847 0
%n7418 0
%n2881 0
%n6783 0
%n2845 0
%n1015 0
%n337 0
%n2382 0
%n9501 0
%n1765 0
%n1882 0
%n9198 0
%n5280 0
%n2074 0
%n7572 0
%n2555 0
%n1771 1
91979 %n3473 0
%n9955 0
%n3718 0
%n7303 0
%n2254 1
36630 %n448 0
%n6506 0
%n5704 0
%n5297 0
%n1976 0
%n4664 0
%n3334 0
%n6567 0
%n6598 0
%n8243 0
%n2376 0
%n9941 1
51329 %n2053 0
%n8233 0
%n3306 0
%n4288 0
%n9572 1
59308 %n6307 0
%n5295 0
%n6974 0
%n4855 0
%n333 0
%n5494 0
%n496 0
%n6943 0
%n1516 0
%n9716 0
%n9063 0
%n9968 0
%n7263 0
%n3574 1
32379 %n878 0
%n9771 0
%n3943 0
%n5530 0
%n2426 0
%n1280 0
%n1085 0
%n5860 0
%n9440 0
%n7458 0
%n217 0
%n4999 0
%n3041 0
%n6202 0
%n9827 0
%n9172 0
%n5930 0
%n4301 0
%n6450 0
%n8948 0
%n7172 0
%n5777 0
%n7175 0
%n9804 0
%n6509 0
%n3152 0
%n8474 0
%n6111 0
%n6422 0
%n8004 0
%n7218 0
%n2888 0
%n8631 0
%n888 0
%n3142 0
%n9696 0
%n609 0
%n3179 0
%n7440 0
%n2717 0
%n10013 0
%n8192 0
%n485 0
%n491 0
%n3337 0
%n8097 0
%n1296 0
%n2604 0
%n1716 0
%n3796 0
%n9370 0
%n3330 0
%n5816 0
%n1544 0
%n3849 0
%n9339 0
%n2759 0
%n3160 0
%n