392
16255 12
55993 32792 36493 65336 18301 74239 9645 21698 56909 18193 11085 14549 %n15013 12
35164 12559 54909 40454 53599 21976 4954 62744 12713 65287 32600 80169 %n15212 11
32889 40901 70302 8652 31767 78573 1518 22786 61794 75352 13752 %n8291 12
70337 51564 51634 73423 9613 1164 66076 18733 48859 50068 10906 47691 %n9354 13
50722 11081 37806 35036 52025 4856 40484 30953 32184 55405 29971 26106 55736 %n8746 13
71504 9010 34795 36512 73200 42344 33621 44564 78427 78854 43220 20533 19331 %n7039 11
69396 66706 32082 53441 18894 41955 48926 27911 62681 11877 70718 %n13427 10
70178 30222 38508 35780 62269 78073 51031 80015 21518 22837 %n3753 12
59548 46008 46253 17970 72283 13367 46491 65692 58285 6452 69052 47276 %n13696 10
29890 55790 59708 32080 62317 32004 26695 671 9208 73863 %n11860 12
42733 8754 50322 35735 41522 30052 49003 45476 46087 5152 77983 75305 %n5062 11
74324 18921 16612 2254 61505 3008 76265 35330 31660 41324 73615 %n15644 10
72145 30317 26135 59210 76950 56929 12125 21196 51279 31829 %n4922 11
34845 44115 8065 5665 67287 13957 66558 79254 23130 44027 27523 %n7417 11
4436 25698 64299 38792 8519 2858 61365 70409 14382 36358 51455 %n18948 11
72427 79058 1719 57076 43517 42863 4774 43285 15120 74635 57358 %n18347 8
38853 41666 70092 3942 52618 80494 23884 15542 %n9345 9
78533 28770 63235 49292 37692 28986 6192 11190 49904 %n12677 11
3962 4745 60935 70998 18113 42625 8687 58440 12955 41651 70589 %n9181 8
15303 35387 39601 33017 71052 62798 34855 46209 %n560 6
70610 44356 11969 52220 32589 66362 %n15033 8
15914 5985 35206 15093 29112 14140 53939 63887 %n15954 5
50992 816 109 56604 31786 %n6239 8
62766 79357 19453 50869 41649 4206 8852 32328 %n36 8
18080 68784 27276 34896 20724 22356 52569 43188 %n13217 6
75284 51537 11082 66513 785 6312 %n15789 8
46422 72166 40496 20155 29175 14347 29241 64292 %n7101 7
48976 64304 20083 35956 43132 69132 13488 %n14798 10
69237 63957 28603 78801 14657 13286 32042 77922 16231 19714 %n18341 6
39356 41540 61691 13782 31630 20880 %n14774 7
40606 4949 25590 53248 21365 2260 40300 %n8971 6
37773 65728 57355 3592 36970 21949 %n15430 6
54383 72843 20166 72560 52390 54372 %n19762 7
58220 13276 75269 5442 3405 634 57427 %n19187 4
78234 53693 6612 33622 %n12964 9
54337 12626 65578 76245 70739 36849 73949 38610 38001 %n8021 5
59491 8318 5798 23363 39467 %n2927 2
13999 28621 %n6229 8
56740 20327 5610 30888 9726 24160 34554 43521 %n14963 5
10841 1723 21990 56121 47735 %n1935 6
17333 38108 5717 10837 4116 52600 %n2797 5
13255 60551 51548 7968 12742 %n4772 4
51923 32350 21808 60670 %n12336 7
37361 43703 50698 52481 36949 15911 77412 %n10219 2
38550 1098 %n9676 5
54730 80295 80566 9793 37848 %n8184 5
21804 11020 17544 48391 1286 %n3782 4
71631 51833 3654 23944 %n15362 4
60527 17806 48174 72191 %n10491 3
45304 41168 69454 %n11475 4
67405 46418 23749 32111 %n8850 5
22462 12343 51383 72673 17558 %n13981 4
63433 80719 25446 79720 %n2924 5
72960 4664 46973 72719 40024 %n7757 3
6082 73302 45585 %n8205 3
62949 11299 53673 %n18290 7
30731 39202 35798 77387 10330 31018 11687 %n14733 4
8783 45015 38570 55355 %n15554 3
14907 9633 29968 %n9133 6
2121 58159 60698 69287 30724 60431 %n2034 2
63209 32084 %n16582 6
40233 74133 48617 6124 36499 11922 %n12356 7
72964 65771 1896 48461 71956 29892 67726 %n18406 6
54408 77306 54222 74452 16746 61636 %n10105 3
68048 27407 75460 %n1663 3
41447 36409 26768 %n547 3
20030 17693 31267 %n5010 3
34636 6463 17490 %n12613 4
16909 15353 64567 23968 %n496 2
20942 55370 %n13762 2
22315 63344 %n4603 6
11776 61488 68714 77846 8301 41020 %n14474 2
72293 51215 %n6948 5
58462 17013 34152 81034 60688 %n10481 4
31525 57374 62400 38299 %n15601 1
7068 %n639 0
%n7054 3
63620 78379 73904 %n14182 3
34591 56902 28999 %n3881 5
40246 25115 48969 36953 33794 %n18840 3
4439 18562 28493 %n15658 1
76966 %n13763 2
2419 42492 %n14073 1
74742 %n5809 3
9515 18770 49570 %n17694 4
74684 38934 44232 30027 %n15839 5
36617 35175 40426 52522 75575 %n15534 4
43748 47570 70764 74844 %n3177 3
6106 6835 9693 %n19009 3
78070 56788 72574 %n7940 4
48251 51568 76692 63610 %n16779 3
9999 20340 20535 %n4917 2
51838 77613 %n7391 2
311 21833 %n11600 1
9694 %n10507 1
33812 %n2423 1
53554 %n14947 1
56709 %n17604 1
1089 %n10688 1
39841 %n5494 4
77234 74533 12050 1476 %n7161 0
%n14253 1
53866 %n7677 2
67017 3111 %n10719 3
55938 2418 53610 %n19585 1
36028 %n13038 1
19770 %n19690 2
38607 28282 %n14331 0
%n4094 2
40404 40373 %n11476 2
2108 26413 %n6452 1
50085 %n10136 1
61835 %n4464 5
64527 11131 24337 38555 74434 %n13012 2
54786 29918 %n3140 0
%n15304 1
37827 %n3719 5
69704 59726 264 44019 3906 %n13440 0
%n386 0
%n7855 0
%n5156 0
%n7974 3
66462 76530 76228 %n2617 1
46106 %n7934 1
10664 %n3524 0
%n14642 0
%n851 0
%n253 2
67099 49221 %n12292 3
40640 41134 9117 %n7834 1
41140 %n8667 1
59624 %n15837 1
58162 %n8646 2
38313 19007 %n7186 1
75040 %n18110 0
%n9516 1
59010 %n5090 0
%n19378 1
14856 %n11167 1
62031 %n9099 0
%n17686 0
%n7300 1
62115 %n4911 0
%n7156 1
66179 %n5726 0
%n8286 0
%n10619 1
20526 %n13372 0
%n5074 0
%n15069 1
16582 %n11564 0
%n11458 0
%n6285 0
%n11834 2
39020 12788 %n19171 1
54436 %n8439 1
34244 %n16558 0
%n15271 2
25463 65337 %n16150 0
%n4358 1
55715 %n4585 0
%n248 0
%n9141 1
31422 %n613 0
%n14603 0
%n1553 1
8583 %n13852 1
79521 %n7500 2
5579 48775 %n5755 0
%n13271 1
31850 %n18512 0
%n10566 0
%n10827 0
%n581 1
3785 %n748 0
%n2721 1
47208 %n3440 0
%n16567 0
%n2659 0
%n8574 1
45308 %n16187 2
66542 29955 %n16167 0
%n18894 0
%n9056 0
%n18755 1
54370 %n13552 0
%n13351 1
41317 %n7280 0
%n4960 1
54384 %n5962 0
%n15450 0
%n9070 0
%n2071 1
56197 %n6761 0
%n15776 0
%n13647 0
%n3935 0
%n19790 0
%n13811 2
48696 2546 %n6611 0
%n15796 0
%n8626 0
%n2355 0
%n13333 1
60570 %n6920 0
%n9002 1
5694 %n4121 1
69144 %n9325 0
%n7416 0
%n5326 1
76633 %n6421 0
%n18883 0
%n3708 0
%n7649 0
%n15356 0
%n14506 0
%n18893 1
3863 %n11585 1
7504 %n18392 0
%n17144 0
%n14815 1
25724 %n2957 0
%n18686 0
%n14203 0
%n11778 0
%n19507 0
%n17079 0
%n9741 0
%n15721 0
%n6582 0
%n13506 0
%n2312 0
%n3776 0
%n10199 0
%n2458 0
%n18140 0
%n1544 0
%n11700 0
%n2697 0
%n12811 1
43796 %n7831 0
%n2541 0
%n4720 0
%n15225 0
%n9130 0
%n2281 0
%n14028 0
%n19200 0
%n8816 0
%n1020 0
%n5720 0
%n16089 0
%n2420 0
%n3260 0
%n13995 0
%n11651 0
%n801 0
%n12261 0
%n2115 0
%n12913 0
%n13917 1
77097 %n4370 0
%n363 0
%n12169 0
%n14898 0
%n4348 0
%n6998 0
%n8078 0
%n16863 1
35143 %n3612 0
%n3284 0
%n15463 0
%n2895 0
%n2995 0
%n14007 1
71260 %n2919 0
%n710 0
%n5267 0
%n384 0
%n3550 0
%n9218 0
%n18433 0
%n8955 0
%n2113 0
%n16502 0
%n14547 0
%n5064 0
%n12260 0
%n4660 0
%n2488 0
%n10720 0
%n15179 0
%n16468 0
%n7698 0
%n12330 0
%n19366 0
%n18434 0
%n17003 0
%n6300 0
%n9213 0
%n17905 0
%n14522 0
%n13854 0
%n9315 0
%n12988 1
64710 %n9391 0
%n11818 0
%n16269 0
%n8896 0
%n17388 0
%n15631 0
%n16509 0
%n4710 0
%n10442 0
%n4129 0
%n1050 0
%n9223 0
%n9119 0
%n3491 0
%n19613 0
%n13027 0
%n10570 0
%n15591 0
%n10999 0
%n9816 0
%n5436 0
%n1862 0
%n19678 0
%n2918 0
%n6129 0
%n4486 0
%n4490 0
%n15822 0
%n16029 0
%n16610 0
%n13395 0
%n17228 0
%n15577 0
%n11210 0
%n3193 0
%n15553 0
%n7935 0
%n15457 0
%n15686 0
%n19753 0
%n8806 0
%n16685 0
%n4661 0
%n17758 0
%n15359 0
%n7067 0
%n10516 0
%n15922 0
%n11217 0
%n17289 0
%n6937 0
%n1084 0
%n12303 0
%n9708 0
%n9564 0
%n15942 0
%n13916 0
%n6583 0
%n8231 0
%n6810 0
%n8167 0
%n1434 0
%n3569 0
%n6275 0
%n1068 0
%n14058 0
%n13292 0
%n1606 0
%n6872 0
%n10576 0
%n2039 0
%n12012 0
%n12959 0
%n17853 0
%n9767 0
%n12599 0
%n10839 0
%n2627 0
%n19003 0
%n1847 0
%n6309 0
%n8245 0
%n18315 0
%n5956 0
%n19848 0
%n6044 0
%n