83
874 39
45269 10466 57839 26951 14134 7745 13136 18899 9494 12765 25771 37511 79773 28393 25045 73368 48332 32850 40798 24357 32557 29381 65747 89622 43730 21173 60766 25568 76121 75084 63595 63987 42405 55703 76824 86549 40951 91913 1034 %n6318 30
80417 87522 70579 75847 44920 4259 82426 25124 61953 3912 84855 87872 74167 31941 93315 73092 4074 18164 56753 55196 75392 26543 70084 53630 44109 33400 24051 98046 13837 4708 %n8636 18
6286 28964 33671 39053 69814 75065 12960 478 56829 79439 21053 28276 93140 11023 73456 72110 9968 72853 %n556 18
78545 30895 15340 87311 97908 84435 74897 87573 86420 79955 8445 75562 28675 39666 67808 1598 56551 7868 %n798 20
69322 27293 24729 96954 9194 85948 29585 30822 57510 49006 6409 6643 88024 99435 23080 77240 45537 33355 62862 68198 %n7867 10
65597 98741 67310 51358 72885 16359 30686 7689 65961 38569 %n2014 3
78489 31521 26028 %n7213 10
70404 15245 7373 55556 60328 33769 86196 37328 48621 64179 %n845 5
99370 59104 89918 34645 89073 %n8803 5
47792 79823 42245 57834 87725 %n7951 2
28975 95414 %n4265 0
%n6269 1
2705 %n8704 0
%n6880 1
93154 %n4194 0
%n1015 1
92491 %n372 3
52976 69556 33822 %n3782 1
67267 %n1933 0
%n4520 1
51403 %n4826 0
%n6251 0
%n3626 0
%n4283 0
%n5847 0
%n3429 0
%n1221 0
%n4465 0
%n5288 0
%n5071 0
%n5016 0
%n4197 1
28983 %n665 0
%n6901 0
%n2936 0
%n4583 0
%n1482 0
%n7127 0
%n6080 0
%n4679 0
%n8401 0
%n7843 0
%n1480 0
%n384 0
%n4517 0
%n8782 0
%n7370 0
%n6608 0
%n7710 0
%n8832 0
%n2359 0
%n4345 0
%n3709 0
%n3582 0
%n1618 0
%n982 0
%n4229 0
%n6088 0
%n8114 0
%n1759 0
%n8517 0
%n6332 0
%n752 0
%n4085 0
%n8270 0
%n1051 0
%n3915 0
%n5272 0
%n5170 0
%n4271 0
%n4476 0
%n5308 0
%n6268 0
%n8833 0
%n653 0
%n159 0
%n3796 0
%n3215 0
%n2879 0
%n6961 0
%n5418 0
%n1085 0
%n