145
10605 9
68353 13002 48397 74543 10415 28592 63409 39662 44956 %n10393 9
83345 70523 57011 62821 48945 54158 85076 43464 58657 %n1201 10
16082 1271 11092 73858 46999 73239 68399 73203 74497 52285 %n5213 10
47416 9078 81486 1905 28129 46460 52820 25051 56909 79678 %n10778 9
67282 28538 33280 6099 61172 76762 81114 43282 59804 %n14070 7
44804 1699 10200 39081 83582 75427 72709 %n110 9
79012 75014 16391 77650 21462 3309 34743 39184 60754 %n10423 7
33332 28177 7710 72795 22145 34404 10476 %n14007 7
66129 58595 14156 30194 30046 209 7487 %n5678 9
18889 35549 43454 78945 37731 61130 78555 17064 49858 %n4427 8
8449 69691 71988 75965 3833 59690 69601 12763 %n12433 5
42274 54607 41207 28605 66150 %n13267 7
24019 66606 46621 5094 41716 60447 44215 %n12724 7
41312 11868 56873 14669 76675 70337 46710 %n1057 8
78898 7787 3114 34483 18295 47887 14143 46624 %n3090 7
77550 52133 53993 48881 27744 34482 81454 %n12143 6
67573 1932 19481 70181 12966 60173 %n9775 6
52486 16345 41633 43286 28914 81102 %n8698 7
32048 34273 41695 44905 73513 61287 53727 %n12556 5
31035 47229 53111 15149 15643 %n1883 9
22188 33030 52011 42637 51839 52517 24896 20104 29035 %n1907 6
26898 7325 35065 71306 45167 49126 %n13864 6
52771 5705 34218 21510 31152 34285 %n4627 6
68463 8259 13775 34193 8402 25933 %n11432 4
35100 69961 57209 49635 %n3429 7
42287 80396 15112 47322 6867 58690 73387 %n5303 5
15605 79673 26600 77726 38408 %n9106 5
15429 48084 81687 38899 57446 %n1099 5
32061 63493 70303 78999 6714 %n3493 7
33275 13969 11734 1919 85154 60977 19164 %n14701 6
81317 2192 17162 6145 14531 19871 %n6715 3
5740 42388 48987 %n4449 6
34824 4376 52927 74990 3132 83898 %n13436 5
79843 83696 79612 1184 58819 %n4248 4
48039 58685 71427 23298 %n862 3
70420 30931 33203 %n5896 6
83549 79378 68566 8587 48542 35818 %n14551 4
24949 71943 32378 31075 %n1965 2
47259 66284 %n3797 5
70024 81635 82301 63106 43444 %n11461 4
81426 60831 75487 71771 %n8172 3
10968 8523 68950 %n4789 6
8796 53107 5288 54833 39021 53361 %n6967 5
81005 40866 16258 21109 24664 %n4104 2
303 19063 %n13232 3
37784 12152 9233 %n3924 5
12147 52831 33658 48419 20364 %n2036 1
79772 %n14349 3
62766 47549 52089 %n6069 7
10360 6880 63065 34203 57837 40298 77203 %n14677 4
64224 61766 18445 42073 %n9833 5
30953 54969 21311 11067 77344 %n4931 3
72258 44176 49370 %n13778 2
34834 47269 %n1877 3
83347 72407 59473 %n8770 4
62487 76923 7541 33685 %n13469 7
31589 48773 72609 45652 43411 16896 25746 %n1798 4
57156 26803 39909 21994 %n2361 3
58390 3330 54688 %n3988 0
%n7615 2
46891 65620 %n7050 3
39427 6176 65327 %n14864 0
%n4717 5
906 72377 51303 6218 18748 %n7956 5
84489 44749 78272 82046 6143 %n11750 1
35997 %n6794 3
85148 43637 68341 %n14238 1
16815 %n2933 2
32710 11730 %n14670 0
%n5156 3
8812 68820 82576 %n13720 2
76934 7735 %n6657 2
1728 84593 %n11462 2
3589 75652 %n6669 0
%n2050 2
47074 13496 %n6232 1
80404 %n13351 3
12132 84529 29144 %n5209 0
%n12712 0
%n7178 1
45115 %n602 2
65499 18947 %n4812 0
%n8274 0
%n1414 1
63667 %n12785 1
10349 %n13660 0
%n14135 2
39942 37467 %n5 1
16601 %n2470 1
18914 %n13963 1
47568 %n5407 1
74762 %n13755 2
75542 56248 %n2936 1
31416 %n1318 2
12654 77400 %n11733 1
21675 %n5044 0
%n5742 0
%n179 1
55045 %n274 2
46855 49724 %n8879 2
71185 66043 %n6092 1
77687 %n1325 1
58959 %n12080 1
46067 %n9528 0
%n1595 2
4824 37517 %n7304 0
%n13397 0
%n9363 1
67745 %n13061 0
%n190 2
71310 73801 %n11097 0
%n3409 1
82743 %n3583 0
%n1938 2
1996 14881 %n201 0
%n14342 2
71861 29159 %n13595 0
%n5787 1
16762 %n1684 2
76615 24254 %n10725 1
14443 %n11297 0
%n7968 0
%n8306 2
76053 83710 %n11859 0
%n13223 0
%n7317 0
%n2378 2
55545 51752 %n1130 1
28543 %n6063 1
5286 %n6618 1
41982 %n14932 0
%n5592 1
58603 %n2012 2
69394 26825 %n4377 0
%n10572 2
58163 10889 %n13363 1
26341 %n13947 2
52525 84012 %n6435 2
23375 22677 %n418 2
65715 35554 %n471 0
%n6689 1
24756 %n7875 1
11990 %n11146 0
%n3602 0
%n