237
3958 167
95531 20926 32149 43681 46670 83682 5910 85645 80836 68666 15967 86565 30674 29971 22282 72593 58935 7963 54014 84311 15121 25410 49266 31791 87504 78249 50168 91553 93297 35944 43621 13750 96315 96491 37947 71049 98920 10286 87605 25514 52915 98545 68740 49725 74547 68064 37800 63717 76617 77105 19156 91812 49879 47985 68975 12690 56152 68760 28488 75995 94082 22562 19241 40542 31426 95899 76665 1985 11431 82379 26981 83799 52564 33509 83652 81519 6073 44930 12953 82704 41011 23988 78880 22699 27524 7000 2498 63762 35339 36681 49612 66030 79566 12602 78744 15205 6090 19441 67094 73170 27839 99215 40157 84657 54770 43044 50134 95297 75029 63225 93284 71300 77858 90071 80593 70557 86170 47386 59844 24668 60866 13855 84322 14878 14571 60177 20049 86423 23669 96313 38868 8356 91223 87615 89772 90620 75884 81038 60534 88268 23630 41107 90791 37635 45155 45601 15954 89706 63339 715 18259 8489 18044 85683 14803 79870 50294 7039 93542 85879 9391 74846 24996 63027 73332 17331 23854 %n1571 114
10770 32541 12611 51195 9986 16141 14733 44476 25372 70646 37146 37066 61998 84418 95546 54544 87043 85237 77756 75323 80421 10564 70865 21170 38781 97004 76509 82850 84263 88230 29010 1493 91814 33303 94676 1401 43031 59900 19096 58670 34897 46687 35980 29920 83089 29105 13577 71223 84827 51984 26257 46558 52524 49816 3505 77204 31015 61052 16404 48218 46401 20265 55764 94601 93747 8916 51014 78139 93123 17940 19354 15740 87432 92832 42171 64012 54349 87776 50037 16216 96063 47786 57856 20125 59441 43904 64207 85354 76198 23836 19263 33133 13329 3773 97443 67487 19212 85019 35300 42918 56936 33702 46972 25846 49547 94492 58128 83702 92080 32510 37327 13713 37116 82057 %n4830 72
34078 81438 52339 28456 41736 19886 44041 67618 60439 46795 96102 84411 59346 38020 92424 78224 78818 96437 972 41267 20544 64190 91958 96355 35677 20043 53706 95121 14429 94076 14975 94403 98350 22056 23446 20339 71402 46244 17879 19967 79670 45744 80861 43276 39987 68255 92411 26823 39861 67182 99482 91334 90875 27627 18456 11736 27015 60312 9764 42676 30432 65742 2760 88570 11316 5061 46537 42172 24175 4018 18937 45027 %n5938 38
91365 54764 77133 42875 3566 26288 77011 73925 8223 23940 55707 11211 48609 5496 71093 99002 99447 97243 57632 4398 69446 50731 77964 36956 52052 20045 31497 56773 56303 49956 82591 65224 97865 82564 80826 8597 31253 59121 %n3403 29
20810 51986 84072 83140 97826 73951 43869 18880 76947 54094 46103 48009 23027 96176 69536 99249 59434 5670 72510 54071 9727 94871 15132 1235 91779 98626 34728 47512 72662 %n2446 18
40764 34499 31707 20877 14090 95748 59314 27256 49870 58666 51251 73822 84676 23891 84805 16265 42851 31804 %n3525 14
91078 32502 72241 18552 25829 96607 32496 62562 96365 81766 43339 32788 14906 78473 %n943 10
23375 13424 91975 18700 85377 4774 87144 82534 86000 3674 %n2696 4
616 8095 86972 71520 %n5655 1
99191 %n4348 3
10616 6446 28492 %n1635 2
318 662 %n4826 1
47097 %n2286 1
78717 %n2415 1
19104 %n4637 0
%n4880 0
%n1826 1
10466 %n5677 0
%n3924 0
%n1023 0
%n1811 1
58780 %n3203 0
%n1262 0
%n1055 0
%n624 0
%n4493 0
%n703 0
%n1808 0
%n2123 0
%n3867 0
%n1593 0
%n4249 0
%n2308 0
%n4175 0
%n3242 0
%n5684 0
%n1075 0
%n5374 0
%n3669 0
%n3591 0
%n4809 0
%n903 0
%n2452 0
%n1301 0
%n1465 0
%n3306 0
%n4405 0
%n194 0
%n2173 0
%n2506 0
%n2132 0
%n5071 0
%n3151 0
%n3472 0
%n2039 0
%n2053 0
%n1587 0
%n2733 0
%n255 0
%n5061 0
%n3321 0
%n5346 0
%n5518 0
%n2661 0
%n1783 0
%n4126 0
%n3520 0
%n5779 0
%n5045 0
%n4475 0
%n3908 0
%n2618 0
%n4149 0
%n4518 0
%n5917 0
%n5097 0
%n2177 0
%n4 0
%n1329 0
%n4395 0
%n2042 0
%n5643 0
%n4553 0
%n4496 0
%n1360 0
%n787 0
%n1567 0
%n3148 0
%n5672 0
%n4662 0
%n2030 0
%n4293 0
%n4957 0
%n3207 0
%n444 0
%n2641 0
%n814 0
%n4782 0
%n4108 0
%n2619 0
%n8 0
%n964 0
%n3150 0
%n236 0
%n354 0
%n4891 0
%n5674 0
%n3050 0
%n2950 0
%n3638 0
%n5621 0
%n5942 0
%n3279 0
%n1819 0
%n971 0
%n4168 0
%n4414 0
%n980 0
%n46 0
%n1403 0
%n2614 0
%n2601 0
%n795 0
%n291 0
%n5309 0
%n1439 0
%n3852 0
%n3188 0
%n2781 0
%n1503 0
%n1183 0
%n1481 0
%n2246 0
%n2283 0
%n588 0
%n5614 0
%n2351 0
%n5935 0
%n2465 0
%n4931 0
%n4397 0
%n2331 0
%n3413 0
%n4997 0
%n3476 0
%n799 0
%n5492 0
%n5776 0
%n3713 0
%n3631 0
%n893 0
%n4377 0
%n3787 0
%n4199 0
%n5591 0
%n1331 0
%n1933 0
%n479 0
%n1901 0
%n1210 0
%n3502 0
%n1149 0
%n594 0
%n4550 0
%n263 0
%n1592 0
%n627 0
%n3767 0
%n4858 0
%n877 0
%n261 0
%n3868 0
%n3305 0
%n3463 0
%n5236 0
%n1057 0
%n2434 0
%n5667 0
%n2378 0
%n4218 0
%n1034 0
%n5550 0
%n1306 0
%n1060 0
%n2588 0
%n3494 0
%n4951 0
%n4828 0
%n5387 0
%n670 0
%n1580 0
%n94 0
%n5013 0
%n1895 0
%n2082 0
%n3355 0
%n421 0
%n4775 0
%n543 0
%n1866 0
%n393 0
%n753 0
%n2728 0
%n842 0
%n420 0
%n2761 0
%n5074 0
%n3380 0
%n4436 0
%n88 0
%n2186 0
%n4104 0
%n5566 0
%n3143 0
%n1741 0
%n1745 0
%n38 0
%n3846 0
%n3260 0
%n1496 0
%n609 0
%n4110 0
%n619 0
%n1564 0
%n3301 0
%n3399 0
%n2797 0
%n2404 0
%n579 0
%n4066 0
%n1651 0
%n2751 0
%n2374 0
%n2905 0
%n1285 0
%n1280 0
%n