233
534 271
49881 29767 40521 47070 50788 39226 50366 59005 71491 86904 69172 17618 68631 35749 92391 37150 45422 20868 65507 56726 34461 16397 54347 71151 96098 41344 25009 12344 79850 25697 21103 33197 30329 45656 16530 83522 38804 82104 25380 88857 44002 22843 50544 10490 63211 3912 25743 48400 68648 44258 25205 81452 43957 60991 72624 48330 95414 95447 52878 4013 62826 47892 9159 85672 45064 21792 6090 80680 99258 61198 51011 59651 29993 45573 19463 76598 36636 61834 78182 98539 52151 17184 74531 74146 860 13117 82265 86734 60901 64497 62584 92618 14627 35363 56040 40204 79215 20127 31636 62156 66585 89638 14717 31354 30019 12703 83174 62773 40046 40045 54876 81820 90069 30427 5561 98482 70529 41152 5387 90843 33657 53989 69725 74911 71313 34844 31726 87994 80011 48781 14088 39329 73294 93833 51987 97332 42736 33888 47933 89802 14099 26717 61201 28962 42799 43615 67826 35850 54132 32927 47800 90685 17227 50067 510 12222 80293 3642 14748 85445 12591 15360 67244 76736 35018 48743 2530 16988 24150 22415 86994 69133 88181 67450 52045 74333 11255 80605 54619 59479 29283 33299 23315 20633 22891 81383 56418 86075 48566 9557 74808 3053 91373 46383 73887 83648 13756 33947 68683 22158 88591 40495 82259 58905 60022 16892 20759 20337 43089 42522 90662 14728 28185 24185 58452 20113 35422 64515 10272 95383 55312 26256 98974 80704 36920 93499 3961 19499 28617 77975 97975 3415 25811 43138 59693 68587 19168 27556 67488 88717 24765 70932 76599 86716 37915 42272 88445 74251 77377 93133 98363 20632 14681 41308 82111 43368 64740 65660 54247 8187 85985 40635 99027 80088 21277 16897 1739 79000 1599 65201 39666 %n3509 107
7690 91806 62534 79387 30096 68901 70038 83235 7874 68609 78401 24550 21591 92837 59238 79161 33506 85017 23029 55071 70754 8135 23008 77577 7833 7488 76970 65148 87831 7395 96989 80633 14296 93255 9105 61983 82878 47996 28379 69880 16565 69117 83046 72601 78307 23341 80209 77854 22643 85806 60052 32844 972 96050 28612 25122 86609 71644 21280 30246 89458 97956 79567 46569 33961 79222 96713 157 48428 84954 53604 85490 36906 85714 61157 58715 27015 80779 19759 67048 29033 5689 92696 87374 74287 76550 54669 46905 66281 28305 85346 21719 90757 57484 98478 68864 52823 69740 42077 73362 96038 37601 71005 73177 16496 53221 65685 %n2440 54
91086 54540 63839 62327 35963 36839 95023 8518 86445 40097 76463 76595 9864 23855 78683 47111 91331 94461 94475 49679 75081 29344 1296 60514 20850 52836 39796 298 92946 82704 43276 16997 23432 82802 443 7705 4185 37613 37121 50071 86164 7312 21850 85887 3995 92832 75409 83331 33812 9259 85528 87074 88937 503 %n1145 18
28926 77067 61170 56714 36568 68063 22754 59533 75608 82231 41072 20934 50824 13990 45507 88053 75941 17111 %n3072 9
14005 92954 8928 46274 24946 7265 99140 92110 32765 %n267 2
98661 58464 %n3397 1
55330 %n1792 3
14094 47731 61777 %n3199 0
%n1796 0
%n2560 0
%n2997 0
%n1365 0
%n680 0
%n2347 0
%n61 0
%n1096 0
%n591 0
%n1198 0
%n2543 0
%n2492 0
%n1894 0
%n1960 0
%n2297 0
%n3605 0
%n3582 0
%n1152 0
%n1380 0
%n3442 0
%n3305 0
%n2750 0
%n834 0
%n3648 0
%n2308 0
%n539 0
%n2261 0
%n2998 0
%n1136 0
%n381 0
%n1500 0
%n817 0
%n1857 0
%n2996 0
%n3671 0
%n3452 0
%n843 0
%n1095 0
%n3000 0
%n2277 0
%n1103 0
%n929 0
%n3342 0
%n316 0
%n955 0
%n790 0
%n427 0
%n1605 0
%n2437 0
%n3335 0
%n2756 0
%n121 0
%n2575 0
%n1097 0
%n3609 0
%n2125 0
%n2559 0
%n3052 0
%n335 0
%n2148 0
%n2664 0
%n3240 0
%n2137 0
%n409 0
%n499 0
%n1326 0
%n1364 0
%n1458 0
%n1647 0
%n2346 0
%n2581 0
%n2062 0
%n0 0
%n2860 0
%n1544 0
%n1702 0
%n1270 0
%n1444 0
%n480 0
%n3245 0
%n3626 0
%n1887 0
%n1388 0
%n810 0
%n1297 0
%n2489 0
%n2214 0
%n924 0
%n1821 0
%n1430 0
%n872 0
%n2973 0
%n770 0
%n1134 0
%n630 0
%n3332 0
%n500 0
%n3003 0
%n760 0
%n19 0
%n2304 0
%n254 0
%n375 0
%n229 0
%n2111 0
%n2146 0
%n1473 0
%n688 0
%n1685 0
%n1167 0
%n1235 0
%n2705 0
%n331 0
%n60 0
%n320 0
%n2351 0
%n2445 0
%n2232 0
%n312 0
%n1765 0
%n1022 0
%n314 0
%n114 0
%n247 0
%n3520 0
%n2366 0
%n3522 0
%n2084 0
%n2675 0
%n2780 0
%n3309 0
%n1581 0
%n3116 0
%n1865 0
%n2593 0
%n2196 0
%n3662 0
%n1062 0
%n2789 0
%n3229 0
%n2280 0
%n593 0
%n1979 0
%n3089 0
%n1589 0
%n3560 0
%n2312 0
%n3158 0
%n791 0
%n3684 0
%n2711 0
%n371 0
%n319 0
%n659 0
%n1973 0
%n1704 0
%n2054 0
%n1024 0
%n1450 0
%n404 0
%n612 0
%n30 0
%n3471 0
%n2517 0
%n2429 0
%n2676 0
%n1273 0
%n1018 0
%n2904 0
%n3251 0
%n3023 0
%n2803 0
%n379 0
%n3236 0
%n1301 0
%n692 0
%n1422 0
%n3221 0
%n3042 0
%n1858 0
%n1567 0
%n2566 0
%n2561 0
%n2861 0
%n295 0
%n2693 0
%n2424 0
%n1594 0
%n3119 0
%n1665 0
%n3697 0
%n169 0
%n2189 0
%n274 0
%n2056 0
%n2700 0
%n3007 0
%n3449 0
%n1912 0
%n188 0
%n3370 0
%n106 0
%n737 0
%n2005 0
%n2771 0
%n1872 0
%n3528 0
%n325 0
%n1597 0
%n2446 0
%n2602 0
%n1817 0
%n1860 0
%n719 0
%n3470 0
%n2107 0
%n3061 0
%n670 0
%n883 0
%n3360 0
%n2647 0
%n2918 0
%n3689 0
%n3654 0
%n