207
1726 198
26566 80776 23468 35412 3551 29754 11974 12220 69010 29877 97023 4568 73526 22466 7941 5043 3163 64055 33722 30902 90002 69096 93587 24258 90210 84464 64654 35108 80290 70896 98338 26432 33517 70081 6914 88503 96781 65579 29164 29841 71150 59544 94960 82543 89580 65139 9020 52652 93073 98237 7860 494 96251 24775 96495 70183 91559 26633 54088 85731 99892 28048 52813 4231 37527 85026 44498 45279 25634 38118 21149 57149 47090 12 14746 30992 68828 49446 57155 13609 20312 1886 76543 82770 3457 9306 33799 21290 62106 87960 18282 1273 23169 88841 98516 86601 47931 60929 21244 86 57556 31691 27540 89497 78972 89247 65984 67637 86333 75597 30204 97248 58869 22233 57039 739 90280 49636 60424 45940 64701 98930 85971 36153 68512 22841 45951 11840 44070 25898 5309 47390 97951 39417 80346 55300 86662 5064 33717 93528 28580 48501 70481 93867 72932 90242 42326 77391 83355 89464 86642 88762 7124 72124 36720 92005 38967 88289 66320 41487 12918 19834 79823 92268 22606 38638 28381 41453 92460 50471 43217 3120 75060 41046 86743 20502 50354 81398 54650 48957 97618 80671 99506 65426 1467 10159 15302 44320 17413 78662 91536 65167 4438 10532 98296 80679 51883 2311 %n4838 129
94558 82278 9869 35841 81620 88629 39209 46600 53248 53552 41967 93995 53353 94526 20690 28090 79476 75720 48962 81811 8253 99006 99897 75075 39110 15039 47240 71854 75739 64833 98496 71233 43499 76995 53315 90179 9745 43219 72193 82858 85755 85088 68674 98785 13075 55783 41012 39129 86450 18604 47115 97826 46314 50674 21170 60423 90862 54263 20760 32247 88671 96886 94297 40999 33466 14775 67909 53061 85703 20085 34108 57576 35749 25101 51938 60003 72601 19227 69550 67285 70000 82302 75278 27321 52971 43229 53054 57343 88062 803 36464 72668 20334 34753 48723 38074 93525 9528 35148 61822 82029 28133 22888 43193 20446 79493 79112 92421 71466 36788 68319 38284 8891 39301 81387 59502 44364 69307 74931 28091 87935 30892 26501 25902 5967 9739 90733 99915 13336 %n1670 90
55185 5809 47761 18734 54554 24718 19332 49808 68404 87985 81302 38670 169 67368 54024 12187 63320 87403 2235 55777 63022 74992 32682 55464 10819 14386 50995 27617 65522 55993 32774 56346 12659 34677 50704 4160 88607 77992 95818 14060 89626 77966 22535 76971 48639 48987 37430 23494 74606 20688 4394 7532 13697 18394 86307 30185 95037 32074 41239 8980 89806 29929 62075 951 39853 25756 12713 6111 73852 43808 94397 90461 61182 35926 35286 39887 23944 61308 21384 61223 476 76096 32476 46916 30798 75861 1340 19057 49048 95267 %n4653 57
89301 66834 9451 41534 88589 18458 42303 16 5599 26880 46132 88236 87857 3321 24558 66012 13055 37400 13724 47662 95446 84425 23282 96709 81381 68942 50624 56284 84048 38920 87426 19248 7459 24823 42208 89409 25895 22019 15203 74045 4450 81551 61574 76340 45999 63021 95493 72209 54553 11152 76748 52402 21945 23286 14922 95095 60097 %n4432 47
69956 34205 16799 36944 92403 5229 51039 44048 11186 4561 28629 12087 33623 68870 12023 14123 20634 14418 20878 94365 22341 18839 86103 59437 75429 63110 82111 62297 48996 33869 83677 33728 27438 46776 98298 92319 40129 57479 76723 41145 21585 89161 46860 74602 5384 30574 63594 %n3679 31
4615 78035 36810 9915 47232 13550 88102 33442 82098 43020 9607 87207 33917 47574 51791 82446 11866 51765 6307 2231 31261 91937 21482 4803 11690 51122 49338 22216 94647 77026 31876 %n129 22
77800 11510 61516 95004 81321 35264 85003 17506 30976 64984 76895 83321 72136 32638 56582 1454 71507 84079 88638 74445 287 62406 %n4145 12
40182 27871 52737 50278 80285 76265 33423 459 91512 39991 72476 65506 %n155 5
59999 50128 28472 75280 37123 %n1488 5
98187 79592 71462 42848 25107 %n1051 3
14907 72769 40521 %n756 2
73499 6640 %n2382 0
%n2223 1
32336 %n546 0
%n1319 1
9615 %n3416 0
%n486 0
%n4337 1
76926 %n876 0
%n4061 0
%n99 0
%n3787 0
%n3363 0
%n435 0
%n353 0
%n1815 0
%n4780 0
%n205 0
%n4376 0
%n4359 0
%n3754 0
%n3132 0
%n684 0
%n3379 0
%n3617 0
%n4396 0
%n2204 0
%n2008 0
%n4732 0
%n2457 0
%n4191 0
%n2005 0
%n4605 0
%n1551 0
%n4760 0
%n2207 0
%n1593 0
%n245 0
%n1129 0
%n176 0
%n2656 0
%n4333 0
%n149 0
%n1838 0
%n482 0
%n3224 0
%n3959 0
%n2535 0
%n198 0
%n1910 0
%n1569 0
%n4728 0
%n3786 0
%n690 0
%n4168 0
%n3983 0
%n1154 0
%n3072 0
%n1766 0
%n3664 0
%n3771 0
%n2660 0
%n3227 0
%n1969 0
%n479 0
%n1365 0
%n3727 0
%n1789 0
%n1242 0
%n3761 0
%n2728 0
%n4373 0
%n4855 0
%n3007 0
%n4378 0
%n1572 0
%n1083 0
%n817 0
%n250 0
%n1496 0
%n1627 0
%n132 0
%n2451 0
%n4578 0
%n1048 0
%n3995 0
%n1862 0
%n2153 0
%n4142 0
%n519 0
%n3694 0
%n3074 0
%n1871 0
%n3580 0
%n879 0
%n3171 0
%n100 0
%n3076 0
%n679 0
%n3823 0
%n4870 0
%n1894 0
%n1205 0
%n6 0
%n1539 0
%n4939 0
%n969 0
%n650 0
%n3735 0
%n4212 0
%n1772 0
%n1823 0
%n866 0
%n4244 0
%n4003 0
%n4888 0
%n257 0
%n233 0
%n1734 0
%n4254 0
%n4846 0
%n282 0
%n4133 0
%n3586 0
%n394 0
%n4598 0
%n193 0
%n2570 0
%n3397 0
%n3441 0
%n3806 0
%n2395 0
%n4680 0
%n2907 0
%n191 0
%n3547 0
%n4123 0
%n2124 0
%n268 0
%n318 0
%n2299 0
%n589 0
%n4312 0
%n2911 0
%n4520 0
%n2830 0
%n2344 0
%n3410 0
%n3971 0
%n3934 0
%n1395 0
%n949 0
%n4332 0
%n2021 0
%n687 0
%n484 0
%n1133 0
%n1447 0
%n762 0
%n3826 0
%n69 0
%n1262 0
%n2754 0
%n383 0
%n3564 0
%n3019 0
%n4381 0
%n4704 0
%n4544 0
%n602 0
%n4472 0
%n4357 0
%n2806 0
%n3431 0
%n4382 0
%n2180 0
%n767 0
%n4082 0
%n1651 0
%n1311 0
%n4660 0
%n736 0
%n53 0
%n3221 0
%n440 0
%n4483 0
%n770 0
%n1819 0
%n45 0
%n3794 0
%n3360 0
%n3955 0
%n2590 0
%n2664 0
%n743 0
%n1342 0
%n