134
237 711
35104 63717 4311 23360 90853 14262 25499 73568 74825 21073 40146 67685 50331 23600 85626 30730 49172 50490 49307 34857 82606 84004 2113 40184 80429 2867 28349 36225 96899 35315 77543 50262 14471 39169 3630 40422 36576 68401 91243 18177 71966 99171 5315 74023 67036 19181 39798 56051 43878 60239 70129 79890 81472 17544 7438 71208 40975 55931 37534 99763 78709 48056 56805 96384 77419 58990 11717 62351 80805 84557 94665 38986 28743 57188 11599 2438 74021 6846 86073 20568 9263 61315 23377 67469 50038 33086 50867 58630 16701 42793 88274 72447 20986 50473 24116 59196 35052 58320 34708 81200 64758 39923 46286 31804 21196 99439 47094 93491 88679 47926 69448 20487 15239 14244 73883 74700 17077 73631 25787 41326 30931 3239 80250 87676 98682 65996 3812 65895 93368 62737 54759 78989 82324 92454 77389 49312 42279 90354 77613 74432 66881 48006 53931 39263 92410 75485 59617 93429 57809 92299 18585 71284 93002 644 56132 73665 57059 59769 61817 74512 19581 33619 77632 16861 18736 91416 91512 37729 72327 2013 34737 91804 50790 48597 198 36472 88863 62567 74668 76860 30603 36506 38446 67107 61980 33583 4476 21107 80809 93389 44948 14274 53208 49465 62720 31498 26849 63312 47216 66026 97584 53882 12499 46345 20541 46033 4798 51184 91179 49368 52388 38476 82491 21006 91236 71626 23568 92999 60410 21628 12905 60418 84771 10334 33539 70632 80940 24351 59275 26874 81948 1704 5572 83018 10175 72956 63323 20278 67430 60819 48347 45746 97255 491 88077 26396 54899 42512 82411 10646 37285 53425 17026 16844 70096 29667 34007 95260 71718 64950 64057 79374 38091 32187 14313 76088 15835 29314 11243 75145 53439 32645 62872 37516 93221 26792 77310 34893 76705 95835 3932 61195 94994 26282 70145 74118 15616 10528 63082 46650 28045 73983 65363 28766 7755 51448 15694 71415 37302 66690 26837 74184 85558 81925 93885 43096 25654 3045 16366 53462 55975 70376 88266 40920 99008 86215 12137 88446 40923 96481 27510 37994 67828 29634 68243 76130 36104 92599 78442 23054 19868 28640 53572 12056 30367 57821 54584 58925 88558 98390 39480 23920 45217 26196 22774 83716 60519 66610 36529 78105 86912 45799 55647 48824 81843 76432 50409 9268 41997 53295 35931 18615 63864 27363 61988 17248 16833 48431 4960 95155 373 83789 15858 90832 82937 46025 40718 43178 8021 29854 6172 72152 96689 19848 82474 78566 44474 48907 83233 6117 647 19465 61188 90392 43072 15471 98539 23910 12970 73113 25367 78860 93995 7613 30238 7769 5873 78051 56425 31850 9884 93128 67006 23504 18665 88975 44197 68181 51970 65389 52754 18946 20528 21276 61087 49678 30797 2546 23735 51727 65795 70128 55449 81424 50016 55291 6966 56920 63051 56089 20299 57278 60486 31230 72381 31375 24286 33790 10092 83203 67467 45373 90609 40488 87576 84438 44978 80083 24205 57871 76462 32327 21951 40874 98698 42739 43460 99860 31301 80112 96448 64788 2599 98568 52706 97787 8524 87352 71624 82064 61599 78736 58082 55902 27516 86980 13926 5420 13946 52711 22104 3694 69817 2470 93599 37208 77018 62269 53497 81753 40370 406 29641 65136 79516 17668 76890 11750 26951 9302 48269 62700 57343 12582 55539 18596 47700 63984 15978 80538 88527 84107 70413 89166 38394 25259 74301 8587 76985 6770 50199 5594 46634 2107 10759 63941 23510 34063 28537 72300 67423 37951 89027 3223 36154 71812 96711 58808 98923 37487 84585 60996 46893 33415 29060 99068 92761 53370 53515 91469 84570 10867 61969 22757 82690 8740 27848 68566 60948 1196 70006 51287 3149 95826 78993 84232 50471 8900 73349 1207 91966 13331 35314 21742 57194 62058 15791 351 47572 89423 65868 74770 38730 87914 9376 31170 32193 86317 27180 77551 42337 69454 2682 3157 70146 35948 59219 84750 28055 49717 16994 39205 32888 51061 28062 79249 9945 41363 70790 80736 69483 58760 67440 44928 82042 93098 52036 51986 8361 1166 31000 75704 40056 96177 16902 18962 76279 28106 29730 12723 25823 27551 78505 41276 32899 82195 81533 94603 68496 69653 7961 98703 57207 22749 50509 53445 823 97193 74756 16431 6826 3228 55226 15324 85241 42332 60833 48281 44405 94719 11510 74881 70650 50754 29958 58129 16645 13024 26138 47857 97538 15603 79924 26077 52811 30414 18803 25276 95758 72158 39540 80385 35884 22120 43000 26799 71802 52230 48677 75323 4005 69428 28755 79562 60746 48771 66430 51346 55509 12329 28160 %n1338 119
47821 61221 65671 26564 36565 38705 75458 35605 1477 36025 37221 63083 56939 50372 17768 37581 68460 8462 17847 87490 15332 36376 48338 53318 41942 85968 39241 42175 44748 56676 85000 22680 52694 18070 81863 7220 65331 90292 3724 68325 41985 35807 57043 86138 26069 7526 93033 40933 71240 63441 74780 26733 10754 45795 41181 4866 87955 39560 43512 4033 75167 6603 8435 17446 16360 78278 35640 19926 10259 26451 80445 58585 16481 21866 91943 58251 78692 91343 27340 54614 4032 28578 44137 7743 66142 93574 34099 14552 85913 73967 225 66976 59230 14600 76288 71001 2733 3830 31895 699 769 31187 57128 58848 32110 82976 34586 87620 7998 12191 1066 47576 83193 54587 19580 33215 25656 33604 64048 %n182 14
71141 775 94274 4758 51242 19273 83156 87272 92312 61346 80528 93760 88135 92679 %n1234 2
45596 11324 %n1188 1
69769 %n852 0
%n399 0
%n318 0
%n167 0
%n280 0
%n332 0
%n881 0
%n388 0
%n266 0
%n603 0
%n1198 0
%n908 0
%n1006 0
%n126 0
%n94 0
%n424 0
%n1377 0
%n804 0
%n459 0
%n1124 0
%n290 0
%n731 0
%n201 0
%n51 0
%n238 0
%n885 0
%n101 0
%n1336 0
%n1215 0
%n154 0
%n469 0
%n980 0
%n449 0
%n1281 0
%n347 0
%n387 0
%n719 0
%n393 0
%n853 0
%n830 0
%n414 0
%n197 0
%n1099 0
%n814 0
%n666 0
%n595 0
%n1092 0
%n837 0
%n1301 0
%n67 0
%n628 0
%n1186 0
%n257 0
%n1263 0
%n783 0
%n624 0
%n569 0
%n809 0
%n402 0
%n1156 0
%n757 0
%n1171 0
%n1075 0
%n457 0
%n334 0
%n384 0
%n181 0
%n311 0
%n614 0
%n934 0
%n1014 0
%n470 0
%n920 0
%n551 0
%n660 0
%n1353 0
%n172 0
%n1356 0
%n845 0
%n319 0
%n689 0
%n1222 0
%n1103 0
%n223 0
%n188 0
%n782 0
%n1320 0
%n604 0
%n256 0
%n1191 0
%n1229 0
%n984 0
%n1166 0
%n762 0
%n435 0
%n370 0
%n965 0
%n777 0
%n867 0
%n395 0
%n1321 0
%n797 0
%n298 0
%n1205 0
%n1003 0
%n686 0
%n644 0
%n761 0
%n1176 0
%n381 0
%n230 0
%n1174 0
%n879 0
%n214 0
%n303 0
%n1116 0
%n787 0
%n57 0
%n255 0
%n991 0
%n813 0
%n74 0
%n340 0
%n297 0
%n886 0
%n646 0
%n439 0
%n9 0
%n1256 0
%n