344
790 10
601 4001 27684 3821 89894 22235 51708 44475 60913 58349 %n18709 9
41171 39910 7156 7634 73958 65052 81251 93383 89114 %n10876 9
41573 17390 79759 80278 37913 69487 74502 88100 51606 %n20164 7
83909 52134 4761 35593 15487 36482 75132 %n1263 9
59689 18918 19448 8529 68511 46339 40955 44341 69764 %n22330 8
20750 12823 89712 86470 4845 90969 4154 84048 %n7709 7
81864 65890 27421 53004 9340 94081 94049 %n4818 7
89507 19277 71835 33628 13469 47101 21702 %n7642 9
93782 75841 83936 85692 37601 50657 67276 68400 91282 %n23622 8
50380 84404 44339 34022 36041 37409 655 93685 %n14110 9
62890 50210 72572 12153 17270 28295 25939 41096 64261 %n21662 8
42867 30564 73061 53125 30279 28283 55599 86431 %n10291 8
22881 22214 10612 47873 72361 89414 90488 68771 %n16357 9
12464 636 16751 1495 92620 7380 64447 58575 64437 %n11203 9
83756 5483 16488 57014 21042 38295 59230 78476 5851 %n3449 6
36362 76950 48810 26866 46262 51252 %n11567 6
72320 86358 18353 8997 42015 72768 %n7324 7
91182 92460 19245 34431 45827 78819 13226 %n1118 6
12345 36821 41737 37329 21786 29621 %n16528 9
53178 73640 62978 86030 92482 68431 71437 93448 83089 %n23048 8
8497 26789 14979 80666 21919 14019 2068 42040 %n24334 9
28017 14224 34911 64924 2812 38405 4398 8581 44692 %n15252 7
473 7564 36963 4136 52687 68962 71397 %n12777 8
83869 71755 31113 91533 4266 38465 74423 19149 %n13348 5
6695 54442 11422 12726 26452 %n17006 7
64763 26218 31500 23275 89736 83748 86001 %n24468 6
4222 49097 65823 37178 59817 37661 %n5062 6
12221 85361 57384 78030 26163 61608 %n2734 7
53813 66410 49221 28657 23092 72848 26912 %n17647 8
50461 18110 34754 78952 81620 87884 91087 86989 %n2822 8
64425 26577 5668 52492 29956 40959 52682 44997 %n9822 5
62374 10817 58513 20717 53148 %n21294 3
38866 22810 31257 %n1982 7
69697 88566 52423 45982 72744 24780 93411 %n4778 5
89262 62070 41555 61867 7989 %n5968 8
38049 74402 2512 33875 71833 52259 10187 44602 %n9872 4
23255 2414 8278 49627 %n8524 5
57403 26778 17918 77177 68291 %n15619 5
24737 33838 44464 64903 81424 %n1979 5
37268 26257 32782 36634 91025 %n5363 6
36420 63332 43537 73994 46243 1386 %n564 3
65797 79338 17864 %n20 7
26540 88401 35225 75380 6659 61479 49734 %n3239 6
24291 80046 94062 95158 41257 53438 %n24772 4
48504 82625 71300 40964 %n10043 1
33933 %n15126 4
48216 20747 94260 75853 %n11985 5
39575 57921 44965 54045 44016 %n4532 5
8613 45776 17356 68977 4897 %n14986 5
8432 57996 30667 38731 18444 %n7154 5
60307 80955 21408 48515 53346 %n12533 5
64181 13521 57248 92177 90475 %n21053 7
59693 10816 71849 89759 37938 15271 20266 %n19990 3
27614 29653 7790 %n14452 6
42632 57506 32841 25006 60787 66380 %n8284 6
27579 57106 83670 20357 80435 7290 %n10554 5
34472 24043 76456 42547 80743 %n22640 5
86248 88619 78809 62491 4972 %n8213 3
70454 57993 91536 %n8809 4
17720 90009 67739 25242 %n526 5
90822 53518 36385 63642 60112 %n14611 4
92957 13536 69123 58069 %n7369 5
63273 28090 43089 5609 32159 %n15531 3
40731 42428 41193 %n24777 1
6552 %n14383 3
12678 39444 38818 %n15776 2
66433 92763 %n7724 3
25 53043 73079 %n543 4
19011 20849 8182 61928 %n23754 2
78177 94002 %n437 3
5852 31988 95221 %n2549 2
23514 48152 %n13542 3
59647 32137 92319 %n16016 4
14519 80333 59207 43510 %n21183 6
71153 69477 13101 11333 90744 75910 %n5980 1
63200 %n12990 3
64307 35284 88820 %n12120 2
74107 66458 %n23362 3
46101 52287 48055 %n22948 2
31791 90269 %n22055 1
87161 %n7762 1
4503 %n2852 2
3366 59780 %n11281 4
73629 31938 64582 81250 %n3891 4
64315 76732 49467 93909 %n1057 3
78945 89024 23494 %n5255 2
48839 31787 %n19192 2
74777 91301 %n8757 3
78078 26293 40336 %n18050 1
23119 %n12806 4
59640 387 42903 16141 %n18416 0
%n5249 0
%n9743 2
54610 56890 %n9981 0
%n17678 2
92106 6315 %n21666 2
78018 64913 %n19146 1
43158 %n4718 0
%n15371 1
32443 %n15842 1
22268 %n23986 0
%n20197 1
11036 %n1840 0
%n17263 2
15170 92672 %n4873 3
42543 26904 53921 %n16970 2
47878 21763 %n10664 2
92486 95171 %n24883 1
47909 %n16012 1
70740 %n12410 1
2799 %n16310 2
4648 95272 %n16678 0
%n2216 1
41902 %n15100 1
43205 %n7846 1
14792 %n5468 2
37293 85865 %n16013 1
77071 %n15696 1
28905 %n4431 0
%n8481 1
44697 %n12235 0
%n5943 1
63291 %n24789 1
82385 %n17915 2
3007 69909 %n17982 2
21559 20803 %n998 1
29827 %n16334 3
73801 66527 27923 %n14552 3
47428 11028 339 %n7257 2
43407 46624 %n12346 0
%n13910 2
69308 66819 %n11167 0
%n12162 1
79899 %n1769 0
%n23966 0
%n4265 1
8237 %n14660 1
30794 %n1681 1
92600 %n22239 1
36968 %n725 2
34158 55270 %n20404 0
%n23221 1
86745 %n3876 1
58382 %n16259 1
23139 %n23674 0
%n6253 1
87080 %n5890 1
87679 %n758 2
50007 19587 %n1679 1
79382 %n8820 0
%n3 2
72550 42301 %n938 1
19611 %n4494 0
%n22254 1
50816 %n18536 0
%n17392 1
70292 %n11745 3
54391 64920 46088 %n24727 0
%n22166 0
%n22902 3
48731 41741 5156 %n6296 1
59762 %n60 1
74923 %n4822 0
%n13038 0
%n14468 1
30395 %n6258 0
%n5893 0
%n23820 2
14532 75813 %n5474 1
70701 %n13092 1
43865 %n4282 1
2611 %n18754 0
%n11982 0
%n24136 1
67965 %n18146 0
%n19809 2
26982 42335 %n13586 2
9585 44065 %n4258 0
%n12448 1
74208 %n12458 1
13434 %n23972 1
29625 %n4381 0
%n1581 0
%n24385 0
%n15767 0
%n20184 0
%n6230 1
25117 %n1342 0
%n8000 0
%n18558 1
2122 %n23704 0
%n19823 0
%n2845 0
%n8499 1
72118 %n10393 0
%n21963 0
%n14844 1
57810 %n15124 0
%n15522 0
%n1032 0
%n16668 1
34987 %n6437 0
%n20964 0
%n23181 0
%n19748 1
89897 %n20595 0
%n18028 1
940 %n1256 0
%n17579 0
%n18072 2
13048 3381 %n14708 0
%n2901 0
%n22783 0
%n22051 0
%n8382 1
36017 %n12176 0
%n20099 0
%n4836 0
%n7439 0
%n22392 0
%n5998 0
%n13697 0
%n13714 0
%n16938 0
%n719 0
%n8885 2
49736 53845 %n1272 0
%n15644 0
%n45 0
%n19922 0
%n16719 0
%n12260 0
%n19236 0
%n6888 1
61860 %n3469 1
53513 %n23366 0
%n5741 0
%n12438 0
%n5914 0
%n7721 0
%n13470 0
%n10383 0
%n22276 0
%n20299 1
34996 %n22513 0
%n22941 0
%n9408 0
%n1726 0
%n20292 0
%n8287 0
%n23560 0
%n7291 1
48998 %n22552 0
%n21009 0
%n2561 0
%n18814 0
%n9078 0
%n2539 0
%n1970 0
%n9744 0
%n15070 0
%n113 0
%n22496 0
%n21098 0
%n11679 0
%n8790 1
31244 %n2096 0
%n9111 0
%n11926 0
%n8679 0
%n18672 0
%n22310 0
%n23649 0
%n4194 0
%n17487 0
%n21926 0
%n11077 0
%n15713 1
90439 %n19507 0
%n8276 0
%n15068 0
%n1200 0
%n242 0
%n5647 0
%n1738 0
%n12869 0
%n7865 0
%n19056 0
%n17257 0
%n2538 0
%n13132 0
%n13768 1
6128 %n158 0
%n5845 1
28179 %n17846 0
%n13666 0
%n547 0
%n21331 0
%n9775 0
%n18439 0
%n24185 0
%n17937 0
%n13594 0
%n21473 0
%n12391 0
%n20995 0
%n5657 1
82606 %n20232 0
%n17963 0
%n18626 0
%n13420 0
%n11454 0
%n634 0
%n13467 0
%n12437 1
56887 %n7056 0
%n16650 0
%n9491 0
%n2306 0
%n3435 0
%n18272 0
%n18899 0
%n12053 0
%n7514 0
%n4436 1
44502 %n10415 0
%n5996 0
%n20061 0
%n20782 0
%n12584 0
%n5082 0
%n19450 0
%n14841 0
%n6023 0
%n14698 0
%n8714 0
%n17694 0
%n24855 0
%n23939 0
%n13680 0
%n4575 0
%n13304 0
%n3160 0
%n