81
141 119
74878 21620 49961 37468 12418 42573 97328 14356 93284 91120 93263 12453 98562 79420 91896 5955 32573 22913 9226 92235 12235 65563 23868 28208 74188 64662 23146 73174 31896 74909 46639 55330 98417 50267 3896 53768 29685 89017 72304 69183 67439 17261 38026 85423 92260 22165 53088 46751 34998 90965 34033 15784 12075 91016 15018 12942 26726 68460 44933 36221 55861 71661 65083 73711 78439 23659 92566 76150 7486 58362 84402 7909 69934 45634 67313 95406 68111 62192 12059 9803 33915 39687 97816 42154 31226 35341 15390 70909 31946 68543 50541 5621 41543 39278 52045 82408 22085 42287 88628 11457 72728 87536 66891 74045 44867 22818 94306 20890 83360 77721 80347 1905 88262 93584 14407 61252 76851 22381 81358 %n2908 108
20346 14012 78106 95464 34432 16293 57605 12705 16213 1141 98365 96251 26371 66972 85071 17610 91140 65147 63063 92635 67984 62055 40460 98817 17402 98390 34662 68381 26238 8461 69094 19532 78711 3828 69808 86065 19535 20107 65974 75342 16521 8028 5105 62052 52148 42504 57241 37175 59897 49936 28479 54482 79953 90449 36556 88677 54464 33504 59585 92825 99902 99507 70178 14542 40465 5529 99862 73989 8669 92038 4807 32721 95463 14801 85559 93649 38803 15141 7288 43440 15223 94168 93359 57450 49164 78628 36510 7368 65923 9623 22923 24260 67571 19648 73874 96492 77008 9765 6807 95759 72503 19500 60969 26309 20909 62240 13440 66811 %n4002 97
62431 54292 34027 54780 64043 77853 68383 18335 70184 87023 1660 92459 21173 82052 34898 70497 27361 59011 2389 71951 13006 8638 7681 60486 63633 98960 12834 90272 96989 73199 65586 35690 78719 2879 77103 36511 35955 63419 10851 90880 42907 67980 98629 56870 44006 63081 96478 7632 65388 65986 43380 14294 60485 68925 40737 29301 69807 21219 3499 23433 29879 10377 90318 66085 21036 51978 21101 15434 52009 43234 29 18801 6583 81550 91254 78797 39559 66197 18909 25255 67300 10578 25522 19896 96557 20855 68246 20322 76516 26800 21040 95369 82212 66455 14732 76556 12695 %n5519 80
24352 41035 75586 14070 95163 83548 68630 15208 73094 32998 16327 76030 43624 66761 71509 43369 59339 17830 64164 58235 22023 10308 11929 67486 83977 77179 6333 9677 38880 45572 18012 44988 72313 45400 22119 38912 37063 23327 91776 18083 9798 28158 96097 55692 51299 91690 30392 85842 45896 12402 71938 66290 44137 61670 32993 18280 92816 46023 531 9500 64069 43914 13064 1470 24486 49604 45820 24425 62456 48007 40370 4275 1992 74470 61402 29165 13009 49184 22077 18102 %n1092 64
91264 34011 87696 34492 2965 10371 83911 6697 81179 73932 75208 3564 56680 90470 68546 32972 29358 82177 10986 95153 36007 64334 51244 50121 72469 62928 11060 71098 40706 33905 87455 63555 3884 27472 59328 60590 75565 42512 72127 98230 37101 67303 96276 50270 17750 21244 74182 85729 86856 82999 36891 29766 9140 91037 58563 59081 74911 20679 32001 81678 97592 54351 83027 99934 %n5514 58
68729 61877 70805 82498 7778 42674 88760 20181 90210 27762 15466 27984 86385 16084 94338 69289 71296 58096 62683 98153 48568 45614 10356 44743 42733 1875 9983 76538 69290 15874 35852 76936 311 14946 84616 38910 58647 24267 50073 27085 65459 18360 68242 95314 93459 28061 45660 5400 59052 34727 64256 39274 55509 99722 52163 77711 38677 21307 %n2966 51
533 88680 28129 54181 14953 72894 86492 12227 25694 2843 75048 27518 84847 75249 28621 92811 53766 16651 11226 23342 61460 8234 93731 20374 2525 84658 7546 41904 95723 70168 76875 8405 28922 89826 58559 85383 7459 5159 89795 92527 7290 12371 28401 4486 56750 35821 20430 68949 12138 7413 60922 %n895 44
37108 44360 74365 35710 23891 36540 45687 56954 2601 34485 22418 4448 89543 39270 79196 3446 18421 58493 96640 3713 18113 18398 31728 44471 71649 37463 31419 95025 83421 14277 63075 48112 48661 94809 90188 82163 4418 70369 1594 53726 40165 47196 19507 6967 %n985 39
19903 43691 48611 25571 31265 66848 63357 36267 41326 70869 90161 82057 63199 32471 12301 49578 88489 29900 71494 43125 34484 80051 17645 85361 35702 25649 2795 76276 92555 24846 69344 46663 8465 7574 52094 23737 31800 49984 53023 %n3170 44
40190 61068 78056 97936 18762 71816 86177 82679 43287 48925 81044 54853 86700 88340 10010 87663 64244 31592 76825 59074 39588 83533 80246 37184 95812 24893 86352 65204 24064 94440 73037 42889 31617 37144 86279 53214 65402 85700 84582 40367 43679 83260 9650 82797 %n2511 25
94913 80439 24619 27775 34580 96267 42799 13426 24 53951 78443 76114 14130 70416 4659 63622 42877 9457 92769 45582 41427 67835 6606 71146 37606 %n1059 27
7599 87130 61269 49572 75532 5555 18541 74981 3082 5170 17079 9041 1102 475 31816 50670 80910 6930 80299 34584 69018 53135 6074 11881 69523 24811 42424 %n1116 24
8907 79770 92351 64073 25022 33600 21507 16373 52651 17175 38786 82114 89162 42649 75664 98861 50306 32601 63976 67442 23768 10899 76629 46484 %n6114 18
86204 28098 14555 39497 13156 59337 13762 43501 47096 36191 29554 47168 38261 60464 43474 65329 72521 601 %n1932 16
95424 37299 21382 54041 83788 23212 94845 89193 71404 94404 2309 73178 12012 87742 21500 76397 %n374 11
7530 82463 98407 88295 40419 9710 56009 36864 22743 90862 28550 %n5999 10
84584 34691 92252 95779 71892 7181 59545 30902 30358 13663 %n3791 7
53379 67174 52920 9724 29535 3199 44059 %n2753 13
9476 81118 91345 22643 20716 16591 70199 39074 65235 49589 62617 65548 9505 %n4169 8
63692 80762 99167 76192 29651 89850 90345 11654 %n2662 7
76203 56118 99299 20795 59857 73516 60001 %n1161 3
68063 35827 303 %n2916 7
44512 72238 28011 78676 24974 37211 94620 %n1685 5
11925 43936 61213 22345 50456 %n3849 3
96355 54602 33248 %n4069 5
29118 68711 35786 52278 68098 %n3162 5
43664 37820 43777 85301 40909 %n4343 6
72625 98758 28587 6173 80532 25289 %n2475 4
62613 85029 11999 28449 %n130 2
3503 12709 %n3297 2
80272 45668 %n3566 0
%n138 1
88226 %n2513 0
%n2134 1
93885 %n553 2
31017 79710 %n657 1
40742 %n1404 0
%n1671 0
%n6216 0
%n2407 0
%n6031 0
%n3316 0
%n3549 0
%n4743 0
%n3754 0
%n5181 0
%n3812 0
%n3485 0
%n197 0
%n178 0
%n69 0
%n2487 1
52955 %n1192 0
%n522 0
%n5350 1
44802 %n3806 0
%n3538 0
%n5566 0
%n493 0
%n334 0
%n1800 0
%n2275 0
%n4516 0
%n6196 0
%n4713 0
%n1657 0
%n5030 0
%n223 0
%n54 0
%n16 0
%n3438 0
%n5073 0
%n4887 0
%n669 0
%n1912 0
%n4605 0
%n3563 0
%n1603 0
%n4625 0
%n4932 0
%n