141
6711 16
5806 86636 80273 43520 51175 78839 80356 37452 99997 75912 81731 5138 59852 75279 487 96552 %n4248 15
82402 99497 43835 24111 20647 22443 80462 21989 86833 47886 50410 71888 3280 71169 49646 %n2558 13
8523 95893 63005 78027 45572 49214 71827 72483 37095 76035 69270 3312 81974 %n424 15
25146 18009 95361 19040 44323 36676 95051 61634 8083 83495 4812 42093 47485 88717 11701 %n5577 11
23211 9562 74097 96098 2763 72481 11789 86323 96498 68443 65652 %n2638 13
41302 28594 56975 63521 97004 61044 4593 51512 50886 598 53463 60981 60759 %n6547 14
60750 57430 26637 29277 41529 42891 6094 9283 29367 5544 17357 16636 53407 59252 %n4893 10
87863 3806 47264 98382 73643 56332 4834 3741 32414 27359 %n641 10
60904 54793 27884 19238 38637 87387 97974 69160 75649 79604 %n3428 9
40470 77537 45530 83536 60840 59630 58347 62783 34755 %n1694 12
34762 91237 17496 45709 61518 16532 98095 92420 34427 9389 87902 82156 %n6646 9
13303 49044 29318 13811 18551 97397 67258 25109 29150 %n1047 13
17634 70046 82200 129 79813 60849 82419 50821 82213 54979 8911 14124 62063 %n5579 14
85656 2568 38656 29113 54357 988 29614 57943 84828 72684 83709 45048 53244 6176 %n2777 11
47766 26043 19126 66013 90848 55218 49569 51273 87834 84308 39855 %n5813 11
18409 28361 7827 7900 55354 21151 15319 43653 30279 6812 61536 %n3644 8
56915 63622 46358 66634 37486 22437 69724 39776 %n905 9
9522 75241 4455 23032 80781 9769 22170 71230 18306 %n2466 4
79191 22294 7734 74674 %n5127 6
2319 19915 83832 67249 71400 15413 %n6768 10
71625 36520 81944 88431 77699 15327 98465 92802 72587 30982 %n1742 7
63855 59372 82130 59313 79041 88070 94605 %n6064 9
34081 24208 14211 93020 66820 80577 67190 34252 37336 %n1519 8
22594 15836 59241 42800 53862 65705 36958 5869 %n1131 6
27694 20242 69950 79965 84063 87486 %n1643 7
75025 40364 16409 68543 35743 50602 49329 %n4183 7
60598 48039 3451 28026 71123 16667 20702 %n872 7
63616 35905 3837 96744 90345 72872 69968 %n3132 3
2731 63113 81016 %n3845 5
71594 63694 65617 6428 12128 %n2932 6
72226 3221 19536 73292 3512 28116 %n6355 7
86258 75922 32272 22889 11505 72621 93510 %n1806 6
68775 20671 32379 77052 67696 86438 %n6439 7
34341 7909 34166 74761 45501 16980 1250 %n70 5
47287 71651 17516 54734 6032 %n4456 4
82365 43042 94861 22871 %n3455 6
26564 23946 15978 34855 37605 62125 %n5740 5
22464 66825 14676 78364 13775 %n5473 1
50836 %n1864 7
39747 31738 22508 52623 32933 13305 60735 %n527 4
231 80701 87582 65929 %n6623 2
64356 58456 %n2105 5
34626 92540 31029 4018 60406 %n6327 3
84697 75651 20612 %n4107 5
78784 39935 4825 27003 21154 %n3166 2
30039 44060 %n6179 2
3060 97689 %n5398 2
41597 36957 %n2917 3
24481 16931 95900 %n2211 1
40433 %n805 3
84356 75444 74505 %n6683 2
55474 79320 %n3434 1
58317 %n3838 1
71648 %n2253 2
15972 68302 %n1327 3
79708 5328 74937 %n4097 5
45433 62039 7854 3785 85322 %n4712 2
60386 58271 %n261 4
21383 71611 54854 43072 %n2937 1
9552 %n5175 3
94595 50056 56110 %n1263 3
50043 59834 71587 %n3680 1
55787 %n3696 1
45378 %n6742 0
%n6247 1
87210 %n5158 2
52467 73338 %n566 1
24420 %n1706 1
92337 %n2791 0
%n3176 0
%n1349 0
%n6064 0
%n2479 0
%n5132 1
51775 %n2394 0
%n6095 0
%n2742 1
42569 %n4966 1
60713 %n6239 0
%n5793 0
%n4658 0
%n4197 1
7670 %n2533 1
43494 %n3636 0
%n3070 3
67551 28461 32320 %n5902 2
77141 1227 %n3510 2
85683 62369 %n5652 0
%n2018 0
%n3569 2
46432 31423 %n3002 0
%n5976 1
80605 %n2261 0
%n4408 0
%n1879 0
%n4753 2
63374 78780 %n2313 0
%n5153 0
%n4228 0
%n4641 0
%n3201 0
%n2422 0
%n407 0
%n2705 0
%n391 2
32001 48992 %n4173 0
%n5732 1
83172 %n956 0
%n1518 0
%n3287 2
21199 32491 %n4881 0
%n2218 1
92718 %n5463 0
%n3687 2
78870 68155 %n6718 0
%n4465 0
%n3475 0
%n2350 0
%n5406 0
%n4361 0
%n2615 0
%n5824 0
%n5181 0
%n502 0
%n5018 0
%n4473 0
%n861 0
%n6101 0
%n3036 0
%n4578 0
%n3953 0
%n1617 1
52965 %n5817 0
%n3710 0
%n3003 0
%n6728 0
%n1458 0
%n1625 0
%n1537 0
%n5502 0
%n