26
573 325
128 75548 27176 59709 39291 78645 58056 9283 308 69068 91430 46860 40649 46101 79589 48246 39372 76618 2103 30077 81325 23702 31749 12573 36063 80013 34376 67875 82607 65240 6254 85835 5189 60692 28455 6690 41688 3627 99122 8068 80219 64599 22802 64982 72328 37778 7417 84041 96288 83496 73798 90774 8913 62217 37054 75812 19462 51221 14088 66434 58155 21804 47031 73408 1141 15228 56435 26587 9864 7894 93494 98039 5289 42227 56839 69053 67063 52321 23314 69169 15022 65127 93891 53003 88051 60747 6646 38932 2842 63983 74531 86779 8729 28288 66768 27026 66036 40896 43021 79129 20082 22938 3560 78355 81556 12297 28484 13377 33985 10347 73896 50815 38856 36279 50410 95452 23074 72209 42005 36977 62475 32155 70363 43142 23053 30187 52052 60553 33670 95017 92311 96396 37207 17769 87095 50344 65337 45805 18820 49055 23060 78927 35001 6714 42694 95617 68439 73214 29308 79574 3763 567 35397 7231 25618 76219 96401 54036 89773 76401 58501 56604 5320 64805 6929 12829 29557 67361 62146 54569 81198 66133 76088 69608 1152 3969 29932 41761 33539 37857 72161 75887 63491 77764 22255 62281 89098 56996 83501 57234 45977 22763 22716 49683 82317 77194 53624 55189 78151 1699 1406 64492 52944 10403 45928 91108 26017 90172 68777 76272 53543 93357 65563 63005 64442 33631 65246 19557 79450 18487 56667 91856 1411 54366 56495 63199 89933 75036 29870 84282 15872 18164 99013 1428 80898 68192 82646 63673 90416 56828 66241 35862 36669 20912 21052 38021 80038 64620 48202 98575 88097 57228 4176 42730 68804 59278 63086 1159 87303 84239 81522 44081 8042 45064 37520 96111 20651 97072 9425 5206 23735 10300 98803 90338 35246 65821 95187 20477 49351 54192 6781 48272 22144 60038 45470 14665 41458 63747 84740 6754 57581 69445 52651 90641 95217 81624 86787 72091 27295 14586 40904 1247 33454 37886 86911 27335 51482 54017 22916 60713 77639 81190 62346 99171 92219 94897 49165 80725 27499 42740 50790 77065 95440 5662 31008 %n1085 184
24240 22271 41535 34433 91610 47882 47650 28220 2601 45753 62362 27294 77565 26128 11422 82613 86434 63875 30998 8759 52740 34212 54913 77667 4666 39675 12635 54609 66279 19082 33853 86647 36676 22560 45512 10158 88458 82476 20412 55661 82140 26487 15362 44981 12376 79175 96606 48806 95588 59359 65905 98670 93322 73505 335 26522 45138 74854 77818 73393 34905 31368 3817 90467 81532 22335 94121 86867 85417 40148 84320 90444 6325 35492 36517 69760 89738 82779 90495 37212 67256 96013 70180 6086 97567 97392 5380 68407 53756 89048 27640 17284 44079 98928 12549 83365 50826 91971 65706 83864 35601 18158 93328 11837 35109 24272 20138 15717 4244 26509 20417 39232 94490 54356 62726 93392 6757 16769 35095 49688 75498 40637 16937 20772 86512 98988 40130 77513 75084 21873 54510 15969 67155 22381 55925 39640 46030 18814 38390 95076 37423 32437 27665 83180 69025 95358 41775 20924 6222 88640 34713 3038 65589 80176 69671 15602 58859 10046 31880 64054 28507 76615 20066 58868 8787 60102 17574 28498 38998 39302 59345 30335 54729 65182 10480 26378 39747 2147 56837 83530 82645 17556 21932 77555 %n116 96
46930 42480 47979 61394 5276 1940 11693 87350 36271 12594 82573 37684 26733 14850 42050 37947 20362 12146 67119 61853 29499 44071 90633 67154 66681 76104 70552 94180 60680 10740 20819 36348 90472 3776 71861 44412 83934 86320 27747 80678 51116 56584 53473 70441 40761 62728 98974 92142 90818 50387 95966 42673 14323 11809 33737 57757 88557 19824 2367 30107 93338 36746 50912 13807 2839 8292 74195 88981 43996 27443 81571 53285 26135 39091 39693 75485 7057 93209 43615 62367 57772 53610 54976 80433 38396 21883 31742 96091 47489 78896 42564 10308 70492 30943 90795 12485 %n131 56
73337 67854 16217 17444 19138 66644 90147 83144 63498 67772 37748 72760 26328 57441 18017 57464 88737 77317 60769 61825 88796 26909 9441 94764 90554 88979 74061 37798 52277 680 37425 72130 64531 3505 83684 20636 69024 52032 59514 48051 58757 58144 27582 9433 33217 9335 33912 27002 53043 98183 12954 59529 36017 22755 32344 18825 %n391 28
90312 89869 2187 25376 97946 42688 19729 52345 26614 98970 22638 67567 89864 7555 59670 17578 93600 74003 71990 28248 85118 51704 97656 82480 62593 55333 9815 74490 %n1213 17
73794 88576 26759 26174 17112 48938 3127 20546 61137 48227 7455 38131 85324 64543 58189 17962 86038 %n548 9
70649 83812 52054 76357 40629 22836 92471 83915 59083 %n1288 6
63311 58100 21226 27394 77524 15339 %n170 3
99541 12431 91790 %n852 0
%n897 1
58762 %n26 0
%n628 0
%n1087 1
77232 %n158 0
%n902 0
%n133 0
%n1458 0
%n1510 0
%n786 0
%n830 0
%n799 0
%n1014 0
%n978 0
%n220 0
%n619 0
%n