148
1360 590
14778 45530 56261 28553 81975 83074 56482 51193 83960 81296 86417 22080 69785 61360 79455 89528 21343 44791 22153 19105 7066 28354 58948 22253 89285 386 66872 78424 45398 48068 70522 33559 21265 42061 31692 8754 59838 52238 56805 72059 58427 97887 60219 14674 76435 90927 26212 71504 18429 98332 19473 53519 16185 41743 31348 55388 46717 49493 66210 66879 82280 92652 65177 568 55564 41591 97496 57421 90862 40487 29962 9403 24065 24711 34865 28314 97906 81967 44353 73155 88871 56623 19198 56959 68489 36989 25593 39324 2665 89900 21064 46965 1768 23081 72370 43934 76739 91321 57257 43562 68777 60747 82097 49062 53471 90039 66632 10180 93737 61263 68658 54201 95432 54977 72217 13933 2627 97718 25206 81235 68042 97781 9579 5481 39143 60922 79671 51966 72074 92388 64770 43390 68804 16205 40598 94534 9691 22708 6613 225 78970 46652 19669 95620 99616 15998 57676 53522 21052 87945 42071 70669 54950 56857 27046 51714 39038 33029 6599 26567 80614 99629 23468 21240 86874 45561 98982 58118 31269 45468 45745 11368 82736 4786 61294 55753 778 5256 79131 7978 92898 11692 75339 98158 35757 82244 51656 93242 54375 65948 38129 52758 59580 88137 69382 66713 25924 91668 67606 41968 67276 73961 39348 82829 71558 72969 96023 30766 78733 43890 80046 40241 93824 50905 21751 14672 69596 70988 99228 78279 68755 23532 8112 35505 77710 96986 77133 28410 431 34519 69493 58298 94438 33655 78403 65035 1513 43199 51583 80914 41832 53984 1758 50118 74229 75849 80503 79566 36327 13764 89526 20668 21831 61366 18207 19321 69833 30020 19878 98185 17804 60222 95700 7355 97636 23180 53920 24360 93841 25770 52194 57489 28873 66807 58440 55319 56415 25001 41206 51346 94592 60844 40204 69995 55523 93377 95675 81977 66326 36213 61929 3633 35672 65921 92839 63392 25956 7527 42491 70807 37331 14928 37166 46124 16601 46145 42534 75853 9330 82922 99703 12234 76908 97834 14763 79523 68556 15824 72471 2437 64553 63619 74965 33615 81017 13393 39383 75067 3772 53230 88627 89173 51190 66357 95601 32809 17086 67325 93898 53764 85596 87383 75173 93143 7623 25290 55883 76214 83586 83715 22430 22206 38587 87472 23414 96169 43970 31622 44257 73583 75770 26501 16967 61244 81968 70601 10165 98304 18734 19977 96055 56653 95744 64646 776 19935 10857 82386 67901 65353 34119 40372 33039 28146 64471 36396 55945 9648 71115 67499 47615 94782 28705 80555 94455 53394 66251 14747 11858 9939 70137 82267 60892 61766 4962 48854 90003 6774 43025 51965 63231 66410 82639 67631 1409 51876 7683 26928 46203 1790 59916 43167 39988 61916 60491 33444 39385 2909 92941 61220 8375 38067 77584 32002 20404 12075 7068 71296 91962 54723 43761 85458 88389 10138 16091 95073 67297 82021 31527 88668 79989 90238 80371 91616 77875 35277 24391 43249 95904 73725 17561 11346 39436 77627 49801 60916 20999 21342 27938 86395 40801 24814 16152 67062 22888 18031 20405 56771 64761 97644 35572 43240 47249 57189 45492 85164 38119 55053 7964 39711 37059 99448 74375 17939 3113 7048 93881 56063 12333 147 11176 74388 18630 36058 29393 80801 68377 98309 35583 90568 14114 45395 23341 18328 23641 43789 35565 99857 80980 43372 55365 52438 68427 49838 8312 66528 3237 73910 56192 13673 68984 81361 16441 10772 33871 87600 93028 17308 52475 78076 51443 78440 64060 32253 68175 46178 79401 86418 54391 28467 91108 99731 31617 6506 63634 5666 90275 24313 60662 72474 19778 17813 1094 61446 90823 75426 73790 4197 23696 59298 27201 13989 54199 21402 7807 52608 89399 53092 8056 79982 77558 48935 10091 90421 16554 10648 99136 52909 55609 76250 %n1541 27
1786 13091 44703 20111 71164 71365 38290 83524 70235 85385 38153 27937 43735 36118 82798 17193 6054 61962 22690 85728 93829 52503 10966 60811 21693 16249 69066 %n693 27
21832 90865 97054 69902 60981 14683 4849 31238 6561 4172 41845 22782 9207 9447 53766 23552 83311 2647 34827 77154 18085 61554 65063 32295 37928 59662 63672 %n344 27
31393 82171 45007 13877 80088 92336 47691 33950 86526 32885 63222 94519 6000 2101 81091 59882 63905 45351 60633 29083 53192 79773 75809 33853 72587 99904 22692 %n813 27
32887 91665 84625 64590 76993 32408 10357 87949 78011 59143 17543 54021 70250 94627 75903 36398 64548 50081 41334 24613 35357 31458 64331 30439 16739 42627 53812 %n670 27
2873 15105 59169 1968 10936 72692 41958 26272 59982 68558 61178 7431 30016 26314 96902 51022 8839 73038 25265 29849 4180 70945 86797 54160 72272 62761 88240 %n40 27
16038 47708 24714 74841 96386 51315 84823 77318 92438 28017 48202 86754 434 8958 23329 34476 96049 14132 68941 87553 57884 28618 34116 51377 24740 15879 75696 %n1513 27
91591 16948 24649 84632 82856 10286 36554 40124 4358 96514 73729 36728 86847 36747 58171 69516 41537 4902 78595 64444 15718 61080 94325 16792 29907 88160 99716 %n837 27
10980 69270 34091 48699 12763 9859 46517 89495 28867 8053 87398 97874 98734 82817 91113 3167 5029 9444 673 60277 55958 47979 62807 31634 53552 2947 42960 %n1589 26
39798 19731 67659 32439 48504 73786 86348 81266 19779 61098 89829 15462 43129 31034 91638 32825 2391 49320 25761 22492 86229 33451 20698 19676 94273 94254 %n1599 26
10503 18627 96170 33167 83025 42853 46449 23029 45029 49891 28566 8507 38006 91708 84703 74126 70292 84691 78452 23722 82306 17009 77159 19267 14305 55034 %n362 27
6724 13476 94917 4255 30343 52647 58658 76166 4840 5737 71431 72497 16751 1384 97609 78626 39818 65570 54476 27471 56175 14277 28463 69968 12442 22550 18133 %n382 27
95519 12043 75605 21210 5193 37957 80376 14513 50738 64198 23380 21459 940 13378 15047 55702 21927 72295 99638 87660 19309 3813 2737 32216 42059 50109 48690 %n610 27
50568 25124 60297 49819 20408 68830 6790 70496 51426 52030 38568 4511 62923 71724 17380 64151 33816 10917 4372 57386 71560 76943 58300 10458 44946 44874 44658 %n1037 26
32141 35403 55140 63736 37235 41192 64679 37515 75958 3220 96544 13850 35818 98379 45807 16013 71614 61382 42142 10812 48052 43312 68612 57090 51736 72697 %n1609 25
90120 20655 59557 75016 90818 59561 74358 57323 78808 49365 35811 37535 42268 79505 78537 66777 28367 77684 54015 71207 35729 6940 53492 4983 78281 %n427 27
70646 73651 92099 85835 78524 11903 40041 9636 58974 67813 95075 851 36588 50817 82722 21514 84128 45037 10801 78163 64161 39918 42532 39663 26541 66546 66790 %n94 27
64032 53698 15638 98456 69420 4784 49573 64089 7262 83359 49883 89398 18472 97744 96659 21167 65820 45552 49244 63101 73457 25008 19219 6085 23039 94341 5147 %n1660 26
94884 28539 96780 89977 76555 60740 33611 68209 25195 98818 92198 76867 33261 83160 4687 50286 39633 89722 91309 27801 72422 20781 88178 40902 71453 77695 %n416 27
6247 75817 25436 3088 63746 21701 26792 81270 95167 93134 99981 46822 69251 60302 65215 75594 16685 16096 65784 66604 53275 82461 5355 44039 58885 22991 2882 %n651 27
26728 72877 13202 28008 83548 42389 59879 21182 31038 78823 55437 12520 15856 96400 66573 54167 35814 91568 57271 60398 1517 61348 71650 26569 53182 72796 61914 %n58 27
99096 10515 62015 52901 49640 66407 64194 81164 70648 26496 94365 84481 76857 68565 97007 92683 4744 45712 31362 80730 52543 47919 23838 13194 95229 38959 97225 %n1398 27
33721 31115 87069 2160 92672 28440 57266 84674 38050 73950 13352 5121 21189 6462 77475 44789 68189 10048 5556 71996 17090 58766 82642 13268 42233 86066 43955 %n845 27
64003 11203 63343 58223 52583 79674 62379 59132 51154 3972 78511 75073 71149 4868 15913 10419 28126 24764 62127 86072 63100 22779 86782 11233 70586 42001 48181 %n1379 27
85400 60961 52842 41746 73012 16756 51300 7967 27810 38031 1421 66218 3595 30253 11227 63839 71422 59262 77170 72350 15828 40189 74275 82040 85806 31376 42274 %n1564 26
62292 5564 41182 20150 24806 85984 29565 11686 25683 94669 71746 3784 85551 26725 38722 68938 21494 42854 86182 62778 47789 96388 56510 62530 35752 24372 %n487 27
81265 72165 93688 35897 28752 35028 17547 58930 33099 65038 35027 59383 2780 91020 65738 8668 44289 95987 65354 44740 73653 76297 50232 35688 75379 85345 41215 %n822 27
49424 73051 98153 44737 57791 23174 57809 84657 2049 7492 15414 20271 33897 15737 4545 21361 2189 50211 33722 62474 7035 67333 15706 95725 76931 13516 51103 %n734 27
95597 84169 30761 59017 77479 58269 88303 5379 34513 24083 16161 39589 65241 14188 22419 19118 17413 71825 24398 46656 22028 19268 25141 47946 70521 1430 61328 %n1425 26
98082 60756 6850 52084 58329 15506 45391 21878 44337 41721 60552 12548 90126 26023 83852 97246 84925 27539 54217 25794 24914 34495 44622 10853 44026 35957 %n286 27
9313 4697 59113 80229 9846 12352 16200 55286 22389 11508 36527 46399 20413 23605 75544 9261 89070 29724 96483 82445 71151 84196 74740 76920 6021 59192 90551 %n369 27
18577 20299 41851 3409 27543 24481 88341 7750 42289 33484 56109 30326 94406 75338 79843 26296 20621 9014 14140 92140 12304 7352 66217 40611 6686 84207 30657 %n858 27
50950 39152 96209 11911 10237 11217 68117 64427 17729 72216 98726 16761 44451 86735 29625 94272 70046 11545 33268 57255 51785 83000 3303 36926 61508 46383 98075 %n1477 27
58424 74834 13140 58938 56171 59775 13487 98290 40010 71493 82907 88071 54139 74815 56230 59319 50395 41016 46600 21929 24878 28226 8460 4859 65714 22600 8568 %n709 27
10932 75705 76373 94080 3901 82812 50423 62105 18691 84175 40464 42215 10270 8631 86422 8340 67976 60240 9046 34445 82575 78572 74962 14250 8487 56319 21056 %n913 27
34043 17320 60449 77087 58780 75639 77566 29229 93228 43436 69035 89450 52361 65082 88560 74906 11616 77846 89176 84855 47675 81343 34660 30474 74349 21468 92429 %n660 27
5197 79165 11712 87324 93797 16676 98522 51853 4716 26875 52265 58122 77450 90279 33881 88023 62488 27758 77166 69335 63055 79638 99579 51563 48220 55817 26509 %n647 27
80221 19671 28238 20357 16947 58074 11428 40417 86488 49061 3472 24963 78411 12297 42147 78959 48242 16632 53041 80756 63186 20487 75446 41268 43085 4275 53163 %n1196 27
79308 51888 37476 57335 95235 84086 12639 48551 74391 45127 87306 45190 62206 78349 7566 20794 25291 8159 3801 82108 33703 9524 95567 59854 50235 54821 67387 %n665 27
54835 80632 74261 50954 97676 95023 87743 97250 92824 11388 50543 7885 37150 96763 5728 54101 97657 49394 17023 95038 84777 43428 65931 85998 96648 55522 94083 %n1571 26
87360 38098 63652 32234 66869 94490 23308 56633 87429 33938 23985 12074 51456 91856 85970 95374 86019 1385 6525 2318 86269 14845 35650 73250 99554 8160 %n104 27
80028 83201 59520 14808 63546 22433 25501 94041 26397 8264 21581 2466 10915 9857 78618 69973 3184 3647 94367 50676 27702 64643 75455 28245 20674 71689 85885 %n47 27
24912 95947 38442 35870 61725 27466 20774 19275 86180 75708 71743 1491 2476 97852 54059 59368 13520 37095 61043 88279 41251 51501 20464 22327 39107 77085 45553 %n68 27
14019 74453 67967 91492 32908 23303 92573 28621 93396 52195 49866 83276 31392 17541 18550 7480 49410 34614 87428 6491 16623 70468 71028 61842 29641 64672 60225 %n753 26
19279 57772 36427 95041 78855 15447 99702 94470 95903 82068 73170 94543 98944 41881 39126 6558 84928 28521 1096 50202 50836 29558 19923 141 99514 88485 %n689 27
27003 56667 73139 88016 36538 29213 3261 68959 82784 90269 92152 82052 51419 82613 21358 4433 41592 40664 89430 4123 57782 69623 98785 32359 19395 39150 28084 %n1262 25
61539 27171 3613 88259 45751 75191 56937 88812 83145 18161 28829 11316 99813 95369 22007 23639 38329 13938 17339 2343 41147 62737 14209 6573 50068 %n924 26
82161 41784 21495 75777 70259 58891 7716 50221 96733 97152 81555 12936 68983 67477 31364 60562 29615 65856 24887 53608 9925 40231 63243 88712 6455 22150 %n1269 27
62910 1126 35326 32732 41012 79468 23264 64906 43620 89268 80786 36378 37973 90997 77498 42299 34717 98013 86750 84274 51975 12022 81495 53706 5204 7678 10630 %n891 26
75228 72039 6902 63731 80702 68557 53059 19759 34688 58373 1625 64948 34543 25283 13965 8936 20882 96293 89461 72727 99578 97357 9781 68387 34531 75404 %n1545 27
74651 81925 20196 11141 5040 45779 49386 50105 7976 92397 2970 53201 90451 19753 20056 35551 77404 29782 58464 25018 98266 88573 6341 88800 10916 1049 90730 %n643 27
49026 61687 44425 28679 36944 40889 31679 11127 14650 91900 38710 56717 9427 48654 32342 66381 55422 61349 1777 12176 34044 58919 59663 49821 53187 4270 81836 %n826 26
34507 602 21154 89260 82825 16928 11500 87213 60728 90561 41300 23906 24002 95345 18867 97663 4807 65414 45053 81639 3678 27126 48328 96254 16585 72156 %n308 27
47820 6553 6667 62663 40119 88302 98420 85503 31840 61026 49082 71268 31414 4186 54395 12033 27268 61792 29567 84890 69208 99912 81618 16300 30381 52437 91149 %n298 26
13280 77474 43766 58181 93965 97290 6607 66213 9651 36139 41521 48173 78373 78018 29800 53682 550 48391 19100 12806 89602 53665 2055 83249 30814 80703 %n240 27
29080 74107 71006 93178 65903 84650 94986 41670 4050 39925 28536 80445 55233 94013 31906 12895 55810 83193 97756 96591 49999 12606 58839 68267 47888 67704 44875 %n636 27
64931 42561 65493 62300 30652 96438 762 15372 67331 38704 40678 60554 74378 87287 86942 98826 32466 99779 97098 55858 29372 10576 4843 10927 94882 49330 44276 %n1539 26
46842 39361 89697 15674 3325 75531 34030 24406 73270 96156 51650 56262 91586 29057 93909 24857 10858 46401 46002 6918 26816 47334 90896 1316 13011 91556 %n914 26
94701 34379 27329 8109 36777 91893 74040 12150 98791 89406 38070 57935 90992 61443 73258 80621 71725 5335 63043 39135 67240 82254 65375 22501 87738 34724 %n1510 27
30139 14376 75730 62716 96666 71235 76287 58482 18313 51829 56116 18370 82071 39665 36211 33744 8829 6313 15442 33017 38746 8410 61112 97520 76099 44741 88857 %n1686 25
23295 93430 43443 54396 67307 88149 74518 87087 93674 52205 64128 21686 87730 23076 80223 44347 62846 50070 98260 12122 98871 89687 42075 96395 28432 %n250 27
30646 45573 64963 98157 78340 96189 85089 14752 95349 30535 44100 45651 21208 59031 81551 60846 32184 26398 8210 50263 65213 64726 6331 58187 31858 64155 21848 %n402 27
78505 96756 42970 23514 95908 13950 25338 27365 55526 68898 84655 65326 60385 245 61970 55707 27477 8916 98216 38621 80241 9459 28297 30077 41725 24328 16186 %n556 27
70570 85978 26614 93298 26989 6520 56728 54510 77493 86789 41094 90610 9987 75744 32468 71663 35399 7195 32704 26378 87852 30578 94738 12414 54037 76217 15029 %n119 26
97468 7814 44357 69824 27273 61304 95587 94189 78874 78912 12734 36114 50680 41427 81850 91202 57162 24321 75275 49846 55212 70434 19984 11620 92551 57008 %n23 27
32658 20210 67280 25022 49163 1527 79963 33574 73097 85906 62705 35422 54127 81346 13674 36480 21920 6684 80497 52118 17743 76995 49049 83558 58156 74942 75267 %n1209 27
83568 70251 85840 15158 40523 66799 54263 42928 52126 39077 13311 93156 86630 64508 58689 83428 89525 16790 91348 45109 47180 22818 19129 1467 24782 36841 24432 %n1364 27
15253 26623 7124 17209 57846 49079 93387 44440 30562 86376 21998 34158 47874 56884 18541 99479 51793 53244 84620 83965 81806 6944 17171 55071 43371 57481 60506 %n998 26
70571 41519 74490 16532 33852 96872 85946 67264 3422 56218 11931 58751 21812 22498 65595 78467 3795 4024 62526 47419 11411 17937 48495 7206 45571 30388 %n280 26
30400 2631 10391 63930 41168 71165 82787 83813 81883 8439 26570 95591 51473 96093 66275 4157 16265 74264 74863 47187 94289 47227 20319 64524 74967 91167 %n884 25
73702 36606 12765 52451 87441 6615 98806 67930 42132 63683 90795 10835 29692 44672 20862 60983 76074 24367 78222 40687 4930 59609 24859 35908 18570 %n1638 24
58949 8254 97555 9675 82750 34828 98960 38411 46716 9628 29745 71959 14776 29811 16562 78470 99281 5740 32432 42958 71531 82791 51475 54307 %n899 27
85910 36284 73060 40683 8082 49752 66141 60536 4959 33802 4852 29211 75851 11243 38003 8663 52218 76212 92447 40284 44044 42416 38804 18956 32454 9199 6048 %n1025 26
66017 97305 34866 96107 29343 44364 880 89747 70499 8055 99649 99963 41385 51615 17494 44318 98623 73608 52240 70343 16579 16147 20367 3870 95840 61831 %n456 26
28062 65422 35130 55911 55887 56872 10202 14939 42597 60899 37860 21000 72861 71534 89502 28716 14932 64267 27034 76779 76014 51597 72390 72676 79223 43325 %n175 27
64999 17942 73400 82757 28680 22950 19048 92121 36260 29329 18740 36391 30317 37125 77369 36743 72864 62658 95984 99002 82681 3286 82526 99676 67369 45406 61412 %n461 26
49014 13353 21062 84468 95208 86644 43113 85093 70411 69258 81610 90663 11809 76686 37263 49849 73500 58618 48792 99834 59311 44920 56325 54738 55797 75811 %n1458 27
24054 52513 34072 92118 20021 86006 15657 46579 87291 11677 4740 19244 28513 69296 43367 37053 25134 19449 6285 41354 10352 75363 64423 28449 42790 2083 24822 %n763 27
78656 88843 33568 96703 82633 84443 98961 85140 86197 32960 66409 22142 834 54576 87534 86983 92543 27825 44809 48930 46074 87934 34863 99478 97532 6252 92523 %n136 27
10431 40166 4492 19535 60128 35176 24616 98723 69531 55276 51550 80692 19783 65112 32579 8620 71026 70691 55341 87049 58870 94717 68493 70420 1896 76817 70997 %n1538 27
1869 50695 48212 15970 49597 75996 76926 59959 90073 25346 39874 86975 70304 3766 63858 53923 3744 43981 10890 55589 8417 34524 91871 45776 22338 31398 74878 %n988 26
73319 44077 84520 65750 24027 63529 60820 98804 81120 66547 19760 570 20941 52881 97976 59977 88769 14859 15359 69230 95331 83696 49494 59798 30970 51125 %n394 26
34416 50524 72133 28048 447 9133 79197 87842 54024 14972 47243 69954 44354 66301 34210 57552 42647 98033 9725 11910 6893 53206 93033 87145 1469 72033 %n804 27
56103 39403 40286 47147 75132 96995 3498 60682 39973 33450 60249 45890 18622 23884 88122 7419 46195 32373 77119 56770 23837 1074 71029 38647 47177 69539 34529 %n1067 24
84333 21261 39991 13907 71851 5214 2986 35015 32437 57163 46706 31937 93208 42805 23610 69587 32267 26040 63465 89575 43202 63406 91751 85387 %n1386 27
22234 80148 60205 60318 38396 82396 7372 35529 52537 6719 74184 18728 946 50609 58927 74677 50175 76434 72869 633 31304 40546 90761 20972 98344 7519 30751 %n1370 26
12172 18324 27608 60347 86489 46807 23095 60668 86907 37866 39554 47175 30522 8678 38628 72520 67467 64815 69510 98452 26429 15049 77548 15831 85667 99842 %n627 27
36858 87568 93438 49172 8243 63732 91084 40759 27512 88702 39330 83045 86061 15543 49958 57830 47614 49516 80499 97822 43502 6123 90728 38949 46483 31553 43760 %n538 27
31249 19508 76131 33298 57148 8504 52079 3776 78317 15731 95045 51545 95313 66688 39120 12247 22364 1651 74540 86778 34671 46617 49263 75224 72246 65471 15670 %n2 26
17621 43242 60745 57943 93386 39340 81213 98744 30988 76369 40984 89346 32531 5401 7152 12305 9327 38197 49990 94683 90986 86839 49155 67535 77829 89648 %n200 27
12718 51253 22194 92822 84379 77281 20869 68771 71452 47793 21132 64353 51521 50730 41957 32924 25814 8518 84200 77907 15471 4478 37808 35579 3787 73940 51203 %n832 27
91761 50062 45430 30248 13159 13948 39159 21937 53457 84563 87401 84790 91505 97755 4009 12513 89008 88773 34585 49002 1807 92929 18977 99272 99966 34872 670 %n798 25
57306 84695 67452 73001 98875 37570 20024 19090 54648 78945 42072 96512 90604 47112 74514 66103 26343 95834 9793 61493 3650 48075 85931 79828 81061 %n1612 25
49983 95861 40243 37601 94102 72813 56610 71661 58116 60971 16284 27123 2323 57496 63960 58693 37837 23551 25477 15274 83430 43456 37323 13533 87068 %n874 27
72701 25120 90720 87017 55444 69128 39639 84327 35080 31145 81861 16449 35855 63224 19425 314 66779 94847 76122 94640 29098 4605 61256 57582 43120 21016 19168 %n1048 27
65133 21084 31390 10228 3342 82090 91479 64349 17271 66762 19888 80895 38638 83479 20370 2152 13208 15520 41153 73707 17734 23287 47728 74602 25084 15954 92095 %n1653 25
62764 90053 89503 38123 49583 37038 91824 77157 84104 73917 5179 53134 72916 92831 50667 19936 2808 93008 86535 95082 9759 37987 17537 57774 22919 %n86 27
74751 97942 13019 99008 99024 54915 17768 698 94079 57028 18395 4194 88931 61706 64139 11866 50690 7472 75900 82645 86872 30401 24905 84697 70796 39320 65144 %n72 27
42468 8290 56580 96560 63862 96871 56374 26026 55793 591 13439 10368 1270 43518 5383 83805 62506 56418 89448 33775 11548 58848 11138 21658 3289 25666 90170 %n1195 27
82042 44601 12533 41663 62649 23150 2698 50797 47893 87642 58964 81849 95009 17758 87151 50754 20506 67372 13792 357 10136 30580 99358 22794 65598 10403 11271 %n352 26
55637 48790 56863 10991 4682 83129 87186 97025 58573 91876 54218 75718 34325 64864 55403 70674 40738 40936 72778 69192 70398 22748 67734 41125 95586 94462 %n566 27
88589 5294 29272 5650 84070 15481 17642 79810 64218 46948 88392 93490 27278 59233 7017 64467 32641 83021 38059 86169 58138 33412 97807 87254 3933 10620 31767 %n916 27
73987 48290 22462 13402 24830 55596 41468 86069 19813 24049 19490 29760 60100 32589 57744 35350 17838 17231 79437 76515 93908 28750 82185 59327 10456 36977 11937 %n649 27
84028 60103 73083 26625 69237 68729 6029 40612 58953 49409 56999 58391 90366 58388 39704 46528 70449 36612 26191 82707 9951 85035 61959 70347 54603 42159 11250 %n1433 26
37504 23583 2748 11954 68330 49247 19693 44517 58375 83409 11685 93436 8998 88574 97142 69190 27587 38458 20727 60787 1376 66087 85973 50233 35605 99185 %n1141 27
84715 3681 12586 63863 84152 28508 44980 53315 82214 16588 90197 32609 8937 67270 18995 71273 74883 93774 17316 86934 94820 75483 37563 64372 71672 36666 79310 %n542 25
83587 15817 22915 8867 61082 30788 40676 85049 50250 68480 66569 29444 616 95279 99013 25496 61525 96822 85134 30895 50813 62959 16459 51348 92984 %n573 27
60573 78911 44851 1721 53340 53272 69427 34667 3955 83267 57440 23279 80610 83511 23054 27857 7363 44388 4551 32590 3804 74532 27247 63880 79792 45394 36194 %n144 25
26283 61079 70447 56765 40834 17385 71844 17625 3580 87897 59889 77940 85019 8634 20648 15535 96928 46102 25060 81123 42994 89010 27911 84837 21428 %n582 26
77651 65008 37101 90041 98377 71596 79704 93007 72551 21345 81481 40960 91677 32418 97182 44761 93939 46791 67330 57364 39837 39261 30353 57107 36592 75983 %n281 25
62452 41165 16323 64848 12055 75482 12509 31105 58499 17998 47283 78402 73562 50387 78754 35624 12799 5990 26602 61461 12635 21934 31500 6127 90142 %n1324 27
82304 5011 35898 2880 87072 99039 25465 46464 17882 47720 77135 35948 41166 31400 25878 50948 88347 45630 96593 50801 40528 47989 16716 85934 15143 96073 78570 %n975 26
34089 67207 50510 94660 68356 59304 18224 31572 7085 80029 12842 38171 14483 98288 23800 20900 56383 965 83472 67269 16976 87050 12351 11935 14350 50770 %n851 27
96492 3571 84624 23904 63217 37737 28493 16131 97637 26950 12295 86198 28107 40301 56519 73497 27953 20772 58533 28997 98285 90391 66917 85453 39949 871 59822 %n156 25
36570 90057 4132 53556 47987 39742 98442 3608 51438 75153 6957 69165 88159 58037 68666 94620 75104 42396 38133 51279 34792 76244 586 71456 80450 %n357 25
48512 9523 96237 71153 607 5655 43734 53940 7543 66451 29913 25369 1272 338 73174 61376 62503 13614 8917 23702 33660 16193 3789 68242 9791 %n760 26
707 53400 6886 1615 7246 94099 79541 99738 67285 96700 2321 49695 40235 65527 29502 116 54341 87885 93560 98929 3906 80521 78930 75914 31549 48985 %n341 25
2543 64320 93874 70465 26851 48991 64091 66508 39184 60954 69719 41645 22785 75878 54432 12702 59679 29523 75126 35518 43936 80901 8500 17368 52966 %n698 27
56059 67956 25659 17678 67805 22686 41091 4400 27817 46427 47661 38001 61409 69433 95319 74252 44593 96851 92231 48674 97972 50736 15433 8412 44349 63195 93487 %n462 26
81356 10129 95200 37400 46267 21682 64740 93149 17172 16943 81400 42055 18829 65463 36489 56993 27588 43071 66938 73315 10227 15808 66880 13184 74002 843 %n1323 26
45193 50750 6548 7921 28668 65012 70744 49897 90223 73052 38843 86819 23339 620 59346 90234 57165 75989 70772 89034 46099 20642 95590 65204 45925 64437 %n1502 27
28968 91458 53335 35469 93391 2580 99977 36879 37762 49797 656 7530 93480 95070 9104 31021 11504 81261 90623 79091 24475 52763 19155 11470 49968 73615 84840 %n1374 27
36148 31551 28108 94320 10887 73387 14288 67622 54630 47534 67643 41562 15005 21838 51286 88336 60531 65336 69087 56082 72224 17703 45196 34362 9499 82591 55803 %n1418 27
42297 93729 59032 8449 24160 62310 41223 25646 76425 41401 21628 28657 20380 97352 41709 19304 41491 92626 14585 50295 41362 39796 33968 11173 33335 69077 27442 %n138 26
43051 7628 12562 98225 63838 9147 96734 46254 7798 74625 92202 82224 55377 23091 56329 38271 56669 28596 77262 43251 65438 46964 81606 42303 87880 93979 %n73 26
68344 24583 17980 69401 4386 21582 31885 40258 50766 73808 88328 28325 47704 33830 92669 68657 50220 27755 16136 72373 26535 94538 36140 41869 86943 23281 %n987 26
55969 41171 13652 21009 74336 95312 29176 75370 21626 6007 75897 76415 77540 36684 98786 77757 39657 73635 8111 2922 42083 56557 7998 98454 41827 22305 %n1153 27
74515 76190 53993 15912 7381 7188 45537 57327 96328 45359 137 77299 49261 96942 36560 10707 39253 9593 51305 43043 19136 70542 70157 33714 39474 84680 68086 %n217 27
81732 15119 5480 71057 48908 82047 76648 10065 43705 22188 5824 16592 4038 30967 59408 38270 11303 35973 37649 39482 77908 76613 77181 13812 29399 84473 23057 %n233 27
40499 63661 7166 38103 11238 32503 15052 70331 37416 45281 44220 60187 27969 1993 14122 27014 50855 77652 65400 79217 83971 10739 22197 62246 99045 15829 36833 %n1093 26
80468 90667 92913 67017 4759 99544 68043 42495 32980 91495 89289 43885 43180 30642 75611 89360 67019 60897 62101 58649 70850 16998 86593 71717 70394 89830 %n1475 27
9288 32710 73490 49222 54912 13565 99055 27487 18680 25933 11382 88471 25745 5967 92209 66607 72825 79126 78831 49142 99693 83053 60292 99924 70490 10775 89180 %n1325 27
91605 56253 15508 32799 54128 13158 68839 85333 12444 8915 49 53241 72417 49601 81626 40102 72958 54250 94842 54345 52329 87421 93466 9516 14489 65900 11904 %n392 24
22946 41455 47732 42202 94449 29533 42702 19420 37781 36565 79528 69656 29190 1459 12755 91200 84253 18495 34211 37521 65892 1934 58838 84881 %n1339 27
9883 1937 33037 12506 88410 26505 35722 84043 25166 88035 45458 33966 91156 86923 24073 73469 22701 91510 70472 87385 2198 25299 82118 80053 86332 319 20326 %n762 27
14081 35877 59766 626 10526 96310 14969 84120 62235 38759 86260 36979 75079 50048 19018 73991 57040 14761 49602 42437 46063 11490 97201 40033 6338 846 14803 %n739 26
96354 56020 42452 52496 4044 67220 32042 93760 438 61171 77595 85308 60407 23979 59349 75812 5912 98950 26616 76428 16434 24299 93442 55950 33492 5152 %n127 24
96821 9356 68742 66902 9225 10204 68513 12365 13493 68663 73511 9012 41134 9510 43258 82294 29131 17092 83757 41160 36971 42078 51881 36308 %n537 25
79260 6580 67141 65982 88533 76355 8389 72226 34912 49016 92060 75364 53293 83615 37164 42650 78316 87776 5748 8020 26877 397 91507 31482 87004 %n326 26
99074 13408 68408 51465 73703 45006 38078 61470 89511 37085 7580 20800 75171 26118 56130 93473 46963 11376 33137 58252 85519 2774 53024 54745 6922 70643 %n1231 26
94935 31293 79895 97684 17190 39531 6596 70226 73267 43082 85415 49584 32742 45869 83462 70710 22746 82945 78200 48872 50500 54959 53216 84186 27526 60072 %n1239 27
40636 6063 3812 46625 33840 71030 37941 78579 14686 28803 57653 40645 97518 32962 97118 31163 57938 93456 94421 98574 35727 56477 53185 40415 4954 95337 3362 %n729 26
8814 78264 37392 36683 58025 10709 46422 63063 84755 60850 23735 81823 96738 87832 78922 93949 13150 52874 72489 19628 17748 23679 78341 95384 51766 90409 %n221 26
87733 77703 52114 11826 87131 86884 21100 33745 23535 78516 84530 50467 61264 33104 49179 15149 60255 80440 58322 98704 62969 82995 45280 80666 11494 35712 %n140 26
69812 58000 66503 66095 41276 44489 35601 48153 49771 60568 49464 49243 89321 20178 90602 68440 80576 88938 58844 82849 14391 16182 80789 75140 82006 45830 %n1409 27
97658 3291 38521 5093 4472 29938 17833 24343 53921 43173 23082 19847 1291 62069 71351 77515 98113 42030 70711 36556 82365 41460 15192 40825 86397 37406 22178 %n435 26
18794 7837 21287 42391 50840 64137 30190 71516 3868 39103 15287 36285 88967 30631 50713 640 65302 3452 81201 97620 84948 62275 97126 45473 85120 54040 %n453 26
55991 6120 64862 97961 25285 19526 32932 96037 16868 78135 61891 14742 59370 73563 17504 48588 53051 25784 16358 33371 55326 42706 10294 52297 96540 13081 %n