124
4585 13
67613 10202 60977 28903 5138 25492 32464 56182 59444 58535 16177 96525 99999 %n1869 12
72381 84822 60659 15248 84138 52425 93911 60836 45197 83390 69683 73975 %n8939 11
5885 21744 37950 61502 70643 73293 48271 46760 50026 53353 97012 %n9495 10
99176 42089 84328 13065 2174 32995 40688 91191 70237 81151 %n8161 12
93357 58871 50353 29226 77046 63474 28868 22041 67593 27873 81607 9854 %n9990 9
89512 17884 26608 59536 8217 44957 61588 21203 62674 %n5832 11
91121 17038 83704 59392 66549 17659 77896 26167 21076 52076 15410 %n4781 11
95172 91573 79777 7243 74409 84633 64692 17171 68841 51826 59738 %n1609 6
85893 18001 50684 17310 65816 42364 %n10732 11
33751 56330 11189 39967 87972 2704 54959 22072 86833 80337 71363 %n3651 9
94774 10026 62665 96703 77241 37915 48525 11086 73169 %n183 7
10382 57253 81895 83503 29232 90395 86970 %n10789 9
80540 50696 42959 21111 36001 61181 36224 79117 65570 %n9030 8
85156 17007 90664 44074 6835 19673 90563 15834 %n6490 8
39173 24285 92168 98923 57959 11520 39667 91557 %n11061 6
5155 91300 32895 56588 90044 68199 %n8469 11
91653 74136 16383 55638 64774 35986 66105 20441 54772 84173 67005 %n7996 9
30778 14038 88648 8389 24206 60884 719 89452 26795 %n10786 6
8656 9652 45674 11631 58753 73869 %n8769 4
54661 28464 42225 19063 %n7506 5
79896 81604 32695 61605 51624 %n2892 9
26500 296 2629 17300 46560 45213 20905 33932 44327 %n3726 7
88390 78484 58815 92938 71598 57157 506 %n4347 2
71716 70027 %n5062 7
99712 60417 21627 54902 88078 12062 28913 %n3068 7
98954 22705 69178 6736 60291 28725 53050 %n7908 6
84496 96711 42421 63590 75497 38261 %n6669 2
7252 78947 %n8106 3
2436 823 37293 %n1092 2
48684 34325 %n2276 2
46036 47567 %n5199 5
43238 18936 46744 44160 53083 %n7333 3
70640 14160 34821 %n2406 5
21628 55369 67806 75835 61570 %n4466 4
99099 2531 32604 77085 %n7462 1
44631 %n7571 2
64416 28580 %n1952 1
35024 %n4635 5
94107 98623 86586 90216 25553 %n9193 2
72499 24111 %n5269 4
43695 75572 85817 61880 %n3929 4
75114 74942 16262 8075 %n2675 4
77465 25959 25755 65266 %n10709 1
28715 %n524 3
20778 79615 58637 %n4845 1
85661 %n9731 2
21044 13374 %n5763 2
29487 1590 %n7789 3
96350 80440 34369 %n5052 0
%n1773 2
64455 20234 %n4008 1
31308 %n4261 1
57926 %n4100 1
88455 %n3567 2
19412 83197 %n10563 3
97449 5007 85018 %n1802 4
19385 12014 36793 28587 %n5905 1
85541 %n3034 0
%n1015 1
61529 %n4888 2
99211 57608 %n7622 1
40008 %n477 3
10286 61459 60457 %n8713 3
85341 66388 33844 %n2419 2
52208 71943 %n7863 1
55177 %n2807 1
22291 %n6079 0
%n217 0
%n1904 0
%n96 1
84196 %n2522 0
%n1101 2
68351 57571 %n6469 0
%n10722 2
94571 76237 %n2939 2
61677 52706 %n5453 0
%n4053 0
%n8822 0
%n703 1
75867 %n11092 1
13463 %n10922 0
%n9088 1
23417 %n1475 0
%n4795 0
%n9845 0
%n10823 0
%n1399 0
%n6275 0
%n4808 1
64514 %n257 1
97100 %n7030 0
%n3517 1
83310 %n3368 0
%n1153 0
%n502 0
%n6780 0
%n5715 0
%n10864 0
%n2171 0
%n4868 0
%n7613 1
41634 %n1320 0
%n9864 0
%n3873 1
64378 %n6796 0
%n128 0
%n4148 0
%n9600 0
%n1099 0
%n7183 0
%n9521 0
%n8598 0
%n6412 0
%n4331 0
%n2034 0
%n6734 2
64501 29203 %n11115 1
95126 %n6792 0
%n2400 0
%n8834 0
%n9746 0
%n11248 0
%n6786 1
66317 %n