40
3300 124
97611 28729 24412 53300 56591 36941 96390 79315 62939 95478 57501 27755 59781 66535 74478 32062 54184 65383 74726 98907 58309 51504 84890 18850 62044 53393 38180 6339 64464 17725 54456 49863 55983 41529 26810 39964 55126 36539 38565 1924 56627 78560 35509 29938 14924 95655 63445 50855 26580 44790 36653 46050 18066 17260 43024 99916 32539 48195 40207 54855 2655 55026 74118 88965 93795 31427 15506 5423 46745 63198 31497 54697 72142 96506 29499 43090 30827 39882 25305 1943 17732 97958 79319 58784 53941 69903 95540 28523 67259 59633 59600 56789 46284 79984 50738 31292 99636 13310 88203 21105 25844 85590 59460 90834 68172 51536 30222 96042 84214 68679 57727 90580 42412 12277 25115 80775 12089 41276 88996 85512 61061 62027 88513 57717 %n5782 97
32565 62366 91429 76537 61903 6690 13306 59350 21902 4809 67520 97035 49804 40932 16580 74979 82167 7292 85457 27799 24244 89304 5949 55653 36989 71302 79291 83432 66388 67598 56657 78153 84264 82215 83400 40360 59141 41250 51109 74721 51080 89962 69038 57124 46863 51990 39581 70309 19730 81473 57453 49130 86499 92434 11880 51190 96295 94022 65469 18887 3786 7041 79909 64200 17826 86324 9775 12513 46463 23087 10299 97982 51668 44823 75597 5427 28828 45034 5099 68752 96109 66260 38209 73404 7958 46492 14274 96659 64346 75536 74527 68383 24915 84770 63653 41522 65274 %n5157 71
86627 82646 9528 11118 58652 96399 23162 55903 73425 79083 56147 51928 86530 43466 65891 53008 3266 78373 57333 77270 69960 8375 19203 25472 80163 88360 49253 91865 7986 36351 20254 6135 56167 92318 26167 97421 19741 84684 52986 18042 55062 78915 99179 30869 9377 8425 47991 57760 58783 97773 32629 62634 80506 34952 81971 31893 20766 57997 13127 18694 28265 1071 6643 79549 38722 19587 57019 50254 70378 46809 72579 %n6170 66
44360 81760 28029 48004 21136 42489 52979 23844 76456 97032 325 29220 87244 44017 91867 98466 89064 16987 71583 93676 37432 34945 51468 86912 25168 84001 86232 1308 74586 74796 40713 84916 70775 23461 28793 93393 19802 72933 89359 72830 8706 54448 41200 39554 43257 89538 90743 40200 54867 38969 48593 50746 98930 63281 29771 64891 82810 16505 2352 33739 30782 54740 57942 52028 54662 40870 %n3747 44
81073 35042 7459 55163 95619 75753 22141 1344 88098 9048 32831 71263 40552 20287 17610 5010 58681 50723 82230 72318 17195 5769 59051 71943 68082 9608 54539 1378 69211 53324 61836 53815 55335 48169 73934 91703 66382 92302 26613 57688 95065 50309 95507 41034 %n2154 42
2625 8458 61874 82628 10881 33844 17774 67560 30130 48658 76536 51404 89438 73791 13243 22740 68534 10073 78315 37167 17039 86158 60393 10612 87501 68289 12520 45040 22113 10292 80247 83206 82665 71473 37446 67502 77128 4918 15953 50898 1621 48583 %n5939 27
10589 50285 17533 15642 58648 29347 55879 79296 69612 51905 25930 33206 82391 46667 33088 25993 14564 53273 77146 36717 78813 98920 31682 38117 59893 92435 17838 %n7597 22
24136 73804 21190 84262 31552 82401 32490 78210 1115 65769 70111 86501 32447 31620 27745 83344 52596 14868 27715 1880 81080 27248 %n4088 15
86651 87537 19850 47319 51015 77069 366 30161 59542 2202 25444 4714 54393 30442 92332 %n1666 9
38852 42881 35542 45246 66308 77746 27330 64993 39876 %n1757 8
13681 3700 95368 65565 38693 44133 59953 4640 %n1977 14
73693 58978 50547 88572 59194 2150 46839 85679 38027 56810 85606 3565 17294 56375 %n1598 8
8640 87070 72154 35943 33216 56600 16719 96654 %n1089 0
%n6932 6
45276 70362 91398 95291 88428 95347 %n3611 3
38156 58828 48039 %n1936 4
71322 65898 45149 31734 %n1837 0
%n3048 2
32065 4505 %n2500 0
%n7830 0
%n1766 0
%n2319 1
82412 %n5502 0
%n3421 0
%n2343 0
%n1485 0
%n4693 0
%n2055 0
%n1375 0
%n778 0
%n1981 0
%n345 0
%n4169 0
%n7284 0
%n855 0
%n5579 0
%n4012 0
%n3950 0
%n5825 0
%n