34
226 270
55311 79226 72412 4612 61653 74418 45312 30360 6886 34819 24428 46553 60623 22050 65960 75800 50969 47302 12678 42201 77863 81351 75938 82960 28549 76056 57952 48104 77899 9234 53703 81283 481 18065 54336 61185 83645 82332 22805 32375 49815 50133 14050 61858 50507 19102 981 50425 22039 65481 30829 65059 48144 29149 67643 73671 40883 53041 69836 66830 9669 35145 19930 64139 36092 4901 40677 81021 34865 44540 74438 67200 22773 7626 14155 31996 64635 82859 83230 50578 9104 58722 73917 60380 24385 16739 71291 33137 77645 75650 34398 4892 23719 79556 6811 49614 41075 45883 37089 70027 2 22806 44118 77612 72995 55111 6662 76557 69138 3224 69286 32514 42757 79222 25586 74654 16600 36549 39503 14698 83084 46619 45992 4274 17806 54139 61008 893 73110 34165 39003 39614 18764 50854 2532 79750 7435 19294 50508 82973 40713 44609 53676 38964 51162 26471 70439 7883 81492 83739 12667 71507 18816 24743 81842 49650 41329 23021 11025 28195 27617 65503 79262 2741 58832 67141 9848 27429 9731 27339 40993 591 40717 24492 44170 50254 69482 69349 39670 2016 32588 15412 52435 42870 37698 75773 11835 17902 36484 14228 1437 13425 48173 17575 28095 52186 77065 29783 54312 69760 19878 24425 28219 1286 53765 84235 31597 11573 40653 71716 32810 22434 70781 17534 42450 43939 66023 70786 82403 3358 60811 57118 37986 25454 47209 26172 55879 43889 39065 57808 44740 80297 19942 53348 68765 46611 82909 80427 75783 63555 3548 37760 50709 77677 62603 18819 60569 78013 53740 40656 34749 72189 9707 62567 70246 34233 56356 44249 61233 20648 697 11496 10090 81079 20819 82778 12522 33841 18817 48138 %n1440 46
82872 54174 83742 45379 12485 12241 45667 10387 38798 1815 73730 48579 45571 52513 55365 39107 10107 5311 61799 31308 27859 57831 38123 59951 61324 26679 23320 78131 2085 5395 45476 42528 78739 70973 46466 20636 14721 44885 12775 21906 73548 76242 28700 58728 64478 52123 %n3514 45
37897 64973 51652 45240 31967 19533 29901 29241 51486 29417 70578 71044 70460 31328 1038 67940 45398 9643 60453 20161 74189 56280 66181 59403 27273 62024 66330 34108 81484 46654 30304 80568 46624 13301 49771 80461 84341 18885 42380 20208 3686 49516 69897 14237 51360 %n2426 45
39011 25947 31848 11763 10017 52597 10868 189 3517 71238 65431 78169 66311 8094 31424 68738 12305 49328 25573 79306 58974 18350 15100 56686 37322 51577 12525 81985 63516 29045 69307 80310 57472 36367 57910 63086 46509 13505 75237 53308 53024 22994 57612 60656 60001 %n2912 45
20122 52780 38311 58454 78920 45224 66122 14915 44753 40381 47114 52533 2249 50744 17532 64813 7455 22699 53546 59411 58263 7747 66755 29814 78995 50769 45038 1095 75521 74185 29113 65339 52834 74187 23748 64423 45616 44542 47082 27706 14323 22347 7804 36762 73339 %n1044 45
16032 32622 25971 5792 1853 83804 49210 77783 68527 28758 76936 28381 53625 5966 12507 3873 70434 41542 75024 27693 56035 57351 62474 38231 50481 58893 14094 33198 48337 11724 82978 23197 24715 46911 14858 84070 65275 28168 52627 70345 44654 16209 28346 32329 35136 %n3322 45
243 23641 57458 69097 80834 24360 51128 83233 42564 62404 62525 76123 21108 57366 29453 13405 22162 50989 190 370 15508 79348 31969 2666 12513 39495 8290 54195 21518 58705 56203 5240 32386 45306 15325 36674 42995 77848 12099 19013 64655 10689 65536 38481 30143 %n3228 45
47923 11406 27517 7684 65448 41178 16146 46648 20380 43418 66366 8200 12074 42054 19984 29031 62841 52711 67623 33254 2641 65526 72304 52560 66613 81523 53405 44947 20808 7377 58868 6393 50929 70657 35865 52277 81674 29570 45998 15089 26704 61586 29477 57459 70934 %n2265 45
26119 34546 52464 72025 78443 10587 56226 56409 40520 37057 53487 21139 26327 75143 74824 21466 76243 66549 81582 44920 25541 15544 33675 38974 43798 55489 68393 32378 46363 59321 31525 5164 61779 83241 14779 51289 65027 21219 10260 81526 4574 41008 82625 54964 81329 %n395 46
346 45053 64140 37205 4492 37714 28401 79345 27669 5364 43368 11947 22999 21029 54093 42153 61195 16521 42884 74285 49671 9610 13747 18624 5090 14415 32960 19149 14933 60507 39691 29953 8365 83303 17301 78165 28350 45037 57063 5618 66418 77914 45128 11156 5649 30047 %n1076 46
10188 46150 52892 52939 67729 70627 52003 79737 4014 36475 56504 6395 44333 6971 32222 33737 42245 51865 71276 43607 26855 53202 1325 11931 82416 21892 25422 4593 60482 56160 29754 44645 31162 19239 65283 14247 40012 53192 5717 15863 44544 10895 66460 7895 17302 34567 %n1549 46
62833 63610 73069 31463 24583 83317 72310 60147 47347 49886 49936 74332 11111 8167 44721 16014 83000 61744 82613 36482 19951 29864 4685 11483 80135 4015 28270 24577 12577 15335 36847 14030 12167 68550 27077 13280 37781 80167 30899 46336 56786 44327 58183 70205 28867 30257 %n1433 46
39838 73939 23762 11155 64895 51072 14715 62604 50499 13270 49189 408 17926 19546 22998 82709 54739 72030 74720 9308 9263 53928 57640 60624 40336 6105 57310 4117 66398 28631 35423 13401 16365 44448 40230 1597 49800 28000 6669 35809 41633 32803 64091 36354 26156 30536 %n2843 45
4126 798 39524 78423 32936 49729 83271 35649 7279 43396 37280 42255 48682 24218 70093 31060 83711 15518 37949 4878 77700 55933 81410 13346 1099 81151 2987 65820 34445 20603 72533 15052 30943 14200 62045 5674 77822 10591 63242 12832 22632 55730 39871 1255 45958 %n1041 44
13562 79935 43825 80867 47311 70096 44037 52863 23912 73607 76364 34879 22493 7872 78315 13014 75956 13055 70596 39327 34757 71324 76976 882 77505 63740 23276 10848 73902 51194 46359 23359 55179 52190 17645 50413 63549 74290 52768 4185 39776 52255 17644 65717 %n368 46
64024 18469 4167 42646 15013 47434 79889 30036 6509 36308 55853 73468 82243 83455 3562 25877 23917 650 2212 35392 42424 38653 67985 18313 74538 37764 22156 52526 70055 14234 2570 61820 18023 37076 64287 76133 46658 12990 57699 14299 59507 32009 77970 31011 46005 80148 %n281 46
59023 59191 82651 76645 6376 55978 17906 35216 50577 11769 65796 38428 43187 25993 76683 50624 77617 32754 11866 19451 56760 74396 77918 54746 4343 74200 61147 7229 79247 66811 75309 7233 1435 19486 65168 73968 6374 82043 15531 71638 20057 60043 29610 26484 50796 52156 %n1290 45
41391 461 12260 1956 78710 47891 82073 81286 2073 53161 76195 44862 24880 22501 472 57162 83648 28603 7121 83908 69473 55837 47135 43877 28356 56215 25841 361 75731 62448 60870 75613 40997 51113 39834 33899 20862 66257 3560 83301 11781 22435 40587 70417 52498 %n1284 45
66696 81124 2449 67609 34939 14391 26247 10374 48755 61734 62184 19865 31329 28470 59368 18640 48284 38168 68479 16338 76574 55447 11446 156 62981 48024 78560 34176 67207 27857 25998 61716 31825 52075 67509 1506 16252 7885 25142 3262 59581 68440 42035 45384 28336 %n3526 45
40459 20957 9197 48519 7484 20034 78714 2070 21547 74704 47191 39910 39840 69480 42229 74054 27941 5196 9736 84226 60397 37056 69433 58122 18726 70679 13026 8230 31206 21111 1280 62488 30766 83802 56610 17028 74765 46545 4671 39712 20309 62878 56114 22955 77415 %n2286 44
42510 66178 7761 12185 43179 62921 65870 26569 82527 15115 49855 81360 8531 53435 5868 46740 1896 3582 37420 62094 61248 7280 38506 58964 1587 29971 69985 25660 62497 1018 52416 26654 59971 23200 32861 56079 69261 3818 70118 31375 16323 50628 27323 51160 %n752 46
16572 19285 8619 45714 83715 60545 2579 12870 67305 35736 71838 31422 60384 71209 55615 79383 5064 48777 75183 27147 30928 35648 10799 56031 48007 79780 54467 41041 68597 39554 71901 76440 12964 70241 61578 11023 15758 5112 22010 9236 75742 26553 1019 3715 53000 37978 %n1473 46
54363 78908 70424 52615 40714 50598 33805 42195 68169 7427 48039 20502 83769 78938 42305 25893 46921 35870 29592 55813 74104 76484 15985 36932 50869 27420 13698 2881 39200 3692 13973 82938 43309 75596 36609 28028 34846 40797 64877 4517 18298 41451 58895 10315 29763 564 %n745 45
7517 48353 13721 39733 36095 2541 2400 20850 20240 81106 51742 21840 34555 27765 49443 17748 64487 73802 79929 56362 44276 32584 9821 81226 40702 76826 57439 53101 47157 38155 2160 80550 1145 77343 15501 68146 25064 3919 12857 13521 64411 69284 76272 24063 60356 %n1886 44
319 44870 65407 12186 73922 76047 7918 60105 46766 35535 29735 38254 54151 80750 44860 10033 13595 36788 5565 22455 43090 27489 72721 62652 66470 20276 49858 51843 67681 46887 43832 72552 45396 63201 39894 69055 28776 68581 52496 37945 11456 80145 41474 58714 %n1948 45
83619 40562 1175 77480 37120 4735 59518 10165 29898 77129 74221 3602 40412 18713 61538 34223 80981 58043 18242 30683 2755 6930 21659 60072 23807 13615 45199 56449 586 36362 49067 76788 56198 24918 1826 72411 14646 13674 48207 54519 26243 8640 17059 15874 381 %n771 46
81575 48239 45404 11865 3650 62550 60500 78042 68265 48010 63226 28744 12904 22321 60175 61927 74863 54476 80647 47866 52998 61869 71095 77056 42373 17430 54478 14214 51267 47792 20375 77400 43991 65658 13619 58456 31175 56884 40928 34514 51236 45963 68614 54890 35319 65261 %n3301 45
48247 53070 83180 29437 12319 38379 28341 81538 48368 35198 10342 35873 40949 11702 33001 6212 40386 47362 60432 39430 80179 36945 33281 79676 37399 33542 80351 76239 75146 9415 20670 41903 909 57814 1700 78585 9983 77409 73158 13140 54701 70042 72640 50150 81073 %n2735 45
29630 20362 13320 49884 80456 1454 16394 45044 13403 52812 79842 30021 78888 23742 79176 71256 48626 76932 59141 2889 81731 51751 40159 55786 53154 70799 70889 28178 44702 52398 72803 36241 60228 1494 13835 32981 26240 47049 18892 68769 51444 78104 32651 6494 54341 %n2193 44
24580 4494 48908 56851 51018 69465 44927 69531 70850 3286 63894 6164 45004 66358 32765 68907 11657 26158 78205 18922 13577 39465 34693 76913 64237 36661 20292 56357 8228 68819 34019 42966 11164 21161 38204 35907 29294 48956 43759 51529 65750 3500 32726 66039 %n723 46
73891 4131 60468 49136 5904 56746 55729 28370 61268 6836 30290 77619 35156 34780 69271 38333 78000 33755 75873 46796 19626 75635 37374 12985 79339 35153 16309 28174 48438 76083 34837 10598 1190 71159 16598 11645 33769 8511 82191 10082 17641 46373 64903 63181 23411 78451 %n1036 46
25347 47968 46369 32791 74688 71987 75100 42470 83218 7205 9385 77261 4691 12891 84130 39794 54872 52977 34331 80503 59307 47271 24340 51273 30213 39880 65130 60494 66918 43951 25527 73344 26897 23204 28 60612 4329 51062 6700 61263 65437 45692 21224 72583 32396 66207 %n604 46
61388 49433 22068 53890 8073 17419 67620 61921 80386 47059 10418 57300 11801 70270 57707 23633 11093 24724 69523 22701 45101 78211 16984 18843 22443 16191 40747 35988 54125 1413 39344 44679 15607 28012 84017 65802 36278 12881 9946 38203 48387 59524 39646 81001 76769 20341 %n3213 45
6808 59255 22877 3749 37846 31818 56369 45380 78135 13228 49535 12187 75785 39832 5158 43747 59177 36912 58068 46608 55212 10339 76899 53727 33475 4565 66486 78078 27909 37037 29501 657 52598 52267 1119 70133 68505 59692 10092 12807 39887 64527 35151 19503 10605 %n