105
10158 13
48407 37429 36350 69095 25491 50062 91965 36327 37576 18492 16261 86828 37540 %n7591 13
48127 61087 69728 11636 27932 74423 13048 34577 87775 96856 93962 63239 12188 %n9469 9
8752 27210 19289 94405 75781 23711 4442 80528 59972 %n11938 13
96663 80073 5247 15131 23388 93895 58961 37492 6263 41307 41207 83975 12920 %n9804 12
12145 16801 7197 76703 60660 11351 87006 43803 69857 86616 96736 69732 %n10189 13
88193 34748 2717 77649 87319 11560 23901 73646 21067 7194 14848 12511 45295 %n11907 13
30649 23925 27621 20168 7189 85440 45379 70607 19451 10649 7171 51586 24371 %n6325 11
28329 89465 49875 73845 22905 43010 85211 8773 44798 40930 65143 %n915 12
84436 57069 94471 64067 25829 25877 6602 13124 82360 35484 44894 16629 %n4722 12
78036 12464 49961 63429 63087 17137 75234 45312 67074 35877 32009 71561 %n9679 11
64668 6646 104 68782 44191 73572 92998 94135 47962 47120 27489 %n5164 11
73023 56056 32543 85090 89255 17731 35353 5745 20759 44671 37728 %n2028 10
2219 42413 48937 37730 86053 72730 51061 52035 44480 87361 %n8053 8
62793 89450 27606 58538 95291 35887 75622 22866 %n11152 9
8929 7560 78250 74981 15952 70577 13929 28719 46908 %n2892 10
4676 86599 53583 4171 31079 28158 30333 54390 64667 41189 %n3706 9
79004 62626 6375 82674 87998 60993 35008 22562 12797 %n12287 9
19370 12215 71365 4949 11446 52428 28167 79340 5543 %n3537 11
27785 59860 78904 52092 76101 42672 37600 32251 4195 74072 17372 %n8942 9
96513 61628 93897 93655 87345 64270 77456 79199 76124 %n4219 10
48908 11803 80957 128 78710 65797 12924 26531 1496 69707 %n8638 8
94836 9884 62646 51988 70307 76075 86603 74006 %n8055 11
13360 69636 76105 82713 32647 44289 8566 31946 74799 87925 422 %n1561 10
73391 47188 60858 96668 10321 20782 59281 62132 65886 35209 %n325 8
53073 62556 42268 9673 40609 72957 39346 12561 %n10489 8
87442 61441 56509 71773 46632 51934 59636 31151 %n978 9
29662 68703 57980 61092 42426 96639 81852 2327 54674 %n10852 8
70899 51434 53523 79893 82159 64251 33073 34359 %n2245 4
94995 50829 18777 22991 %n4343 9
49147 70826 69100 33770 88379 22407 67204 10218 50389 %n704 5
53194 25415 42107 93127 6916 %n8006 7
79201 13577 70048 75410 41650 24302 25787 %n1137 6
59024 52533 45032 21730 8578 16868 %n2235 7
95311 36588 81265 76884 88109 93442 26687 %n2792 9
16173 59022 7225 4553 33993 73153 90900 56358 63131 %n10632 7
62748 24450 82244 57310 91624 3563 6466 %n1052 5
33137 746 61847 71591 85347 %n11662 8
42622 31338 27414 30963 9837 27286 75438 68653 %n11726 7
88375 58478 65048 18041 24492 32764 39574 %n296 1
57419 %n6710 8
57548 75114 76956 90958 19558 94475 92080 93059 %n548 7
93722 45650 41968 94063 34652 80850 78156 %n7644 6
8920 76208 58174 27731 722 38712 %n4446 4
62688 36016 78846 33343 %n5184 2
20075 40152 %n12439 5
61741 87662 64724 53685 66902 %n10926 5
24054 52857 17151 84446 13605 %n9618 7
71572 30619 6213 92475 1410 95108 11004 %n13190 8
79097 10608 46374 89012 23896 30478 73809 93166 %n8811 2
80406 41807 %n10904 6
27170 17746 69772 65928 7542 2661 %n4949 4
4491 85054 9284 17959 %n5178 0
%n11711 4
89488 21855 37664 7962 %n4344 4
48941 24751 47411 66166 %n8240 3
93785 2386 63875 %n8946 3
60573 23373 64032 %n1590 2
47024 24336 %n2588 4
82641 34969 78480 39359 %n108 4
5309 75918 12169 73116 %n9474 3
70398 31087 71879 %n12355 4
25681 96144 29054 66232 %n2232 2
90131 42374 %n7996 3
82449 59342 48874 %n12743 2
42666 11074 %n12605 3
22222 72086 64886 %n10594 2
86360 28600 %n3619 2
76888 17581 %n7915 4
65136 40119 71486 93781 %n10568 0
%n5070 5
26796 32233 31305 78689 68500 %n9446 5
77308 52080 83706 65970 38779 %n9463 2
57733 30160 %n12606 2
45598 95038 %n6002 3
91933 60744 24199 %n11183 3
29634 39650 16951 %n6900 2
81291 66205 %n4036 6
71083 36341 25901 7131 11051 81938 %n1105 2
72237 18394 %n4536 3
62559 14782 49719 %n2205 0
%n898 3
37869 66515 38650 %n914 2
50183 95063 %n4522 0
%n4290 1
75672 %n13212 3
89175 40591 55324 %n8280 3
51149 28190 39531 %n899 2
79209 26686 %n558 3
22028 30658 42313 %n8661 4
53626 45011 31786 21307 %n4152 3
10239 23083 78209 %n11997 1
81819 %n3356 1
36630 %n10142 1
36287 %n398 0
%n2636 2
70803 35181 %n2324 2
77873 73613 %n10547 2
35474 10020 %n6983 2
89303 21949 %n2252 0
%n3352 0
%n517 1
48255 %n3248 0
%n285 0
%n4418 1
67138 %n