301
7050 132
46253 21067 26467 36785 91585 46934 19780 28142 19286 46693 29725 47193 58804 7761 93238 41637 42631 82979 92256 53980 44488 23683 33571 46140 5499 93942 21431 87086 69537 61348 71805 86601 93760 63260 65813 28566 3249 42158 48472 74268 18113 79561 67726 48844 47612 63547 17108 80569 44747 62281 41436 41366 98383 59354 804 94909 88481 99404 15226 6419 85289 24402 33144 74145 81721 33236 77329 67838 92963 81852 46916 29102 25010 60844 86710 96184 69012 84318 5367 41432 11060 55832 31196 6570 37824 26550 41402 67173 87235 77480 42570 45042 91482 89306 72670 87872 4806 78504 25607 78180 48136 15075 98868 30477 17627 42957 72805 66269 89974 37268 53971 52535 50457 80706 76501 22678 9981 68115 90397 79302 57391 51725 57136 2412 8351 62476 22646 56903 43651 89043 46509 82550 %n945 95
26099 26832 86790 20286 83843 27658 72179 84750 12473 88788 4298 64921 4164 13269 19877 87728 9083 13099 68147 5222 38594 43365 83427 43738 67249 89073 94606 9314 79357 59530 1980 49140 20942 23559 14408 18550 80000 31984 86789 86517 45830 45717 65151 92828 73059 19399 74533 25558 16572 23599 65088 71440 3223 58824 84715 49508 66002 35264 64421 3250 63979 21813 34865 8995 71616 51553 45158 67583 42333 20501 40059 4980 24750 65690 4751 42474 42653 41017 93177 97147 92394 32752 16727 72300 46758 43334 3075 88809 71583 77725 72421 80175 49288 67259 83516 %n1978 83
94157 66733 36845 16891 55 96024 29400 86659 62925 30328 4026 44500 29162 9975 21373 60128 8969 42560 10111 31955 92825 79394 21590 18107 50321 43228 24028 82573 59249 43774 98880 88731 18795 46112 59779 3523 60873 32038 52000 60328 72502 98743 22951 97484 41821 68663 95411 23970 84904 57097 89120 63944 94115 29342 38170 71014 79228 87223 48091 53091 90554 17938 86816 44242 68337 75561 65318 22712 42388 9072 7292 3800 51854 1053 49683 97140 73949 49162 36849 53966 32114 28229 33603 %n5419 47
27494 54724 93375 34248 13950 99451 10735 26444 56329 28221 17052 8214 79779 7586 47210 38916 82432 5638 76723 10882 45372 30972 60282 23215 71084 30570 71028 2101 91086 64462 72550 49290 17458 61831 52116 17229 85434 12351 23692 48936 87370 34046 95415 51721 48464 23283 27835 %n5003 44
78149 94019 82930 11200 7666 65440 47713 21611 44506 49062 45301 57515 15673 68233 49230 55110 84859 97721 66610 57200 42526 84379 23434 39003 52001 24111 29237 14809 45398 54854 51895 24432 87629 74144 61428 26428 70857 5190 62074 13867 4398 6889 27171 24711 %n7001 31
57556 82982 50942 11372 34348 95203 54381 79410 59880 7770 98963 69969 69622 89761 52926 20367 91195 2933 35243 56585 96794 50802 84510 95737 89479 35925 38144 9020 27697 72745 41987 %n5829 22
17668 28400 22853 30572 90891 93533 65884 24604 26377 50636 14728 14178 3737 31654 4017 61698 18395 84389 94729 23179 17216 76589 %n864 18
74513 47966 96503 68916 5927 77475 86633 35222 95911 87440 93106 87122 26523 53218 92995 11414 47257 5292 %n1783 12
19279 49749 13391 63940 57448 96824 84660 19960 67844 1143 38191 24860 %n5510 13
28163 4720 86257 38366 3752 53932 83746 18190 49951 71623 57472 68088 98935 %n3351 4
31629 68526 67883 12348 %n6523 5
23990 95550 34364 16298 88418 %n3861 6
69413 3146 69604 95209 66922 31906 %n6453 3
44979 17801 90613 %n6363 2
83101 27314 %n6537 3
42198 36525 26603 %n3638 1
96755 %n2020 1
83841 %n2727 0
%n2264 0
%n3758 0
%n6395 0
%n112 0
%n1115 0
%n1238 0
%n5293 0
%n5900 0
%n2125 0
%n5222 0
%n1903 0
%n6732 0
%n2493 0
%n1386 0
%n980 0
%n708 0
%n1849 0
%n2756 0
%n1500 0
%n6057 0
%n4744 0
%n976 0
%n1503 0
%n4901 0
%n5094 0
%n6102 0
%n2899 0
%n1042 0
%n3353 0
%n5248 0
%n2670 0
%n5492 0
%n6060 0
%n5504 0
%n1015 0
%n6780 0
%n3164 0
%n2220 0
%n4510 0
%n1360 0
%n3641 0
%n2517 0
%n5720 0
%n5261 0
%n2754 0
%n601 0
%n1949 0
%n1998 0
%n2667 0
%n3182 0
%n1302 0
%n3870 0
%n7003 0
%n962 0
%n5228 0
%n44 0
%n1795 0
%n2120 0
%n1434 0
%n5933 0
%n5088 0
%n6267 0
%n7552 0
%n3456 0
%n2679 0
%n232 0
%n1963 0
%n786 0
%n4715 0
%n1635 0
%n2121 0
%n5511 0
%n1870 0
%n2269 0
%n5999 0
%n5426 0
%n7016 0
%n3575 0
%n3013 0
%n6678 0
%n4556 0
%n325 0
%n3431 0
%n7294 0
%n6665 0
%n2795 0
%n5785 0
%n7523 0
%n4019 0
%n6438 0
%n7492 0
%n5516 0
%n6439 0
%n5163 0
%n5915 0
%n3666 0
%n3751 0
%n2310 0
%n6563 0
%n1460 0
%n7172 0
%n5971 0
%n81 0
%n1343 0
%n5472 0
%n3725 0
%n4474 0
%n1111 0
%n7359 0
%n311 0
%n5634 0
%n337 0
%n6113 0
%n2508 0
%n25 0
%n1199 0
%n1941 0
%n3902 0
%n447 0
%n5591 0
%n3418 0
%n111 0
%n3768 0
%n5370 0
%n7490 0
%n1000 0
%n6329 0
%n3669 0
%n6774 0
%n6126 0
%n4937 0
%n2374 0
%n36 0
%n3073 0
%n5502 0
%n5602 0
%n275 0
%n6690 0
%n2664 0
%n2255 0
%n1463 0
%n4286 0
%n5844 0
%n503 0
%n3459 0
%n406 0
%n4023 0
%n851 0
%n231 0
%n6492 0
%n1293 0
%n3868 0
%n6041 0
%n7545 0
%n6245 0
%n3401 0
%n6628 0
%n1957 0
%n7577 0
%n858 0
%n6982 0
%n1473 0
%n3472 0
%n4864 0
%n1027 0
%n6241 0
%n679 0
%n6794 0
%n3087 0
%n1526 0
%n2334 0
%n1869 0
%n94 0
%n259 0
%n523 0
%n2200 0
%n5491 0
%n4317 0
%n1549 0
%n5313 0
%n713 0
%n6317 0
%n7205 0
%n6284 0
%n4274 0
%n6891 0
%n3984 0
%n7452 0
%n2879 0
%n6911 0
%n4431 0
%n6143 0
%n6315 0
%n5017 0
%n1325 0
%n1377 0
%n2647 0
%n6853 0
%n5267 0
%n1203 0
%n5149 0
%n2933 0
%n5224 0
%n814 0
%n2604 0
%n4134 0
%n4876 0
%n5528 0
%n7387 0
%n5997 0
%n5127 0
%n7295 0
%n1907 0
%n6530 0
%n1223 0
%n4318 0
%n462 0
%n6894 0
%n4301 0
%n4284 0
%n403 0
%n5842 0
%n1179 0
%n2284 0
%n6743 0
%n4069 0
%n3058 0
%n1351 0
%n2694 0
%n39 0
%n1521 0
%n1656 0
%n1448 0
%n7232 0
%n656 0
%n2489 0
%n135 0
%n5761 0
%n6786 0
%n3504 0
%n3223 0
%n6629 0
%n3953 0
%n5223 0
%n4080 0
%n6715 0
%n2106 0
%n2308 0
%n7429 0
%n5589 0
%n4919 0
%n904 0
%n7485 0
%n4370 0
%n6118 0
%n6233 0
%n3863 0
%n1801 0
%n1130 0
%n6500 0
%n5878 0
%n2035 0
%n3867 0
%n93 0
%n6499 0
%n3745 0
%n1567 0
%n4160 0
%n1002 0
%n6175 0
%n6092 0
%n7072 0
%n4592 0
%n4881 0
%n2702 0
%n2567 0
%n1005 0
%n7365 0
%n1107 0
%n6765 0
%n6926 0
%n3646 0
%n