232
3837 149
82653 56860 52583 87947 87306 73858 39516 35167 47926 78202 64462 79860 71829 95069 15145 76750 10234 90676 670 42772 10429 52763 84572 47803 2499 51771 27892 37739 39638 15460 41915 14029 30628 39466 32759 8831 87308 87184 87285 55157 71325 47580 85101 92373 72420 8284 20680 30862 63583 4585 9715 45909 84675 71093 32765 11854 73839 20161 46533 79672 79970 92797 35308 20366 52361 65106 95377 27026 4833 46669 99497 40318 51628 16594 69420 40941 51500 77601 48022 31810 94128 9896 49756 48004 77533 30341 53958 33536 52531 75438 29034 34440 86889 13334 60252 40062 2137 16829 6840 88811 57387 75026 52706 30680 70926 42423 68621 14456 86296 48311 86750 6669 88729 9513 94643 84595 73626 44598 80420 20876 66531 52186 63987 8077 56154 92546 19761 39034 59873 42564 77984 87486 70084 68497 85291 25349 49545 87983 98007 98878 56763 3290 2728 22448 95695 88326 79028 8753 63196 %n3545 124
89077 7493 95350 81001 29247 82984 34214 49311 30246 47860 29158 18744 46200 3838 56313 14191 87866 34506 24081 75828 21562 98204 77523 75161 5 54459 535 4102 90217 2174 18866 64873 57301 53090 33927 1311 53256 86581 73462 5898 50580 87778 20765 76872 88938 9208 83819 61813 10341 57929 87391 21509 51050 93024 11005 53628 38997 88245 63993 89142 91659 21212 43781 83464 85300 34379 21687 40250 9108 6561 64507 41773 66377 56574 48406 16798 394 27568 53258 7983 24452 87442 8537 22485 71385 81339 73629 60149 63617 51123 47654 67948 78964 62874 20512 28899 88038 9105 71205 85020 9557 83793 10893 85068 77487 62256 78821 54943 1001 22978 86385 22397 26872 70998 38231 20629 66557 51327 63864 28100 76114 60386 1790 70135 %n6216 105
23522 38637 81884 62534 25186 5011 54796 25004 10275 60482 94123 65424 40757 40375 39163 12081 87572 92103 69005 64899 23495 85401 92138 65398 68627 42059 41089 98518 44985 84279 35092 23028 62606 21461 65011 95516 62973 60588 33381 40036 38741 63666 18342 39963 3824 52638 43515 77405 12750 99888 89259 1023 25480 28550 24163 99313 2129 94874 15753 96665 13487 49145 30571 99562 46237 27129 17075 43832 99133 84102 75838 6094 40686 8066 13127 96967 25293 58704 1995 63128 24459 37150 81716 71517 61440 86718 30637 50487 64778 41285 75954 7939 91515 97894 12248 48409 28401 36653 38843 62704 17971 66833 61502 71637 90636 %n4785 84
37177 26101 8101 42060 25966 62124 16672 96083 81837 20399 94727 94780 59949 38320 88497 16294 87622 98233 37158 33305 85128 7514 92691 62901 95947 27619 21313 14812 89144 14754 58403 71488 9558 39728 99640 78767 4466 54205 86492 41202 17453 36486 84130 61948 43704 72579 3779 99891 66784 50332 99871 72897 76009 24297 40927 65895 7064 76331 78856 83230 49023 63837 58962 27926 3151 14048 5465 27470 8196 36790 13535 10118 70077 4839 32422 59674 33181 36694 34460 98181 22721 4309 23226 52408 %n5852 75
33774 80792 19543 89304 43869 68992 54556 23265 39232 18362 65653 65411 34826 44230 9160 11992 29270 48397 87089 45270 76283 58158 48580 74501 16955 45515 29257 65910 29758 34060 50546 48133 52468 25854 36681 94796 75606 44830 27285 21418 64588 61135 76455 51648 88541 44311 93891 18422 9594 46723 33116 10215 58571 26984 36483 12998 61358 89635 70241 27069 50860 20059 33707 5031 66822 44533 7589 28342 18400 96580 80527 78112 15888 90896 84523 %n334 73
60259 3628 28689 23287 19498 27205 74821 21047 59701 38896 17340 53148 47773 32299 85067 92008 54206 48178 22641 64758 67638 75160 40207 12701 40636 20157 54439 56517 94864 74981 94871 87015 46832 92057 81715 87049 25857 863 55233 12664 76081 58052 48095 95984 47148 30462 24197 5188 71592 63092 8047 35238 16359 217 91441 83148 56439 44118 55552 96839 82790 34348 73916 3242 9631 14406 47260 79895 64839 48805 86511 87352 38995 %n2465 46
8379 2397 66886 2731 3381 13870 64912 49794 98883 43348 61201 25128 45162 66969 39069 42845 9168 54955 85472 2496 43834 93316 86663 69680 20646 83025 63580 97223 4722 16136 12823 76856 25331 15565 20405 90883 85879 68338 43634 66537 75996 88747 53131 70100 32076 59602 %n1230 43
13882 17054 28188 26832 47903 13814 4911 30640 853 92157 8610 12014 82072 36255 28274 15673 80993 95216 94687 70098 60766 97162 28131 93360 16179 9872 35852 66144 56421 61875 14875 71279 98462 29163 51658 54207 17875 52378 58049 91295 12127 421 91765 %n4892 40
5360 85637 66219 26538 28348 13174 80250 31077 31391 49713 56748 16602 97583 3219 63596 14477 21341 13059 47481 95150 96203 81148 15305 36269 70471 22620 34689 99773 87104 31706 52339 69493 82351 72922 17185 58843 9729 10974 70723 36168 %n6208 38
892 44789 3441 88376 54695 44466 70523 48137 78068 61767 51195 74162 45199 44110 4199 82991 58453 53153 28925 6151 32867 27329 49973 14255 88980 84845 64140 18185 2110 88011 98610 33679 97640 10398 78585 42664 80098 8173 %n2079 26
79704 22946 37024 906 8135 53738 72304 69652 88094 34116 82066 23294 89043 21197 50006 91133 41200 19870 75807 44715 1823 8669 77876 98933 52654 2011 %n1977 15
1868 82415 54693 30013 27376 5965 15801 78062 52434 15998 32509 20452 99234 12977 64996 %n1846 23
86636 6740 12378 99610 62269 11621 74838 77040 41495 97904 35973 5837 64350 68986 33878 24484 18181 18010 90812 60032 82528 9046 82129 %n1523 18
50947 77951 3395 49862 58698 98135 76835 86744 30747 21399 60941 23548 40501 4539 77863 27911 30731 75905 %n3658 15
63058 78163 33874 88261 13306 84853 47220 96106 36319 65638 90567 88403 19672 56111 59065 %n1458 14
51656 33560 11874 7542 12505 50902 17058 12430 71503 78859 20149 18403 98932 53859 %n803 14
15738 30800 49754 32773 10243 67408 16547 14834 73699 39114 51209 55690 11330 23261 %n795 3
47142 14963 63320 %n3290 8
78886 46668 88507 23341 83592 81468 19976 72528 %n3823 3
23457 4493 43774 %n3156 4
44090 21041 85410 65116 %n2448 3
16784 80630 31500 %n6081 3
3430 42802 45164 %n1008 3
9451 96873 26457 %n3428 3
11941 20267 92018 %n1336 2
34242 9793 %n6400 2
49064 64357 %n4709 0
%n2969 1
52935 %n1181 0
%n5558 1
40803 %n4295 0
%n3681 0
%n1585 0
%n282 1
26279 %n2940 0
%n5426 0
%n1609 0
%n2360 1
28937 %n4249 0
%n1883 0
%n505 0
%n4106 0
%n4722 0
%n147 0
%n3872 0
%n5753 0
%n90 0
%n5012 0
%n3164 0
%n805 0
%n747 0
%n3061 1
95206 %n1674 0
%n3204 0
%n6432 0
%n3922 0
%n4296 0
%n3467 0
%n4123 0
%n107 0
%n3741 0
%n2424 0
%n1596 0
%n1279 0
%n2263 0
%n47 0
%n1932 0
%n5487 0
%n465 0
%n4324 0
%n2892 0
%n40 0
%n6475 0
%n518 0
%n4922 0
%n3431 0
%n1373 0
%n378 0
%n2406 0
%n4799 0
%n4475 0
%n3163 0
%n265 0
%n1164 0
%n1798 0
%n685 0
%n4063 0
%n3806 0
%n5311 0
%n4636 0
%n4386 0
%n4362 0
%n3074 0
%n4908 0
%n2530 0
%n5638 0
%n1654 0
%n887 0
%n2502 0
%n4621 0
%n1966 0
%n3025 0
%n1114 0
%n1028 0
%n677 0
%n5431 0
%n2045 0
%n1831 0
%n3665 0
%n3848 0
%n1436 0
%n743 0
%n947 0
%n766 0
%n5274 0
%n4970 0
%n3544 0
%n2020 0
%n3091 0
%n3859 0
%n1427 0
%n6695 0
%n5066 0
%n1134 0
%n6131 0
%n1601 0
%n6384 0
%n1440 0
%n4973 0
%n326 0
%n1037 0
%n4675 0
%n4353 0
%n3916 0
%n5118 0
%n5389 0
%n4490 0
%n1680 0
%n6097 0
%n4472 0
%n6214 0
%n3737 0
%n3101 0
%n709 0
%n290 0
%n2284 0
%n3367 0
%n1234 0
%n4756 0
%n2226 0
%n3346 0
%n4454 0
%n6323 0
%n2738 0
%n6439 0
%n564 0
%n293 0
%n1835 0
%n1598 0
%n5730 0
%n3134 0
%n5149 0
%n653 0
%n980 0
%n4738 0
%n2183 0
%n3150 0
%n3268 0
%n2182 0
%n3588 0
%n6094 0
%n17 0
%n3376 0
%n6083 0
%n2811 0
%n2682 0
%n5661 0
%n6377 0
%n1719 0
%n6361 0
%n3383 0
%n5757 0
%n5435 0
%n3344 0
%n5511 0
%n3972 0
%n7 0
%n2046 0
%n6470 0
%n3288 0
%n990 0
%n5135 0
%n3897 0
%n4951 0
%n2192 0
%n3512 0
%n5007 0
%n128 0
%n6307 0
%n4554 0
%n6518 0
%n6008 0
%n1409 0
%n5929 0
%n6500 0
%n1071 0
%n1970 0
%n4963 0
%n2125 0
%n4351 0
%n3385 0
%n6117 0
%n1717 0
%n2025 0
%n2234 0
%n684 0
%n2702 0
%n5090 0
%n5561 0
%n2085 0
%n5119 0
%n658 0
%n5772 0
%n2363 0
%n2606 0
%n4804 0
%n4396 0
%n1563 0
%n3807 0
%n5051 0
%n1516 0
%n