74
2048 276
85787 72770 88900 64298 12817 64777 96720 18916 78782 80778 77163 6865 42452 7922 9526 97282 21393 56750 73281 79697 63029 90126 4817 70331 67000 1137 32261 3421 702 52493 39006 89202 93992 51030 68168 96597 74794 91083 47299 34504 43947 35544 44259 96513 26867 71367 46169 50719 68470 28947 48681 51070 22922 90116 64663 96929 20639 36533 65361 16277 74582 96434 3999 6981 57580 14274 21066 50680 37593 83237 95168 17208 77030 57412 2161 61695 23311 9865 9546 3340 20291 28382 12298 53264 78842 21422 55211 79361 45627 93688 17200 11630 83757 70927 81359 95779 59115 21247 98836 20536 90889 88974 43982 191 89342 13190 10411 13666 1277 52382 80965 42804 33555 72347 35611 50734 59533 65166 84034 65242 92989 53327 9186 46285 68635 86507 10726 41119 27516 46884 84385 68165 12218 46207 17186 39419 74431 97670 20621 36939 78093 85 51000 82477 54149 20352 3388 13620 29843 49575 953 34948 80340 3400 62857 83274 64020 64592 57101 53430 50201 3404 51923 66125 39807 58887 61437 11770 91359 73290 21319 67881 87562 82307 80310 79862 57429 38650 62339 94186 6504 2650 39324 1489 54254 28940 5329 33561 57650 44518 3199 38322 85176 41318 96036 46949 87223 57518 37404 44905 46385 9729 69531 58091 70410 85990 93831 65249 41279 44712 34580 29908 73543 891 92062 35613 16580 84657 49354 82072 7005 76979 59317 48104 88618 94940 21777 1068 23028 38146 87004 4696 72737 83122 35272 6547 15475 77861 94437 58729 11040 58612 15341 8438 39516 97422 36131 57187 17940 51465 26264 24370 38111 90483 79922 23700 43693 66108 50638 33566 66861 12723 29446 67556 57329 13980 23871 48763 51890 20732 40274 60393 31778 10126 97974 26656 %n1823 182
77370 23154 28156 87536 59988 18435 45889 39037 99074 58321 73689 80193 56824 95731 31269 49557 46517 81720 22534 35138 38205 70935 353 24319 15158 30233 61961 80446 49158 50332 10683 67028 58252 14645 29913 46341 7715 58148 73119 2847 94975 4962 57269 43285 10435 55286 31206 41474 60143 51275 81599 60925 25972 17711 76481 83709 42930 76862 91207 71611 96587 80727 54698 2969 65759 21862 7823 35506 59211 51301 53776 22658 38333 57452 70776 9457 62298 35265 13612 16138 22276 55446 51096 68672 15680 47417 99241 26773 84828 84306 11809 49772 40141 32607 41184 34028 51281 64568 61375 77296 4043 61790 73753 56642 13019 79242 31578 71678 75559 32661 87226 4894 3386 23143 64415 90906 88182 3773 35444 67487 42601 8883 88810 71484 68616 65266 67073 75976 39389 82403 24567 40787 33250 85259 65865 56753 48100 66132 43660 71424 28834 37512 92755 20463 89263 57316 57812 66078 28492 66219 12870 18318 63997 5537 73027 76267 8200 5524 64859 23781 84884 89535 33278 25678 47099 61689 80663 877 19054 27406 22531 31213 37890 66533 51823 66303 66828 59297 25786 42011 966 48975 %n978 122
29322 31901 95365 63915 35590 44505 62715 90496 35153 74196 11060 28015 56863 30228 4120 43461 90805 56833 15192 4839 8264 97887 28610 32128 76529 63643 12077 33534 38863 70882 3702 55618 49747 93862 26368 1979 37937 99248 18295 66830 10264 52433 33205 91653 85530 62401 32951 20826 56979 71017 77043 95503 10606 64421 17377 51118 49317 63922 89688 26364 62542 88291 62616 15877 77828 82314 90043 70542 33517 51309 54286 91475 33153 53095 65727 56929 15182 46470 2942 58744 11627 18532 36506 24312 90887 63530 56583 35348 85752 29421 83096 90382 87077 28071 84823 68393 17692 83024 72729 9649 13596 86775 5743 60129 81012 52470 53424 88535 49844 26701 83568 9969 56127 507 63475 2819 78567 19367 1509 32837 15866 65497 %n701 84
15288 71593 63680 36237 15356 87595 30660 97951 17210 64165 58588 83807 37005 74486 74234 79639 24480 10309 64296 26763 28487 50653 30400 43037 16501 12034 94635 62488 31723 53883 65225 77065 12663 78608 89079 82794 3961 81799 23395 69843 21587 65400 8368 24213 13717 30766 37529 38181 10440 1913 32003 41712 89527 20512 47523 96790 41883 78639 28187 46452 53592 41177 88566 91643 90888 16395 14891 78301 95607 62503 55372 90387 32895 63219 64737 53716 37903 26792 71372 7552 48863 98396 94178 65542 %n386 44
79589 39186 52558 93918 5513 41153 19886 4475 75817 4635 19552 22987 31073 7915 4217 89842 10066 87069 12807 65626 80371 3609 84278 15170 61977 38241 42300 50785 5633 46800 98621 87634 1693 40339 94008 39651 85404 11945 25266 9533 98757 36894 61234 17698 %n1971 30
42603 60334 18693 33809 50677 16774 41324 73498 26207 21695 40253 76168 30215 41805 28188 36919 41713 72815 10977 19231 15639 91286 69709 25006 20499 3209 3056 8187 85911 66268 %n1013 21
42570 40515 71417 59287 91870 57367 70031 36397 83818 96078 47823 68408 18468 20290 99763 31779 58860 75749 72814 85579 96131 %n89 20
84501 22640 24585 45751 77383 34930 92685 49225 75756 58499 24798 47469 32472 16853 30044 65733 51656 66757 36297 61770 %n1815 9
69172 1829 27930 64200 53863 26385 17066 99261 36617 %n1681 4
53614 63349 50563 14109 %n112 2
4360 10998 %n269 2
99170 60199 %n229 2
30110 7175 %n911 2
82027 93503 %n1455 1
4967 %n605 1
39598 %n1625 1
51462 %n71 1
33963 %n1652 0
%n1420 0
%n1839 0
%n108 0
%n107 0
%n236 0
%n1654 0
%n2024 0
%n1376 1
16574 %n364 0
%n460 0
%n774 0
%n16 0
%n1160 0
%n768 0
%n373 0
%n1076 0
%n904 0
%n1802 0
%n945 0
%n185 0
%n936 0
%n623 0
%n1165 0
%n2055 0
%n564 0
%n403 0
%n390 0
%n587 0
%n1543 0
%n190 0
%n546 0
%n228 0
%n1170 0
%n200 0
%n1141 0
%n1008 0
%n1767 0
%n1314 0
%n2052 0
%n1349 0
%n1281 0
%n861 0
%n1216 0
%n9 0
%n500 0
%n846 0
%n461 0
%n1369 0
%n305 0
%n1212 0
%n83 0
%n542 0
%n1486 0
%n421 0
%n199 0
%n