14
4639 200
62281 59141 21026 31991 83126 90328 46521 56251 55852 1788 99603 99024 72569 45991 34641 46799 29756 54513 50879 10882 13549 33157 7756 35580 52185 75156 81293 68859 83503 68309 15057 45162 36191 30190 95929 1036 19362 36983 6266 60895 8878 99328 66261 32594 30890 84755 49845 75270 79582 69581 20108 87598 85612 8618 20760 1014 20315 31695 18450 1079 16618 16200 63318 52671 89321 78398 93633 92699 39373 48429 64428 84950 56610 2012 84133 33620 70971 92108 93074 30939 14634 38850 79025 39625 36885 61960 24257 9340 15918 24005 64487 67298 74603 5312 50807 41275 44919 17142 3439 62974 15228 93878 46437 58573 92866 3236 22932 85313 24016 82976 73122 29398 84052 31527 44266 81408 7499 39579 78673 73786 9084 34361 18202 18042 20769 31513 56586 16421 10864 55838 18351 33494 75836 26502 71872 66393 14364 6340 73760 52785 99817 47189 1530 37225 67991 33358 49120 17612 9551 21933 16787 88573 29183 79949 88872 61792 5995 30822 49052 60872 4556 92260 86383 19137 61444 19880 41476 8203 21792 57263 83746 67082 16179 83287 52311 73692 87665 912 58876 83806 26005 9382 41660 27395 34330 67201 69898 45654 93824 79186 53911 86296 52197 1831 80201 95024 14379 51102 95763 51056 %n3589 7
14333 38878 27202 42881 20026 41358 5655 %n3614 1
93798 %n4090 0
%n1301 0
%n32 0
%n1904 0
%n2420 0
%n3808 0
%n3955 0
%n3355 0
%n161 0
%n4882 0
%n3157 0
%n