98
10629 8
4614 16743 35471 79691 69450 59188 81299 90206 %n14712 8
92842 49787 82178 2500 23637 71758 72103 5934 %n14925 8
46451 76555 20699 65811 39593 69808 34175 53469 %n14814 8
2781 58607 19804 26587 46383 86430 37693 88935 %n7918 8
73946 94233 17720 43547 78562 25760 22951 19905 %n1052 9
84974 35250 92029 19993 5048 45367 73847 70952 82255 %n13467 7
80289 11407 59591 84385 15746 13150 30218 %n13419 7
81913 88063 73813 6548 28342 35918 9567 %n5971 8
72143 18632 25122 30131 38363 53246 81888 96065 %n14384 6
8825 45404 95669 56712 4667 51357 %n14507 7
32141 93222 23108 79744 29485 21649 56245 %n5104 6
66131 23483 42146 45795 29753 79333 %n14433 6
39853 59317 68011 47639 13836 79178 %n7046 8
9067 77391 40026 38059 84211 24166 25906 87444 %n4107 9
73557 37955 89528 45414 90098 55003 22273 63792 95346 %n6046 7
7282 55138 63458 40483 37445 39975 17608 %n9110 6
24381 28057 64049 54956 16999 3580 %n12355 7
50238 76353 89417 55595 76478 2081 27420 %n13675 6
15607 8241 17905 47971 20411 51717 %n552 7
28710 19986 5349 80285 45139 41359 37871 %n3845 8
76352 59423 38282 41795 86667 770 58826 26485 %n6043 5
11826 3774 86357 7585 22326 %n13942 8
8085 22180 46137 36368 53904 59312 33633 49425 %n13542 6
66109 55528 92761 19921 46901 34585 %n3166 7
19816 66557 19394 6130 5403 66004 51813 %n2571 6
18344 71352 64188 89670 61533 64662 %n1389 6
72894 43505 51577 24107 68972 73018 %n5515 5
38104 63551 60690 65949 67526 %n5189 4
9339 60934 22823 16614 %n2167 9
3760 12386 47127 70131 63588 81796 68645 31787 49156 %n14358 7
76839 31330 11122 73628 96094 13579 39710 %n7299 5
58322 50321 70351 66580 92335 %n9967 6
78990 57085 31897 16053 57437 63999 %n99 9
71386 36797 50810 84909 83178 87395 73452 29044 36061 %n4928 6
34370 78601 23036 47640 66744 77246 %n2569 6
34349 19597 58115 20833 81186 69487 %n11101 4
16776 90846 18797 12771 %n5854 6
69352 74625 95182 32139 54497 72299 %n13029 2
84665 30026 %n5411 7
74781 81597 58226 16011 31835 31676 12313 %n11732 4
4047 65708 25947 24403 %n9588 5
70187 7851 11004 86434 2138 %n8705 6
76764 6366 80554 64567 54542 88307 %n712 4
12954 29568 22418 81512 %n2163 8
30050 80256 61958 2113 28707 78277 89610 17138 %n13986 4
19703 62843 36900 10434 %n11900 5
75430 82124 27402 4906 56232 %n1866 5
25649 36512 46136 49106 3447 %n10914 5
71153 53235 5387 14265 56647 %n1166 6
8059 70640 79816 62111 53211 2757 %n13551 5
39966 51155 16431 46260 80446 %n4695 4
76169 42092 1774 28633 %n5204 6
25852 69342 81646 33277 57031 94578 %n5051 7
87189 11657 91697 90421 63264 90015 80674 %n8481 4
59184 53835 92318 13289 %n7464 5
69786 29031 79545 14507 46038 %n12946 5
71272 49261 92117 15056 24987 %n6475 4
20886 94519 66630 7491 %n3438 5
16608 34148 13595 8526 83531 %n6394 2
17788 68441 %n3698 4
78205 6935 29976 19269 %n7963 6
57516 56703 28809 9874 93738 40388 %n15398 6
21511 36440 711 3349 81651 16465 %n13391 3
24637 27004 50420 %n7658 5
6512 60583 34681 50024 41986 %n9904 5
23193 9867 5362 69444 91725 %n12056 4
53744 2732 75455 1561 %n12257 7
65540 62801 92532 16391 7930 12291 84019 %n9885 4
60018 20986 40780 49172 %n10977 3
7641 5858 8404 %n8117 4
16802 67477 69495 38000 %n5586 4
76102 5502 74227 92984 %n2976 6
29666 71159 85662 53653 88791 51172 %n11305 6
13334 37948 87931 22245 60236 77258 %n5844 3
53354 367 52940 %n15548 5
57234 52851 78680 27028 51996 %n5975 5
94998 49909 43262 52623 23145 %n14506 4
60964 6904 52040 60850 %n10861 5
14981 92526 69357 78199 30030 %n7033 4
2277 83494 31403 61404 %n7842 4
41030 74875 63377 89309 %n5905 3
49624 8230 30332 %n7738 2
67050 50869 %n3851 2
57165 31595 %n14297 3
40089 93460 41250 %n8515 4
48553 64706 80453 55056 %n3964 4
82387 58077 48797 64207 %n10177 3
66770 60095 36244 %n11615 3
22200 90614 33133 %n4692 1
25795 %n1148 6
22499 25466 40632 41050 74286 7871 %n5553 2
59485 6267 %n7603 2
73101 63519 %n12728 3
4099 96040 89027 %n6879 3
69621 89816 5490 %n5063 2
44744 5283 %n12092 4
96030 8482 56699 60067 %n4839 4
68908 55986 50356 10817 %n