290
3781 116
66056 94702 72877 7240 21343 84228 2468 28418 71055 76970 66225 96690 3948 88308 42109 57775 58094 60632 47697 8690 44787 67339 76352 27516 40439 57605 44036 15559 1561 52497 84822 34047 67250 17436 80766 71499 13090 2679 53320 97568 30271 24195 38075 77228 9801 15356 26858 46560 283 1291 24413 26122 78373 64033 81080 95858 61933 45656 87824 29417 1150 70372 67251 44117 18016 37412 63984 70562 75263 22984 90583 38970 43118 81131 68119 42503 47977 82683 18227 19382 353 42248 8589 15013 61469 22585 13680 96470 80343 49910 41457 90324 24322 25107 99579 97790 85739 41576 38068 402 4436 21450 53880 87119 69326 13421 33643 69178 34391 44713 40772 62190 19707 87262 59523 98606 %n7970 89
31025 60896 76213 42445 56719 55170 56121 8127 21273 36342 31119 17012 30098 78882 56651 47662 99218 5998 85037 82978 11283 9752 37666 40259 84854 61117 4106 8266 6697 67138 11982 21729 33617 51168 90551 21865 49603 60229 37880 82154 82880 73199 18232 9186 76100 7726 47230 26240 60355 97673 57888 25900 93643 45407 9060 13673 33280 83734 67658 32627 65020 44477 36145 8424 94911 10374 85337 14299 81266 7970 52713 64210 46172 13525 76968 89382 19655 56270 25466 80589 72403 35014 48552 53929 45349 20444 67346 30641 60472 %n1550 64
83124 5152 78504 96797 8430 78418 95699 22067 78306 95229 43850 65173 61572 73930 30363 3865 65204 75899 38171 47208 13219 69747 76926 82259 360 26895 76337 76535 34179 98844 84128 17469 26640 96538 67806 82107 74286 26290 59181 63048 65687 32877 10338 45456 40864 52046 67043 63381 49949 73493 26911 51736 97316 71367 68599 90678 68007 20492 30191 15352 13260 65713 91117 44883 %n3567 61
97454 9994 39754 80274 95258 33719 30870 84748 91109 88493 44228 92029 59308 39911 30356 31337 38934 40982 96158 2245 86156 36040 44069 97035 92886 52089 20036 56174 58580 72199 53430 89637 88310 10267 74171 86975 83152 63311 16851 82949 40071 27943 560 70509 74230 47669 29955 7615 14719 41829 15770 24345 42106 69663 87956 7494 26734 90500 64463 62747 37361 %n3071 45
41809 15165 72155 22964 39067 54256 44557 29801 70110 49313 45588 50663 33269 91455 68684 31049 44092 24187 532 91987 1826 77588 58504 47894 11095 12071 44986 95937 6315 99521 50794 29055 85543 36850 19735 47785 84833 17038 28554 81439 29779 35281 3477 3520 5165 %n3564 32
9546 31877 35234 51926 65134 4463 97691 21282 17367 35216 13473 19865 85138 60711 11239 61989 520 91949 67628 77620 39898 51866 85822 72459 59863 58797 3054 93275 33268 36529 99113 97929 %n4151 19
7048 23472 85047 83502 4652 15497 4860 13049 56899 460 40800 69465 50327 80860 63595 23684 1009 44596 11376 %n7524 19
86528 68979 64861 17181 83526 10045 90153 76921 71155 8312 13781 39050 58619 98061 11981 93676 88593 53355 12881 %n7185 22
71183 65999 36604 24916 53250 3837 53739 26448 84374 4522 33353 13047 12405 83765 88537 65615 20981 19027 64618 86504 8061 52957 %n1717 7
17842 75105 4382 67034 7332 56194 79195 %n8239 10
77997 80519 40475 13434 97220 77399 80779 48465 88352 69355 %n6943 9
79612 25942 50887 34266 71944 6644 2081 8370 63875 %n5079 8
58690 56930 79244 2134 11312 63883 54075 30547 %n7301 6
64481 94158 12465 45235 4586 67377 %n2615 3
6291 79712 54209 %n2928 4
98175 96140 37827 66325 %n5246 4
99031 29278 54954 74620 %n1027 2
78566 75391 %n1178 1
95632 %n3121 1
13037 %n1305 1
77435 %n8009 0
%n3690 0
%n559 0
%n614 0
%n5404 0
%n492 0
%n6071 0
%n6720 0
%n852 0
%n3443 0
%n3792 0
%n2961 0
%n4690 0
%n3667 0
%n2903 0
%n1387 0
%n5748 0
%n4644 0
%n6183 0
%n1164 0
%n3491 0
%n8553 0
%n6136 0
%n906 0
%n8055 0
%n3179 0
%n7914 0
%n2919 0
%n5939 0
%n935 0
%n3057 0
%n3824 0
%n3556 0
%n1592 0
%n6831 0
%n597 0
%n5518 0
%n1995 0
%n6654 0
%n7877 0
%n4217 0
%n6116 0
%n458 0
%n101 0
%n5555 0
%n7997 0
%n7894 0
%n4765 0
%n7429 0
%n525 0
%n6049 0
%n1823 0
%n2473 0
%n79 0
%n276 0
%n6139 0
%n6477 0
%n4134 0
%n6685 0
%n4768 0
%n2812 0
%n2081 0
%n3148 0
%n2997 0
%n7612 0
%n3932 0
%n7040 0
%n3404 0
%n5464 0
%n4164 0
%n0 0
%n8459 0
%n39 0
%n286 0
%n4403 0
%n3414 0
%n459 0
%n4558 0
%n1775 0
%n2627 0
%n303 0
%n8071 0
%n6502 0
%n3797 0
%n7446 0
%n8101 0
%n6686 0
%n2885 0
%n7621 0
%n2886 0
%n6430 0
%n6074 0
%n3317 0
%n2920 0
%n3415 0
%n1999 0
%n3318 0
%n143 0
%n6573 0
%n4900 0
%n3904 0
%n5505 0
%n2548 0
%n1951 0
%n466 0
%n1181 0
%n7223 0
%n461 0
%n8447 0
%n2299 0
%n983 0
%n5458 0
%n2318 0
%n1458 0
%n544 0
%n8398 0
%n5029 0
%n3374 0
%n8423 0
%n4881 0
%n1998 0
%n408 0
%n6015 0
%n5557 0
%n5822 0
%n3624 0
%n5485 0
%n5524 0
%n6021 0
%n5175 0
%n7065 0
%n8469 0
%n7287 0
%n1382 0
%n4205 0
%n5813 0
%n3423 0
%n7923 0
%n1879 0
%n395 0
%n2622 0
%n2840 0
%n8629 0
%n5590 0
%n1148 0
%n2279 0
%n7039 0
%n4472 0
%n2624 0
%n4726 0
%n2927 0
%n6695 0
%n2708 0
%n8315 0
%n5980 0
%n6408 0
%n1455 0
%n6396 0
%n3146 0
%n7029 0
%n172 0
%n2995 0
%n5666 0
%n3052 0
%n1259 0
%n7707 0
%n4013 0
%n2572 0
%n8552 0
%n7645 0
%n4901 0
%n4038 0
%n6206 0
%n1406 0
%n2822 0
%n4994 0
%n6603 0
%n8464 0
%n1035 0
%n3709 0
%n6091 0
%n3468 0
%n66 0
%n4627 0
%n7931 0
%n7924 0
%n322 0
%n2203 0
%n5207 0
%n5958 0
%n8182 0
%n328 0
%n2602 0
%n7834 0
%n1334 0
%n4587 0
%n4624 0
%n5972 0
%n4065 0
%n506 0
%n1816 0
%n1033 0
%n145 0
%n278 0
%n4367 0
%n4706 0
%n1021 0
%n5317 0
%n4565 0
%n4521 0
%n7670 0
%n7849 0
%n7260 0
%n7720 0
%n8466 0
%n1326 0
%n7610 0
%n7533 0
%n2579 0
%n7221 0
%n6569 0
%n7856 0
%n1710 0
%n4223 0
%n8412 0
%n717 0
%n3047 0
%n6875 0
%n5418 0
%n1490 0
%n4307 0
%n4177 0
%n1421 0
%n6796 0
%n1080 0
%n6538 0
%n693 0
%n432 0
%n3223 0
%n4899 0
%n7874 0
%n7517 0
%n7326 0
%n5126 0
%n3847 0
%n13 0
%n2135 0
%n8133 0
%n2639 0
%n5278 0
%n4516 0
%n2418 0
%n4401 0
%n6251 0
%n4557 0
%n5680 0
%n2559 0
%n4526 0
%n5790 0
%n3548 0
%n1234 0
%n556 0
%n2229 0
%n2233 0
%n4848 0
%n1217 0
%n6607 0
%n1932 0
%n370 0
%n