23
3861 125
51945 39445 19879 33212 15916 29764 37721 49997 19446 16546 16580 2820 43457 31988 21659 19375 1408 30139 24196 30126 38865 13855 6149 6535 47490 27242 21739 55378 47871 8262 33621 42031 25940 46205 12234 20679 26576 9148 40395 33675 23885 31120 55411 6468 13764 42159 11659 35215 14300 4582 19882 43936 12512 48962 17261 22276 48543 47194 6623 49686 18858 39122 32205 36337 21445 52407 822 42713 49579 12997 52183 41331 41480 36320 39897 52680 7351 54546 2249 25172 50950 44312 5753 20876 13137 49156 52962 11724 16229 33053 25538 30387 45785 15179 4200 35620 11862 26622 20047 18007 44461 14807 42985 43134 45699 27146 2557 24989 16277 32113 3250 35176 21723 29120 42658 51382 41656 5691 10150 13493 55087 22595 45001 41860 19174 %n5854 55
14841 52693 41839 11106 9753 26832 39588 29403 8389 20825 26223 55044 14819 40322 41854 31509 40774 249 18727 47404 7977 33583 5040 46201 17588 24812 49097 20377 48823 7457 20145 39282 3304 3793 21660 35727 18979 25738 43476 18333 173 44317 37205 1023 36311 41510 14810 53850 32250 29336 3252 55572 27832 6645 47530 %n5936 24
38760 18219 55114 1337 47205 19725 52560 31742 1123 8570 41865 56931 43763 43817 21384 22210 14270 55023 49981 24398 55477 7427 29035 56563 %n653 6
56327 50855 49623 20612 30111 55716 %n2216 4
17967 29095 12371 52463 %n1622 2
34365 32434 %n3186 2
29946 25981 %n6969 1
4139 %n7685 0
%n4058 0
%n6479 0
%n7848 0
%n6280 0
%n3945 0
%n3181 0
%n2807 0
%n1797 0
%n2867 0
%n1328 0
%n856 0
%n5245 0
%n3363 0
%n7371 0
%n