191
4957 18
37140 60340 7532 13265 22336 9826 42620 36779 54750 3212 5033 53312 55823 19222 45575 23463 30168 54945 %n143 14
53802 42561 50375 3631 38242 21195 45578 37409 44206 38880 60858 43242 12119 58491 %n2191 15
53708 10781 59242 29336 57231 60752 29284 52080 2739 60289 583 40855 14955 60102 12809 %n3676 15
5692 10990 38519 51700 55480 21167 3498 30317 46954 25849 31515 5928 20480 55943 19464 %n3440 16
46411 55017 1379 1318 51568 49387 55873 11656 23581 35768 51924 44459 55654 44930 39597 57906 %n1560 9
21436 18142 3462 17138 41952 57256 48741 53591 15755 %n6346 15
37407 37378 30386 45090 2880 25531 52141 36144 44553 36167 30159 15091 27849 14243 2660 %n1999 11
22109 27523 27978 15875 30684 14297 41733 34877 23544 2297 30924 %n7 13
20704 10967 33976 2200 19067 33473 6140 49832 3481 17300 6533 35669 39715 %n4979 6
37132 21850 13965 42867 57272 59468 %n809 8
48519 4050 3814 22987 15510 46643 22544 4822 %n335 10
47143 44225 25124 53056 25250 41723 44655 20527 51463 61192 %n738 10
11071 13178 44741 36887 25915 47269 28283 25067 33194 25979 %n1969 9
22117 41096 55389 42450 13142 6099 48481 32450 22337 %n6418 7
13570 2071 14339 33831 41954 6191 52285 %n5159 5
33958 4737 12169 28692 27421 %n3046 4
58863 42081 33918 29988 %n4203 9
59075 25938 26674 20844 45260 38489 56324 5813 39219 %n1306 2
36737 1859 %n5816 8
50776 26296 13937 3518 279 42041 21210 21933 %n1691 4
7431 1309 36541 6016 %n1132 5
31039 36989 36177 49170 12995 %n1703 5
43992 29440 37269 5245 32749 %n1851 2
60596 29013 %n3783 5
45514 6883 49123 20583 3178 %n2729 4
36345 59658 49577 61106 %n2586 5
22010 1075 35935 16391 37284 %n280 3
49102 23127 1080 %n6380 1
202 %n4030 2
43015 36399 %n1710 0
%n4518 2
9296 43803 %n5260 0
%n2785 0
%n4110 1
28375 %n2311 1
28415 %n2000 0
%n3937 3
2957 30128 55772 %n6120 1
40271 %n4327 2
58486 41316 %n1998 0
%n3187 1
28031 %n2817 2
37663 32689 %n5864 0
%n6749 1
28605 %n493 2
45368 52802 %n441 1
9729 %n518 0
%n1902 1
51414 %n672 0
%n3294 1
36625 %n4331 1
7917 %n3556 0
%n4673 0
%n4561 0
%n5876 0
%n6720 0
%n5043 0
%n2934 0
%n1327 0
%n5469 0
%n608 0
%n76 3
32478 23443 15593 %n2967 0
%n387 1
5426 %n1868 1
26082 %n2284 0
%n4085 0
%n3542 0
%n3958 1
50696 %n2105 1
16523 %n5557 0
%n5700 0
%n2349 0
%n4348 0
%n109 0
%n2601 0
%n5576 0
%n1803 0
%n3295 0
%n6103 0
%n3513 0
%n2626 0
%n694 0
%n5217 0
%n967 0
%n1874 0
%n6565 0
%n5053 0
%n5962 1
21496 %n2447 0
%n252 0
%n5975 0
%n2392 0
%n3004 0
%n3571 0
%n3119 0
%n1646 0
%n2419 0
%n377 0
%n2018 0
%n5274 0
%n2533 0
%n2338 0
%n6641 0
%n6526 0
%n5500 0
%n1095 0
%n2922 0
%n4077 0
%n2741 0
%n127 0
%n1742 0
%n2363 0
%n5089 0
%n2808 0
%n5573 0
%n795 0
%n1244 0
%n2621 0
%n5846 0
%n6755 0
%n4665 0
%n3714 0
%n3357 0
%n4904 0
%n4396 0
%n5985 0
%n1885 0
%n2086 0
%n4846 0
%n1727 0
%n6175 0
%n1779 0
%n2997 0
%n6503 0
%n3448 0
%n3518 0
%n5163 0
%n3439 0
%n4078 0
%n4635 0
%n6067 0
%n2087 0
%n4436 0
%n2703 0
%n275 0
%n3874 0
%n4777 0
%n3036 0
%n1225 0
%n4912 0
%n2879 0
%n5081 0
%n5408 0
%n6151 0
%n426 0
%n4202 0
%n4134 0
%n5181 0
%n4984 0
%n362 0
%n3264 0
%n4952 0
%n2514 0
%n224 0
%n3551 0
%n1971 0
%n3051 0
%n5225 0
%n2651 0
%n5166 0
%n2776 0
%n827 0
%n4429 0
%n3776 0
%n1457 0
%n5213 0
%n505 0
%n220 0
%n3366 0
%n226 0
%n5603 0
%n1057 0
%n2874 0
%n5675 0
%n3092 0
%n414 0
%n154 0
%n6663 0
%n5504 0
%n