116
4189 110
15532 9939 9474 630 11026 15080 12168 14598 13770 11933 13531 3172 13838 15482 17449 834 8361 1087 13080 10989 11587 14690 883 5493 7164 15853 14834 14391 4369 13151 17064 3838 10425 2589 12272 5378 13211 989 13343 15574 14411 1876 13938 14613 8646 2396 14870 7402 791 41 7290 6890 16092 14052 10190 15409 16489 13103 10196 7906 11738 6428 461 18740 3342 2278 14272 18594 10455 3861 9606 4406 12353 5499 9862 14752 2906 6484 9701 16426 14685 18763 15211 994 3868 961 7961 5417 201 3742 3474 8739 898 5973 7082 4382 3459 2059 12639 10683 11901 10021 9163 14239 4017 3907 6711 11314 1240 2507 %n2925 35
6037 8273 15248 14489 3062 73 15809 8592 15096 12374 14165 3371 8489 1819 2392 18790 2459 13811 149 6056 8848 11788 6036 14696 2657 9867 1551 2115 2235 18452 6254 5004 11326 9064 3959 %n1258 35
3730 14186 2572 3108 1464 15079 13378 10014 3443 1387 8100 10637 13728 10365 17695 17253 14256 15956 11904 7886 3160 15762 3634 3003 11571 12344 12163 2118 867 17056 4941 9389 17039 8020 13454 %n3353 35
9757 4304 12347 17605 10876 457 10898 13505 9737 8781 14990 6756 13474 15155 3526 15029 7465 6944 13860 10005 6960 6238 17024 18077 9668 5911 13933 7810 16882 15076 18692 6911 16375 11884 15769 %n6755 35
9678 4148 14323 8324 11851 13450 9664 2462 16125 854 6039 4858 4078 16189 2771 1036 13032 9751 4551 4523 11729 5613 13905 12580 16797 15105 1892 3013 14022 1108 18503 6631 3075 3347 7529 %n4473 34
9635 4292 13077 469 12942 1676 2721 12425 9289 10966 12132 8890 17630 6483 1677 16640 4972 3646 5116 11553 13765 9082 5949 8007 16802 13567 11720 8459 15713 8400 11725 9130 15657 5905 %n4766 34
17593 15740 8432 2233 18017 18454 11625 16343 10221 8032 2385 15644 16496 16216 11476 14056 1661 399 5871 10466 12761 133 11227 2337 1743 17242 1969 18484 4099 1327 9111 13145 1091 7615 %n5555 35
10418 8740 10745 9351 6703 4984 10821 8886 9469 8434 1366 14967 13266 5017 14818 4459 6610 17405 516 10902 11454 17095 18613 5026 11918 5553 11761 7133 14707 12819 16376 18710 14795 3719 2428 %n7268 34
524 6465 12019 10859 10664 10433 8431 6217 17299 5145 15940 16230 1647 6943 3629 18388 11072 12763 8112 6982 12334 4904 17443 14922 15063 8726 2251 6120 4150 11331 12007 3372 223 7231 %n2018 34
8189 2813 18279 10257 5149 9899 9028 12611 9171 7490 13836 10193 6521 9537 13897 11279 5287 16857 13514 17902 2185 12559 449 16100 6480 17567 15816 1439 17995 646 14082 14932 9485 8017 %n5058 33
8688 3001 15201 10524 12276 1858 8709 40 7015 13007 2995 15681 17848 12554 5580 18029 10335 11666 12741 1866 2849 11264 16101 3205 13495 3913 6719 7282 12708 4357 1672 5400 6139 %n8184 34
1086 16998 699 5641 10569 4031 2988 3442 15366 17964 17016 2306 3116 12967 13927 7776 9640 782 68 8667 17457 6267 7801 8698 111 15748 1979 1130 511 546 11991 17739 12568 8468 %n5708 34
1543 11766 18765 14319 18756 15882 303 17687 9935 18490 17014 18190 4273 14003 12581 2877 2014 17491 12831 11873 1232 13971 17826 599 16686 9167 12934 2103 14218 16788 17761 10010 11796 232 %n8286 32
2280 18559 18183 18319 4085 2072 7880 4995 688 15393 3908 5474 1332 17408 8743 8534 6629 11914 9452 2281 10073 804 188 9238 1886 1333 14812 10807 16735 3317 2319 8264 %n5395 33
4381 161 13844 6420 2475 18593 1004 2664 1146 2881 10713 7390 11541 6247 6067 3113 1656 3580 5065 1053 10458 18521 8233 3129 11178 18377 16566 5335 1134 3378 13371 14322 15611 %n2036 31
7114 8674 11981 11320 8722 2894 7319 16939 6179 4945 17575 15353 9559 16069 9127 14820 5596 2872 5814 4644 11592 1233 8817 18436 16360 6209 9594 14564 18231 4574 8623 %n2034 35
5950 681 14524 11570 1942 6018 1489 9879 8256 13234 3384 14770 11691 7185 9597 13813 9284 3362 10715 17033 12479 10435 16269 8101 1136 1652 1600 14713 9132 5328 10064 14300 6263 10071 7022 %n924 34
12943 12645 5040 18046 4083 7288 1021 7484 12067 10767 618 17044 9600 8614 16283 5083 1115 18598 3777 552 4561 2458 16593 12933 4553 11775 1939 5161 15807 1634 16321 4310 18289 10758 %n3199 35
14372 15697 12422 7378 10056 2591 13039 13749 8750 18032 2471 7646 10718 2313 5961 15805 142 9385 15646 344 1853 14153 11961 946 18307 9286 18702 9442 1409 7583 17460 10327 17257 9448 3282 %n1966 34
17921 6855 283 16561 6702 5483 17900 9172 13467 15215 329 3061 9303 9712 12458 5338 18796 8591 12426 627 5729 15051 9220 17730 12089 18745 1037 2695 17791 6881 16449 13920 1280 2717 %n5149 34
3014 2834 1293 3453 16032 16626 12591 13937 10496 12563 8309 7124 6470 6860 1428 16965 17737 10194 2372 15586 15326 15510 9855 12101 7644 5343 2255 3667 14557 18726 16657 16473 14234 5097 %n3011 35
7691 9434 5242 13259 12410 1837 13564 662 17582 14565 17335 13795 492 8042 1303 16820 17727 17697 13586 6359 2795 2501 2766 7912 11696 12487 15971 3866 7769 8292 13210 2430 6706 3331 11103 %n3594 35
3576 8782 5635 5455 15354 8651 1958 13820 1049 562 5471 10378 12736 13319 5395 4735 99 10546 9258 5530 16944 3268 13868 13160 17094 16434 11415 11469 5281 7832 4509 11837 3720 2070 7033 %n4943 33
14908 15438 2024 7238 7300 16795 12375 6988 9919 3890 18767 17279 5284 9074 1494 16576 15055 16871 15884 8446 14883 3995 17823 17755 9496 16948 16186 18494 13571 8837 4295 6063 5983 %n8645 33
1252 3244 10041 4737 15001 6805 503 11808 11257 7140 7356 16016 18367 1044 13146 5250 12865 8530 18804 16181 3715 10275 3000 4137 14050 5938 14915 5797 1983 6571 18106 9567 5759 %n4809 35
17374 15246 9914 10923 11767 10915 9494 15250 13955 15264 4483 7431 6577 12431 13192 6746 9683 7881 15108 1687 11993 13592 10866 16068 10677 12722 8670 6554 16436 8063 9846 14847 7326 1102 3744 %n3025 35
18502 6405 10415 6698 11911 10438 806 18475 6119 3872 14476 16088 15020 6466 17140 2757 3821 18693 6744 11826 9825 656 12992 16087 9943 17194 484 8885 4338 12998 5968 5853 18449 15835 17112 %n3140 32
16849 14875 2747 18340 5407 14891 7891 1997 2178 17521 7024 5470 49 16284 12731 910 2236 4485 16025 17005 5643 1118 856 18472 8435 13159 13529 15871 16408 9704 220 4927 %n5071 33
11194 6876 10988 382 16731 1017 9145 3234 17399 18401 2505 11881 9388 997 5154 2299 14969 4114 11067 9929 6700 10370 1039 9337 12157 18517 9819 11094 272 3343 10714 17926 9742 %n2467 32
12753 13557 13865 16654 9015 8672 5704 5268 14541 6130 13598 4169 18004 8145 8516 7218 15599 13501 5754 271 12936 12733 2460 5421 2474 8979 17894 2005 18187 14185 5674 17164 %n3706 31
14422 6048 1680 14460 10230 3962 14210 3422 17185 9135 11862 14289 5188 6028 16263 4528 13365 18448 10183 17789 7710 8227 12846 17698 18750 15923 603 11562 5896 17590 11295 %n6349 35
9054 15481 3714 12332 4183 9727 4177 987 4763 15382 5660 12158 5144 14254 2874 10159 12701 7057 15277 7491 17167 10987 18156 11252 2479 13870 11321 17451 980 11287 7962 13435 7551 1695 4108 %n83 32
17446 1197 12978 5199 9500 6749 16966 5133 12112 4133 10585 18703 6559 4113 8574 17920 15419 18078 6597 7229 8764 14012 15929 9707 8212 8357 438 4475 15281 17482 4226 17756 %n5729 33
4254 13509 4138 14482 10512 3737 6555 17450 7129 6080 9473 1865 2946 12879 9125 5358 7064 8514 4214 5007 4975 10004 6910 1741 7471 16035 10253 17776 6581 1126 16432 16253 12153 %n4488 33
6628 13219 13112 708 17155 18262 6461 15271 11667 16951 7044 6344 12903 2634 16067 7286 10485 12044 12646 14972 7544 16818 18468 4504 18241 1418 9845 16099 12020 6368 18701 5767 734 %n4950 33
6776 843 481 14361 16949 8821 18779 8741 3790 7144 15719 2552 6530 6085 15768 225 3578 17055 10941 631 4656 6292 10643 5229 12948 3411 15566 6769 4977 3255 3566 13522 14578 %n5188 33
9122 7134 7831 4888 8791 11447 6582 2124 3006 10113 8195 15814 14988 10381 17805 710 12235 9774 502 15670 17830 14761 14980 12518 13122 8713 5772 10660 11745 13190 3948 3763 13638 %n8438 27
7913 11763 2693 10960 7079 1194 14169 3337 14340 14125 4712 12268 12455 16131 558 1948 10820 6276 16126 13996 17313 9251 11831 5879 1913 384 16888 %n8527 30
4147 5504 11289 4647 805 2105 17648 6485 3635 17534 18669 13595 13249 11701 3517 14081 9109 12659 11532 15193 8796 6178 18321 8681 15242 8232 13631 957 5460 15146 %n7967 31
5423 9622 3067 12466 10379 4464 13042 17749 9804 7838 1493 870 277 873 10661 11898 16382 16668 15328 17139 13601 16899 5946 15199 6915 15965 3978 7917 18741 4026 4628 %n5747 35
15662 3063 5263 5910 7212 16137 15093 6377 4549 10287 13009 12648 2891 13640 4258 11221 1358 13263 5396 14676 15270 107 9647 12566 6963 16666 16265 14428 11822 2541 9980 11780 2393 4134 11117 %n286 33
10451 18375 9282 6207 7205 3541 4923 5126 3741 2904 8657 18492 18402 10665 2756 2924 17961 4004 6834 2389 3276 549 18577 8756 8046 2438 6506 10723 1000 1011 5226 10213 18383 %n6699 33
15422 6099 548 11408 6389 3150 11248 10541 15786 12437 6912 6990 6131 166 1967 12991 448 18716 1604 10122 9378 11554 2467 1015 6012 9517 1476 13015 15 4386 741 17807 4470 %n4220 31
2141 8931 9302 6685 4443 16060 16853 14874 13104 3011 9152 13681 8705 16074 16455 431 10008 6300 2905 5861 8369 12381 5107 7303 18216 18689 2218 9455 4212 12200 4885 %n252 32
11753 18788 2368 4241 8131 273 5934 14334 9674 2490 12148 9423 3792 17049 8737 13471 9506 18696 13237 598 2425 11461 1413 10592 707 18547 14987 14356 2353 17550 16476 17366 %n3859 35
2836 7586 3547 8272 15040 2763 12005 5623 13982 11358 6697 17484 5532 3209 13133 7287 5964 3556 7650 4791 11155 5239 12655 15666 6144 12348 6137 1959 7072 14670 16644 13555 4645 17706 13161 %n2875 32
5653 8553 1705 7299 4156 18282 13578 5687 9932 16528 5440 1900 3471 2506 15935 8842 8181 10748 13660 10234 16843 17328 4820 7971 13091 16785 10138 6107 465 3901 3002 10277 %n7470 34
18206 12288 13046 16606 2036 18444 12471 10261 18334 11641 2469 52 5629 12575 17855 5008 10251 13735 10961 14231 1470 18778 15129 13265 13878 9225 8364 10656 16340 3219 7043 6840 6330 3883 %n1845 33
3027 3455 7207 16281 7573 13399 14957 9396 11350 104 567 10453 7382 17513 740 5196 4373 10817 6415 15303 914 14607 360 2248 9281 539 12043 2437 8594 4690 12973 16466 17559 %n5861 33
17996 2264 15294 5927 15363 11583 5785 4867 8182 3854 10374 17074 8197 15904 17883 5997 14917 7559 4486 13614 15226 8792 14396 10416 5717 6728 2570 1521 15449 17535 1472 2983 2489 %n7623 30
10333 3722 4545 13615 16474 18006 15520 9521 11217 15907 12134 11247 18228 600 17303 8201 9806 3387 15371 6771 7186 1522 6883 309 9990 15758 16300 12595 7951 8062 %n5140 32
10934 11219 7837 1462 8677 6150 8727 2231 1732 11351 17782 16031 373 8355 14542 11750 13798 10655 17551 10077 966 7149 194 11066 17923 18074 3760 15568 16587 1296 10554 4129 %n2242 28
2197 4356 16834 10698 5451 3170 4958 1908 15455 2245 7779 5708 1591 1851 15665 18036 1535 9710 18215 18370 17189 18601 15774 18684 10957 850 534 8523 %n4984 33
4151 1181 1336 8260 14568 16632 13891 5189 15117 3407 5816 2720 6636 3591 3539 6321 16027 13605 12147 8388 18009 7876 1444 1406 9198 7508 3391 3385 6479 4407 15075 1578 921 %n8472 31
9894 16153 896 11140 14002 2895 13068 8716 6693 8894 17133 5863 18290 3681 6118 1337 17853 9959 11043 15628 15970 1528 2488 10223 12836 6388 4586 14207 8359 66 7485 %n35 32
12062 1922 11014 14843 2189 10385 7959 7853 5993 8152 6327 17802 3950 307 10822 8386 11286 13 11647 6795 7029 304 10905 18573 3379 4030 4906 5926 12888 7707 15407 15946 %n2872 32
11604 2513 9450 18140 13573 17514 14352 9005 177 5826 5059 755 10294 7585 17745 10182 5449 17433 15945 7245 4238 7849 16386 18784 2684 13892 6977 13047 2457 16127 3072 12269 %n6904 30
1263 3788 1844 3545 6777 9075 16333 16708 3431 5727 4039 4424 4578 12785 11702 8153 10412 12327 14753 13856 16630 2557 8445 5127 11046 3571 4924 9147 6362 9686 %n5775 30
13687 12678 17256 8029 16728 16394 3396 18639 11193 2151 7269 5256 6147 16515 3863 9542 5794 12924 14493 9583 12151 11102 12901 11253 8362 11068 7035 6824 11202 13307 %n150 33
2755 12465 4399 18111 9512 13027 9849 2939 16531 1133 927 18347 4846 16160 4544 6196 14051 6522 9986 11138 15494 11353 7719 10167 9520 11144 3818 8872 11607 2821 1348 5180 10609 %n1309 33
15152 12634 9297 14488 14462 14034 3606 13463 16105 3460 9770 3960 3728 11414 3265 11027 4158 1690 11065 1265 17547 5103 3257 14738 2801 11024 1838 6082 3914 1278 1764 18151 3335 %n5151 32
11165 3026 1868 9577 18249 2573 2339 14817 1608 16199 8852 16447 18214 1385 18812 17201 3357 18125 2827 10906 14606 3077 1792 18272 16905 2199 11762 15490 16467 17252 7597 6334 %n3155 33
13199 17417 9210 11779 12547 11309 16001 9624 1930 13917 2343 18530 5952 95 17815 15405 11690 13837 6679 14563 2147 10836 14009 17768 5836 14175 14371 9944 16170 2652 16628 9906 396 %n2674 32
2094 17948 881 14265 16854 16876 6384 9925 9006 13485 3631 17682 15779 6959 15602 15119 12970 8097 10703 2991 760 13618 1088 594 18649 10545 18315 11654 11085 5709 9155 18002 %n3420 31
9749 18664 1177 7669 17951 9631 4167 11108 12279 13543 14849 776 915 8839 12917 17111 4329 4684 18606 1171 3966 4666 15385 3498 14146 11897 6639 7936 9102 15048 10246 %n2566 28
5134 1165 9002 16585 1291 2847 13043 18523 8332 2659 18704 6444 12121 2073 722 17769 254 6208 6251 5342 5631 13368 14456 14382 11548 9262 9047 10582 %n5740 33
950 10553 15504 346 12496 17544 9930 13872 14410 9316 924 17065 11054 2436 13931 12099 16554 9681 17548 2845 16730 18578 7681 18420 4084 15721 18306 6331 12989 8454 14406 3206 14027 %n1160 34
8019 3142 17765 4021 818 15252 11544 8479 18738 11693 2232 8785 2792 12855 7600 3607 17754 2617 11913 5041 6851 17481 1451 18483 14095 10799 12435 16941 16388 14992 13802 4606 11624 11820 %n3931 29
11706 459 18616 3319 8773 10345 18040 5670 7077 250 7785 7642 16117 13386 3491 12854 5319 4191 14803 12666 10654 4154 16271 7731 16009 16685 1259 13110 17204 %n7265 30
12997 17048 7797 5999 15403 16637 13584 900 9017 3093 2967 3404 368 15414 528 13793 3481 10998 9391 14806 3798 3088 13375 11485 16841 11865 2981 12483 16288 7663 %n3492 29
6564 3988 17629 10885 10445 13902 2706 13191 8977 18147 8192 13894 13213 16568 13070 7968 17798 6951 2413 16659 3844 6680 5732 16385 13549 1398 4297 17622 4985 %n5761 31
8250 18338 1209 1256 7689 9826 432 16751 4936 11655 15784 1552 7864 17312 13324 97 4542 2854 5572 6240 7444 6616 13058 6043 17831 4825 3406 7220 7850 3096 738 %n2153 34
13391 14899 4229 12812 13106 12881 7633 1782 12029 215 4524 17188 12242 12930 12247 6950 18773 5620 1514 1315 12300 5513 2633 6451 18460 10753 11457 6678 7680 3560 12717 5996 9996 1465 %n2782 32
5661 4943 5817 7978 11985 2246 5069 26 15123 11672 11802 13041 1051 12233 16767 6549 9352 5907 10601 426 11347 4947 10769 2451 16292 6269 855 17984 18233 6348 2183 13380 %n5589 29
5205 11437 6931 13698 4942 5830 7233 3523 3456 8086 597 4917 3820 4325 18482 8258 14141 2191 3814 8130 794 15058 8448 13911 16621 9365 3945 17950 7169 %n6373 32
4092 16163 17050 8198 2096 1318 3692 1429 9176 4816 3018 14991 12480 985 18461 5003 8714 2424 12343 15472 14846 17439 11282 12887 14963 4321 11105 9993 15296 5270 1985 18818 %n3996 31
18764 17412 6266 298 16487 2209 4050 14845 17006 8546 15267 14427 14548 17059 2762 14931 10834 5813 3389 10852 10140 4454 12913 8028 5955 13541 4170 15626 2220 17540 5246 %n1097 31
16616 12811 11940 15466 5426 14936 5682 4965 11776 4153 10354 15378 15415 8762 3605 1836 18084 7503 12144 7716 176 6725 9591 6708 7001 3575 16913 556 654 2433 13255 %n375 31
10095 5266 18450 5839 5887 2038 16173 6849 17149 10150 7815 6273 15362 3548 3826 13794 18586 14999 18226 12964 3602 15673 10039 18546 8954 10835 14601 9898 2322 6084 7398 %n6887 31
8536 7135 11840 1994 13693 10252 16477 4872 8985 18532 3130 4882 6620 11538 6786 4778 3246 10530 15084 16558 18314 7066 17639 10225 8629 18176 15070 16225 10358 2033 1621 %n5322 30
12740 9910 7130 8464 2193 3710 9572 248 16012 11076 16806 4665 9979 11308 17728 11376 11122 6379 17434 14512 18371 4347 6416 12328 18820 18267 14546 12907 14623 13998 %n5209 32
10482 2581 4590 15483 12852 2399 6859 933 10732 15205 15868 1572 7946 4673 10110 4054 13810 13251 1213 11034 15709 9191 12791 18836 436 8752 963 12172 8107 14789 12165 17847 %n5960 33
17665 6338 14946 7534 10344 7255 10123 2805 11833 14510 8730 14673 8874 5990 10155 14059 8188 5117 11908 8869 17935 13652 16696 2010 9068 332 7805 15825 5324 8800 4041 9601 12162 %n5660 34
17258 6550 14970 16722 6486 3475 4103 16239 3825 10000 7483 18595 14232 18825 1612 11475 17992 3579 16952 9590 13291 5852 6880 4404 14550 1084 8429 17409 15196 17419 18328 11536 15062 10736 %n4901 32
14123 17549 3397 15559 2775 17042 5731 9487 5875 9362 8919 17990 4650 12030 420 12628 14479 5626 8625 7447 18651 3549 15229 2139 8710 7730 12509 9325 9997 10882 9347 10981 %n4377 33
16529 13297 16355 11207 17572 11206 2822 847 13803 5386 15086 15680 6324 14468 2369 1971 13537 11803 7879 15937 13154 7848 6227 5071 6803 7708 10212 14881 15717 15228 8099 11281 14471 %n8506 27
17323 9816 3929 10132 15812 684 1287 13069 6945 8270 6651 7737 907 9723 15000 3663 18097 152 15921 8450 7539 195 16977 6386 17678 8122 15452 %n198 33
18304 2661 9077 8940 6625 13610 13433 9133 1966 2648 17354 7181 2853 13980 9416 8421 5051 16306 6622 11016 9780 4881 4335 9663 16416 2779 11335 1309 14724 12110 6507 9726 3068 %n8993 30
17626 16435 6904 2137 11968 11878 15474 14584 3989 11747 4697 7704 10316 8917 14503 1073 1040 13506 143 2970 1807 3184 11549 1034 12845 10027 15980 16334 17388 9544 %n7521 32
4898 9355 7565 322 5456 14390 15109 869 7312 6907 46 10858 6170 7334 12660 12222 10680 7535 12506 4845 1491 1731 2276 8929 1532 16961 16799 11671 12545 16039 8022 14197 %n4771 32
2292 4105 202 3984 1697 18467 13387 955 7107 12398 17156 15383 17132 13230 10708 7629 9008 5609 7717 2297 1353 8945 767 10184 15802 8659 13821 1831 14154 7660 11416 10842 %n7610 28
6560 3583 18816 4952 10387 13140 13790 13410 4094 11509 11797 655 8354 1412 17674 18299 5760 15984 12308 14784 11341 7741 18392 11560 17429 10594 16629 162 %n6845 27
15730 4576 16542 13691 12384 609 17536 14397 15292 12681 11166 6783 6866 4541 16862 16002 8396 12800 10394 14782 6686 10375 1780 6619 577 13476 3482 %n6484 31
12494 17779 10962 14536 11011 4588 13486 11723 1771 1316 8108 5593 10578 12392 12046 16962 4624 7094 9684 18008 7641 18134 42 10130 14864 1539 14902 2841 11512 7703 11365 %n7868 27
17198 14588 4859 9613 8327 2647 13534 5551 5761 18028 4336 8566 11886 11019 6682 8624 17147 2143 15112 4742 6020 18158 7104 4870 13005 12940 13924 %n8277 30
18674 11880 5066 17554 15180 12654 5306 13306 5642 14211 10730 5975 12974 18229 14077 18811 8630 7309 4640 13627 297 8389 13625 8114 12137 4261 7367 3083 632 15133 %n4115 31
12830 16256 15400 10229 10976 1945 13711 9813 12166 1234 14090 16043 15015 11032 8545 4473 15145 11276 14370 4505 10450 9522 4059 1592 16498 6888 12667 18061 11413 4074 18131 %n3845 29
2529 4355 2851 3862 8312 2562 12682 4495 3423 11668 8963 8549 3204 8178 17838 7884 12181 17529 1616 17721 4700 5548 5768 682 17096 6034 3445 8339 12920 %n2449 30
12037 15278 16172 6345 11260 12142 5296 4063 7392 5939 4973 13443 16868 10641 76 14625 8655 13223 18225 16368 11754 17651 15848 13580 17215 16598 17291 18501 11597 14959 %n6469 30
6414 14904 1355 894 4408 6705 8168 5689 2086 15429 732 2765 2026 18067 10792 11343 6342 18647 13180 10765 3794 8607 17869 3435 3351 14535 8418 3532 8754 6371 %n7765 28
18539 16617 11663 634 1754 1611 2196 14502 3366 16234 17376 13152 7080 6072 4499 1544 5933 15572 9259 5724 16497 5073 15024 15851 13830 9603 16346 13901 %n4965 29
14183 17243 8047 8313 7137 12058 822 17589 5909 2295 11174 15659 12752 6867 6427 3758 4412 13718 16924 13517 14246 1006 835 9422 601 6340 3956 17498 8299 %n970 30
13275 15122 1566 1891 18672 2159 5402 1890 16478 6588 8242 4410 11907 16591 6349 2116 10 8259 14837 4554 15706 4525 11453 17264 14939 9833 9433 12883 16620 2584 %n8799 28
3762 16111 1068 14445 14374 17398 12613 12951 16934 3562 13568 8913 11229 9675 8044 1512 14065 8350 11782 11609 1106 2730 3117 10154 17986 17270 3082 7090 %n6725 33
12114 4989 956 5031 15297 15912 17472 14331 12834 3864 18059 17195 17269 15489 4879 16086 6295 10639 13246 6970 8487 3920 645 12193 3630 10762 5255 8465 2400 5405 18277 11689 1 %n6305 26
4490 17817 17464 2599 7375 11107 13771 10038 2027 14375 5928 5800 17731 18487 7102 967 5204 1427 2987 10484 6743 6848 10896 10023 3865 7846 %n5783 26
2567 3520 1137 8076 18219 9960 15207 15175 10522 9459 12727 17909 12541 2314 6046 17873 85 6565 11727 9294 14515 10094 18037 18184 12531 3683 %n337 30
18142 5322 15694 13510 7667 4359 11709 5088 15818 18042 6195 393 16064 1637 4434 4400 4614 9547 11657 9947 16983 12844 4714 6716 1848 1580 16897 16762 18381 6425 %n1937 30
17402 8676 6369 17363 14432 8936 9861 16152 3233 15538 2456 15224 709 6202 15465 12902 15516 12205 11526 7127 6991 6766 5590 10747 8548 17075 983 11676 602 15007 %n2886 26
16006 6023 10195 10828 3875 2748 10147 563 16415 13457 4107 16658 16414 17810 7116 838 909 3497 13303 1947 6823 5108 2920 13296 10117 18748 %n8137 30
10752 18252 14746 13429 15124 13393 3191 2216 18735 2187 9552 1970 13732 8507 10616 11810 14066 4266 9581 1302 17878 5453 15088 10474 12650 4543 6764 14635 8394 15534 %n758 30
1317 2545 13081 10256 8036 1059 5672 6615 8356 9066 9462 3655 17229 9598 5227 2746 3638 7393 5207 15030 18721 10020 4285 15165 7041 721 4052 2667 12363 785 %n8484 29
2325 8866 12975 10303 6431 8438 6558 13654 4997 13842 3033 14594 11346 14333 9323 16264 5845 14278 12735 6271 15274 9382 17099 14567 16262 6001 15655 1582 16177 %n1875 27
10372 3939 4449 16532 9276 3699 8503 18736 4930 10980 2125 2480 4251 13419 2446 1155 3675 14775 2943 1549 4000 8883 18416 7540 15938 2288 13853 %n2319 29
592 9353 8156 16836 13551 424 680 11419 10235 6096 2896 5061 9257 3287 6310 10274 529 15957 11600 7347 2963 2157 10780 9169 10921 3724 17827 3210 1041 %n7780 31
15941 3780 8942 16349 6169 1077 4747 3417 5131 4497 13113 8562 14810 17983 14253 6317 12874 3168 18349 16220 479 4488 13470 7628 5758 12589 12364 1933 16817 4563 6409 %n