307
2908 120
93439 81974 90188 73709 33359 79844 56760 97527 38818 59557 32731 66087 85474 55423 2784 97028 70628 73516 98714 56284 79124 19874 84561 81548 25335 33946 66793 29155 14969 64959 17328 44998 83736 34857 87273 76370 71770 15800 60251 15526 78122 16432 45151 38746 68311 57595 14720 73362 24352 37377 82173 24191 14623 16114 56675 40831 40398 63547 95234 21355 90269 38936 50989 27246 52647 59193 57870 82588 13614 40785 15843 54592 42739 69140 44020 15344 38511 19276 33924 46992 68105 6342 7139 90079 9485 79940 70568 68999 97760 60199 23856 77626 62726 26293 73612 4884 632 52616 93669 37472 82386 71759 53367 54976 343 31361 8021 91391 13414 89336 96817 19174 82396 71449 49360 59239 17364 4004 12914 98674 %n7920 88
20909 72142 31203 24741 10801 16455 54830 44288 46768 85532 30424 44618 42702 44983 75936 80189 74730 61747 3169 2353 8337 20767 51289 98371 74433 57925 4055 30177 44321 14084 31351 37264 51290 93789 32393 92082 21545 23588 86356 72678 85890 4664 53205 40206 51081 74432 16499 28022 19864 45653 84260 40140 41658 54367 27221 63956 73558 35604 82741 73844 61918 53879 12096 58765 2980 28995 95263 36043 74548 5942 53472 20416 26993 90234 75052 16159 91597 21172 45555 95930 81461 56630 62526 80024 60408 8266 1817 26136 %n4840 74
78008 56026 20705 28103 46226 25614 90947 80632 9445 82256 65707 28081 8166 104 86274 68435 10353 4351 69535 93005 12695 80379 49615 77686 78761 31941 18560 3868 56485 55438 33893 27335 63364 39267 74690 75545 83171 20057 69219 52222 78055 67753 75245 68420 53343 80018 16610 64900 95835 27995 34028 41958 75654 64092 199 8839 57699 7945 5326 48402 95986 42805 48060 43143 79652 5881 39669 10746 16209 97093 43820 60902 60762 21365 %n7177 58
35780 57960 28482 32429 22613 261 87352 6389 96367 26078 33986 83396 99536 56468 14878 87196 41792 82128 9754 37782 76410 55129 69334 34646 64570 52751 87565 56404 15634 39519 18379 67024 29507 98597 75676 92525 49940 92423 75077 7774 64708 51565 369 5539 33487 59675 39020 62600 54590 49273 24299 72989 69097 67133 27413 59853 7084 71593 %n5488 43
57735 78217 31877 6761 82146 78221 19467 27580 63071 93380 12558 2541 2173 87317 94592 9213 27274 49098 49278 51948 75221 93156 16011 36113 33882 86410 47905 94841 66554 59980 85074 76745 1615 92600 2877 4972 55735 14627 81821 22119 42610 85337 49716 %n4439 33
38726 99365 13235 19795 15251 75938 95644 65813 14338 53659 74640 80336 64930 25520 45870 83385 81561 98318 83128 68955 48297 61279 13464 39241 63575 5276 1154 34191 23556 22790 86466 16695 52649 %n5645 35
75226 2332 95971 54077 87930 15473 14832 69230 40742 65505 33897 7362 56861 33021 9928 68142 91036 6948 96923 78690 51410 2811 23392 39122 52906 35932 25372 24654 69686 80566 2703 61313 53487 76615 88537 %n661 25
2748 70256 13019 51231 10568 92736 48691 70216 11773 63688 89996 79087 95610 93114 2111 31702 19030 10461 75653 60796 73922 30332 81614 51483 77790 %n4665 15
48023 37759 67474 23378 95209 40893 28414 48019 4046 12327 93468 14966 72780 55201 77374 %n1494 10
51005 72039 65117 57914 79310 93608 78822 64280 69671 74627 %n3251 7
61557 31621 38205 99579 67251 56998 12828 %n3313 4
43186 95911 54368 88570 %n1360 4
3977 87810 13699 37737 %n7148 5
35930 43568 81049 44843 62383 %n4714 3
87452 86863 50937 %n6103 2
83535 3232 %n2676 2
82262 61048 %n5267 0
%n7524 1
82275 %n3631 1
55974 %n2195 2
72014 571 %n6465 1
27824 %n7433 0
%n5974 0
%n5846 0
%n1537 2
78183 738 %n41 0
%n322 0
%n4626 0
%n1454 0
%n4514 0
%n2284 0
%n4992 0
%n7075 0
%n3945 0
%n6445 0
%n3567 0
%n4895 0
%n8110 0
%n4993 0
%n6580 0
%n5021 0
%n7102 0
%n7099 0
%n6736 0
%n3106 0
%n6993 0
%n4585 0
%n4268 0
%n3813 0
%n7924 0
%n7400 0
%n4380 0
%n5322 0
%n5947 0
%n7622 0
%n2756 0
%n2737 0
%n8000 0
%n4995 0
%n3144 0
%n8312 0
%n4446 0
%n7750 0
%n4796 0
%n302 0
%n3689 0
%n1880 0
%n790 0
%n366 0
%n8310 0
%n1953 0
%n2185 0
%n3686 0
%n2513 0
%n2552 0
%n180 0
%n4716 0
%n3280 0
%n4309 0
%n6864 0
%n2850 0
%n1209 0
%n2612 0
%n6952 0
%n1857 0
%n7637 0
%n4365 0
%n2638 0
%n3425 0
%n1047 0
%n1875 0
%n5189 0
%n6521 0
%n1643 0
%n2811 0
%n556 0
%n1116 0
%n2316 0
%n8292 0
%n6954 0
%n6568 0
%n7594 0
%n6915 0
%n8340 0
%n2565 0
%n7608 0
%n5147 0
%n5755 0
%n3050 0
%n2096 0
%n6809 0
%n8 0
%n655 0
%n7320 0
%n823 0
%n4442 0
%n6358 0
%n4360 0
%n6633 0
%n4767 0
%n827 0
%n2551 0
%n5363 0
%n1653 0
%n3159 0
%n1851 0
%n1161 0
%n7551 0
%n3230 0
%n8056 0
%n6783 0
%n2933 0
%n7850 0
%n1645 0
%n5490 0
%n746 0
%n3039 0
%n6519 0
%n130 0
%n1846 0
%n7267 0
%n4311 0
%n3557 0
%n3460 0
%n7280 0
%n136 0
%n4194 0
%n801 0
%n5074 0
%n381 0
%n4976 0
%n7556 0
%n2566 0
%n446 0
%n6989 0
%n3522 0
%n7097 0
%n1766 0
%n2256 0
%n1050 0
%n7775 0
%n1355 0
%n5900 0
%n2797 0
%n3733 0
%n4121 0
%n7885 0
%n6545 0
%n4863 0
%n1784 0
%n3403 0
%n7994 0
%n4746 0
%n1065 0
%n3805 0
%n2674 0
%n7366 0
%n6127 0
%n2143 0
%n6857 0
%n8360 0
%n7331 0
%n1918 0
%n4369 0
%n5726 0
%n3365 0
%n7313 0
%n5621 0
%n7454 0
%n2022 0
%n6172 0
%n4159 0
%n3709 0
%n5982 0
%n2706 0
%n3402 0
%n1295 0
%n5866 0
%n3918 0
%n6850 0
%n5722 0
%n6597 0
%n5469 0
%n8192 0
%n8184 0
%n2661 0
%n1518 0
%n7860 0
%n5537 0
%n788 0
%n2101 0
%n5599 0
%n7383 0
%n539 0
%n4371 0
%n3590 0
%n2750 0
%n667 0
%n4485 0
%n7733 0
%n6000 0
%n3643 0
%n4793 0
%n6819 0
%n6204 0
%n2368 0
%n8165 0
%n1841 0
%n6327 0
%n7954 0
%n2642 0
%n8085 0
%n3900 0
%n6156 0
%n770 0
%n3444 0
%n4269 0
%n3149 0
%n79 0
%n8019 0
%n2289 0
%n3860 0
%n484 0
%n3695 0
%n2116 0
%n7161 0
%n1 0
%n4618 0
%n5437 0
%n2375 0
%n3466 0
%n805 0
%n7894 0
%n3455 0
%n3328 0
%n8254 0
%n6334 0
%n1429 0
%n1461 0
%n3854 0
%n3087 0
%n7270 0
%n2869 0
%n4031 0
%n72 0
%n5420 0
%n7346 0
%n1254 0
%n24 0
%n2668 0
%n6889 0
%n6699 0
%n2090 0
%n4528 0
%n7587 0
%n82 0
%n6057 0
%n4944 0
%n6507 0
%n8050 0
%n5668 0
%n447 0
%n7646 0
%n2837 0
%n2056 0
%n1269 0
%n3171 0
%n975 0
%n2822 0
%n2285 0
%n7439 0
%n2142 0
%n7352 0
%n7942 0
%n1472 0
%n588 0
%n2457 0
%n4231 0
%n2896 0
%n3299 0
%n1762 0
%n5406 0
%n7768 0
%n8189 0
%n5190 0
%n6695 0
%n