141
1946 8
33606 70575 39144 75304 38898 83476 80989 76697 %n1428 8
26950 74642 33485 56049 19914 24594 92218 720 %n14170 7
77548 38925 50897 71954 87204 67246 63683 %n14790 7
6833 57789 60088 93610 28679 11715 21940 %n16849 7
76379 41027 49088 55678 85539 37194 70723 %n509 8
22855 81802 82886 25072 52933 45141 18419 58478 %n8890 8
15617 27813 38713 53329 68171 16836 15417 961 %n17589 6
25199 20707 70939 85488 31703 14408 %n10987 6
6660 9470 70777 78084 42463 68754 %n4738 8
25922 91715 14923 93122 50143 16791 4153 82929 %n6902 8
82968 33620 53886 61449 8204 30272 28291 77223 %n300 7
56310 17486 11720 4805 78578 93060 12154 %n1655 8
80894 66672 70419 59246 50029 69948 71040 2281 %n4231 8
29757 69990 43465 43000 42468 31368 25885 15335 %n10565 6
33918 83512 58385 46577 43985 33749 %n11779 7
27106 39646 62944 20477 72810 41964 72670 %n12394 6
13658 16885 5536 14863 57795 8121 %n20586 7
90413 65074 53509 80497 43624 62736 91014 %n17068 6
20317 20066 52147 44386 34882 49742 %n4472 8
29685 75725 15767 562 80765 8721 4441 47577 %n19739 5
73612 26503 37380 92687 53314 %n8657 8
73802 92865 74841 7002 7968 87352 40860 50685 %n13888 6
87187 51609 89260 62019 33593 20802 %n13360 6
33873 59262 43853 29006 73951 42513 %n20852 6
17493 35851 34150 32728 2085 86193 %n16326 6
56665 37445 43932 61547 12675 75391 %n1521 6
37642 62102 41935 21060 91548 76846 %n16687 6
5297 44051 79599 85169 87771 47406 %n15624 7
84477 16162 59696 58062 12924 19114 46628 %n11282 4
47307 88930 75162 58965 %n4371 6
36547 77762 26670 64889 87047 58187 %n3104 6
89342 28321 14948 90804 49625 88582 %n16463 5
78467 38189 2596 89647 77820 %n4326 8
84888 2606 65402 17336 18215 73803 4457 70020 %n19646 7
1312 4043 10396 69574 45660 51898 16750 %n972 5
38883 4125 21347 74540 52357 %n17426 5
85805 68691 62352 47523 49493 %n11309 5
13890 18161 38486 89810 91111 %n13162 4
17774 82336 92634 82506 %n16557 6
44303 36984 44446 81423 53738 10012 %n8542 8
64520 30818 57918 26558 39460 78436 48909 41447 %n20199 6
19500 60813 49495 3410 76585 43335 %n21701 7
12030 72617 34922 22519 28566 25564 18354 %n1238 4
29510 2209 28873 23234 %n9673 4
85596 16168 72383 69515 %n10924 3
38072 10923 9582 %n21341 3
72846 11619 72939 %n10882 5
60671 76056 62506 42797 30512 %n17416 4
51065 70515 30577 63050 %n15131 3
54247 17465 55603 %n11108 4
46078 88192 4064 36641 %n7545 6
34027 49957 70739 23624 25176 87908 %n16672 5
21752 7192 46623 43361 32284 %n20281 4
63612 70815 69779 4725 %n5363 6
89235 63519 47868 53308 24554 24838 %n1781 5
24030 11473 46735 38606 90464 %n7840 6
5575 62775 27217 47718 41524 23535 %n6718 5
76896 66214 82757 30984 45686 %n12415 4
26541 78547 87570 59759 %n20065 4
74243 9013 6288 16080 %n18766 5
87688 48520 52342 27380 56217 %n19567 6
53550 16178 15591 66705 93001 31332 %n9824 5
87987 65978 77171 72837 65953 %n8821 5
4095 26437 9342 81513 40813 %n20162 4
38937 46065 52429 63238 %n15476 2
65525 20455 %n14264 4
25609 72342 10597 35239 %n4881 5
47636 46483 47738 65908 38839 %n8804 3
54775 24048 20645 %n5108 2
29338 36626 %n16369 6
19156 57639 48347 68263 9876 85873 %n22138 2
18671 35283 %n18472 4
76987 65298 42248 39181 %n12557 4
61167 37710 90428 55172 %n19542 3
74568 34990 71026 %n21753 5
31635 59440 67460 22531 36056 %n9583 5
19661 5225 5193 34112 61778 %n16856 3
55303 61141 17743 %n4416 6
84675 547 27375 9906 80068 14688 %n20670 4
84635 10749 85903 77805 %n17300 1
83407 %n9033 2
82654 78970 %n1945 5
70233 86362 24109 22262 79144 %n19574 3
70587 19588 7432 %n18548 4
50944 69157 32348 2355 %n16008 1
72294 %n16894 5
53098 36077 50202 50058 30469 %n6753 2
82152 40307 %n9887 4
8295 86412 31676 36296 %n19383 3
50272 86837 51299 %n14553 2
83200 60912 %n21330 3
42737 73117 57156 %n21835 2
78096 52281 %n5586 4
91663 29831 49062 16683 %n19694 4
74191 39745 58666 76517 %n6893 2
28930 72352 %n2447 0
%n9163 4
43582 68858 6489 28589 %n17798 3
10645 61405 44959 %n9241 1
39253 %n14719 3
91385 36537 71868 %n1799 3
79552 6081 47755 %n18879 4
48838 36803 91073 15627 %n8995 3
46468 14818 83354 %n14737 2
32040 92189 %n17804 2
92859 31532 %n16381 2
44358 81540 %n135 5
83013 14899 80083 90297 71801 %n968 5
14687 51081 41375 54619 53946 %n15962 3
91481 48614 49435 %n17076 1
19008 %n6961 2
7697 50828 %n9850 2
49220 27159 %n17839 4
37641 62191 52583 9928 %n13298 2
71657 41076 %n18451 2
80419 61526 %n2374 3
81933 78978 51853 %n19636 2
75327 6076 %n16491 2
29731 90640 %n13037 3
3200 45252 86239 %n5652 2
70184 76440 %n19188 0
%n2339 4
76925 51827 36456 26825 %n10253 1
89644 %n12276 3
57842 81234 79358 %n5628 3
21664 12342 46027 %n4518 3
38886 66899 91307 %n1077 4
11931 13297 9784 67867 %n8325 1
9825 %n5298 2
1927 8568 %n10176 4
26018 92459 26703 79067 %n14784 3
87797 40633 51624 %n10851 2
74745 47668 %n21244 2
21345 60699 %n19379 1
62934 %n18435 2
88994 20884 %n634 6
44498 4018 12538 65863 41407 92106 %n4240 3
28790 93396 48197 %n9151 3
45339 77583 87509 %n8950 5
90064 77156 40657 83600 19288 %n14276 2
14832 70629 %n