198
2848 250
80525 43162 41719 32693 58039 17608 11472 8186 8473 68452 57325 186 14628 42397 76903 2326 902 44142 48353 24140 16737 52572 15114 80838 5616 15209 21631 1510 65898 14829 37363 6974 62372 13849 80415 80039 36603 29003 17584 76550 44062 56577 51243 28812 76270 8393 77210 6464 39020 45966 56870 12499 62481 56591 8329 72876 50667 23736 1466 13879 78232 7078 21166 8354 21355 72684 21443 35412 60974 43711 41600 78197 26435 67110 78130 72896 64072 27795 14121 11215 34017 18859 52447 16869 68091 34421 80221 73276 1486 62648 62021 20382 42235 6253 42522 23594 28379 41067 21156 57727 39134 40844 26040 28030 68747 53642 54106 54310 43402 33878 12167 70268 40086 10349 27611 50018 43518 34963 24256 28663 43912 27384 24209 71829 69207 9135 44658 10640 57995 15873 34776 9141 770 62937 53731 3887 76451 67012 60552 31420 899 47364 67882 19086 17229 4551 64552 5213 48248 9389 23467 27011 14426 27167 74320 59911 54126 33603 30756 17998 60911 76782 44089 43047 40323 494 1686 35654 4364 2674 21753 46762 40539 35130 38235 14734 17850 73715 20666 57206 49400 16716 65613 54543 3108 67890 36883 42372 22632 75799 22799 35293 43230 7456 39453 19416 28814 27212 47475 71978 81147 39387 38311 78664 29397 60008 11629 45967 75884 42787 69515 62504 77179 18030 60126 53807 53027 25181 52974 45977 21084 13974 13018 59407 26186 15221 56500 31590 47339 19336 33585 77591 18646 77188 31566 46374 2291 1825 70545 49645 14860 81382 13366 74413 50489 34330 60832 35102 7618 52150 %n3731 32
72768 64458 36688 51803 73713 10163 68673 37993 50815 18396 54853 6300 77082 31805 41179 38538 35550 48111 9408 34202 23680 62011 80702 25894 67737 64327 73933 27376 51288 66841 26643 67895 %n310 5
19756 34299 23984 56212 25532 %n3858 0
%n2099 1
66915 %n423 0
%n113 0
%n781 0
%n133 0
%n2339 0
%n267 0
%n1612 0
%n2873 0
%n2659 0
%n1676 0
%n2078 0
%n3738 0
%n241 0
%n355 0
%n580 0
%n1372 0
%n956 0
%n458 0
%n2006 0
%n74 0
%n433 0
%n2543 0
%n2897 0
%n1233 0
%n2791 0
%n2470 0
%n729 0
%n3658 0
%n2858 0
%n1832 0
%n2762 0
%n1109 0
%n1745 0
%n2303 0
%n3246 0
%n1904 0
%n590 0
%n872 0
%n2451 0
%n1543 0
%n2357 0
%n3971 0
%n2046 0
%n1701 0
%n2576 0
%n250 0
%n1105 0
%n2159 0
%n3489 0
%n1853 0
%n3582 0
%n1506 0
%n1895 0
%n3768 0
%n915 0
%n20 0
%n2405 0
%n57 0
%n1192 0
%n3231 0
%n1755 0
%n56 0
%n3937 0
%n3570 0
%n297 0
%n3748 0
%n3256 0
%n2267 0
%n955 0
%n3680 0
%n695 0
%n3289 0
%n691 0
%n640 0
%n218 0
%n2955 0
%n546 0
%n1454 0
%n728 0
%n2084 0
%n1595 0
%n1880 0
%n286 0
%n1644 0
%n1919 0
%n2450 0
%n681 0
%n14 0
%n933 0
%n38 0
%n2455 0
%n700 0
%n2620 0
%n3607 0
%n2763 0
%n2938 0
%n3043 0
%n1110 0
%n1582 0
%n669 0
%n2957 0
%n2646 0
%n3359 0
%n1962 0
%n3928 0
%n1330 0
%n3421 0
%n1253 0
%n349 0
%n2482 0
%n1748 0
%n2052 0
%n3877 0
%n3395 0
%n144 0
%n2698 0
%n2050 0
%n3255 0
%n1602 0
%n110 0
%n1768 0
%n216 0
%n2355 0
%n1449 0
%n3735 0
%n2984 0
%n3666 0
%n1976 0
%n3488 0
%n2365 0
%n2391 0
%n123 0
%n3295 0
%n3983 0
%n718 0
%n2347 0
%n2828 0
%n3253 0
%n2394 0
%n115 0
%n2589 0
%n3685 0
%n643 0
%n2143 0
%n3426 0
%n2165 0
%n2680 0
%n381 0
%n3275 0
%n3145 0
%n3864 0
%n1625 0
%n448 0
%n59 0
%n1876 0
%n1905 0
%n1960 0
%n1842 0
%n3684 0
%n2419 0
%n2671 0
%n3671 0
%n1066 0
%n637 0
%n1958 0
%n3736 0
%n2688 0
%n1462 0
%n2340 0
%n1821 0
%n2380 0
%n3965 0
%n3039 0
%n3773 0
%n3771 0
%n180 0
%n2378 0
%n1184 0
%n3469 0
%n1662 0
%n3408 0
%n2740 0
%n368 0
%n1365 0
%n1265 0
%n892 0
%n2681 0
%n3082 0
%n2408 0
%n2767 0
%n1291 0
%n227 0
%n1689 0
%n