304
7939 107
19508 173 6543 9989 22873 6057 25462 14470 3468 1373 9622 24957 14416 15926 8007 23169 23292 2330 8286 22029 13175 7610 14642 11995 15078 23463 11473 8230 15499 16120 22454 13202 7037 25367 985 22426 13550 20505 9396 6320 25270 23665 5832 1608 9103 12838 25485 13557 12486 483 1960 10329 25734 16409 11144 18725 23192 15734 22322 21335 21881 1031 12099 12044 24118 3317 24315 15637 4850 5203 14871 21822 6596 21028 23109 17384 17645 20095 8262 22241 25470 24432 24245 5467 12026 14245 7991 24111 20041 8671 15133 16044 8477 23066 22640 20375 9253 5357 842 23785 21972 2591 12729 17325 10806 22504 12182 %n1063 5
2288 24022 19681 8193 8902 %n7362 4
4141 8721 739 927 %n8123 4
8702 20953 15976 1327 %n3555 5
24518 23866 15454 6293 5031 %n3700 5
15229 8791 2437 20473 23845 %n3288 5
18078 16054 11005 10308 15317 %n8812 3
22092 18383 18294 %n8697 4
9512 21204 24726 12669 %n9072 4
20819 22887 16530 20715 %n9229 4
14249 24082 12629 8241 %n2646 5
14811 17798 8009 1688 136 %n9005 4
118 5536 12813 17295 %n3739 5
10548 2148 11498 495 18738 %n3177 5
24430 9962 4412 11170 7582 %n5841 4
14999 17391 21255 23113 %n2747 5
20058 2475 25166 15553 23467 %n1228 5
21134 21272 5749 22996 7934 %n8266 4
1365 17176 7767 25553 %n4767 4
10332 11690 18242 24858 %n4988 4
7765 17851 9086 15945 %n1765 5
2585 24538 19800 9416 16953 %n2759 5
7953 14055 20256 5008 22451 %n528 5
11094 20316 22101 9724 186 %n6259 4
23122 5545 6851 7458 %n549 5
2369 22768 17794 13967 12256 %n6272 4
18569 4088 9118 11449 %n7283 4
3998 23872 13129 22764 %n167 5
10830 25304 2829 10390 559 %n3264 5
13693 1844 6384 3353 7497 %n5528 4
7744 10084 11572 2294 %n6484 4
25491 14838 18252 4541 %n1853 5
1066 11068 22045 4973 14923 %n4139 5
13291 2018 11589 12654 18651 %n1194 5
23341 14150 10708 9090 1305 %n111 5
21148 9629 1036 24590 5557 %n619 5
16985 16837 12364 24454 23344 %n8950 4
2081 10049 21617 25561 %n5465 4
22893 13386 18829 20591 %n1341 5
14730 18017 8502 20006 8347 %n8765 4
5916 19163 24671 10294 %n6316 4
10020 25153 18268 22980 %n8636 4
7584 17937 17528 1360 %n3080 5
14423 19228 14121 10587 11011 %n3849 5
13679 1725 17722 10059 13130 %n3414 5
3725 107 17821 249 17346 %n5060 4
6509 23444 2456 15537 %n4630 4
19485 981 5530 12753 %n3559 5
1368 3476 18755 8404 8802 %n8102 4
672 24768 8660 1827 %n6899 4
10492 21250 14817 12903 %n2664 5
15412 25019 13683 22746 19244 %n6161 4
22002 25146 11755 19914 %n1225 5
4590 21462 11253 4873 13707 %n3737 5
13064 16264 21433 3270 4347 %n1450 5
13141 15770 1589 22847 15444 %n9276 4
3222 23857 2349 20048 %n6489 4
16878 16103 10555 23263 %n2076 5
20436 19070 22509 14521 25804 %n1533 5
17867 8818 5371 17237 20952 %n5781 4
23776 13349 6696 18661 %n582 5
8545 2482 19175 17299 18312 %n139 5
13133 18414 1605 24487 12155 %n5338 4
18915 15680 1418 10214 %n6557 4
22459 2840 16616 2898 %n5376 4
8836 23413 24705 14775 %n7302 4
23637 15145 14773 15932 %n2395 5
19168 11312 23198 19730 8323 %n2977 5
18108 4681 16382 14652 8445 %n1592 5
4700 1029 2003 8233 2024 %n6412 4
8459 25224 18101 22005 %n7746 4
16714 19373 19499 13119 %n9010 4
3941 14922 1673 8850 %n2535 5
13621 368 23261 1812 20929 %n3806 5
10715 24390 17437 22289 7169 %n976 5
10595 7729 18653 12314 11133 %n1621 5
8231 17822 18246 3425 22662 %n3829 5
22744 2298 22997 5632 17757 %n2533 5
5034 23679 3312 9855 4665 %n3367 5
9733 8795 24854 24928 3850 %n4793 4
14253 4711 13943 24018 %n358 5
4316 2858 9684 12046 23678 %n9300 4
15104 4324 19688 16261 %n8963 4
3466 929 17699 20916 %n697 5
11815 14252 18476 21219 22891 %n2208 5
13743 17357 6211 3189 2654 %n886 5
23550 4787 9647 15789 4271 %n1870 5
2042 14995 9849 3303 15363 %n1329 5
13854 24302 3467 24348 14368 %n1268 5
21491 2284 14071 9644 6097 %n457 5
2563 2775 22546 24282 4750 %n981 5
11398 4522 12065 25094 15265 %n878 5
12501 12037 23055 299 15862 %n3704 5
23610 23967 23439 6584 21155 %n6795 3
8039 18395 14759 %n4835 4
24526 14972 9516 2099 %n2909 5
10008 19841 24499 208 271 %n2796 5
22820 16207 1387 17554 13038 %n9144 4
8651 13750 11955 19751 %n354 5
25726 3271 4326 5854 2500 %n7647 4
25589 22521 4735 15741 %n7365 4
8220 11882 12602 9294 %n3393 5
11255 22009 1132 837 17756 %n8472 4
19849 4798 13203 10764 %n3568 5
17542 9812 18597 15095 22895 %n6857 4
13686 24067 18991 21362 %n5573 4
22377 1507 13690 8863 %n3127 5
6399 11710 17250 11383 15396 %n1773 5
22799 14981 20442 23375 13528 %n6744 4
2531 5348 20522 20927 %n8905 4
3331 13290 17636 6977 %n1136 4
21236 7931 2848 21884 %n3258 5
14477 2912 8734 23667 13481 %n6733 4
6656 17752 10119 1729 %n424 5
674 20026 2161 16986 14460 %n1973 5
6883 3717 8333 21897 20320 %n2425 5
9283 5319 20154 16718 6260 %n1436 5
5637 19734 15546 12984 10828 %n8441 4
25828 7017 23578 22015 %n897 4
5145 10207 22700 4377 %n1615 5
17373 15359 13629 22255 2307 %n3703 5
4384 15527 19161 23595 2656 %n1889 5
3713 17637 18516 738 14359 %n2658 5
18119 16744 20504 9521 16680 %n375 5
23632 2742 5291 7824 8571 %n1864 5
3457 19907 9994 15174 19293 %n650 5
7211 11147 2221 1005 3917 %n1745 5
6765 12624 18961 6592 1723 %n9012 4
5311 10106 23170 9613 %n8774 3
13237 2708 12392 %n1277 5
11828 12657 7269 23881 4480 %n6797 4
13438 2866 19540 19912 %n2633 5
6422 20257 17711 13408 18932 %n7897 4
14010 22652 18293 6819 %n5007 4
14633 21687 1021 24471 %n6778 4
11821 5705 24892 8429 %n7586 4
24023 3002 8339 17239 %n7199 4
25563 9053 25177 18309 %n1327 5
5391 5192 12171 8010 18544 %n6668 4
21261 7501 14072 9798 %n8656 4
9537 7821 12233 1049 %n8117 4
12017 3657 25790 2197 %n4655 4
18555 15170 12311 12408 %n6647 4
20796 20188 11360 20252 %n2056 5
14086 11168 7909 8151 4466 %n1390 5
4868 15667 21434 2065 14991 %n2610 5
15127 13418 4103 22175 5472 %n1095 5
9062 8852 16694 508 9560 %n7489 4
15099 14886 9768 25651 %n5671 4
16523 5826 9620 7784 %n8744 4
25133 23164 11028 25612 %n3076 5
24045 22446 19313 12208 11927 %n4834 3
21755 11808 20387 %n5268 4
3478 18902 10160 1163 %n6543 4
14007 8858 1083 15813 %n6201 4
6718 8900 3567 6749 %n1414 5
10221 17770 2517 6325 19150 %n5388 4
3066 14195 18572 20078 %n3719 5
11879 8022 18501 5703 14041 %n3196 5
17388 19497 11136 18189 250 %n3614 4
22932 13042 11777 3549 %n8512 4
5316 18202 17047 9072 %n7730 4
24000 4392 584 1891 %n1435 5
13101 6920 4187 21842 1660 %n7152 4
21963 23692 11376 15678 %n8065 2
14331 8790 %n7369 4
22311 3601 14220 13525 %n214 5
5675 2091 9907 21600 6231 %n6691 3
2382 9701 24885 %n3420 5
18400 6741 7831 14059 10551 %n4135 5
23218 24990 20234 21804 19294 %n5864 4
18745 16163 2532 13385 %n7513 4
6153 23105 810 18315 %n6630 4
21741 15501 7747 8973 %n1531 5
12107 4049 12792 23177 23574 %n2592 5
14990 3012 23683 15331 4011 %n1776 5
6378 22699 8758 5149 25507 %n4203 4
16890 21999 21072 24095 %n2808 5
21798 1393 16273 8820 16325 %n3320 5
14757 7792 21865 11510 22814 %n6500 4
3028 6683 9495 767 %n5373 4
25636 9243 7826 14566 %n639 4
4737 11899 23858 6374 %n1672 5
5091 5925 1569 4265 20118 %n1500 5
7556 19650 18780 6109 22286 %n1381 5
10186 16339 2581 8631 10312 %n3880 5
6023 24688 84 7066 9360 %n5853 4
4660 4209 3989 5005 %n303 5
19527 18976 2576 23035 2205 %n4677 4
8354 16440 8421 22747 %n450 5
16234 18451 10714 23803 17707 %n5314 4
4388 2352 16847 23279 %n5311 4
9502 30 15097 10286 %n6327 4
21520 13116 6194 14124 %n2537 5
7839 13570 2271 9437 25721 %n7603 4
14848 18796 22166 19188 %n6150 4
5883 10700 10289 14616 %n6223 4
21270 13062 1344 3395 %n3642 5
7295 23236 12796 17409 12953 %n4890 4
2764 3412 3058 6760 %n3580 5
18965 15697 20482 4649 9997 %n1305 5
22221 4505 16010 6759 25257 %n4414 4
12712 350 6610 6966 %n1406 5
10316 18945 21174 4172 14175 %n4017 5
1403 265 22356 20902 8897 %n2932 5
25406 24375 20861 11873 3767 %n5455 4
6494 23571 9773 3056 %n3784 5
4726 6480 8856 1851 21473 %n3481 5
24527 516 7112 13844 6350 %n5107 4
10747 8738 8532 6071 %n6278 4
4468 23657 22120 12096 %n3138 5
11972 18191 1712 7445 11046 %n6019 4
21858 2446 23437 24439 %n1133 5
22647 6369 8279 1252 15634 %n3819 5
15868 15782 9552 13734 4066 %n8340 4
18018 13631 5568 14493 %n898 5
12070 17506 11992 14006 9905 %n3658 5
20506 4772 4855 10730 1225 %n779 4
18670 10662 7508 12870 %n6623 4
20814 17255 12833 10053 %n1424 5
10232 20602 3011 21890 16121 %n2427 5
18554 1657 6276 7384 15942 %n6491 4
24392 5851 6669 4058 %n2023 5
3761 7775 9955 19468 125 %n6570 4
19647 9633 18423 6326 %n2972 5
14171 23082 22917 15983 5146 %n881 5
1056 18580 9309 7440 380 %n2001 4
11568 25558 6274 5694 %n3639 5
5543 25464 1528 4966 22745 %n8294 4
1579 13974 24046 6459 %n6991 4
24579 5229 21296 17495 %n6374 4
22290 20276 11085 24906 %n2357 5
19283 8320 25396 25118 15779 %n2538 5
21851 2819 6061 24808 14920 %n8526 4
2006 15303 9444 16453 %n9250 4
3832 23890 20870 8455 %n6622 4
20848 7686 10820 8149 %n7582 3
4043 3430 7399 %n1331 5
9518 7422 8371 14683 19438 %n3594 5
21425 5020 16640 17301 24954 %n8829 3
10800 11390 15233 %n6338 4
12674 9532 22388 12476 %n5463 4
1763 22270 14360 6838 %n8253 4
22978 6250 24136 19652 %n1285 5
20947 25511 9893 597 12623 %n3951 5
7734 23266 3391 10618 13741 %n8032 4
23271 8796 17272 17355 %n4437 4
16973 17592 5771 8157 %n3937 5
18466 1419 16061 10594 155 %n2641 5
11929 9079 11276 4950 11668 %n1020 5
3772 18472 2936 21078 5437 %n6705 4
607 23721 9714 22303 %n6148 4
8781 3743 19885 6730 %n307 5
7587 1773 16893 13587 22351 %n241 5
23185 10878 11844 2269 18769 %n1169 5
18270 15707 491 5940 1041 %n2713 5
17600 12887 1194 233 2313 %n2655 5
13014 22622 7482 17922 12503 %n2175 5
21458 1331 13307 21242 23178 %n7154 4
11673 15101 2390 21861 %n6445 4
21973 7794 6066 17764 %n3548 4
3531 24515 17723 25205 %n935 5
12730 8053 24092 14552 11054 %n5128 4
9822 18465 2170 1626 %n3986 5
21495 21180 13448 25413 22794 %n2652 5
23963 7246 14160 5193 17307 %n8119 4
7940 10115 9801 15865 %n1429 5
14469 13235 21800 24043 2145 %n4979 4
11575 9266 2439 105 %n7330 4
549 19331 15614 17673 %n2475 5
11049 14088 8207 7512 9197 %n8679 4
1230 10896 19391 19263 %n5761 4
24266 230 13572 16332 %n7578 3
5046 6239 25575 %n3141 4
4305 10847 1405 10503 %n3865 5
5342 14560 22506 21961 6709 %n1293 5
13899 12247 24084 18890 21967 %n1829 4
267 18655 9589 3435 %n7271 4
6277 11249 10579 3529 %n8528 4
12839 23396 1116 18299 %n7575 4
5347 9666 7527 22827 %n776 5
10076 8994 25144 1391 157 %n7411 4
15180 13200 15909 13600 %n1229 5
19440 25423 21386 14805 2761 %n2223 5
340 9541 24121 24867 6121 %n664 5
12422 11896 7024 19342 24775 %n5795 4
1966 1038 9256 10949 %n3525 5
17230 13534 24927 4611 6149 %n3509 5
8959 1302 839 14549 23232 %n6825 3
11525 16649 2512 %n1976 5
17951 4482 7465 17981 17436 %n5216 4
17918 1846 18698 15935 %n5917 4
2122 893 20690 3979 %n8243 4
17840 17169 21456 25698 %n3484 5
23777 5935 20724 12782 12349 %n1412 5
25775 10740 23921 11380 7863 %n9234 4
9760 12747 6262 20312 %n6038 4
19512 23853 15453 12871 %n5888 4
20773 16510 2113 13659 %n5923 4
7719 11944 17417 19367 %n2279 5
23639 7753 15917 22068 25369 %n4877 4
6625 11666 22379 10109 %n1876 5
1886 1834 19828 13209 4275 %n81 5
12467 15892 1078 20349 9618 %n