296
1857 145
23480 32416 3591 26995 30962 22238 17702 35729 33155 21853 38962 27244 40355 34432 16715 24397 6017 34358 33793 5026 683 37154 34282 39533 7217 33083 37108 19659 8778 21024 15962 19577 13629 8350 17954 29159 35294 22017 40923 36259 37123 38688 7013 23139 2573 8746 38541 34859 18368 22791 3410 35391 21347 917 563 20280 29210 22241 39375 32318 21898 2723 19343 15092 1789 24265 1750 5534 994 17638 28555 133 33065 2787 33587 36741 23530 20550 35959 38779 2234 36294 5852 40902 15191 26076 23668 29487 9900 22209 17529 5067 25124 26956 2930 19242 11558 24533 30003 9454 35671 35516 30530 25472 30012 35028 26797 33252 33403 12623 3804 17764 21480 37047 1101 20234 5425 19714 14597 14265 11052 22969 5506 2510 27438 25288 10150 22375 34171 7984 41250 23197 24036 3646 22140 27454 34024 17934 757 41001 8983 8631 31125 13413 27700 %n3633 31
11762 6781 1160 19019 35476 348 15573 6564 15265 17377 9274 18559 38460 30440 18054 24215 35032 40831 6618 17703 23594 13286 10388 38660 30184 23390 9322 26675 39714 20839 40387 %n235 31
22022 40575 31965 21829 17418 161 27411 25028 25241 12339 35333 2088 16260 19844 4020 39497 26623 205 10020 37716 35221 3020 23497 23367 5962 13159 28752 26196 9525 15819 22811 %n6166 30
2301 3064 28125 28173 15788 37334 20371 9813 544 3644 4198 6544 281 21479 1444 6653 29842 21136 7344 16049 790 7670 17402 7540 2950 37706 4875 19587 26651 29923 %n6503 30
33334 1051 17375 18389 22263 27209 4369 18387 13254 35141 8012 854 34479 28152 34369 23167 16047 6348 17387 5808 2361 31366 21539 17724 19147 29944 19766 24300 6741 39580 %n1247 30
39751 7564 1030 5539 10747 26774 16030 7515 15927 20822 18668 20072 28706 27772 23639 38508 17364 25895 24153 3827 7120 38130 8190 22313 5429 21256 271 37466 1941 31091 %n6756 30
14260 36819 26940 21349 40036 40020 8559 38906 13670 26295 20750 18866 17235 39753 38559 8970 5617 15358 713 10538 27471 14171 13731 30769 784 6833 1590 35388 15929 3261 %n1818 31
30814 288 38343 1056 13190 16134 20005 10153 32141 37542 30343 10991 8912 35310 33287 15257 32640 15509 32965 2535 8874 3376 26141 31455 36228 30364 21621 6019 28892 40127 1140 %n5814 30
35301 39203 24138 31540 10216 33844 31518 9720 35598 19130 17619 7791 19210 1433 26404 3490 24204 22597 37757 33826 1386 38554 13170 16285 23043 29272 34951 37512 34505 8377 %n5406 31
7370 22520 15473 13326 830 37122 23078 6082 21664 1008 26291 24148 13700 34342 9808 40951 22784 3198 6853 11467 2574 11431 35197 21696 17459 3578 13233 479 12126 10394 8332 %n5064 31
5131 17329 16684 35764 35322 194 18217 15350 17297 7989 27497 33875 202 32817 30531 35934 28823 22757 22494 22770 23942 6091 4266 19294 27563 39395 31915 11335 40534 34565 20275 %n1883 31
35181 37709 33881 31810 13799 4939 16946 23578 15401 9603 5823 35473 911 6995 38536 2064 10775 30621 8866 27629 13154 29690 40298 2704 16898 3252 34909 32105 16749 11246 14379 %n3723 31
7198 1917 3518 17070 19027 30108 26672 25520 31503 26450 20044 27104 32276 29329 30320 17750 39478 9047 32418 4953 39121 15546 19010 4666 26026 524 9079 35855 9859 13770 40332 %n1318 30
26778 15487 10691 37275 22992 20227 9723 27026 19812 31838 32252 1764 30615 8543 28605 10389 20132 24833 25515 20028 32127 11624 2173 19338 4077 470 38706 18139 36326 36462 %n5695 31
6692 7571 8295 2850 36594 39378 26317 36074 5207 28663 26950 16053 8865 17867 28157 39867 11308 13396 8752 18090 11642 14773 24811 9334 29121 18079 21420 1111 37239 33731 12408 %n679 31
5234 26885 17391 29538 5336 23129 21241 24166 22542 3696 22401 26552 37024 22887 25571 41022 21004 22972 27488 41078 32462 25104 22603 38621 38607 38383 37904 20705 29759 3713 25839 %n37 29
22349 17717 16716 22324 15324 8827 36489 40538 35303 6358 29203 31834 29370 14656 32594 20653 6551 27715 39698 37503 12410 9042 12615 36340 26177 27928 15204 28411 17621 %n2490 31
10436 2813 23272 10889 761 16660 4041 6926 37431 6686 35857 27944 8762 6211 11623 39470 1575 36900 34531 10926 11492 13204 2572 583 19451 6948 6376 29446 1743 3369 6503 %n271 31
19476 18210 2782 20563 40729 34097 25699 24422 28948 2649 16391 7923 24182 19655 8447 27672 11435 19761 18248 18585 6287 32441 32244 5648 34240 27061 39840 22139 27863 35189 3489 %n4358 31
30612 19015 9917 16889 259 12421 32832 5277 16292 19085 36191 17064 29098 11990 39596 29720 25338 3170 12909 30583 31385 21091 3690 14702 31670 23705 15628 27452 14411 21005 28271 %n5621 31
27917 13653 14528 39162 40412 16793 1976 5718 9879 21819 2978 4104 3123 30473 19824 6578 34338 37922 29530 1966 12886 9884 40895 20708 998 22095 11190 38356 28554 14539 24599 %n4224 30
8329 2446 9502 30988 63 20732 36868 19928 24000 26366 22939 40662 22955 23325 22109 6718 33353 21215 35635 10483 6584 10306 34892 36544 17572 32038 31092 17337 2563 17685 %n3199 31
5845 19560 13336 17323 39738 26455 5438 20055 18292 40383 25720 36425 15220 28709 21617 7720 18120 27690 4959 735 12432 8596 3446 35109 31797 36013 37288 22009 41147 36437 22166 %n6181 28
19898 30484 30015 28983 7666 15699 5840 5741 25299 13818 29343 19007 33261 9201 1557 26436 8530 30209 18243 39851 20084 22576 21907 36939 12703 8701 25644 11084 %n732 30
41387 19244 30084 33240 24472 12979 25674 40848 9333 26050 34336 25261 14733 31955 6385 19329 15823 7074 10815 8972 18386 7894 22195 8071 26768 27551 36158 26124 4876 32245 %n653 31
24098 12924 20587 19817 39051 32109 10406 14033 1668 15240 32798 3832 35420 21962 26091 12693 27793 19163 13070 32039 30466 6769 29190 9464 9846 30521 435 19149 21381 25396 169 %n4154 30
31886 1719 4103 27593 28075 23431 13768 10398 7790 37115 7008 13850 16529 11192 25267 24261 25495 5033 15918 29795 7484 28027 8215 25937 15959 38260 29454 30409 30595 34305 %n3029 31
38787 19120 27517 1704 39468 28683 34270 40732 6405 34316 9422 3163 4880 4998 40352 37379 40245 14145 7611 36974 28595 28442 27265 34971 31402 18117 18564 25248 38347 13433 28332 %n5202 31
123 23182 2965 6860 22417 15551 22453 32930 20176 32439 26252 2423 34860 16932 15961 2550 33884 7207 32349 21605 21925 36029 34254 476 25185 11899 3132 33165 40911 34153 4994 %n2441 31
21848 39650 18842 32651 18478 11785 28783 40013 4836 5580 3773 2389 11159 22653 28604 23679 5056 40054 5230 20117 12997 18162 27926 40059 34035 35812 10887 27123 855 34011 413 %n6683 30
30764 38189 19570 25280 2201 12532 19283 27893 13624 33439 12050 30445 23989 24845 81 29579 2079 39234 14296 23045 30420 16013 36860 14852 23226 39564 145 2255 37292 16759 %n5459 28
36810 39536 28263 24758 2233 13636 19832 3013 5044 38173 8772 2055 8 31870 17229 14221 34247 3475 1491 33597 40508 31707 22746 11432 19056 12996 6819 24704 %n6800 30
8911 26529 6453 12582 9976 23355 26667 29741 5465 35951 13289 4016 12400 20130 28743 12963 39293 20208 19036 24995 39791 34924 40420 4943 31488 8642 6285 35675 23869 14950 %n1643 31
40306 30516 2130 29262 15864 35334 16249 34627 14963 1840 31644 6079 22458 7165 40584 13446 11464 20971 15578 6669 39398 5722 32656 36973 24399 2726 26025 17269 38622 2282 7449 %n5588 29
33776 6992 5980 33348 18669 32200 10386 23968 19971 34289 40360 8248 33247 1953 3209 12518 7993 9589 19622 14140 12552 32491 9228 10210 24444 14630 35575 39426 10907 %n2981 31
22944 34223 26122 5445 35442 19287 9745 10294 21927 40436 644 23902 37591 5995 37799 18155 11560 36598 7704 25714 16074 27234 22836 36364 27156 4601 3883 16994 31930 33589 25909 %n4691 29
615 37771 31227 28657 30168 29955 27671 13688 39785 30927 14363 10224 38099 25721 11570 13811 20326 8136 12127 18151 17451 18814 18177 12639 24336 13387 14037 38303 14088 %n1936 29
531 33372 26187 11847 16746 18820 37270 33947 7541 20740 29017 3970 28370 20188 21328 20396 23455 22476 9680 10847 12727 17120 28071 34652 30886 12447 35302 11838 36296 %n5419 29
27773 19531 38600 15723 27011 40011 12874 26197 32624 25796 37879 38025 40480 32590 40837 7931 28744 4136 14423 2060 21672 32417 15881 31660 32605 36168 15642 36533 7002 %n5924 30
7517 40267 22007 34037 36720 34411 37250 3743 2981 34377 2812 19669 13249 38278 33385 6280 37556 39761 5149 37429 19170 31386 36863 16288 3838 310 2260 14053 11554 7113 %n3352 31
38142 18344 1034 8378 25963 2364 20973 30453 26685 1202 23516 4894 4758 11117 18526 23773 16676 20286 27846 18294 35242 40896 34855 40094 27417 32052 34158 26309 12112 16579 25629 %n4858 28
28290 366 30780 40032 34192 27063 25961 27115 23337 7827 13503 34195 26565 38407 2552 30051 5619 37654 2990 11515 22484 19526 29758 25312 13599 23996 20554 38681 %n6163 29
20567 37867 30983 28679 8510 12309 13967 13055 27891 24668 24712 34822 1441 6461 22365 32305 29351 7362 20458 37837 30634 2175 40461 34620 27571 4841 39569 3992 27259 %n2166 31
1240 2944 34440 13568 27713 5587 30424 41066 5608 18422 27565 24891 11397 18677 41037 31961 31362 5916 16081 36431 18440 26518 20814 23412 11724 29618 17015 34179 15791 7406 35475 %n2267 31
7244 30756 38910 2915 36 11143 979 32693 22616 24164 30219 12450 33359 9601 30663 13261 5114 31845 292 26530 19402 10672 33151 19068 28439 16109 36109 32975 24855 4485 17262 %n6334 28
25527 31673 37561 5594 32324 19123 3400 40426 18496 28807 4625 12854 18610 28886 12443 35735 21965 4834 18790 26013 38742 6861 5615 12789 39312 12208 37748 35991 %n5257 27
20264 33786 20642 4240 22748 7160 23353 16296 8174 6450 8311 6361 23844 1411 20893 31944 11151 24732 10550 7786 40075 38851 38625 4117 7220 36946 19459 %n6647 29
31703 30392 4223 18444 37627 24558 40429 35559 32555 20460 24076 1844 4715 19656 19353 34969 24457 25551 28942 37538 33341 12807 16201 10664 2430 31471 29885 34877 10279 %n2466 29
38117 4334 31867 25766 39328 5052 2688 26087 34347 36523 24392 19630 5675 30960 10814 14101 39423 9918 30953 30598 1954 14457 20999 31811 3319 40530 16356 11862 2648 %n1839 30
34983 37977 3308 17790 806 14231 25233 29822 24586 30178 11816 36357 33267 15744 2547 40034 35930 41231 27898 6713 21218 18063 40600 2694 35828 15709 19983 17366 19110 15784 %n1811 30
17149 24389 19404 900 33649 15053 8830 28067 34647 38156 31984 34723 36167 22747 8276 2890 34739 433 37457 11284 23188 16089 39115 37952 6037 4061 27658 14954 38323 7526 %n5573 30
20535 20524 34300 32779 32660 8675 33282 13945 39071 31906 37110 35641 38724 5398 18650 1621 8130 25168 24245 8045 16825 7934 25790 27794 6298 38822 16090 2810 11927 30732 %n2087 31
19902 5476 25927 7214 31223 31224 39449 26146 6177 7263 450 5702 23312 3359 15106 5241 31747 35585 5876 1068 30692 7001 37711 32521 12629 6185 26028 40251 27778 20186 10834 %n1988 31
17786 21954 15893 25349 30677 33144 17665 19254 14500 7174 32284 32022 37134 912 31631 33990 21180 36178 17169 34422 40105 24145 2866 5738 18470 40153 35211 13521 23321 19841 40516 %n696 30
40596 35795 37291 35720 39708 10062 22506 9501 25497 39561 25092 33832 37957 656 24541 9509 19992 14195 10592 32195 18893 3129 7476 6143 14713 41034 7987 29141 16954 32756 %n6788 30
40357 9460 6882 13054 19667 25183 11040 38300 39238 11952 7058 18458 23561 12670 22246 4934 5504 5387 22582 32524 3313 20864 18778 25995 15515 8949 40324 18355 28379 23425 %n1822 30
21570 4174 16363 3515 34930 41256 35554 28801 8271 8223 11704 35482 22581 36658 33096 25575 6784 8870 21225 13587 25971 40835 23995 5102 15039 36409 26397 34399 38043 23760 %n2273 30
40000 6863 1936 22830 36610 39466 258 18110 24876 13695 32545 26609 27746 9156 12547 38971 7580 25468 1137 11910 810 33974 4598 35008 24954 10240 28460 7267 7486 26448 %n6116 30
3593 32534 8392 35539 261 35913 24894 38761 33416 7726 28135 4246 37861 4299 34758 28064 18238 29404 29301 14292 38464 690 3784 38150 30973 35691 34468 18289 579 23041 %n2286 30
9151 4704 15617 19906 969 31295 10493 6541 38537 25772 26153 21814 29206 2178 2839 41185 34811 20032 34684 36629 19314 8792 40608 24843 33981 33738 38403 13948 1052 21666 %n5223 28
17770 34141 11122 11867 3918 35280 11316 20852 14011 41158 18583 8118 22563 5973 22340 35113 1214 25637 2203 17306 33157 20113 41150 10710 8004 25998 35342 14016 %n3252 30
15637 28478 17871 6373 40537 14325 29263 17868 23707 25873 32122 9621 3739 2206 24624 36645 24519 41242 40716 24289 7879 4082 41156 24933 29042 35725 40070 2916 8460 31241 %n2308 28
19717 30363 28939 34644 3075 8594 36032 15891 26067 33538 15287 3942 33886 14905 33125 18209 10358 29565 24483 6681 8604 38651 37368 19763 26120 38327 40428 28955 %n1337 31
16886 30980 1182 6753 5368 1858 8780 20880 7132 4175 21687 12587 39692 10226 4543 13511 19519 2679 11580 15306 10192 10077 10243 37672 7039 12482 1119 2127 7764 20505 17789 %n6813 29
22539 21517 24194 22273 24412 11837 33340 16644 3045 37685 2228 40361 37336 14433 22674 5666 21837 36238 5366 29140 30636 37373 21612 27561 30236 20632 38863 12147 4892 %n78 27
6674 26174 9578 29124 28281 37936 40106 22805 30730 14454 31568 2275 691 36320 13744 7130 34757 3985 24323 22828 25054 4883 5029 40185 37467 29983 14156 %n1005 30
3976 4706 36520 4645 13561 1087 31324 14588 3633 35660 29732 7990 6559 20413 7089 4955 12619 36822 1757 4185 7668 37130 5744 2139 31271 7785 8364 35995 39063 24201 %n287 31
23878 22426 38293 16444 11075 35471 40934 14020 7738 38214 3232 22132 18804 15658 36027 8831 19925 28803 17182 1561 4838 1712 20734 20933 40307 37521 33968 33070 35755 10431 4219 %n3482 30
20662 14003 15256 35520 27537 2659 41004 39502 25109 32530 34026 22403 41134 22888 36292 37854 26635 4500 40163 882 28476 30411 6760 27906 31018 31113 22147 36020 40598 1353 %n1823 29
35096 11334 33586 37515 30792 25139 13646 5106 5142 4386 31243 26731 12852 33675 31600 13319 29953 39717 34434 1251 2658 33799 15005 19705 39572 27179 25065 33214 3706 %n285 27
15621 34616 12407 38266 38080 10818 19544 25367 34805 41051 36375 37888 37428 9648 12184 11281 32921 16804 1463 5328 32106 25962 15568 2542 3005 35427 41393 %n3234 29
27135 39710 16496 29819 10277 14492 17701 9807 32849 25867 8930 5697 7266 6115 1384 7863 30716 26967 2732 16141 13515 25940 29265 6598 3991 7837 17340 28340 21678 %n2437 30
22855 33395 39657 9060 16836 3131 41077 38451 25876 36392 38219 40799 4322 21458 18687 6726 14884 26273 23076 26493 9487 26644 39440 23700 15128 17866 8412 25444 7663 3253 %n4957 30
39578 7801 944 16436 41184 13177 28405 38472 32060 21671 32907 23758 20854 30031 336 21706 4878 36615 39294 16820 2537 33997 32316 15311 8192 7444 15780 11618 12032 8146 %n205 27
24022 12359 13923 14965 17427 26650 33741 16913 26114 10 4423 33861 5656 23092 18882 4681 25975 40854 32042 41369 25259 2025 26095 37787 17388 24618 19226 %n2071 30
17170 10091 1744 29275 16730 25509 11599 35607 9814 14751 1831 2484 11782 18969 12597 40 5689 36961 6893 39201 30507 26449 16581 5036 18596 16958 3565 9326 32766 7631 %n6188 29
35620 33390 37323 13681 915 31393 17531 6803 28528 14302 1642 12217 40683 22489 25748 36572 609 21396 15292 14254 12191 32031 8487 38925 14899 30066 11186 35801 26058 %n879 29
30071 33402 25987 6824 30655 30231 35835 16976 1029 2843 5882 9786 14133 23118 36456 37427 14409 9218 7932 31177 18643 40658 7079 13702 6425 1958 9269 9543 17399 %n1915 29
2529 4597 1689 3337 7869 36947 7143 10233 31506 32558 7858 35080 31089 24735 9295 4812 8726 19335 2740 38170 32076 31231 23580 26020 36452 488 27748 34745 21886 %n6879 29
26408 9077 20138 18712 41069 4650 23853 30752 41171 18002 31404 37984 16495 12315 8879 1777 18599 2693 40611 37141 12804 935 30674 29977 36141 31575 19014 22304 4466 %n6642 30
32449 37432 37768 40893 549 6463 30395 22478 2183 6138 8116 10714 7481 35819 16641 21727 33807 20794 36685 24996 35532 17268 37576 39098 37960 2273 27396 4155 16261 5665 %n6193 28
6590 3351 1627 36737 27688 1156 14956 23880 3737 17028 32562 1667 33183 25731 39672 1796 29614 35121 37415 22495 11402 25993 6396 5830 31515 15328 31664 10322 %n2165 31
5763 39188 33966 23292 5789 19821 19386 16917 33313 14268 4833 3225 39883 6458 3917 2670 8007 20896 28701 1058 13394 40281 31204 33451 13035 32490 1166 33143 14431 30213 32086 %n6108 29
1329 6685 8465 2763 1039 32485 40885 13986 29211 28988 31665 3645 10451 8066 14138 32048 15647 13005 6167 30676 7441 10231 14432 14097 33508 7980 21688 36970 37673 %n4504 30
22731 6666 30832 23886 10903 9477 10407 35613 14634 19593 17498 38441 27606 19012 1717 31311 20284 32830 26633 40470 38056 2870 8366 3333 41294 5754 24690 31452 20119 18475 %n1422 26
28048 41351 10940 32423 1241 40328 10454 3697 37477 22107 6047 33865 17344 28147 22701 22803 26378 24965 26190 24909 30747 12785 27425 8980 1490 6745 %n313 30
38255 14436 8570 17962 40237 33256 40750 14972 26128 41324 10560 5252 5632 12964 37902 32170 24434 35623 33427 18175 38217 1046 29570 12494 23644 37599 33128 6610 13129 26218 %n4237 28
17706 26586 20760 30474 27609 17373 39912 20804 19424 23027 27743 28139 26592 31718 19492 12934 40638 19373 19694 35826 679 38392 9009 21250 28142 26583 24299 26614 %n179 30
28015 2586 22942 20049 39920 18586 8975 25058 10112 12932 35850 26718 41336 23005 37939 10758 2498 25804 39655 35670 31824 2966 9527 15116 18346 4937 1041 3505 24227 31327 %n529 30
34799 15680 36504 15043 7382 4562 24382 26833 18621 11511 34780 24778 14269 9332 93 4218 15228 24019 10159 27618 347 9432 16617 5767 21607 22583 26398 9237 2499 2497 %n3588 29
29605 3812 20337 31175 18502 40378 3357 35180 37191 18256 18590 15388 37766 28096 14783 30360 2019 37093 24856 11997 36038 34843 24211 29287 15899 16103 38916 13949 13470 %n2506 26
16346 32510 41233 23628 13020 3535 24437 34221 5792 32386 27500 31964 11174 4408 19262 4050 16910 2209 22133 33387 4530 40908 29219 15705 24658 23906 %n707 30
13040 12205 19685 28367 33258 4150 29302 24058 9639 9413 20906 7088 38322 30952 32030 10444 13674 5573 13031 36612 40877 21551 30024 23340 20231 25870 28769 40881 27220 40404 %n3331 29
34070 20950 7276 33162 41381 29357 23466 35162 11598 4967 20576 27393 10643 18373 35285 11763 27275 40316 10125 33158 23467 33453 30887 21652 20538 33118 6725 27692 9740 %n674 29
6313 9021 36864 28274 12607 14118 23509 39035 35685 10212 27515 6502 36977 38673 17252 23925 16367 3065 26477 10098 7854 11240 26784 5066 40573 12555 26127 166 6316 %n4631 29
20226 31066 18178 36376 3983 7821 9874 15276 12142 32804 33358 11166 33639 15653 29920 7872 9194 22825 14755 30506 23972 36120 15966 23328 7852 7587 40078 20430 37611 %n583 31
21189 5993 35817 25529 31158 18856 39944 36204 40392 9577 35514 11271 16978 14574 19946 3741 9039 25347 5839 24529 14174 22057 226 39474 5954 27940 10874 20600 2714 13797 15606 %n668 30
19403 16456 22974 16767 838 17058 26147 4507 1571 37866 2832 20500 596 27947 18399 38576 36587 7359 24739 27460 12550 10610 37796 11821 6957 21380 15681 19464 14943 7126 %n4840 30
35726 36107 26624 31866 36600 29448 21164 33662 37410 5590 31642 31444 24528 26000 15407 27377 9275 40424 21316 21691 21416 9970 26873 14179 25423 14987 32050 7809 36146 22337 %n4714 25
27605 26322 2957 15180 16546 23623 37442 39709 34869 35004 36577 8823 21653 5566 32554 18838 9197 637 33481 11371 30079 28989 11568 13276 18720 %n1299 26
12388 20442 22711 7259 9614 28977 26462 37278 29030 12775 40001 28786 16369 13763 28310 12666 32478 23493 7045 10176 11388 36460 210 7316 27718 34367 %n6556 29
29463 18189 11368 10314 1445 13438 20918 23717 37035 15344 36410 27920 2906 24498 23936 6105 7011 31188 35629 2351 22948 39287 4410 576 1675 3226 13037 34610 29327 %n2235 29
3779 39074 35647 20879 15567 27105 21531 34122 21183 9996 10955 39186 20964 28196 12529 24884 38949 19848 30004 36971 15457 31117 18807 3721 33040 19131 18348 16209 32892 %n2002 26
9994 6454 35231 376 962 31996 28461 41135 11980 40285 31044 37418 9312 36172 36116 5581 4986 12664 21660 17273 14607 1036 30328 38316 22941 12383 %n3714 31
22648 2030 36163 10432 34645 26806 25534 4697 9215 12919 1396 12973 7548 25024 25981 37824 23791 35406 38036 25661 37287 41087 10540 21976 38766 32702 19266 12186 24628 32769 16626 %n3719 31
28190 36170 2297 14000 27316 29259 30116 1830 18873 6998 38640 22517 36180 34858 26968 22039 11772 31775 18910 12088 29127 10924 6924 32297 41094 24269 773 40173 14616 8548 10944 %n3981 30
7557 11073 7169 4927 13727 10145 2433 15838 17741 12254 11233 36704 13680 2146 40455 15441 26001 21287 29 30333 40556 34985 25950 17929 36897 36856 7057 10035 22877 36271 %n1286 31
24913 3303 34520 27182 37788 40270 465 3894 26018 3302 36458 21017 8003 19884 3315 37421 13682 8453 27023 4935 34592 8422 17333 15812 8245 38715 22645 35491 28319 29347 36268 %n4460 29
8154 33111 12767 3729 36391 35235 24684 33784 33536 28255 34063 23778 17356 37807 22252 32771 19557 5864 30291 40774 37801 15601 41079 40521 5012 1186 1354 16149 41281 %n3064 31
12047 34510 18032 29586 31913 38382 26964 10273 6546 21021 32332 39199 18613 4537 29164 23240 7846 11415 15075 15363 31695 25075 33750 783 17886 25756 13136 37070 19406 37855 19890 %n4656 29
29309 17722 26467 31046 30741 64 21061 33007 39460 7442 38350 2377 6493 26729 29674 11077 19048 25292 22395 13021 32668 27203 22414 39245 25159 21127 1574 4477 5040 %n3117 28
39783 19239 18350 20159 34363 11269 19699 32505 41058 21504 17641 1767 35783 17210 2349 11659 14615 13604 12771 12650 5412 34431 7907 19387 11358 10498 5208 26559 %n6113 28
6381 39730 21068 21892 9067 16741 18379 18055 17367 75 12753 20892 12067 1219 4509 19501 3294 4094 36100 6767 21786 38351 38355 19758 8789 27735 40513 11407 %n3151 30
34708 23189 38071 18196 5519 19702 12819 16038 4790 15018 10559 2728 31932 242 18510 21014 983 27278 29847 9389 15801 6441 29848 16778 3716 29543 5060 32387 12718 16829 %n5404 23
35837 20514 16937 22065 6945 24769 16838 39542 15094 2527 3478 5787 20079 29941 8471 23052 5306 37623 27628 39966 38434 22990 39960 %n4030 30
30498 2268 6387 22751 41282 3194 38852 14234 24797 12948 768 30450 11825 18172 2914 26030 17385 1243 9415 12266 22618 39988 23245 14135 6119 23528 13678 27881 23011 17977 %n446 29
2908 10332 16643 29318 331 21266 31469 39832 5891 16988 6428 38290 30433 10281 736 17844 18843 9763 41219 28765 17612 16522 18591 38850 16370 33420 13505 33762 35662 %n198 30
34383 5006 36972 27976 31178 3824 19748 15704 16645 11759 23518 16945 2864 36474 40636 34320 35056 2186 8361 4772 22199 10434 18948 18950 5483 8915 17151 17173 31766 19887 %n6115 28
18036 3487 39954 8266 9955 14765 18659 5457 40758 31277 4734 8247 7194 4606 10811 28212 33890 14089 8381 6194 10760 2524 34906 32861 35147 5832 7653 23911 %n4469 30
5780 40690 21790 16783 17077 1276 30759 9732 16574 30555 32059 29647 10584 17772 8708 11366 15326 40803 17248 14047 38776 22806 27369 167 37510 38998 31002 29096 29184 28562 %n787 28
24285 11969 38358 21761 1071 29481 6191 14005 18824 5737 28482 30241 12464 6324 6150 1706 10973 6302 12621 13851 15687 33882 9101 23487 8578 30166 27874 4134 %n2868 30
17071 28324 35569 41286 40025 10867 10854 9687 40003 15989 15806 7509 37622 28503 9656 37316 20763 10117 37303 10785 9131 18070 10720 7501 291 20942 8479 37761 19970 84 %n6430 27
19071 39219 11241 31220 26148 31467 15620 30768 9948 7386 13788 6895 17551 27725 5423 37821 15222 10900 20698 20087 29860 36680 35402 22869 29966 13209 13484 %n4864 29
17682 8504 29382 12135 27534 38655 11406 37530 29142 19478 5950 38120 3082 37693 28032 7324 28928 13849 17020 22721 36841 18566 7701 20399 1781 5236 12778 19167 29726 %n3050 29
25781 33532 26691 30329 38143 9613 33522 1586 5455 13649 24184 20210 38336 11082 5221 34098 39059 39765 35257 13747 32982 27186 34437 29900 28943 33316 9715 25053 29087 %n6873 27
29474 36199 16311 9771 12270 4284 37215 27092 18068 29331 29692 714 32870 14837 23569 39820 32645 31169 4526 9474 32719 55 9913 22080 36785 1356 9317 %n5075 30
37039 11750 40766 7678 2001 24387 23356 9412 33027 39184 7880 9203 34890 13300 38847 12240 39088 26886 31405 19623 3113 7739 39671 20970 32747 37150 33208 8239 38457 3156 %n4582 31
15862 14872 15691 31770 15266 15395 780 34512 1201 18792 32919 25892 37551 24844 8585 36131 25385 11102 14620 22844 24087 33962 33168 3431 15223 17247 8551 36369 5189 14356 8127 %n5038 27
31663 11110 19299 29071 22174 27255 7772 13961 35348 15216 24808 3047 702 8307 35149 19670 30683 34491 27300 33726 23096 29825 14036 39124 39113 8533 24923 %n2287 31
39404 40138 37348 26855 40218 8837 11734 1894 29367 35501 5968 17580 13228 23868 9425 9854 429 39351 37475 38259 35489 26237 38610 20083 34118 17710 34947 11841 2076 4692 32880 %n841 27
20287 11093 13444 20528 40527 31763 37210 2353 14405 20628 26996 2805 18012 31732 9775 28993 2904 31511 21579 26963 24682 14832 38678 34568 39399 29890 15248 %n1634 28
19962 34180 29288 19053 22451 1965 36133 2689 30515 29457 9758 13052 11604 22282 12349 18762 4259 11339 30707 37177 130 23739 38413 31273 7374 10016 33673 22534 %n3361 30
26130 18829 24062 39511 15349 11616 20473 10089 25749 8900 721 40707 3439 631 3504 23099 11137 7329 36692 32210 3389 14393 38699 10481 21107 24771 32516 11803 9373 22204 %n2459 31
37203 14510 41106 13205 4232 10005 29569 6600 8099 13356 1489 35192 20339 40996 29294 11017 26544 22221 2967 29892 38499 36211 34248 7469 27094 27230 35169 33648 20672 3941 30689 %n1018 31
1185 33224 12210 24699 11786 37990 24353 20861 6449 32782 13959 35779 21742 38648 274 26766 34742 39776 4115 17102 26539 22098 32604 5118 3764 1084 4996 17043 12198 41220 40677 %n5244 29
18988 34614 3654 8437 29682 38926 25410 5399 21876 6783 23283 6269 38545 30195 29880 9447 19701 7010 13002 16703 15024 29992 22636 21512 25485 25523 39285 32100 16614 %n1657 28
21720 28294 11668 28118 4227 3847 38230 25198 13215 25680 584 31774 37702 40886 21823 22541 21261 19804 31971 18727 32536 17630 39049 33140 3459 4720 2362 8062 %n4592 29
29316 14612 40287 4400 11757 15599 23634 7943 10409 1376 13179 489 34263 10066 17382 28312 22181 37818 8039 13950 32171 21866 35296 9990 29473 39510 33870 34481 32750 %n3444 28
1436 11602 10774 21501 10215 14522 22423 22623 4390 18887 26053 30391 30946 27097 14571 9438 18254 16787 41376 26356 17885 17494 40924 41299 25630 1956 3792 34299 %n5776 30
26984 13417 37245 6386 41240 27550 34425 20361 32611 36302 9602 28141 3516 24280 40962 26796 35110 22056 2775 9503 39041 6215 32768 22232 33782 29103 29935 421 13034 13562 %n4422 28
10412 33682 23959 32704 20696 37911 27455 2380 16440 2199 29961 33462 27542 3085 41048 30815 25432 12627 15274 41151 1886 26286 383 25791 37626 5331 18500 25404 %n6478 28
8652 32028 8480 39716 214 13144 4215 31400 26810 17537 38615 1088 40437 38187 19011 18941 22264 10356 22392 18062 38811 29207 27145 16327 11519 41097 11051 2119 %n2671 27
10951 27819 40788 16586 41314 21807 16885 8335 22685 12867 11131 11095 193 18100 21818 3388 14626 36773 36778 2731 18352 32692 8581 27797 38951 27868 39891 %n1623 29
21454 22168 32057 11169 37980 14629 4973 6962 12239 8360 27374 28197 7783 10127 39076 1589 28579 12864 26929 26305 37338 33829 22543 20545 14162 34899 37322 1126 13701 %n3109 29
21576 34348 16578 21019 24157 4072 11482 7339 24288 18133 11123 23338 2265 39379 29509 36732 3531 6547 24406 16789 25783 28750 22846 31431 4549 27627 10360 26790 27010 %n3741 27
9943 1870 31251 1754 23523 4499 27567 26201 33512 18682 33101 15141 18924 19993 26271 20749 21220 6041 32540 15508 29372 14984 37326 26546 6470 19918 23920 %n3507 27
22366 16653 7028 23769 842 14742 26139 39090 39217 8611 124 8662 20694 4716 31876 36002 25835 35185 34738 14414 1194 34741 2078 34722 16796 39286 27643 %n4539 28
17669 39518 24223 6540 38188 18795 26551 11111 17958 6841 23001 26658 34482 25097 41269 37734 2500 22082 2211 5346 39318 29260 20598 9980 2293 8107 37349 15856 %n5437 29
37318 1110 31684 23854 29442 24503 23848 19449 37958 18300 22205 15925 18415 39882 8617 22191 2593 39002 13869 40919 18288 21226 27219 1498 15090 31898 24568 23176 18584 %n6114 26
3980 13708 25373 16721 6165 15957 32393 12761 32162 11690 37913 10200 2993 10079 17157 15224 27474 30416 20477 18182 28236 39073 32851 4339 15931 34932 %n117 29
27000 10736 11288 38573 36338 30606 17046 6145 20703 15948 32209 36401 2023 40723 13076 38958 9369 2166 21097 25438 3567 7498 15151 3728 29339 34211 38060 13182 30189 %n2708 23
2153 14364 15727 11148 19212 21405 4717 30678 8061 18362 18343 25719 33595 13400 7787 4737 15155 20946 6975 14069 18965 7313 24975 %n968 28
10802 20288 26847 7784 27414 11094 25255 1872 16777 35937 38518 23749 34583 18684 18718 1731 26228 13221 39950 12307 2932 3521 25567 5806 5254 40344 8457 29497 %n417 30
10772 5856 6397 36845 33270 14198 6424 13089 40157 19378 22668 21885 5827 24875 29220 3587 38082 9153 22621 29493 27871 36826 3878 14996 23085 38425 33769 12850 6614 38520 %n4939 28
9489 4837 29148 3701 30619 19184 8026 15002 22809 24380 28005 41350 22729 27716 2334 7562 19026 25574 20365 30068 35509 19588 20686 7191 7977 16245 14901 25605 %n2453 28
9787 34721 31398 32535 5317 23238 3842 17796 3382 10763 7320 25237 25057 20290 10000 12899 28998 28456 23157 14497 20614 39347 34126 27327 10489 35131 7938 19627 %n6613 27
36298 20358 41027 8706 41085 29267 23706 5054 34351 33008 33537 35884 27613 32690 2428 176 39543 33068 30736 4708 21357 14150 25238 20229 27333 27184 34078 %n524 28
28140 877 2034 10705 14640 28597 11502 180 24208 26759 31049 441 25022 26138 16758 345 3355 1906 20555 7812 1242 19835 26015 1650 4687 6932 38191 20805 %n2577 24
15444 11742 5138 5886 31953 38207 35481 746 33667 13161 31491 2193 36488 28715 29149 34230 29734 5170 13045 16435 17171 38613 262 31228 %n6357 27
35120 15317 17657 40592 39422 18612 31038 16813 406 2773 7152 22930 35907 6550 27570 27695 16007 2622 15564 31230 6963 17869 6525 39873 36257 37010 30979 %n423 28
28545 32560 25042 542 35448 3950 8283 32335 14045 28751 21830 7599 2991 17413 41192 16096 5855 40879 38817 3046 29610 41082 14692 29449 5880 20436 14373 3640 %n5206 30
6048 35971 8149 36278 6985 1189 29563 26203 20572 40942 2441 10783 10133 28930 14973 12961 28685 5261 13123 23488 19383 21897 35973 15953 40296 2630 2403 36592 14468 20624 %n4183 28
24766 2705 37120 22889 37041 22509 16604 23649 27106 31710 34259 12215 11527 39842 5536 4997 10448 31163 6704 7646 38055 40825 33733 18733 6473 11086 16979 8277 %n2925 27
29564 38215 40283 9838 26415 27758 34573 34534 13178 24011 21783 3001 26075 28112 20846 1265 952 23756 14693 18298 9523 28378 36379 39306 1617 32385 11973 %n2001 28
25172 10227 15859 8820 31261 12077 11065 31426 38429 22229 34631 31058 37194 946 3180 5287 14622 26502 13104 20783 12512 1270 5035 40564 30820 37243 29877 32290 %n1513 28
562 2802 17911 24832 35723 6432 10122 31459 36805 38818 1312 16248 31409 4511 16041 188 13262 25336 28472 37162 29226 9424 12614 25366 4944 41132 27809 38570 %n1496 25
21803 19634 9873 5201 39252 5570 15352 16599 25889 14701 35151 40362 38967 40234 20889 33779 29171 29982 14928 39321 103 7621 29214 10370 4406 %n6235 23
22370 28328 32529 22697 29423 10831 12517 2962 18819 30120 32047 40718 10609 34578 9209 12724 26382 40145 4551 10017 40065 27197 17300 %n3556 29
4106 9667 27791 14769 23147 5174 5705 18391 30413 30253 3238 2754 21160 22771 4040 30866 73 28815 24637 30492 38108 29349 32133 23074 2925 32514 16982 18715 24306 %n544 30
15264 6575 19308 22796 9587 36642 30427 16254 34229 16697 27032 5976 4370 28912 20419 34027 26447 20930 11231 13440 24350 17520 14603 20109 34606 11663 23547 6581 38741 14716 %n3018 28
34018 2951 1115 24084 1331 25262 28580 37060 34797 33164 7511 14698 750 23185 20507 1025 12369 28491 21752 4857 37698 3964 18260 14421 21288 10638 2571 30784 %n1401 27
37320 11520 23865 7109 22580 2100 20291 9590 3394 21289 18235 16061 31801 6174 24853 35258 10883 12769 39020 28966 11398 13164 15419 29831 37260 7732 36300 %n2360 26
9719 3140 6040 29879 23491 3566 4637 41355 2700 29595 6401 25693 7087 1042 24069 5935 38476 632 6765 36386 159 6200 1732 6137 12905 25671 %n1186 28
24743 27458 12873 25609 17626 18280 28094 13378 21323 13362 10263 20817 40160 21144 23201 32129 21751 22932 26226 37051 18451 21341 29193 4754 35626 32813 22967 16305 %n484 30
6059 8268 4110 6219 40337 4852 13598 24773 101 2005 23919 20520 25606 23987 11340 13792 37407 13208 27704 12801 21759 31941 31535 25542 15774 10206 29963 2836 820 25127 %n2121 27
18479 33243 18845 38326 17652 6927 3450 34997 32144 23235 23816 7409 12746 18522 14560 9160 35668 39587 32663 14873 15336 19168 12327 12928 4594 15026 28746 %n829 29
16199 11204 29445 17030 31203 34462 8363 36334 23645 33903 13628 30480 37229 23855 20910 1066 14418 9168 26536 35863 1564 1074 13590 129 1121 35871 11633 25000 39430 %n5503 25
8272 16894 9686 5906 11290 1383 4081 23161 26808 22664 30851 18598 30858 33936 7166 40932 22230 11562 33717 6410 11673 10512 31716 11636 17684 %n2491 28
9625 12371 22035 33713 40680 10602 8727 28331 12384 2134 19529 37244 9439 30997 9631 14025 13917 33446 23525 1198 28620 8055 40705 29191 33025 11682 25601 3733 %n1645 29
29956 4393 35219 36866 6321 33051 6897 74 30077 17499 13882 19412 9026 26888 1370 742 30972 27510 30370 9800 5134 22400 6691 11161 37955 572 38386 18699 3610 %n3437 28
30336 28376 40141 12558 2543 18279 18777 29506 38727 21039 7955 20739 31192 4256 4958 35683 24716 6051 29144 9872 36560 31998 27139 2087 18204 28737 7245 39191 %n4831 27
19698 19984 25369 10137 26375 12262 14746 10939 27117 34096 803 5172 11442 25321 28540 23426 7402 37042 6847 20438 33887 20393 31976 10709 17187 1940 6657 %n4683 28
28880 21103 40563 24936 10250 32097 38485 39841 32033 29008 12052 13530 9211 22715 4376 36962 4475 8735 28592 2690 29539 5251 21084 2818 19491 24290 34963 38642 %n1153 27
10375 38662 16725 39874 22716 26140 8309 25407 22187 20271 13494 1238 19346 8722 27173 28922 25806 26804 25613 14024 20652 22962 9925 32480 1290 6585 21249 %n3385 27
16881 13231 33277 19080 23574 20887 21243 31837 13632 2934 22617 2460 36073 16905 24765 23198 28348 28964 9462 34548 25135 36534 32506 17051 7423 35911 17903 %n3239 27
26092 9472 17100 2244 862 39031 1350 12456 38415 24561 32894 31479 30809 33529 496 8313 9376 26612 27677 15716 14912 34933 22101 31890 24456 35944 32283 %n5981 25
3066 15865 6398 30914 6394 29437 5 22103 40409 25231 4332 15389 25626 17271 18827 10457 36543 26036 33994 34163 5046 28563 26620 40833 10097 %n2136 26
29060 834 34530 35239 9167 8339 3102 7452 13274 37086 30928 36634 39916 38988 5449 14276 1715 11522 4195 31010 21993 33219 16878 7118 39106 4149 %n3711 29
16801 30340 32064 9450 4482 39240 32846 33474 15100 8010 35062 22860 3861 20034 4066 6494 39899 5877 20404 38298 11534 9483 4577 24555 3364 29304 35273 41086 6778 %n2871 30
36299 34711 16086 38401 4707 13594 8653 23357 18477 17007 4108 31087 20240 4137 35122 22781 40542 23105 9991 5658 37062 35098 33076 23300 26159 37285 33079 24161 6608 4495 %n6521 27
2417 14683 26427 40363 28429 31181 6062 14895 22239 5427 5942 40331 24331 22719 21446 3270 27484 31272 15764 13388 5607 32342 38564 19688 24330 19851 22829 %n468 24
37525 16093 32875 9351 1693 20037 19091 105 39039 1915 10875 19432 15552 24415 41148 33409 26730 37298 9932 1359 29888 4525 27365 35798 %n3429 29
10716 14246 22592 1805 39853 4990 23592 14018 36638 40589 36503 32000 1159 6245 29198 19619 40074 37710 26973 6823 31202 20 10149 22398 5553 15114 28915 27344 1896 %n5349 28
4208 24094 23658 23393 3300 28514 10894 20519 17794 2482 22431 38647 27246 2706 29295 26545 39225 14466 27049 39104 22175 40574 8315 7461 41239 23044 6314 37119 %n2978 29
9465 32724 7661 38921 22505 19533 19969 16256 14214 35878 16680 16066 8871 41227 39689 40168 24334 18691 17492 9843 11208 35724 7098 18775 39417 37999 36361 11614 32126 %n5008 28
15345 31945 8484 40813 6589 23475 20102 8466 36068 11268 27511 26134 14441 26279 3454 27218 4741 12342 38349 4391 12530 7513 9078 10508 37371 30804 32353 2960 %n6763 26
29110 33398 119 33694 625 40952 34343 12370 22872 40227 620 37026 6524 20305 38133 6409 27844 24080 175 20993 28873 7283 10084 38061 16231 16791 %n4222 27
3775 21221 23414 20426 18544 14866 19443 1688 28381 35751 15470 27207 2663 26421 35494 14627 38867 10377 38511 34556 24435 11583 4131 35912 29212 29581 29707 %n4759 25
25447 26032 41124 15586 19612 9564 17093 14241 850 3297 12003 14923 30130 10685 27024 22096 37453 4761 27719 10506 26353 40152 33241 33223 12459 %n411 27
21179 31583 24359 24603 3119 38627 24431 8406 26003 6317 32751 40554 740 38319 27418 15591 18193 3206 36138 36654 27204 12504 20898 11313 2931 39656 1023 %n4227 26
9163 30916 17946 30790 33426 27038 37354 33102 14812 6021 4125 6611 35717 29694 25658 11213 40762 6101 1793 36033 37647 37669 2105 27388 26865 38892 %n6874 25
25215 30949 34835 39566 19296 38456 14087 20825 649 20276 18019 11660 30464 41166 33950 2191 39779 4209 15078 15659 31626 34509 40413 26107 37187 %n639 30
21732 16888 36847 15208 19017 35055 7813 15638 15749 6343 21366 29832 37769 6706 40350 24560 1893 17032 1778 13801 40646 26610 36407 38918 6374 28586 31880 1817 13551 34231 %n2173 29
22286 25129 27270 40022 21401 14009 14119 22283 11118 28671 34609 26471 28571 10372 5603 25050 22927 36986 33669 41214 38037 12514 17104 13550 2592 39595 26256 31297 38075 %n4057 26
13363 16014 30967 2849 14784 18968 18299 7128 28909 33938 24007 35024 23030 11674 5681 35340 26724 8743 23531 8178 19151 40918 12669 39794 21997 5042 %n3066 27
31690 27670 30334 24417 14696 2477 40102 7765 22725 35845 9347 8507 25681 30539 9822 36791 38905 36769 26939 23956 28208 21982 8488 1515 19251 12851 36421 %n5890 25
1835 29702 35842 30867 22381 3183 34717 30239 40256 21161 24225 24428 19823 4644 4100 32538 13150 41099 29055 30724 40406 35747 16781 22516 27621 %n6317 27
13483 2221 6582 16904 33833 34295 29816 35305 4428 1624 22010 13244 28321 32148 41003 30057 10180 17623 36953 16238 19178 8401 1487 21012 1311 12338 26445 %n2798 28
27623 4093 2628 16998 11200 14353 36904 24266 19025 31621 27843 40899 16106 2480 27727 36059 14402 7202 31555 37638 5173 34278 37297 34955 35194 38650 11294 33852 %n2495 29
24873 21777 16110 11719 23352 32871 3134 3629 20391 19592 11895 21384 37722 34729 6329 7592 31016 14869 12027 33115 22208 35095 6827 3799 28587 30390 36792 17167 25979 %n2975 26
2085 18799 3177 14489 22201 33956 24281 27223 3175 36788 19297 40985 16019 28036 27397 41054 6160 22675 21330 23106 19409 24549 2350 34405 26110 37526 %n1640 29
32169 16102 39141 1304 5160 2909 25239 10515 40915 7818 14781 19837 29100 26217 18220 27589 20277 39195 13556 28412 27444 11957 28849 14397 29355 781 8800 18973 30945 %n2084 29
17519 3720 41241 23998 21919 5489 40146 14664 14151 33603 37966 6042 29177 27591 40914 9496 38725 36880 16551 26671 1779 15031 1266 13828 35698 34656 23062 23870 7434 %n5967 28
5690 8274 22294 17294 30922 33198 3851 36114 39905 6340 30698 35233 38985 32486 29289 4019 7440 17913 37144 3282 28335 10580 9448 26231 29911 18371 12882 13064 %n5929 26
39798 31472 14483 36040 6135 8851 36705 12698 17567 25260 8049 36625 10733 37276 30720 37573 30227 3296 27281 39288 7682 40221 6217 7641 29373 10110 %n1994 26
35097 8669 20980 30059 4584 37942 15879 17448 5988 12726 27603 25161 30407 27272 7893 36596 19204 5989 11632 23558 22900 28980 38094 33860 26709 30910 %n444 28
3040 41315 40292 16748 19425 12001 20834 26618 25273 29441 9769 41013 13757 40364 31523 33275 17675 5000 38924 26742 20792 25253 16341 18779 22699 6248 22521 23301 %n2067 29
1847 16732 32001 41131 20073 22406 38297 8946 10248 23205 38912 3133 8430 18428 29154 37539 6319 10011 12638 10219 16433 23599 40398 23831 482 13353 4383 12946 10529 %n1935 28
15760 10316 26960 20502 35033 19094 2526 5097 3195 24378 5083 10221 36215 4031 13623 24814 1415 29479 14258 20963 11265 486 6852 28748 9971 25755 26498 22260 %n3602 25
36827 7985 35609 31028 7053 12942 12336 23456 38272 38797 3869 36506 2929 13026 5237 15997 37364 27968 35091 26606 38690 13189 33033 22182 38046 %n5324 27
557 32582 23805 1054 5133 18239 9951 2053 12366 30408 24678 26800 19707 30954 1755 7347 37456 21959 9421 23243 22624 20015 23674 28707 35363 10109 7239 %n4963 25
26275 3528 36844 5117 9903 34703 35245 9756 35592 36279 16837 31787 38562 405 20373 33969 21439 6983 29924 10542 23983 18560 13565 32680 39890 %n6025 25
20158 13844 4253 10548 26841 37946 8798 24158 41276 2438 23405 19678 37875 29671 16035 8490 4830 9342 1821 36264 18782 23784 8052 5434 23534 %n912 25
3665 40806 27642 15837 31226 21556 7853 23034 3 16216 2414 23103 4444 39180 28570 1738 18861 39594 25662 7388 31179 8957 26054 22502 1274 %n6593 28
9921 16119 5139 19469 19831 25879 24075 32615 4267 40181 39394 36350 28758 38515 23882 7514 33916 37021 22247 18156 341 38421 20080 2918 17995 23724 21776 5378 %n2027 23
7904 24276 5409 15227 3618 323 19772 14705 22445 2420 16389 36485 6715 41285 12569 29058 11859 38542 24228 27348 24286 28031 28905 %n1593 20
12893 16387 8858 17154 10141 18360 23166 33687 24398 15575 32635 36895 23448 23535 33559 16010 3740 18314 26764 31460 %n3003 28
10655 15603 30783 35474 37532 32253 7180 11444 5280 9064 12825 26276 40722 8925 2913 4177 33507 19813 14714 20036 15686 10348 734 34602 3241 34362 37915 22158 %n1347 29
4359 16656 23698 15175 24796 28519 7181 12005 14893 33743 20671 5218 10134 21682 3880 25518 17258 21133 3683 2485 8945 11680 5548 2924 39602 29151 23522 698 38348 %n66 28
14469 35728 32255 10007 25951 11248 36149 21038 4780 32775 5185 28602 7709 36161 27406 2558 30570 7034 35107 36528 20955 14378 28517 12120 14044 17095 473 23082 %n1033 28
28119 8343 12521 33441 19486 27445 19583 36232 32713 14384 5683 33375 35748 41332 16523 15679 2481 34396 4471 29868 15728 38029 38606 31474 18378 6603 14604 1563 %n145 23
11600 26953 26037 33518 12598 39400 23572 6898 17704 146 30580 23892 31304 22449 19452 33129 18252 17892 25739 16693 15340 12520 28138 %n1939 27
11827 1504 35573 17275 6299 14443 33671 35734 32286 17725 7251 27434 10166 38929 28377 28200 13642 28207 15815 36283 24767 36903 32933 35644 3285 24847 2109 %n2814 26
17380 5736 1091 24710 11279 17509 26490 38376 12444 10213 30936 22338 32916 10069 1003 37741 25877 28034 24506 29815 2685 38876 33877 14081 22921 6116 %n4918 24
25833 38609 35063 11991 15938 10222 27128 4336 24044 5626 23349 33410 39968 24107 12273 28631 18504 26307 9962 31172 39918 30690 12759 40365 %n5379 27
16506 10957 12678 22111 1790 21376 37959 16849 35366 12659 20680 11108 18644 36093 14160 40164 17368 11934 38753 353 27359 29980 10050 4725 28882 24484 26264 %n196 25
22087 2274 33197 3052 15629 30162 12808 34868 7875 17738 32826 24231 6181 23862 1313 29791 37564 50 20607 21690 24871 17430 30750 6523 29168 %n4315 25
37376 23532 35658 14110 21641 31854 23417 15315 18881 16062 38232 27231 16569 31791 27802 16317 8451 15194 4012 33797 34882 17133 19083 8193 16603 %n3278 26
40374 5710 2744 12524 4846 12 28553 41222 41391 33568 38448 34837 6549 3915 3888 26769 31464 31956 30703 22698 34731 1349 16352 32153 34464 25723 %n5824 26
3946 10373 27549 1961 24463 24869 6262 16250 21561 24239 2594 35397 22102 21109 40263 40334 4690 16214 28023 25969 10911 40421 10549 21616 3897 3280 %n6298 22
14595 11807 19942 38589 14537 5058 17145 8421 31985 16924 40178 13524 26501 14997 29162 26919 7936 36102 30896 34177 13359 6089 %n4339 21
9912 22679 5263 40219 29007 16497 15430 18406 39651 19641 41023 1869 6072 6469 4160 21340 19132 23002 16221 40634 24702 %n2254 28
19112 27481 28753 10891 330 13853 19829 35204 41005 6222 36693 5198 20605 25425 10724 1968 2466 33534 35426 13175 38116 38154 16263 38337 33489 23858 11183 7009 %n1173 29
6950 28556 14235 13038 39996 38393 7312 28901 4139 38423 23834 2747 9318 931 2840 14908 12033 15799 33510 4902 27074 23215 37891 14193 27483 69 38446 15871 13143 %n6586 27
21015 10363 24189 19938 38027 40905 29516 5842 37186 27472 622 24308 34420 27661 21071 35289 7547 7999 13139 40929 2577 31408 25797 18417 33975 19155 14593 %n3408 28
29270 20248 10496 12545 30441 16601 10461 6249 36030 1656 18572 34455 34898 10196 18037 27168 30160 32150 7081 9002 569 3149 11228 37499 2666 2232 25403 28360 %n3828 26
26883 2809 19376 7419 39628 16572 16117 34838 360 37617 38665 36666 33693 3121 13453 8728 16761 32819 26474 13529 22773 24106 8491 40827 8749 38328 %n1399 28
40167 29686 10694 33312 8376 2006 13909 31100 18817 34524 32664 14791 34015 32812 11949 1573 8042 22610 141 12776 22738 29757 21795 16443 31750 36248 4764 1235 %n4940 26
36104 4489 4748 32623 22333 41161 39915 4493 7753 26831 22475 36164 19976 19722 21883 32619 10366 22842 5410 14557 16722 33228 33496 26749 13430 15153 %n2248 28
25994 30810 37616 9045 12845 29634 22518 3464 8864 5090 12543 17245 442 32958 19755 25934 20704 11796 35677 36519 12787 21924 20827 19206 18192 32460 30249 29657 %n5999 29
15952 27119 18309 2745 39550 13309 37343 10574 12021 30298 2169 14462 27171 33801 12939 15367 849 31694 9632 57 10241 34471 19410 1794 31761 32951 27925 33442 34368 %n3404 23
18445 21128 35978 15897 41055 40865 1818 18080 21530 30684 11274 17062 39043 39268 22142 9734 36865 23111 26088 6480 5817 6592 2858 %n3654 27
40731 9179 39397 13822 20913 5313 11197 21519 5466 10914 5451 20380 37448 29527 5402 22207 41307 18047 15501 35531 29414 32392 33646 40688 20095 17795 33328 %n4325 28
6124 22722 32472 39310 3951 4695 11880 28230 20776 18164 24953 30278 3637 1674 11904 15802 17014 21689 14148 2218 6606 6353 2449 6071 2091 36565 29215 22695 %n3322 25
31578 24974 23914 3091 34630 11892 19880 27469 6362 22662 14814 28583 6178 33064 13218 404 8275 19271 16083 18641 24020 22807 3908 18525 37929 %n2410 27
16338 14043 13577 27138 1875 4032 25189 20097 15894 13830 27366 35018 31829 12334 18571 30312 35002 33830 22756 23257 30279 40081 40873 37470 33565 16700 13083 %n3163 22
32444 4964 39434 7819 2235 38225 15451 3266 29336 14361 25287 4547 32797 2321 35138 20366 33728 16262 23727 37486 23050 29136 %n5659 24
2631 351 26394 10754 34533 22965 29413 39649 23782 29597 12616 34988 29636 1208 34691 15550 16026 23332 24371 32333 26224 18574 6436 21391 %n4038 24
16987 21406 27578 29013 37667 10532 35949 15154 29129 21239 3548 7230 28257 3042 7737 10527 11226 1301 941 14266 29455 11057 10561 17998 %n479 27
30482 39384 23344 29554 38119 34929 4560 9901 38555 15426 35657 17063 18886 36910 10124 2608 40507 6414 29843 23817 15459 19524 11979 19345 19493 20232 15138 %n412 24
21308 36925 17179 35409 37559 23608 2171 18468 19862 3778 27894 19948 34604 14787 30272 9716 30630 33075 21363 37674 23771 24267 35583 22769 %n3917 26
16844 12757 20508 32544 15364 22339 14794 21461 13510 17370 9665 24527 662 29766 2427 3940 25698 27053 16701 23203 29802 11049 10583 13722 41071 22185 %n4121 27
19448 21268 34827 20375 2347 1295 5077 5299 3594 10480 30964 35313 31094 21360 11455 22979 332 1595 15604 8128 18311 32368 33798 5050 13434 20217 8397 %n698 26
30289 19628 11638 25656 22416 33469 23978 16056 21300 20687 3100 540 30541 29957 38495 20017 40052 7463 15615 9183 17918 12765 17723 38994 39767 16609 %n4145 27
12691 9585 10670 10244 14966 12595 28341 17131 35523 11584 419 13803 11854 22076 12506 38257 35020 39371 12844 31907 12780 35404 16919 13380 16075 28124 12411 %n6272 23
17220 294 21407 34889 2141 14305 15051 32496 29079 40100 37520 26157 27386 20098 12488 22632 15776 12573 23460 33513 14824 7780 34716 %n5956 19
22766 39176 23689 33004 13014 15243 14902 11661 40999 37040 25740 12275 7630 23614 15771 6758 11209 18455 34525 %n3501 27
38138 27600 4879 10649 3730 13341 14152 12329 16830 7184 23701 3077 38628 9092 5777 11030 2969 37535 32300 32378 28567 2939 3056 23268 26409 23060 16152 %n3611 25
31729 12108 9136 4906 635 14707 20747 28410 3182 5376 24632 3428 4653 18433 2807 20869 17094 4078 5533 12737 36316 27998 249 28591 3371 %n5924 0
%n3112 23
28291 37635 26472 6169 967 6814 30497 36667 20824 1021 27464 3008 5586 34419 26165 9239 11023 1168 16003 20729 39658 14916 14244 %n5938 26
22945 36637 8298 16892 9235 11236 40694 24972 32228 20090 15110 27530 16711 5324 28557 30122 25056 35792 9570 29306 26027 38723 10688 8952 25931 770 %n4475 25
15972 28342 29118 8697 13815 13407 17761 1248 8388 34587 28925 5841 26601 8072 39936 17017 32929 17528 13609 3590 30628 17390 37439 5969 14348 %n1343 24
2746 29020 27313 39631 7212 26615 4599 2360 41275 34436 3118 4317 31543 29664 30876 2486 9205 36651 40379 359 12451 35741 31702 18165 %n4480 26
39957 25717 30113 33308 10856 31218 36991 27130 31379 12012 24088 16757 22377 27261 28999 9248 39482 5456 24762 33447 40476 16918 10093 33805 664 10518 %n5885 24
3818 4480 18966 4574 38853 18875 12078 24081 28895 21296 36134 2806 33521 15103 15285 23234 1372 5154 21961 11840 7679 25307 24650 12876 %n5893 25
25294 13686 37600 765 4919 6788 2296 38885 551 28615 5354 14708 6288 27429 8635 39448 22890 22069 35019 9504 24841 22841 7828 31030 11127 %n4505 21
26377 3107 8444 26640 25379 14756 24819 17471 31741 33578 33345 21490 34844 39523 22029 23256 4096 16182 39154 2392 6536 %n6755 25
10083 40130 15070 26587 37965 37976 34693 20796 20654 5256 15874 23647 35255 8108 14143 17514 14610 4788 37996 4923 3573 33430 11968 28846 19028 %n3494 26
18891 28910 17821 12248 3210 32542 9804 13885 41164 8171 39419 15875 6744 37461 8971 36545 18575 37430 21485 10757 36555 4869 23560 10006 8988 26893 %n4789 24
14442 41277 5652 37375 40448 35643 40082 34984 19919 4974 5204 3097 22020 6527 14562 2056 9052 20447 37838 29116 35316 3560 33109 7706 %n5547 26
24615 29239 7149 15553 35003 16970 37111 11695 35965 30228 40642 30494 1861 14417 21721 10586 1502 34833 19428 3967 29419 41226 12031 40531 4346 16132 %n1956 25
25382 28824 16012 4260 24316 36945 14012 19030 630 34551 40900 868 7345 10620 19512 14329 6747 34472 33601 13063 28543 26548 12076 8020 2769 %n4306 28
688 33872 15465 22938 32603 20872 9068 38679 38052 28682 12828 40026 35198 30245 5125 13258 26823 24918 29433 27768 20075 18333 15017 4396 25203 14568 35241 35854 %n1191 26
3750 2008 38470 11488 37794 15013 3023 904 1649 6631 35948 14323 13750 6843 18465 39937 23331 13376 24474 36806 41211 33678 11325 37780 26043 20790 %n3935 29
28033 1421 29152 24608 34996 35533 29346 35956 36240 13121 25464 38695 21364 6075 2758 10339 20294 40202 19118 18098 35853 17265 15034 15346 29669 6190 21200 8849 38984 %n699 27
18851 8344 29046 462 38010 738 40620 25544 9176 28756 40555 5108 1005 19598 40459 11873 39249 16487 13926 16194 510 24728 37013 21472 33948 16467 30081 %n1136 23
11218 38103 40953 17535 12688 20677 29320 2262 10413 18743 31547 16652 839 25395 35042 24733 11046 2646 9528 31534 10275 23476 9089 %n1625 25
10259 1780 22127 30429 11260 3164 29594 24573 10637 2393 32731 12531 894 32137 10054 8801 33250 16236 14613 39050 33485 33909 16981 13749 8637 %n2352 25
4062 32278 7017 23098 22775 38093 30490 9560 343 40199 25955 10930 36295 17768 28819 37127 28167 36747 23172 4027 30830 5723 5937 18711 32792 %n3690 28
6537 30283 31070 33432 2451 31086 26900 18102 11154 17376 12704 17849 31260 13212 35236 18118 36942 24935 5282 12301 10844 6878 15777 20154 11292 14918 26260 3474 %n2140 25
17260 9001 34311 37267 18904 35365 25301 33461 15525 14365 11891 25799 13027 7027 3361 32512 21712 28544 11865 33932 19542 28722 33549 27102 31896 %n4847 27
2844 32248 1802 3817 38519 17050 32706 27529 2356 31594 26639 29360 41019 4714 37527 34763 2495 18831 18648 40595 27633 8180 39258 24114 12201 40978 24066 %n1031 23
2911 11615 26504 38774 4728 14658 1773 15762 19250 8461 24511 16266 27616 7710 23281 28859 16278 19032 37109 9350 29305 25011 5596 %n3258 27
11963 3658 11866 26772 5190 24903 3015 25254 689 32726 36797 15159 13553 4948 11819 13703 12762 7351 9679 16798 14671 32299 21464 16246 21543 7744 27817 %n3272 28
32343 24940 22863 12468 8895 27085 2448 899 12166 39802 33136 38548 39948 2610 18541 20411 41075 17075 804 20394 11150 20926 39215 29621 24348 6372 12902 13983 %n