308
6170 126
46723 43929 78507 82346 13050 48914 94442 61634 73539 77952 3979 11950 29750 69827 77093 99920 84614 89073 61973 25414 57022 56898 52207 27579 88650 95677 52187 24159 82097 45013 68618 92517 76500 14864 43785 95299 4081 94259 16915 72369 85589 22434 85999 55788 84324 36617 48512 89587 31129 90190 95430 36410 14349 97055 64409 28842 57922 63287 16535 99074 27926 33245 66045 97471 45785 33103 51387 72610 63572 94315 10465 75417 20256 73040 41936 6997 8380 91500 82639 55606 79359 84991 14874 39708 14197 4289 8758 13072 40773 79417 81849 85702 97458 35160 84287 27964 23082 29078 51276 49989 63013 86403 63241 65870 71264 73577 11374 42828 71864 46733 35679 14732 83805 46000 30426 61112 50063 47188 82829 77943 78996 20473 99721 12654 5298 80103 %n5377 91
88689 78724 89574 39601 88808 82259 86997 54400 43699 22118 8291 25916 21180 6134 92764 86993 18261 26820 36147 50177 29454 40809 36693 68891 13011 83385 62210 6027 13271 22973 75704 24591 28560 17090 83706 96025 13967 95050 77873 34990 39681 52244 81475 45085 96021 4339 71073 25412 26865 26761 38651 22197 42048 24949 98164 65364 24614 75946 28418 95591 13080 13220 75115 12223 67913 60655 874 56449 90906 12653 58832 19735 48641 14772 18607 71328 29311 73614 28029 29173 18414 87138 88714 61081 10437 38487 35333 95048 40393 24764 38373 %n6591 77
36337 1119 87414 68492 52417 48784 17639 17558 95123 18882 83362 36767 70617 88055 56305 36285 47045 400 71103 94980 41072 90860 46241 77553 48115 37938 68447 58038 28889 41107 38545 96608 84942 17155 79652 55766 26974 84187 13136 42231 53651 94071 14921 59872 97348 95426 32089 36010 57199 55285 71786 61123 57750 96268 82610 3682 87216 26888 63995 39171 79194 90440 7610 79017 83956 7621 18583 77984 83809 45868 70667 23303 51392 59722 63315 13637 41768 %n130 59
27934 68031 52297 64871 69099 62359 16099 470 30555 34187 49676 34640 96807 29918 11761 18443 73636 46467 17497 74673 14185 31950 48787 37516 65717 12590 23031 59605 98880 82406 56677 87290 92325 94617 8592 46436 19859 81953 11166 3372 59620 34470 81749 88881 84194 76411 83092 409 55253 81754 86250 9738 85650 47006 13649 9104 86209 479 24144 %n6358 40
39981 67482 93913 42737 14838 59269 56163 93471 80805 88642 71933 90174 30122 96260 14635 36303 58976 95874 44716 71484 32483 63943 13308 56962 88285 59463 59049 66620 40635 26893 60701 82447 59172 66909 7395 37191 57108 37422 23000 76580 %n7811 29
81123 69200 29416 63815 54391 800 13038 52168 55021 15636 78351 12696 3014 7642 74714 71121 21318 38314 79902 6254 8800 34301 61142 38363 86122 72777 4851 63051 59756 %n638 22
28763 67584 25283 55170 31868 39683 34293 58576 39885 39035 34259 35228 82314 19370 67146 97012 78791 78197 80633 61802 43514 82746 %n2842 26
63383 43875 62054 97655 17084 68865 97121 25926 92504 42387 14754 25100 63 64552 23322 52057 89998 11989 71685 13120 72393 86085 32965 43248 79221 22687 %n1954 8
93837 46056 9138 49660 84564 915 80420 71298 %n3762 10
74817 16750 64968 14764 33362 35944 47589 29189 17512 82026 %n5607 7
39456 70053 78185 7372 56100 37969 77915 %n558 7
45410 63451 77920 15201 56130 84659 76245 %n6564 6
79872 21527 57843 63130 23930 45820 %n6648 3
73370 37493 37910 %n5052 1
96084 %n3939 0
%n5018 2
64558 65255 %n5061 2
4617 57733 %n380 1
20602 %n2686 1
46734 %n5268 2
41897 55246 %n3902 1
67930 %n4259 0
%n4650 0
%n1604 0
%n5772 0
%n6529 0
%n2199 0
%n2823 0
%n1004 0
%n7121 0
%n7882 0
%n2054 0
%n2824 0
%n4602 0
%n3051 0
%n2430 0
%n4399 0
%n4803 0
%n7136 0
%n5888 0
%n5176 0
%n5362 0
%n4248 0
%n4282 1
99771 %n2402 0
%n1355 0
%n116 0
%n3613 0
%n2334 0
%n1180 0
%n3596 0
%n3516 0
%n2628 0
%n1679 0
%n7302 0
%n5181 0
%n5723 0
%n3391 0
%n4517 0
%n3012 0
%n2156 0
%n298 0
%n717 0
%n5698 0
%n2343 0
%n2000 0
%n2717 0
%n1668 0
%n1895 0
%n5195 0
%n4076 0
%n4316 0
%n6538 0
%n4904 0
%n7265 0
%n4924 0
%n554 0
%n4923 0
%n4285 0
%n2450 0
%n5237 0
%n1189 0
%n7721 0
%n4278 0
%n5498 0
%n5892 0
%n7895 0
%n7556 0
%n3742 0
%n3502 0
%n5913 0
%n2132 0
%n6849 0
%n2804 0
%n6049 0
%n5012 0
%n3032 0
%n7339 0
%n2215 0
%n3848 0
%n1362 0
%n6653 0
%n84 0
%n3644 0
%n106 0
%n2541 0
%n596 0
%n7544 0
%n4554 0
%n2898 0
%n2972 0
%n5526 0
%n4598 0
%n1732 0
%n4370 0
%n1887 0
%n7253 0
%n2274 0
%n6354 0
%n2436 0
%n3779 0
%n6263 0
%n6285 0
%n941 0
%n48 0
%n513 0
%n622 0
%n3608 0
%n1690 0
%n1504 0
%n4157 0
%n7611 0
%n297 0
%n6206 0
%n6427 0
%n7708 0
%n3177 0
%n7750 0
%n6724 0
%n311 0
%n6996 0
%n2140 0
%n862 0
%n135 0
%n5382 0
%n1609 0
%n3437 0
%n5077 0
%n5204 0
%n5157 0
%n5696 0
%n6603 0
%n1506 0
%n3382 0
%n838 0
%n1198 0
%n6785 0
%n6009 0
%n1303 0
%n6627 0
%n6702 0
%n4061 0
%n1066 0
%n275 0
%n983 0
%n5525 0
%n7462 0
%n6376 0
%n2357 0
%n2147 0
%n3021 0
%n7278 0
%n5619 0
%n2041 0
%n1010 0
%n2195 0
%n5325 0
%n2095 0
%n2394 0
%n7284 0
%n5109 0
%n1073 0
%n4073 0
%n1109 0
%n3503 0
%n1484 0
%n4202 0
%n761 0
%n6186 0
%n6710 0
%n5844 0
%n3819 0
%n466 0
%n4897 0
%n5034 0
%n2575 0
%n5261 0
%n4271 0
%n7461 0
%n5536 0
%n7389 0
%n2612 0
%n67 0
%n3338 0
%n7400 0
%n1229 0
%n407 0
%n1872 0
%n5138 0
%n5042 0
%n5590 0
%n3176 0
%n4768 0
%n5253 0
%n5702 0
%n6123 0
%n2130 0
%n5598 0
%n5407 0
%n6802 0
%n4188 0
%n557 0
%n1943 0
%n2758 0
%n2871 0
%n2036 0
%n334 0
%n3989 0
%n4835 0
%n1661 0
%n4832 0
%n7852 0
%n7147 0
%n6197 0
%n3241 0
%n4641 0
%n214 0
%n5889 0
%n5724 0
%n4542 0
%n7921 0
%n4171 0
%n6976 0
%n5594 0
%n7496 0
%n3812 0
%n6053 0
%n3717 0
%n6270 0
%n2451 0
%n2324 0
%n2206 0
%n3072 0
%n668 0
%n1806 0
%n4605 0
%n7343 0
%n6964 0
%n774 0
%n5453 0
%n5434 0
%n1308 0
%n1384 0
%n6980 0
%n3431 0
%n7232 0
%n3386 0
%n6865 0
%n2693 0
%n3769 0
%n5254 0
%n6259 0
%n6727 0
%n7537 0
%n3785 0
%n1042 0
%n6114 0
%n7367 0
%n6030 0
%n6430 0
%n4430 0
%n5616 0
%n138 0
%n1595 0
%n2888 0
%n2968 0
%n5821 0
%n4689 0
%n3016 0
%n286 0
%n107 0
%n5832 0
%n3941 0
%n6215 0
%n4800 0
%n7036 0
%n7390 0
%n7588 0
%n2169 0
%n77 0
%n5105 0
%n3086 0
%n7864 0
%n707 0
%n4047 0
%n1755 0
%n3656 0
%n