94
439 304
3966 14192 93971 53617 71620 47058 66648 74165 41806 2241 55088 57710 40109 48746 18499 90121 23104 43718 71433 89273 49729 88564 29835 69817 39603 83427 17115 14692 41049 36117 73187 22440 96547 63629 33218 93529 6274 20216 1847 27791 1825 532 66623 42562 84883 51700 5433 41672 29452 12069 63757 13964 14845 10126 58951 38005 13532 17827 98675 43376 27367 69856 55046 99944 1363 69865 61013 44425 97923 45611 34198 43192 64926 60145 13204 98159 49407 9545 6366 28855 38876 9611 94824 86839 49281 96560 97327 56009 41109 20726 85578 77020 52040 50464 85188 90827 10780 84586 96000 55543 62004 94007 60183 25022 46417 37443 73493 73533 47184 60187 58166 39172 22812 32240 26469 67881 69179 59015 59754 66845 28486 20387 34408 18298 58687 68898 76944 10631 8193 81461 44960 94871 57901 46344 74822 14612 40814 80307 61766 41204 53337 42435 20543 59756 2291 2977 56358 90449 83328 64178 62898 36847 30322 10409 18237 87719 42954 2097 8199 49047 31616 80788 98334 3361 12779 55747 52890 32975 19895 36740 99471 68740 98864 91436 60119 95609 14924 9397 36207 13828 9968 91953 90077 52684 45590 48478 69082 62907 8132 20206 19328 22050 10890 83993 999 74985 23799 53078 54312 33076 15358 56955 52680 10474 29272 38684 7424 90761 44969 71368 82877 7903 59523 13736 55264 9926 24410 74081 49668 48242 88441 57451 11935 21267 31915 83143 63531 66970 30426 78185 72116 66609 78151 69437 31946 45541 52761 89633 5711 56602 81420 55843 89262 66383 45238 44816 20169 97963 33401 47123 19216 84320 66902 10836 7883 64872 89186 44842 50021 41371 29435 7110 20281 44319 77754 57428 49665 35486 40806 35595 67451 12231 33553 16744 99160 25604 52772 5804 23148 70567 10686 45650 95631 31088 47032 64517 23719 22309 35353 18083 50379 22583 82343 16548 20274 89300 3106 53418 89442 1332 29963 86553 41923 40652 %n281 176
89540 47120 25076 43699 82489 75801 91669 77069 42472 14005 76247 64148 92787 54242 62344 2811 26177 61450 56778 95917 79170 81301 60420 80099 90212 52725 87765 47440 10209 90921 67101 8827 59562 16663 80692 80529 94482 57864 17776 17469 77437 10714 55433 44770 18126 43616 37624 41535 91012 58658 63890 48655 98289 54523 22012 4184 7845 73251 82883 81033 11805 27943 60386 10966 4390 62018 21885 63442 31454 45104 38574 98269 47937 97547 56150 91351 83931 902 73698 5425 3021 19405 28544 82790 55791 83709 33748 67233 7404 96695 82334 67295 36570 71822 74767 98961 83168 85307 40382 32771 16096 62393 10935 78944 18939 4682 6311 5346 61744 64201 50483 70690 48744 29142 68162 2470 2103 5248 20466 31176 34480 27346 77012 62703 732 19082 14858 86092 77967 1884 41422 712 75047 42889 57706 82216 44537 94455 20548 19055 79340 29283 53472 21391 93284 20338 75366 36260 99643 66853 91969 92831 99829 15934 76598 87814 38268 88968 22157 84821 80967 27757 2323 71150 26016 32950 27923 77188 49813 40826 65340 50748 15176 56250 74305 73476 %n2355 102
35194 70526 70367 7980 21693 65970 94749 39588 85204 10020 43615 65319 31742 63142 59238 67947 2231 399 32516 8081 73364 90435 83621 13169 18209 89533 86992 4154 97245 68173 52690 21851 47450 76899 92943 75929 14769 19921 36615 43331 62065 32732 29430 41836 86075 73816 51572 59725 15542 1649 7768 40336 42163 56412 80318 76942 29193 16032 39438 72521 60511 33640 63871 29497 26838 63593 4030 8585 35104 66979 86637 10147 3319 45457 63979 63323 90711 45685 1890 22467 15667 44651 44495 80319 23918 67853 10257 82746 77046 8780 3007 44335 28482 54645 50252 38893 93038 23795 76792 9534 10155 71633 %n584 59
38931 24728 20516 88886 97864 83692 63828 25204 80149 95837 70383 75954 39114 27442 39653 28568 94832 21027 28847 1303 55080 419 45395 23916 17899 48305 36655 18054 17984 91527 99523 1732 66996 57322 71531 68940 44358 70849 67081 17838 91421 43797 23363 97997 13470 62653 22882 50134 76073 28613 42151 51975 88063 31327 42719 93669 59043 62175 79991 %n2935 40
84278 34252 45176 66165 40973 69901 64781 542 84149 38722 61496 15322 82810 81757 98766 32167 98801 24862 9109 17287 58655 59175 29031 26214 97503 85407 84521 81293 90011 78381 47492 38230 17654 47368 53340 58719 11869 41 4581 78347 %n2361 27
41066 61849 97764 74234 66917 40804 72893 64351 2975 42767 26730 50978 79222 75971 52838 72193 15627 84738 84638 70885 8534 35966 28591 41366 2286 52613 63332 %n1830 14
72684 95380 77382 6139 48600 21424 83321 89552 42211 24138 20102 87282 39722 8495 %n3239 5
9940 8461 30196 88475 1670 %n2103 5
78622 41088 38068 58391 8332 %n151 0
%n1157 2
95585 46393 %n1146 0
%n688 0
%n1444 2
98745 42816 %n2747 0
%n2785 0
%n2220 0
%n233 0
%n472 0
%n652 0
%n759 0
%n1838 0
%n989 0
%n149 0
%n2303 0
%n70 0
%n3158 0
%n3155 0
%n1286 0
%n2329 0
%n612 0
%n955 0
%n2450 0
%n3207 0
%n2145 0
%n414 0
%n2170 0
%n898 0
%n1857 0
%n1777 0
%n605 0
%n950 0
%n681 0
%n2348 0
%n943 0
%n182 0
%n2980 0
%n1371 0
%n566 0
%n2703 0
%n649 0
%n2656 0
%n1513 0
%n1562 0
%n3247 0
%n1396 0
%n1093 0
%n2440 0
%n2397 0
%n2787 0
%n2779 0
%n1674 0
%n85 0
%n1046 0
%n1319 0
%n659 0
%n1302 0
%n3188 0
%n1339 0
%n260 0
%n323 0
%n1199 0
%n2284 0
%n1499 0
%n46 0
%n1480 0
%n780 0
%n1807 0
%n2297 0
%n3014 0
%n1625 0
%n1765 0
%n3048 0
%n1934 0
%n508 0
%n2722 0
%n1870 0
%n1969 0
%n1959 0
%n3273 0
%n3022 0
%n1984 0
%n1900 0
%n682 0
%n