57
488 329
29971 70557 64501 1290 98360 19504 46774 49684 66512 56240 44528 58399 43099 77670 3871 20255 81855 95752 57727 97382 35285 59306 17803 20128 41356 15943 8154 6985 29884 92060 86671 38751 3783 28575 27145 70149 97945 46077 52898 33813 40664 94143 96387 37722 61787 68906 11254 46700 27710 11096 79077 67231 48021 88248 3429 67362 20347 32903 31685 47846 46866 62476 98585 39106 89280 69825 80947 12354 2547 23302 69319 62675 92963 713 38723 82498 21642 8976 83669 79250 5297 57219 98462 42847 79661 76385 1794 47740 85371 47746 34041 7960 54468 49159 76852 4258 83748 9458 11870 98485 47317 23510 57503 13910 76516 61888 19539 29636 15585 57338 6912 83399 11273 3885 6885 66199 61977 54726 25874 39191 63994 75491 58552 52522 83439 64079 2484 66980 41756 88358 41773 83342 81025 92115 18635 25574 59282 68846 82564 27240 53145 89470 86723 28828 65242 39634 1896 85127 94643 34212 75906 6012 42308 87343 94626 15892 92017 68357 51626 76639 34187 84979 69547 64129 2109 87979 42871 46813 64981 52818 87067 5981 36801 483 62292 82264 83926 73888 50410 67662 18091 83407 32452 35992 44993 87092 67490 67092 60803 23087 11802 52895 97405 40543 22513 34125 50556 97121 143 20560 90629 86638 70546 81040 40009 89288 5221 49558 35767 41035 25794 50793 8122 26627 75188 89039 8752 69924 20980 73753 3684 7184 49900 76043 63381 21109 8116 62568 52816 24945 64555 74380 63180 27194 83513 17434 25810 14940 55173 72151 80303 83004 13904 7923 55192 59293 12978 81241 65598 95006 30419 60458 11427 40757 484 84121 8027 99346 96342 20801 89678 74536 48493 98107 71053 52801 67593 92559 48565 23973 94985 70023 18791 94291 86751 13924 44452 26792 52688 37063 71189 86534 24830 73698 1989 39111 25928 12820 59775 87862 14588 29574 33135 43391 85920 3493 90206 60641 74194 71446 37561 91789 37798 22520 26300 70284 61817 4176 54411 77200 92973 90024 74714 55126 49232 35185 41101 64362 5424 95898 97992 87751 27220 52167 43169 92238 1648 90210 13112 %n1017 183
64752 11107 35471 72771 76338 56008 76667 8188 47166 50327 55433 29168 1233 18622 15240 31746 83953 28037 35224 68456 8883 12120 13344 70057 52254 97180 75358 18603 75225 62322 75779 39069 74916 91989 12968 22349 46170 92943 2372 17248 76091 41387 3282 21734 72572 1842 8072 8729 39841 57323 71921 96122 94456 5520 41775 52202 67129 28505 2878 73677 42754 16491 87694 39965 7694 20135 49139 78631 60152 17640 98284 596 33015 63408 9294 94429 10737 16546 25010 66377 76139 64367 68190 61414 5122 71353 85080 16930 80795 13193 93587 21888 1876 19835 69297 46265 19122 32167 16605 76802 71155 93257 31121 21938 82437 94377 68713 10020 83963 43990 57575 75871 22220 17167 42155 64181 76720 4220 50245 64100 18730 43344 52856 68958 50885 61531 50167 96526 20272 5464 7173 36560 6800 7316 82434 52787 79169 25324 37157 10866 66016 22947 7241 35704 75564 19183 22063 41994 10284 9468 93337 16749 83749 40212 34077 69943 39078 57322 22759 97094 79495 51067 57605 56236 58097 48685 87872 89540 37284 8475 35210 76862 69503 98261 67333 95711 43382 63102 18093 60805 73758 59351 86485 %n2076 99
35024 81615 18342 74680 99338 30351 41844 75950 7956 97973 11755 74404 86890 49449 3618 21197 51967 57476 22402 48838 71030 2315 58268 19826 15338 99352 95022 51075 30437 40909 55644 18067 88210 42273 33432 71409 1700 29975 73776 5326 64611 13305 30770 99650 31319 64783 85163 98784 28191 4960 32527 15269 72895 75590 99883 60808 68199 18762 27904 14116 77144 76390 6259 9151 80660 4391 31124 86197 2909 32218 88332 15580 78221 65724 56828 130 48286 3437 15174 28656 77486 80135 46384 27430 79701 99745 13391 2449 61552 64635 33113 31666 40786 87719 80961 68672 18541 46389 34404 %n2943 57
73680 5551 98786 13834 64231 23580 2886 50433 8973 2069 82042 71060 35042 22740 21621 91331 15708 66675 73656 41461 13627 92357 29606 39126 20568 38878 35628 63707 84682 71703 80989 96453 89413 24112 78617 20673 39255 71485 56962 80041 77643 81112 16365 34354 19491 684 79908 37964 76981 5931 23915 84734 66484 45977 30116 28330 96194 %n2434 29
91421 69037 96252 81948 61691 33468 53314 38162 29294 13400 37381 32236 6950 79804 55910 80278 39811 31495 75277 77803 45840 45553 29046 67627 37666 32335 92113 59710 9722 %n236 18
16659 68729 11322 36460 29638 1503 14735 33876 3573 34173 3392 92576 47560 94618 50607 64361 77646 33838 %n239 9
82830 26730 99390 79132 27895 40829 71351 55394 53045 %n411 3
44577 65735 97229 %n1918 1
8445 %n743 0
%n889 0
%n1657 1
26868 %n2741 0
%n1286 0
%n225 0
%n2952 0
%n996 0
%n1466 0
%n2909 0
%n190 0
%n683 0
%n2584 0
%n2985 0
%n790 0
%n984 0
%n2654 0
%n246 0
%n3041 0
%n2903 0
%n2553 0
%n1419 0
%n2299 0
%n2502 0
%n1610 0
%n624 0
%n221 0
%n2830 0
%n2412 0
%n1200 0
%n286 0
%n1645 0
%n1289 0
%n2220 0
%n1044 0
%n1581 0
%n574 0
%n298 0
%n2873 0
%n2258 0
%n2396 0
%n896 0
%n1374 0
%n2905 0
%n2707 0
%n1450 0
%n1629 0
%n1251 0
%n