112
11031 15
40933 36064 34206 14560 3882 14846 25918 28099 15654 15326 21263 803 20360 27729 47551 %n6353 14
12680 4792 20651 34366 37023 17584 23767 8605 25387 18541 47818 7826 20200 12438 %n3745 13
7810 1082 9087 10486 24084 6339 49550 25152 16161 3404 16081 34683 37550 %n12999 11
48196 11200 9257 23909 51268 16334 49950 37427 7285 47958 11908 %n6861 13
14354 29667 18312 31280 21185 17675 37032 10374 19009 19392 49234 17864 889 %n8180 12
27526 48613 47299 34628 14878 9004 12456 40371 3254 30542 2282 24529 %n4663 8
50678 27166 24683 31650 10845 27591 26669 3442 %n8846 7
39403 48774 17718 47925 35550 3013 3549 %n12107 9
47374 32774 5715 19871 15797 6021 51125 10144 10635 %n7650 10
36701 33228 27914 20198 29339 42553 29005 31614 10015 49092 %n12980 11
41209 6381 6229 39761 27279 37685 7484 33842 20559 37479 20165 %n1505 10
27514 33992 40689 47472 35358 41472 43290 17346 3199 18706 %n7196 7
22595 6858 14988 6 18833 26548 39398 %n8775 4
12120 16381 11032 39797 %n10664 2
4444 16466 %n2000 7
40527 30318 42135 14212 39749 29443 19601 %n3066 4
29225 3833 8248 42588 %n11791 5
45548 32289 7696 38243 7244 %n6596 2
48534 599 %n10548 4
16494 12070 5881 46640 %n10558 4
19075 26533 24709 28447 %n12156 5
7069 40698 23407 29061 49626 %n1944 7
15305 19223 52172 35139 31344 13917 5947 %n12616 4
6924 14137 24974 42980 %n12106 2
40565 42741 %n2163 2
12576 50059 %n3475 3
22332 28214 40496 %n659 2
41332 41943 %n12489 0
%n5172 1
32710 %n6315 0
%n7014 1
19512 %n9016 2
48562 39007 %n5345 2
10949 39589 %n9771 2
40520 9908 %n6002 2
13678 5990 %n8760 0
%n5508 1
6383 %n4300 0
%n4370 1
38564 %n5125 1
2624 %n8045 2
52180 35471 %n5598 1
13684 %n2453 0
%n3904 1
52182 %n10837 0
%n9559 2
45827 50812 %n3635 1
50890 %n4738 2
44930 36560 %n11851 0
%n7022 0
%n7396 1
11605 %n4615 0
%n10427 1
44195 %n12108 1
2448 %n12386 1
18543 %n10115 0
%n6344 0
%n1204 0
%n11273 0
%n4766 0
%n12490 0
%n13009 0
%n5727 1
27590 %n5821 0
%n12854 1
27146 %n7386 1
40716 %n467 0
%n8294 2
16434 8735 %n11265 0
%n9331 0
%n9732 0
%n6175 0
%n671 0
%n7837 0
%n6075 0
%n2652 0
%n12224 0
%n1965 0
%n11397 0
%n5338 0
%n3820 0
%n12054 0
%n12709 1
38128 %n6033 0
%n2265 0
%n5456 0
%n2781 0
%n12825 0
%n12622 0
%n639 0
%n8374 0
%n9589 0
%n1658 0
%n4616 0
%n6254 0
%n2981 0
%n12852 0
%n13010 0
%n7783 0
%n10805 0
%n1615 0
%n12381 0
%n9529 0
%n12824 0
%n4105 0
%n11336 0
%n12018 0
%n206 0
%n7771 0
%n10016 0
%n1358 0
%n