136
3292 22
65204 58497 3351 38282 23915 61751 559 18978 58713 47411 37831 65891 63733 39236 36579 67604 10793 28381 35226 69707 68668 34632 %n5998 21
14877 16865 67139 37194 25773 67557 10513 71648 46302 66181 27956 9044 37064 26690 12697 64640 71916 15095 44462 42535 8663 %n4049 20
58191 56067 1637 29388 42054 52928 73159 6290 26941 51208 38894 50428 29461 34470 25864 16148 63937 9034 78213 31374 %n5339 17
6226 76134 43986 2126 33906 75606 25123 36670 68256 50636 20050 34399 49049 71605 63767 13764 775 %n4046 17
71904 35993 50020 13169 73088 36880 21565 69890 10665 51527 16789 66477 44440 9792 74874 33582 20230 %n5406 18
8581 65395 39528 39483 46761 18119 63914 33200 3762 74048 49128 41588 35053 72858 62401 47108 45385 56894 %n1549 16
6801 10887 64067 35291 75749 63577 48070 33096 55780 22174 28816 43610 67088 32364 24304 20115 %n6007 18
15425 40604 1619 28418 54062 44237 18132 6899 29491 25949 57682 9806 14749 7288 22515 54830 1114 3357 %n7043 17
2712 75877 8024 12553 41786 62349 36618 324 46735 48767 63542 46175 59049 17909 57964 43456 21124 %n1752 16
13747 31441 76814 49474 25913 46602 53718 73241 57168 14338 2268 19030 64826 58276 53997 67741 %n5070 14
60801 69691 28806 11584 76207 14297 25162 50702 63908 10103 51591 22472 57138 49539 %n5429 12
20072 59274 28241 42276 15774 66922 4535 66035 71973 71249 49291 49113 %n2132 12
35172 17983 43472 62831 9988 39672 60786 62496 57262 67170 76998 8115 %n1956 13
51415 39156 39510 64426 48025 41830 71381 16233 30424 67627 68549 29226 74188 %n4787 8
53309 25102 3985 44327 63292 11704 58719 26351 %n2151 10
46866 48746 61316 2363 29886 7571 8346 59199 1865 52681 %n3575 10
37268 64803 22966 32657 47537 54650 66193 73163 28150 49170 %n708 7
59262 22399 60347 73530 61693 51503 58421 %n3184 7
67129 66126 42001 30406 73000 32080 20723 %n7572 10
46194 39876 44572 5377 30221 69140 38809 64565 30117 24199 %n3648 5
12059 26672 12938 40664 43342 %n7551 8
59723 34758 73091 484 48494 16555 19320 20268 %n4897 6
60136 76763 54398 65350 44904 34472 %n7614 3
51333 726 53401 %n5889 5
53605 32937 32444 18059 34154 %n5116 6
58833 55923 31840 16170 64193 61108 %n382 11
1474 8008 47415 27706 13481 57306 1123 76591 71649 53614 46863 %n2632 5
17576 48118 61153 58871 34448 %n2075 6
63674 36214 23068 43018 72066 3039 %n4585 6
52027 36636 12987 58552 70356 16225 %n1815 6
13353 14126 78114 22714 67949 59381 %n3291 6
40479 3512 56302 17050 3480 32968 %n719 2
77616 45154 %n2764 7
2472 67521 47281 66634 34634 69077 18920 %n5008 3
5597 37843 28375 %n4151 2
771 53131 %n2893 5
36293 54767 44846 57812 25247 %n4900 3
24521 3499 45859 %n2540 3
61934 35887 71210 %n4580 3
4124 65245 33459 %n6502 4
27467 64053 30799 16934 %n2661 1
43150 %n2862 3
36306 43351 65811 %n1635 5
1670 26421 23558 71545 19487 %n6134 2
38399 40952 %n1189 5
70328 69479 30922 25557 15742 %n5096 2
23674 20029 %n7818 3
18498 5875 28356 %n4461 3
58664 14659 23060 %n4140 4
27534 47733 45180 51148 %n1051 1
44508 %n3722 1
58134 %n1276 2
53484 41489 %n3444 0
%n2460 3
34421 69762 20614 %n7687 2
49193 47119 %n5129 0
%n910 2
69226 17013 %n5579 4
13885 15309 68418 2872 %n2971 1
59327 %n734 0
%n7276 0
%n7642 3
16653 17145 61813 %n5388 1
23169 %n3833 1
34676 %n812 0
%n5749 0
%n748 3
16948 22262 8338 %n3450 0
%n3366 2
64603 77907 %n1508 1
40023 %n6483 2
39051 71358 %n2012 0
%n3862 0
%n432 1
69897 %n4377 0
%n6444 0
%n911 0
%n6119 0
%n3501 2
56107 77317 %n2191 0
%n3457 0
%n2912 0
%n5058 1
45030 %n3204 0
%n3144 1
6425 %n1934 0
%n5167 0
%n1827 0
%n7202 0
%n6236 0
%n7112 0
%n6 0
%n315 0
%n3267 0
%n4260 0
%n2693 1
26549 %n7117 0
%n4296 1
31769 %n7649 0
%n5944 0
%n543 0
%n1694 0
%n3437 0
%n5564 1
56838 %n5489 1
27279 %n2339 1
20372 %n5527 0
%n1530 0
%n5182 0
%n750 0
%n4687 0
%n3666 0
%n4813 0
%n100 0
%n1285 0
%n7746 0
%n2608 0
%n2334 0
%n7481 0
%n3611 0
%n5759 0
%n7685 0
%n3337 0
%n5700 0
%n2312 0
%n5446 0
%n8 0
%n6714 0
%n176 0
%n4649 0
%n6937 0
%n7399 0
%n2286 0
%n4688 0
%n4048 0
%n