109
2713 22
43802 2533 23667 25396 36015 54280 17311 32986 70115 8913 6415 22627 33551 31921 9200 34021 26427 23537 5903 13545 38724 71461 %n6065 21
14662 57203 47096 15179 46795 70000 75049 39320 66676 43938 67692 4373 61250 55025 60144 51244 35255 68364 58318 20486 25526 %n10794 18
27154 57246 62117 72824 35959 54574 33991 62046 23451 40033 68408 67135 61675 49904 16287 41404 73555 10247 %n9543 17
42190 21663 4365 35328 42221 53654 29633 3997 14692 13951 55936 743 39675 35600 73347 65126 51042 %n238 16
19553 61836 41711 4643 24876 62166 8479 44503 53192 50994 22537 66928 21447 23887 46755 39203 %n8081 15
1872 23581 16073 11498 34598 72034 4465 67006 57219 66446 65440 40338 5501 273 35735 %n1143 16
62403 20988 42836 40291 74054 61243 13184 18928 18752 70405 56297 67894 47458 12388 36673 63145 %n2601 14
21356 70040 61820 36511 5364 52494 16184 55562 42222 14671 19363 54599 33907 60805 %n8138 10
53507 71627 16392 5872 1604 70874 35830 4909 16500 32897 %n9703 13
51070 49780 37506 22667 40481 15366 69501 19019 49370 58784 7832 20682 50362 %n2172 13
38007 62604 56376 52921 71762 9705 26743 8272 32699 21215 23458 22153 16411 %n10272 7
39902 56631 18960 32746 46278 13243 65758 %n5914 13
21019 10216 33811 632 592 41509 19936 24443 28493 33213 25867 28139 53967 %n5383 10
14674 33263 39003 46901 22157 57247 72076 50418 69715 29632 %n3477 8
64653 51727 18300 26768 56452 28336 28187 57999 %n8988 10
6611 37032 68698 3873 58122 11968 20323 66709 68647 55484 %n4978 5
15812 60813 38324 68962 29242 %n191 9
28614 31437 11407 72512 60221 2993 46860 34962 4294 %n8218 2
39431 11094 %n8351 5
3195 60509 2523 31345 31111 %n1322 4
69097 47178 1878 71202 %n10177 5
46383 17448 1861 57909 29912 %n4126 8
71373 64608 42401 26117 44117 69164 38728 60573 %n1634 6
20023 28615 55510 63368 68354 29041 %n7852 4
5745 7475 33117 37747 %n8572 1
43353 %n5869 7
29063 40250 61877 50650 58310 50231 38071 %n3871 4
35746 32212 28197 39430 %n7878 6
64626 4103 28338 57583 63331 52947 %n6951 2
30781 51573 %n6207 4
33809 38385 17077 40500 %n5953 3
55124 73758 18367 %n2650 3
61860 66252 60058 %n322 0
%n10692 1
28173 %n2434 1
59416 %n3888 0
%n6783 3
37442 9288 41348 %n11029 1
47954 %n11701 1
59643 %n678 1
73306 %n8455 0
%n2743 0
%n4939 1
63462 %n11258 1
19641 %n3923 1
11447 %n5371 0
%n3175 0
%n966 0
%n1674 0
%n3099 0
%n11632 0
%n6633 0
%n269 0
%n6790 1
34650 %n9958 1
45543 %n6445 0
%n6775 1
38354 %n910 0
%n10719 0
%n9074 0
%n2832 1
72458 %n8736 0
%n1814 0
%n1202 0
%n4947 0
%n3452 0
%n10963 0
%n6051 1
15629 %n10024 0
%n7418 0
%n8359 0
%n7489 0
%n2306 0
%n8377 0
%n8739 1
74208 %n3338 0
%n5659 0
%n5564 0
%n1366 0
%n8516 0
%n7325 0
%n3160 0
%n8504 1
24192 %n8801 1
58492 %n63 0
%n10043 0
%n3454 0
%n8811 0
%n3813 0
%n3624 0
%n1688 0
%n10665 0
%n3899 0
%n9363 0
%n4488 0
%n10679 0
%n11292 0
%n9481 0
%n9828 0
%n9617 0
%n1553 0
%n7737 0
%n10938 0
%n8732 0
%n4437 0
%n5938 0
%n5012 0
%n9916 0
%n