221
879 114
44620 22076 50825 90148 83839 90566 43217 68402 34014 65207 11629 12027 49573 47288 87808 7324 14377 55980 88552 31542 15733 35068 42129 84540 88359 17067 50941 51391 9103 25349 25858 50020 13876 28887 79714 4275 58274 9519 40566 16538 40867 19877 23420 64319 82604 52494 48804 35580 44480 64978 15525 61335 22877 32227 1606 81350 40354 15160 30997 37690 53582 76825 71034 32925 88702 36035 11 81506 45104 68276 78235 23890 31517 77885 2854 77911 11895 39944 60000 2185 90767 66336 89616 17826 38559 73074 27801 47065 25960 14726 53498 23747 23848 55506 73142 42168 88619 78994 6197 47192 62279 29857 50579 67659 44767 491 36282 1204 26634 9588 49627 17262 17172 18817 %n4364 80
72528 10496 41631 10506 77789 65424 17957 1071 50582 41247 15247 52771 83902 50886 64098 43733 13669 80563 74476 8387 90620 60721 6027 22911 86995 71253 40206 15310 48202 12207 30955 22760 23501 19610 25714 3544 56081 35941 65896 6194 32016 11685 54298 11409 27587 75146 30357 56520 88804 28552 625 44542 28789 2037 20174 29203 60425 43143 44289 5271 60243 62263 55711 23523 61264 83157 41484 91032 25505 77722 32975 5064 49843 7780 54973 62088 90435 10513 50773 2792 %n3053 55
80015 80632 24395 10089 51911 19852 72698 22645 58457 5781 68314 34587 31942 88841 79685 22731 69383 23005 31661 13139 45467 55890 6286 22231 32790 36288 3535 1875 13393 86818 20157 42195 86567 52679 28518 9687 58799 14092 44645 4536 65368 56005 6055 38944 45855 60918 70998 66899 41336 63800 77902 6034 1387 74742 81964 %n3082 40
46292 31260 26570 66639 73761 77599 50426 782 71769 42716 65281 79152 10265 47371 37656 30442 46200 49551 16096 52074 17332 72935 85451 75501 65838 89911 67218 39885 39473 84847 31229 65154 57712 62647 40793 83647 24586 47855 47563 63479 %n857 24
39113 18736 46634 10872 52593 23160 76063 69327 87935 65251 29778 91179 88443 15991 90330 90773 6674 23519 112 18017 20561 32286 52510 53415 %n5697 18
41793 4441 8901 23451 44227 77192 21948 70500 82274 69255 37713 41822 61446 5961 83681 42909 20903 71647 %n8668 10
84212 54410 16723 25287 38283 69087 76309 47407 38250 57923 %n7319 5
53175 13031 11118 4394 46723 %n155 5
21883 2724 46825 8612 88123 %n1998 4
7706 31572 70170 33814 %n2719 5
78499 37600 8656 6508 90246 %n693 3
26574 31465 16813 %n3450 1
64913 %n4244 0
%n6971 0
%n5803 0
%n8275 0
%n2225 0
%n312 0
%n6193 0
%n191 0
%n5528 0
%n3226 0
%n5863 0
%n3166 0
%n942 0
%n2803 0
%n8568 0
%n7592 0
%n4666 0
%n730 0
%n8296 0
%n7094 0
%n3629 0
%n2128 0
%n3183 0
%n5758 0
%n8769 0
%n4156 0
%n3756 0
%n5232 0
%n7165 0
%n3708 0
%n519 0
%n1354 0
%n5308 0
%n1874 0
%n5747 0
%n3383 0
%n7459 0
%n8520 0
%n5711 0
%n5459 0
%n7276 0
%n8526 0
%n4005 0
%n1697 0
%n3811 0
%n3282 0
%n7046 0
%n4523 0
%n8767 0
%n4281 0
%n2496 0
%n5953 0
%n3986 0
%n7696 0
%n4785 0
%n3479 0
%n275 0
%n402 0
%n7783 0
%n1042 0
%n2510 0
%n2126 0
%n2390 0
%n637 0
%n2785 0
%n5543 0
%n37 0
%n6697 0
%n740 0
%n7366 0
%n2664 0
%n1873 0
%n7093 0
%n6858 0
%n8642 0
%n1550 0
%n2626 0
%n4725 0
%n7577 0
%n459 0
%n2374 0
%n1076 0
%n988 0
%n8593 0
%n6630 0
%n6726 0
%n6030 0
%n5475 0
%n5255 0
%n5152 0
%n2910 0
%n6052 0
%n5393 0
%n695 0
%n6986 0
%n4524 0
%n4189 0
%n5247 0
%n6475 0
%n3537 0
%n512 0
%n4810 0
%n8413 0
%n5149 0
%n6787 0
%n5985 0
%n3043 0
%n5833 0
%n2686 0
%n281 0
%n7479 0
%n5130 0
%n1466 0
%n3628 0
%n1867 0
%n4473 0
%n5320 0
%n7799 0
%n1094 0
%n4185 0
%n1272 0
%n3795 0
%n3449 0
%n3238 0
%n4960 0
%n2739 0
%n971 0
%n1122 0
%n4271 0
%n1510 0
%n1761 0
%n5273 0
%n5319 0
%n2257 0
%n7984 0
%n1657 0
%n4166 0
%n5872 0
%n4183 0
%n3730 0
%n8340 0
%n2278 0
%n5305 0
%n6060 0
%n3890 0
%n8514 0
%n2716 0
%n7462 0
%n4283 0
%n7670 0
%n4434 0
%n1412 0
%n7314 0
%n1077 0
%n2673 0
%n3153 0
%n6012 0
%n5667 0
%n7881 0
%n130 0
%n5525 0
%n292 0
%n8128 0
%n5369 0
%n1492 0
%n2025 0
%n209 0
%n1343 0
%n5121 0
%n6155 0
%n2692 0
%n3932 0
%n5645 0
%n7991 0
%n4118 0
%n4538 0
%n4952 0
%n124 0
%n4155 0
%n3696 0
%n968 0
%n4172 0
%n1487 0
%n6628 0
%n6403 0
%n7699 0
%n8176 0
%n1157 0
%n6205 0
%n3782 0
%n745 0
%n3898 0
%n513 0
%n27 0
%n441 0
%n7711 0
%n5871 0
%n1950 0
%n7641 0
%n6495 0
%n4176 0
%n5354 0
%n5848 0
%n5860 0
%n7057 0
%n3222 0
%n2090 0
%n5006 0
%n