361
8614 113
78203 66581 45232 27291 89525 60214 86512 34848 53662 19502 60744 82273 32566 43094 84278 80108 68305 69256 7127 19049 55820 9768 5219 55340 69402 99983 67678 47789 14248 90476 38416 70239 55891 76490 10740 8768 23256 65690 78283 87905 17283 42498 98729 32087 52769 48533 64926 70176 5477 27372 8958 32444 91326 30618 71824 78872 80802 52124 80092 55259 17870 85761 73619 36361 60936 90073 51570 39485 68507 68225 55104 86613 77126 89996 97177 88342 55471 19925 71530 99940 96724 48653 73321 55256 78349 50488 6994 72920 19985 33738 83956 89570 21808 38770 15451 12705 60265 92339 36496 96250 7216 73025 58311 93313 66938 39488 46581 23261 69009 23541 36684 18054 68356 %n1831 93
10818 99409 40932 37576 79110 71318 54449 94545 39210 58618 83050 86404 55477 82622 18974 62209 8267 18903 84020 93316 54219 29337 15363 14265 65773 86834 4006 34479 76817 63850 5505 69781 31148 88800 42318 37408 84608 38320 67200 74087 48980 55462 52352 26698 36623 85817 6031 6156 20115 67879 27077 78281 45234 67129 12751 97837 97590 96084 96018 73420 28574 222 90986 40845 39017 30391 38100 10860 80169 92763 96283 16007 70116 47579 97359 3066 58626 57116 30940 54120 93759 25245 48456 71465 61440 67784 68050 1870 83034 35530 65796 25485 40911 %n5733 61
45610 20920 47010 29438 49882 22821 94157 73523 34079 66908 10021 6279 67914 4580 24651 71078 33227 55810 46130 15605 39795 63897 14718 51187 91050 1130 68539 57294 34500 35818 76113 2771 97858 66454 27459 43333 41045 98335 3 23890 92302 94109 55355 157 53177 88806 52752 79251 67986 41313 17600 94921 41605 54437 74207 89972 87559 93705 74249 87885 13653 %n4282 49
81408 52793 78784 51106 2442 55223 63557 18754 17188 1813 11973 79580 38626 49386 52089 60154 30409 67680 99597 10624 87902 6587 17729 95040 9995 6922 82267 61079 57839 24561 16778 49998 65288 42111 35330 79393 63342 67820 2284 57990 19161 2688 55426 17649 22402 53775 89184 2437 90652 %n3403 39
42813 47603 84114 54605 56267 49932 10962 538 86121 90786 37645 4944 87079 79676 7867 5792 24266 74785 41211 47375 52111 32789 29246 88614 75905 50875 29350 41287 89364 59397 74052 22822 98759 58687 75627 14795 11475 59383 99347 %n11 32
7546 99310 60508 52132 27769 4806 57765 74131 13288 82811 73069 26257 22416 96640 34231 63181 10952 67800 84817 98222 47702 92971 83480 20738 35913 49384 13229 23817 32122 46120 39517 94148 %n8053 22
63094 62780 60101 28970 55079 41218 4493 60591 62016 2974 88044 65897 92805 39723 66597 19594 62896 8743 9939 99147 30889 65349 %n8094 18
57932 25073 17126 16269 50999 11601 7560 22984 42521 55920 20467 7731 10830 72401 76614 48043 98273 97604 %n7676 14
13231 63929 24819 88238 32499 51485 25221 30019 38251 97769 5214 8601 69673 71320 %n3934 11
18573 64022 84591 46554 58395 69759 60030 57211 92160 72488 71743 %n5322 11
37302 65580 93899 7533 61100 74588 45871 55669 49840 57487 60340 %n5659 10
71814 5242 36054 83191 29078 81119 17332 2461 86918 70889 %n187 6
64807 23794 76554 79098 45909 18496 %n1758 3
36452 34067 82855 %n3998 5
10023 87311 17037 30050 64949 %n6824 5
7691 68074 57023 9066 43305 %n8505 0
%n3709 1
67215 %n3360 0
%n3320 1
50989 %n3251 1
62473 %n8547 1
45787 %n2217 1
49030 %n1307 0
%n6801 0
%n270 0
%n5197 0
%n6051 0
%n7542 1
95636 %n7443 0
%n6571 0
%n5051 0
%n2431 0
%n6199 0
%n3798 0
%n1689 0
%n927 0
%n2720 0
%n1136 0
%n6858 0
%n4500 0
%n7511 0
%n2694 0
%n921 0
%n7639 0
%n2606 0
%n4109 0
%n995 0
%n1520 0
%n7465 0
%n8538 0
%n5416 0
%n3273 0
%n2262 0
%n4048 0
%n339 0
%n3972 0
%n1310 0
%n4366 0
%n6652 0
%n6368 0
%n7492 0
%n7991 0
%n2708 0
%n5303 0
%n2506 0
%n7997 0
%n6608 0
%n8281 0
%n5088 0
%n211 0
%n6206 0
%n8403 0
%n6052 0
%n556 0
%n2313 0
%n2953 0
%n100 0
%n8718 0
%n4081 0
%n7264 0
%n6105 0
%n3021 0
%n6444 0
%n3191 0
%n7552 0
%n8230 0
%n784 0
%n1439 0
%n159 0
%n4023 0
%n4433 0
%n7094 0
%n7704 0
%n6040 0
%n743 0
%n6369 0
%n8058 0
%n2412 0
%n4738 0
%n6678 0
%n7316 0
%n7131 0
%n1956 0
%n3644 0
%n6915 0
%n775 0
%n122 0
%n566 0
%n6161 0
%n630 0
%n3542 0
%n8700 0
%n3393 0
%n1880 0
%n8298 0
%n8537 0
%n7710 0
%n1203 0
%n6532 0
%n377 0
%n895 0
%n1057 0
%n4240 0
%n2709 0
%n7804 0
%n3300 0
%n841 0
%n721 0
%n7078 0
%n8364 0
%n1144 0
%n5246 0
%n8151 0
%n2257 0
%n7426 0
%n1558 0
%n6793 0
%n491 0
%n6098 0
%n3758 0
%n2519 0
%n2765 0
%n5274 0
%n8233 0
%n2086 0
%n7220 0
%n7746 0
%n5199 0
%n2073 0
%n3242 0
%n4587 0
%n6633 0
%n1365 0
%n3539 0
%n6524 0
%n3377 0
%n5882 0
%n6309 0
%n2347 0
%n6979 0
%n1924 0
%n4975 0
%n1802 0
%n291 0
%n4400 0
%n1950 0
%n8384 0
%n8028 0
%n626 0
%n5868 0
%n4644 0
%n55 0
%n3991 0
%n5968 0
%n2607 0
%n6392 0
%n8129 0
%n5740 0
%n4634 0
%n8469 0
%n8604 0
%n4194 0
%n7040 0
%n2690 0
%n2343 0
%n7613 0
%n3044 0
%n8301 0
%n6113 0
%n8579 0
%n5792 0
%n5292 0
%n5457 0
%n4997 0
%n3971 0
%n3831 0
%n7419 0
%n2101 0
%n6749 0
%n7836 0
%n1370 0
%n2244 0
%n1745 0
%n387 0
%n4412 0
%n267 0
%n1776 0
%n6912 0
%n198 0
%n5976 0
%n4730 0
%n8011 0
%n5887 0
%n155 0
%n2641 0
%n4420 0
%n8398 0
%n7222 0
%n2224 0
%n2878 0
%n3592 0
%n6714 0
%n433 0
%n2552 0
%n7981 0
%n8605 0
%n1305 0
%n8562 0
%n4440 0
%n2955 0
%n8356 0
%n2378 0
%n2966 0
%n7173 0
%n8734 0
%n225 0
%n5627 0
%n8652 0
%n4608 0
%n2551 0
%n5666 0
%n6980 0
%n3581 0
%n5319 0
%n848 0
%n182 0
%n8390 0
%n8075 0
%n8609 0
%n828 0
%n7086 0
%n7245 0
%n8635 0
%n6473 0
%n2676 0
%n5405 0
%n8097 0
%n6324 0
%n7825 0
%n6615 0
%n325 0
%n2447 0
%n5382 0
%n5565 0
%n8102 0
%n7415 0
%n5288 0
%n1634 0
%n6354 0
%n2001 0
%n8200 0
%n7705 0
%n2697 0
%n1468 0
%n4021 0
%n691 0
%n6317 0
%n8317 0
%n5234 0
%n2829 0
%n6706 0
%n4152 0
%n1560 0
%n1821 0
%n4740 0
%n3280 0
%n2108 0
%n3361 0
%n7424 0
%n3402 0
%n5167 0
%n6027 0
%n6958 0
%n4533 0
%n3790 0
%n6981 0
%n414 0
%n8038 0
%n2193 0
%n7236 0
%n7000 0
%n7845 0
%n3990 0
%n5190 0
%n1921 0
%n3063 0
%n8586 0
%n3162 0
%n3546 0
%n1080 0
%n6621 0
%n1490 0
%n5478 0
%n7345 0
%n2654 0
%n6580 0
%n6815 0
%n3616 0
%n6875 0
%n32 0
%n6031 0
%n4671 0
%n7627 0
%n6708 0
%n4401 0
%n2561 0
%n4810 0
%n3006 0
%n2811 0
%n5911 0
%n2678 0
%n1851 0
%n3016 0
%n3254 0
%n4386 0
%n8554 0
%n6712 0
%n2577 0
%n2731 0
%n2994 0
%n1995 0
%n5635 0
%n6366 0
%n1844 0
%n5206 0
%n1274 0
%n3260 0
%n3667 0
%n5352 0
%n3307 0
%n5310 0
%n5981 0
%n4540 0
%n7652 0
%n1329 0
%n2496 0
%n3805 0
%n8650 0
%n2484 0
%n4455 0
%n