44
8512 100
46951 48288 3585 31244 24671 83404 79819 25153 1083 34662 12040 46971 7648 53388 61558 34370 58621 66405 52737 76409 20889 5650 41883 44877 43194 9399 59462 63450 42349 28638 54975 53829 43958 93538 90000 72601 65374 42858 87235 60648 76779 80691 68320 14494 23204 29424 34563 44845 85276 46195 37852 92259 95954 42345 95035 71709 65609 93871 831 92918 1690 87544 64580 11088 50114 22967 44243 30619 2227 88856 91492 93486 33499 19571 33493 31096 51358 45813 57886 66839 8946 17044 95342 4067 69137 24137 54956 26629 41192 39250 68927 47218 15892 36533 45190 71561 67250 66219 63628 90334 %n7741 77
28584 48022 12627 81603 50892 72998 99023 41303 62462 81793 70233 56980 76636 79457 16632 71014 70792 72611 92101 64490 84790 6584 49352 63896 70789 79094 28038 45441 96964 23565 72534 72685 74480 64195 63583 19011 20416 56472 30493 24687 3741 34691 53604 43474 77071 94598 20385 68763 40247 81602 68997 44019 51040 45242 1590 4271 423 10178 60813 45796 61506 44697 5848 43456 43569 67012 51605 93012 99171 92419 73032 88375 32177 77571 15331 41037 3057 %n8733 71
83285 9834 43634 19293 24451 21801 97785 50511 76610 53625 26264 76175 56262 72752 26543 84255 54062 5091 26096 3061 75879 69290 86992 52165 12180 7222 91418 69400 50770 24934 59688 16976 31194 81420 17563 40250 88917 67260 92908 58408 8522 61978 61546 24116 44254 69560 98871 76297 76118 25082 52514 43801 5348 81905 20641 30012 88870 72219 87093 79428 40270 79038 99847 15738 89164 73403 35154 49215 20070 55172 88158 %n1676 53
57731 13426 87376 54752 34135 26636 79955 42630 63853 20098 8362 76043 75716 39097 48044 58556 75484 41347 7947 83309 2602 21172 30614 76716 95089 82407 19536 28876 90134 68733 50859 76065 99165 12422 47731 83570 4207 42004 81489 37727 90683 41959 82551 65159 93759 17878 60778 9831 73861 54398 63683 10660 2712 %n4186 44
34398 24076 72604 28666 21880 77991 87618 31418 67742 40629 32982 576 90629 66031 54978 94145 39399 34895 65291 51405 42189 88597 17731 41511 87220 2491 50341 13021 17326 56784 87651 73527 51878 50053 48983 57646 4860 89943 19278 98999 73781 66444 32933 41684 %n6498 28
20696 78616 83565 11559 79227 35286 88058 27817 72553 38574 93259 42243 15643 78494 86884 79158 17938 83241 61184 91095 29457 84720 81825 96534 83142 33843 93541 43392 %n8100 33
55540 98306 1339 54216 96672 98400 52557 87915 34349 97905 95671 37845 59373 69951 50131 1648 60126 5375 76767 36410 53250 73511 88488 86844 69115 11811 13419 32388 56706 3977 99779 41831 16679 %n1918 26
66914 92989 31064 32361 45655 48537 33551 96878 94995 55896 44404 23670 39509 58986 11874 12798 4097 71504 60847 51024 24811 39286 41411 71118 8967 38747 %n1842 20
6672 94082 38734 80330 25008 87379 12318 50860 16182 97396 32234 88282 46934 68246 76568 67444 60269 27796 82698 57252 %n1387 16
88657 87278 18581 51108 41956 5412 10343 1517 27174 17931 48483 32633 24506 48456 70946 67282 %n7070 18
40037 87547 83392 55588 53149 28285 34976 75845 24201 65855 73159 24541 52333 85825 33312 39911 61902 67746 %n1455 6
90355 24821 4371 45333 87822 68912 %n5769 8
21250 3500 55760 24248 69632 55122 56197 90765 %n4279 7
79296 47237 55972 77381 91562 39483 85716 %n6177 6
64945 47837 19355 982 31741 6340 %n6849 0
%n7693 6
849 23003 82259 65526 28743 36817 %n6101 3
8277 5401 80070 %n2072 2
67963 93128 %n6318 0
%n7114 1
7864 %n807 1
58451 %n5764 0
%n398 1
12922 %n3678 0
%n42 1
22646 %n7136 1
32248 %n5710 2
70306 81499 %n1077 0
%n8584 0
%n6036 0
%n533 0
%n4252 1
74043 %n6656 0
%n4694 1
55481 %n8065 0
%n307 1
26260 %n8230 0
%n6333 1
31972 %n4181 0
%n1721 0
%n3806 0
%n3876 0
%n6589 0
%n