205
7085 131
82072 10249 91904 47561 12257 43216 84106 47040 28511 47202 52290 22914 72928 83743 95595 46981 7540 78186 44581 15501 53803 56266 38527 18515 70501 37064 2387 37704 30854 9990 20105 16604 88324 58004 5741 24054 52868 38929 57512 63848 95381 25543 66795 64754 78398 15457 9969 23016 22850 64191 15629 46282 63229 29584 97467 45014 77629 7510 95761 13431 77854 13756 49233 44672 60553 12595 21270 94679 16932 89330 18543 13135 31198 99128 11339 20325 70861 6248 47025 41915 31807 14039 40036 20873 49666 12294 52142 18054 79671 57671 46639 13163 84790 50914 20421 79467 9431 53264 3718 95766 23840 95171 19500 79445 28180 78771 55357 43055 68709 1636 70713 82074 19683 6461 73699 56554 63288 63449 57751 54484 68372 64467 62779 36519 62129 99140 63775 99023 80495 74776 87316 %n1734 4
20114 36609 98999 60927 %n1651 4
49133 81882 61035 49215 %n5747 4
24004 647 94931 1467 %n4038 4
15928 5263 86335 6270 %n6715 4
27155 8667 50717 75114 %n2428 4
4969 33470 61879 15948 %n5954 4
73740 43505 44065 98998 %n5894 4
43310 11332 34556 5560 %n3808 4
55744 80556 71914 97669 %n4031 4
86409 17766 60865 83884 %n4162 4
12737 14998 98046 52284 %n6344 4
31060 6516 11330 60630 %n5084 4
54973 53613 12217 46188 %n5263 4
18444 69198 46227 94498 %n3695 4
84050 8249 63585 75136 %n2606 4
66136 64634 9608 64787 %n2089 4
68500 57482 15902 49652 %n4008 4
67689 88257 35342 84825 %n980 4
76924 79377 46261 74067 %n2537 4
262 79987 93577 48528 %n2529 4
44934 72650 48686 68321 %n3532 4
64872 71902 26794 86891 %n3900 4
86197 31030 11701 39252 %n18 4
14053 3769 74169 88883 %n1114 4
17287 10335 6860 58077 %n6754 4
18322 47260 54719 63996 %n6940 4
62668 26804 7933 32584 %n3531 4
26502 34193 40124 17356 %n1998 4
13859 59644 0 61408 %n6494 4
8767 69214 81238 13584 %n2203 4
89363 32348 56976 31181 %n3274 4
25052 52154 98480 64551 %n2992 4
71732 35345 91820 12508 %n5940 4
15107 91106 67112 80561 %n405 4
4782 10423 15833 89130 %n759 4
8642 62803 52804 91989 %n837 4
51763 32350 1832 32609 %n649 4
43269 23332 71077 21655 %n1894 4
32795 6665 46403 11706 %n1807 4
65114 53452 27416 21896 %n58 4
97313 64882 40831 29723 %n2809 4
33247 47729 77821 31862 %n512 4
73075 82726 64382 40205 %n955 4
11461 39310 75188 35884 %n818 4
62972 14607 70112 93818 %n4330 4
78865 66548 63668 23288 %n2614 4
85172 14278 37852 27992 %n387 4
27188 63356 25517 25179 %n4345 4
74105 77 90162 85927 %n6697 4
5250 39703 11975 90842 %n4570 4
80515 61627 95276 33664 %n7517 3
73147 44851 29359 %n6994 4
20137 68939 35257 31607 %n654 4
43095 60409 39408 99246 %n877 4
43754 76185 3621 9433 %n5582 4
40940 22430 25699 66947 %n5737 4
66463 76401 81946 59061 %n7160 3
33230 99112 39772 %n2795 4
75377 8996 41069 37831 %n1030 4
14768 50518 94618 87017 %n1287 4
41115 18283 98238 99559 %n1997 4
32033 26571 9393 2085 %n6638 4
53853 57884 32554 58869 %n7396 3
16998 3410 36633 %n1296 4
97414 58723 18019 70808 %n4981 4
80578 48889 32674 38614 %n594 4
18749 75632 96057 40547 %n2044 4
30368 80919 26237 54517 %n5616 3
78911 36413 10145 %n5413 4
17126 11373 3516 83694 %n639 4
78399 45050 2438 54571 %n5357 4
74900 20240 99402 66907 %n1629 4
23686 6244 44238 37114 %n2334 4
16503 46326 5428 42277 %n1930 4
82281 40195 47427 24649 %n289 4
15289 14779 94792 65278 %n3410 4
47045 37065 84341 38195 %n1686 4
2475 85844 21662 2643 %n5786 4
99548 35530 59886 99195 %n4376 4
10101 61006 38577 36010 %n5138 4
35188 41092 49410 73421 %n2114 4
91235 2781 18129 15422 %n7303 3
60361 20447 8590 %n2218 4
99647 63760 58839 91585 %n2176 4
57364 45106 47567 73160 %n3346 4
97212 75796 32307 22891 %n558 4
3057 24996 16945 9462 %n6184 4
1191 40170 25959 55724 %n2153 4
48845 66827 56156 71224 %n1516 4
22310 74126 13607 78877 %n608 4
95175 14373 31111 23518 %n3237 4
48844 91905 53785 79028 %n4159 4
1582 28420 6715 9642 %n917 4
23376 62884 68964 84516 %n4641 4
30237 5973 23126 88693 %n7081 3
71508 67512 1883 %n4315 4
11219 7822 89749 65473 %n5980 4
83800 79200 6787 30124 %n6442 4
24333 17628 66459 18015 %n365 4
7374 56485 14687 32082 %n3436 4
56512 54017 19074 3524 %n1906 4
73917 88926 76845 87544 %n2916 4
68955 71135 18627 94868 %n2700 4
54192 65301 97687 84631 %n6325 4
97816 72566 47527 11803 %n1265 4
98373 78351 78592 29660 %n2033 4
17387 13421 6391 10705 %n2103 4
88673 64890 33811 22869 %n1363 4
29374 93384 59665 83508 %n2108 4
98184 71423 69802 22715 %n6602 4
31085 58217 73628 4883 %n4767 4
14776 20735 69902 74520 %n4041 4
55359 65977 83366 59747 %n1364 4
18818 59563 38616 83847 %n2350 4
81071 14479 37957 16130 %n1925 4
86431 47698 24654 73504 %n6330 4
59855 75672 80153 70014 %n3142 4
57850 98647 30523 17964 %n5858 4
92308 73723 23109 65485 %n6143 4
78315 12430 2103 80587 %n3867 3
4779 61431 66 %n480 4
95411 8817 70073 19849 %n3887 4
63114 33518 87068 38308 %n4305 4
25611 58707 71582 14676 %n5629 4
43392 90840 78909 32938 %n2022 4
14925 88099 37571 63479 %n4509 4
39432 55707 13144 61311 %n1876 4
84244 61672 94239 67477 %n1685 4
85966 64559 84444 20801 %n4476 4
49731 89415 9935 68952 %n4272 4
98783 34257 32229 19807 %n653 4
33045 87455 84650 26186 %n2550 4
62445 36404 39329 94760 %n728 4
85886 44250 25713 56452 %n1049 4
73078 87082 83794 6937 %n3641 4
89264 23254 82789 45932 %n2578 4
9307 74693 71699 20096 %n1317 4
12505 5717 15322 63185 %n394 4
80638 69942 78987 30341 %n571 4
31323 51395 79906 13484 %n1749 4
91127 53281 83907 8387 %n5316 4
18397 90559 33207 76333 %n6818 4
60629 69818 31340 42522 %n5832 4
20469 28257 62776 21261 %n1130 4
39189 12282 38976 20729 %n7518 3
95893 3882 83255 %n6101 4
41666 6103 49799 36457 %n6025 4
55631 36828 84397 2011 %n4270 4
91025 20693 38370 92753 %n6045 4
55428 53519 11107 35575 %n1341 4
73600 41826 90264 42564 %n3122 4
81237 14951 16420 62855 %n3247 4
14559 49169 19801 89524 %n4944 4
68323 73836 75408 12991 %n1025 4
38553 61803 15836 6073 %n2351 4
39895 13060 69086 42928 %n762 4
2404 44114 25479 44832 %n1302 4
49819 91168 32988 35632 %n6024 4
29617 11122 26963 2380 %n7572 3
9264 17404 32457 %n1685 0
%n7033 3
4747 76358 85542 %n3520 4
20857 46221 66398 78214 %n7107 3
55671 20643 83215 %n3827 4
56261 14317 48443 17053 %n3930 4
85138 21234 34752 90614 %n515 4
13533 83702 93667 15778 %n6835 4
30098 17159 19029 35237 %n616 4
40363 35463 80374 28007 %n151 4
71318 76110 74611 13357 %n1618 4
11421 72017 44345 68362 %n1619 4
52058 64766 27954 26195 %n5740 4
81322 76313 76133 86998 %n5167 4
365 10010 13226 19412 %n2190 4
62542 14757 67703 96203 %n3294 4
92099 52982 35972 73895 %n5951 4
24848 32071 63397 71067 %n6317 4
75598 91333 83380 405 %n491 4
31404 49538 98935 90929 %n2732 4
58366 43194 95100 24048 %n6456 4
474 60338 84568 63167 %n5767 4
24326 28820 23942 8949 %n3264 4
22748 50600 37642 50338 %n6443 4
72082 93753 52605 41636 %n5478 4
11189 32224 40508 46644 %n3969 4
75260 10176 87961 43785 %n4286 4
38196 61910 82724 77053 %n1423 4
9321 10976 14697 13419 %n5598 4
25394 83415 52987 538 %n2462 4
88017 12549 60815 352 %n2659 4
14142 32273 17997 75780 %n7092 3
37604 87911 37239 %n3606 4
4584 41052 69199 4471 %n3357 4
9527 64564 16138 17646 %n3794 4
91752 79657 57679 10846 %n985 4
7286 32633 92783 19316 %n1898 4
64060 64909 18234 70964 %n5765 4
57158 68391 21058 97956 %n213 4
38845 64620 62316 43691 %n6608 4
78861 36832 92719 92984 %n3675 4
41449 53391 25424 32915 %n6617 4
73201 25720 86731 68713 %n4902 4
71215 9104 84377 33783 %n3095 4
92540 44013 15256 62424 %n