120
5600 159
20790 26025 66105 66124 83100 50541 70290 13353 14702 10923 81020 28561 38438 39228 71438 58943 90711 54577 69850 79683 28808 97840 76170 53840 36736 95473 3214 28035 8782 86768 26595 75902 56985 46766 51670 95607 23056 71836 12664 61976 9283 25727 95783 14916 64357 14305 52016 98840 58726 77892 93614 10944 72356 2937 287 74847 2267 96004 35687 41515 70395 7832 10463 59370 59314 61025 27942 38131 15363 77095 50231 64982 38188 95533 60332 13818 25795 23768 9512 55632 75789 50938 34647 63805 90090 14520 48437 63550 38769 13266 84742 71508 85090 27399 46548 46254 190 88541 5460 92444 27527 8291 80875 1975 76314 49363 23487 16023 5898 77697 75551 45044 38669 26760 4251 95740 56641 2767 38062 35732 57849 23779 21975 19298 40910 62052 74919 32327 29808 34737 79687 32486 76336 76799 56240 55964 89609 87584 31028 94583 31213 47488 42149 43133 80614 76523 44764 44595 81516 35753 45736 91175 72544 86379 98585 66249 49523 34701 96771 %n778 126
67737 61209 72126 91541 61842 86743 44630 62736 4728 49392 62004 62863 73987 7383 22722 982 51153 79501 99539 58849 37181 61490 74245 10476 73769 79722 2454 4224 24878 60413 38918 97321 10952 20150 40124 77465 20318 79927 22182 81825 45261 50761 9408 99810 76934 56737 11635 39071 21966 85946 51124 1982 64575 41058 98085 30041 44145 74846 37992 16680 11597 72711 73068 68701 7945 12498 36939 67641 1266 21135 46420 27676 55916 21897 36298 8683 53299 72671 1255 1379 59193 97723 23651 73743 41335 25618 16446 78670 25829 76312 54438 84148 40882 86002 67419 36277 61390 3175 17776 69076 54929 66063 46972 73552 16655 69851 86852 49913 59185 5407 81964 27686 68781 38962 79354 91297 60412 22915 79431 22567 58010 77028 49263 24454 21974 99015 %n5899 94
84609 35805 94158 35982 70324 69541 44198 74464 75320 91687 39029 14406 1109 74055 73597 68335 66624 27411 21891 28469 13098 98114 64573 31871 67220 73916 49117 29331 87658 25265 43665 57562 32520 33064 58019 15976 23043 43754 84678 69355 87140 50271 61608 87461 29102 42467 14712 64189 23824 74782 93399 52371 97243 70131 18512 2743 54466 63749 58151 15725 75771 32102 71187 6803 65670 61286 96884 71801 7685 18180 76486 68346 14299 21085 46824 68080 8518 86346 72346 38387 30963 30972 87501 10003 16640 33728 45652 30066 23408 54821 59111 66703 76269 21379 %n4783 78
98655 6400 53100 80442 61622 84110 74229 60399 16242 8673 28380 63123 15378 73547 63847 9002 94843 59882 69317 10269 38067 10053 77295 17801 29172 63867 40069 94849 91718 16047 87820 89567 60145 6860 86473 9405 55864 12255 48927 62003 46248 55428 50719 52691 75675 67161 20848 9061 49884 36067 11626 85070 95610 75006 34540 98698 39801 22875 1407 31782 61857 89573 92713 21208 69415 18832 4697 66155 72112 23214 24908 96398 84168 31584 59994 82453 18067 42802 %n3481 77
49760 82931 25717 89629 96933 69997 23526 7680 38821 71099 75890 94479 62665 31077 76135 53065 25788 70759 49322 40200 44547 73553 19144 16613 65453 10759 63892 62187 188 83841 64490 2479 65947 98354 87012 33881 5433 18107 38155 16582 44925 89176 17886 19000 32268 69308 44460 13515 47518 3835 13175 15464 20158 90887 98292 89729 92562 97841 67223 33418 8965 62117 37336 3217 39300 14714 42570 90155 76736 65721 17395 17742 34850 18231 88581 2661 24179 %n5650 54
44651 16307 49208 42148 70817 89451 15616 57982 5787 21546 22098 76644 12550 87359 44492 33644 63266 93898 85974 87210 64702 5079 20296 55234 98725 97640 26035 76660 13852 88772 48594 95340 9004 99755 46443 88433 24888 86696 43230 48743 90104 82164 54862 49564 15108 9638 86327 73079 59560 65900 29806 20436 734 23132 %n666 44
43980 94601 89726 53179 61756 84274 87313 22265 96668 6751 5724 51182 38461 8707 50495 31140 6440 47944 5742 4117 26909 4436 2874 35677 80003 57498 72013 46899 90277 84323 32990 14682 53652 33634 83935 69685 77831 27514 53902 75612 12349 20482 91543 20044 %n4693 31
78261 50825 53240 17927 67714 58483 92074 36742 70521 21756 90025 37728 46080 18812 86235 85240 30720 71757 85018 25718 32319 77975 36115 20470 83511 35979 81610 2673 58162 20860 24829 %n1255 25
33951 9563 63560 41135 53073 36183 46981 46181 89782 38533 81616 19687 66215 41640 79043 97844 93815 92530 44996 31864 63960 70206 20703 62137 19258 %n1550 25
51520 21228 17093 50852 4126 98018 48119 67705 30714 49900 92456 46781 3038 96749 45337 79484 61895 53556 69788 2358 28645 29404 84634 52590 24675 %n2721 20
45707 97881 17389 220 9593 2460 43150 17862 52424 18506 15926 38957 70434 40521 79767 11226 38736 41609 62969 63660 %n3064 15
71753 71626 60714 34303 96900 37220 48776 71078 5496 61508 71446 42601 47739 37965 46674 %n2414 14
38876 63893 28739 48114 84813 53607 35344 40867 69709 9091 33337 8610 74904 88504 %n5854 13
18975 30689 63268 55579 89659 90775 24470 93699 85202 57713 48968 61746 75702 %n2729 6
10484 26261 55028 89975 657 45308 %n4107 2
92018 73770 %n6132 6
72719 18176 24934 56666 97891 59837 %n3048 5
44975 45954 14965 1053 99758 %n4014 3
39454 26288 59827 %n4347 3
41412 53457 52724 %n5027 1
68627 %n510 0
%n2708 2
83232 60848 %n205 0
%n3756 0
%n3068 0
%n1957 0
%n4038 0
%n2522 1
92628 %n4187 0
%n5615 0
%n4413 0
%n2692 0
%n5491 0
%n2203 0
%n3882 0
%n4181 0
%n3143 0
%n937 0
%n4892 0
%n2778 0
%n4558 0
%n5102 0
%n738 0
%n1427 0
%n1894 0
%n443 0
%n3891 0
%n1935 0
%n5472 0
%n2918 0
%n855 0
%n3779 0
%n3909 0
%n456 0
%n1458 0
%n1919 0
%n2214 0
%n942 0
%n5271 0
%n1227 0
%n2081 0
%n704 0
%n1916 0
%n3436 0
%n2818 0
%n2136 0
%n648 0
%n6222 0
%n5558 0
%n2560 0
%n2610 0
%n5335 0
%n1725 0
%n5743 0
%n1236 0
%n4242 0
%n2773 0
%n3009 0
%n5366 0
%n5378 0
%n2195 0
%n3150 0
%n374 0
%n2749 0
%n80 0
%n1614 0
%n5548 0
%n6007 0
%n2667 0
%n1851 0
%n3429 0
%n4906 0
%n4516 0
%n3645 0
%n4284 0
%n4051 0
%n1611 0
%n5979 0
%n4921 0
%n3858 0
%n2424 0
%n2722 0
%n1510 0
%n4405 0
%n611 0
%n1219 0
%n2846 0
%n404 0
%n2234 0
%n5455 0
%n5153 0
%n2344 0
%n469 0
%n2740 0
%n4434 0
%n5707 0
%n1339 0
%n4039 0
%n639 0
%n