81
1637 182
89948 38643 49441 19685 23137 28293 14304 96867 8608 81398 21629 74197 15248 37819 54207 34188 48503 78715 61589 96384 87357 84023 67069 31527 33063 78890 62900 16164 66756 43798 63098 49421 79298 97440 73271 89574 18170 97812 51199 79360 21833 64681 73253 60727 57935 58685 49377 99129 16437 71732 16611 43667 76489 88226 58151 77805 59422 48731 76057 64264 64792 41364 82096 83505 64774 22533 18703 78486 84349 33416 70881 3595 95071 845 7640 50903 9610 79582 38842 85011 32375 57111 88126 14988 8430 3201 87765 21289 93491 15824 6004 92209 95557 34610 17569 85093 81590 15382 53264 33866 15465 91109 14698 5139 51023 51657 7001 65357 67333 956 18436 69693 95398 98853 63187 70491 50098 2856 67109 52795 73621 46561 53703 24091 9631 34039 97388 20532 33573 6342 9001 69781 76019 50091 89147 84255 63585 77578 31716 49241 84803 66414 78581 33533 67798 73797 26070 34847 90986 72705 32423 47314 10870 31744 15260 17629 91242 9484 96641 85780 33668 93939 27513 61209 93729 89847 1184 60470 33009 17341 58907 70574 17326 62852 66726 48593 89315 14581 86021 55894 31252 86993 %n2578 139
43879 53575 72587 16214 85999 31042 52821 28992 1594 7039 64701 45156 98646 68733 40066 47598 7395 18846 4539 59698 87434 43847 38507 64218 60318 39126 23046 80196 25786 89335 82693 31870 63368 94840 94430 6494 84128 97041 72021 62237 65244 97693 496 26190 23796 49886 99133 87902 37608 93015 68367 82084 57312 56226 87190 62062 53727 22460 41960 63449 8634 35022 52579 40031 9294 24742 22231 61893 99201 36449 16279 19407 95264 84672 4367 2248 13081 58619 42960 27731 19008 28339 46860 46972 35192 34562 89044 15720 92672 49327 8932 69700 23539 52676 77428 63398 39920 46519 71440 37596 6511 12863 56594 96157 72988 59747 13679 72155 77442 61216 28867 87316 78353 67380 8198 54087 47157 17794 14880 18472 39111 33355 69832 26939 56113 34738 74380 8992 37531 89191 89649 85358 35206 1977 83290 53866 73990 23624 80967 %n1982 116
76260 8346 41527 91693 10199 74418 30257 16206 9032 36122 7714 22098 60823 6255 1974 36915 34868 16638 44614 90349 26966 60835 60974 38188 18194 59537 55387 95068 32906 23842 84592 85864 86984 56319 20245 90703 72187 42276 41382 7413 1419 51904 15793 34714 90326 3665 40005 89386 86417 66859 73747 42183 64680 19730 50060 85211 3113 94391 24449 48979 62847 3016 91449 48682 58371 94120 7388 15704 43980 40560 94910 57869 29737 68739 88640 9325 48416 58195 98459 13914 46620 57795 53574 25290 35511 68830 94123 44394 60311 62466 30437 83805 67901 25671 35528 36452 91889 26729 53912 79489 10885 16939 27541 48630 87989 46747 40080 5533 43936 8910 51861 98073 51658 42959 93919 12874 %n5473 91
62048 74879 83878 48657 13711 1928 42091 60932 83788 35879 72216 32298 53658 88558 54470 2067 54511 65534 85897 73887 96951 7044 80942 99035 13354 63816 31499 60297 86124 7663 38346 60193 99381 62457 43632 40569 31642 62381 86309 37269 49904 52680 54883 84555 17712 5646 25730 74640 81480 40063 30896 96499 20358 6635 89442 78463 33058 7996 95119 89900 94230 76900 83784 58524 3316 98342 63105 66235 63379 5325 4427 79528 43434 69810 89187 59523 19793 48276 63824 16861 41278 31871 63898 39811 89700 5810 67015 16449 29471 64031 77279 %n2917 73
91205 67674 58817 54939 38164 73798 36256 57763 57612 78903 78529 95748 95175 55608 56950 69665 70987 51705 3234 58357 41488 79868 23261 24388 95675 24509 40173 21114 24434 63047 12307 45599 35185 17691 14997 22284 90517 98501 80277 12318 27583 70833 5408 99468 67404 67893 82850 35886 74326 16005 58329 88374 65775 31171 38451 65527 45053 97606 23063 97451 62001 97406 89932 87499 88007 62748 99562 83953 57673 18626 84253 32717 66101 %n1627 53
77893 10148 91245 60976 61057 29170 31285 47905 76654 52213 87311 16075 42477 16579 24945 78373 19422 34676 83271 75778 42253 65117 85281 66053 72813 66267 90217 77970 3104 99937 62812 74282 7198 4495 10919 93358 60185 7008 53327 86046 81699 18105 91491 17182 25968 18640 24827 89361 93080 79152 77240 20438 40055 %n1690 38
8832 86006 10611 31201 40358 84230 63119 38841 84400 30788 68903 81126 99122 93138 62715 13764 31554 54053 6492 58380 89433 81989 66377 78842 9349 7148 14373 61576 23868 8921 41918 99445 30476 45737 302 19174 22474 53579 %n4247 34
62540 61536 92117 70619 46660 40491 31571 83845 96454 73679 37742 74281 12975 71783 53213 60951 60629 104 60088 43486 78190 40593 81727 54942 4248 30820 71901 73795 59519 72065 69929 77905 27198 31952 %n5068 33
98705 4009 22064 28557 85107 1636 53225 43790 24620 14699 79808 75580 88120 66620 90436 37617 18818 5022 45910 3529 5728 78302 48844 89818 59703 12406 75857 1896 81034 77693 25780 34076 24368 %n1089 21
97896 14486 4726 39224 18412 85148 85598 15561 31635 19365 6808 93347 46166 12405 33667 24685 72991 14747 2667 5703 69363 %n3022 11
1053 69150 76553 18996 10625 84695 35859 61648 42146 39414 86288 %n2470 14
68691 28712 79075 61596 18771 19185 22515 50076 54140 19078 27798 42321 63605 74348 %n3940 7
18451 54614 15399 31232 28724 63774 98486 %n4246 8
24088 85749 6392 60282 42226 71653 39555 32089 %n1106 7
46362 86782 53583 29412 58970 74606 39563 %n2296 4
46259 91343 67235 58282 %n1783 2
79639 20986 %n3312 3
64422 725 36194 %n3461 1
90878 %n4939 0
%n2610 0
%n755 1
80882 %n1557 0
%n3013 2
50139 39949 %n987 0
%n564 0
%n1288 1
75767 %n1166 0
%n1673 1
54795 %n856 0
%n2790 0
%n1251 0
%n4756 0
%n808 0
%n2015 0
%n5320 0
%n2591 0
%n3289 0
%n671 0
%n716 0
%n2567 0
%n4616 0
%n1723 0
%n4411 0
%n4618 0
%n5025 0
%n2456 0
%n3828 0
%n1375 0
%n448 0
%n2054 0
%n567 0
%n5038 0
%n783 0
%n3332 0
%n2056 0
%n5029 0
%n3774 0
%n1096 0
%n1450 0
%n1671 0
%n1131 0
%n5390 0
%n2096 0
%n1211 0
%n3621 0
%n5174 0
%n670 0
%n3484 0
%n2873 0
%n3600 0
%n1858 0
%n2886 0
%n654 0
%n854 0
%n2024 0
%n565 0
%n1609 0
%n2974 0
%n2214 0
%n4602 0
%n