91
592 38
12241 99496 28210 86644 38707 89420 76177 89564 17671 6343 10593 70357 80818 13282 59738 19713 50091 2433 77210 76984 58502 62532 99184 61718 63752 85780 59811 16633 9023 48669 45152 13824 4724 70407 66271 60041 74771 44957 %n7669 35
22640 85094 56920 77315 65923 19654 10398 37223 99987 29445 87211 11563 20875 57952 16129 83253 3765 27885 85526 4575 49673 57279 52976 38201 19680 3481 70343 69204 45763 8510 66108 69442 73872 18109 7304 %n1866 34
21082 31158 39999 80032 12242 55310 73989 83745 29267 54756 59827 23831 81603 16174 88730 20774 73496 25508 64822 97950 54829 1220 91615 19564 96740 78897 26506 71536 48058 30507 3579 3315 41700 84023 %n521 33
57594 39240 31237 30875 41532 86755 24095 65639 94035 36246 58384 94753 2151 98498 29002 35779 78268 41109 72541 40249 75907 68964 99882 49425 33169 77362 68373 96593 74862 64392 11792 28792 58213 %n2019 32
62963 63560 49031 76149 33318 89301 63868 80330 60617 1608 67411 49953 51124 57959 41437 91726 39438 25922 86474 55188 80420 36680 98834 59346 86293 58790 89203 2586 66231 49858 66245 45662 %n7578 31
29707 91742 44585 30148 32127 3238 79951 11989 59526 21911 88611 91974 43655 53403 54684 23086 15291 49803 47148 75132 58302 91903 48712 98288 13002 19090 47242 5863 78772 16660 81324 %n5933 26
96750 59086 6878 98859 352 72156 62116 59248 29468 65110 35042 45980 30149 46262 5825 79888 49051 1015 42911 18682 41583 6388 17687 2583 10303 27609 %n4341 23
36406 53677 33995 5169 49135 91849 5695 38701 14078 19848 70312 62842 35879 28677 94802 53892 70140 4793 41410 16087 59374 59189 67293 %n887 27
64109 5626 91833 68597 85139 17772 36298 97897 3569 45166 42895 81765 39829 82089 36279 4820 35860 45936 42887 23864 65451 41683 84917 47767 12022 67679 84055 %n28 27
90882 60440 50850 43580 58151 64643 48719 97281 95389 87105 97903 80485 57079 79741 24001 49703 7888 24963 63780 98750 39470 71734 67221 88373 67972 17946 91932 %n7303 23
82463 75743 81992 48317 9196 11835 35535 59255 83092 22516 91215 30508 90413 27859 35486 87787 65685 86674 76008 34834 67420 92649 95762 %n124 21
77263 31673 24016 86893 61041 6248 43325 26633 62546 61635 43168 11291 96793 40022 22321 15332 11409 78530 45055 71667 46023 %n1682 21
49768 4956 83284 98678 23110 59298 32536 22267 59169 38613 32399 10328 54618 99016 95300 30670 19216 11076 9452 80721 62212 %n2580 29
16451 19104 38954 13914 44004 67806 5247 86895 5012 96927 73287 22137 32841 56288 73854 11231 88997 45370 75192 11243 28957 14770 16105 43841 80077 1326 47517 49211 28356 %n5102 18
95394 56780 27306 37789 79463 87507 12191 21187 45024 53554 74168 63199 47658 53047 36507 52019 58418 66480 %n401 19
585 39407 16102 8148 826 36383 21291 20534 33918 59161 11640 77969 48045 25632 521 62670 21716 99657 9899 %n3138 16
73203 5987 62429 89327 17210 36348 23160 66807 90069 78595 34590 3780 17950 21471 24962 9306 %n6778 18
98996 37601 21251 2705 18621 89694 22007 64774 37389 71982 21463 99421 83968 33594 5112 33054 86512 4684 %n7734 16
23599 14013 60137 50198 44732 75999 79364 63660 6687 73446 91694 42216 95809 5803 22134 57756 %n5927 14
74091 67714 83642 59330 64223 6889 27934 24835 10898 11219 47484 94040 41631 40017 %n2570 13
82977 689 17027 7716 62096 89804 59572 53142 65778 53861 55800 28844 59902 %n5881 12
32668 60833 139 25194 5737 53086 36320 70446 42455 5620 76266 14211 %n1608 11
68192 29217 57393 91245 55028 95305 28899 76336 33025 20070 21912 %n3827 8
98027 91103 12282 69458 58186 78234 88740 91039 %n1240 14
26457 14548 47087 45457 33948 79457 84075 12562 90963 67989 84509 68296 32491 63444 %n34 10
69306 93461 84513 19376 79189 31652 12590 19794 33015 38433 %n7737 7
33339 36324 29771 1244 99995 98079 34530 %n1581 13
32912 80940 18049 97582 36467 81387 14059 46256 25090 33815 48046 28211 63532 %n1845 7
77427 87764 38992 73717 70067 23025 87002 %n7560 11
4258 7042 82019 12619 25054 2243 73460 18958 9486 7146 62048 %n3547 8
93347 62359 51893 84715 32198 17090 89316 68492 %n5195 8
79964 9163 76334 86457 38216 50856 68702 91567 %n2857 3
23184 4279 78817 %n7827 8
75203 79231 27614 65002 98119 44598 7847 35782 %n363 10
37063 77052 44471 92568 86717 38848 15004 25609 2494 53202 %n3089 5
14624 47828 31113 91247 60614 %n2265 7
17635 54518 86531 86905 95982 2246 31393 %n4009 3
8190 90411 49823 %n873 6
15995 60870 81239 52119 9872 99169 %n1588 5
46379 21833 93393 20434 91447 %n2354 6
88444 95520 88951 28456 68046 93915 %n7725 8
58191 62795 65376 77867 66478 10781 10990 63717 %n5330 2
17416 56056 %n1065 8
64126 34378 32174 90049 67617 24730 94616 74953 %n1463 4
73362 86715 68858 20521 %n6868 7
36759 9681 78165 786 80265 78513 75520 %n4951 2
3226 73312 %n7499 3
70349 99652 16898 %n5703 2
60627 76137 %n2489 3
66836 79127 4873 %n4457 1
71951 %n1272 1
80351 %n7330 3
4742 11724 52232 %n3070 1
80378 %n2711 0
%n579 2
66799 34351 %n702 2
5048 17895 %n3611 1
64937 %n4063 3
13895 27154 7580 %n551 4
414 51943 81158 53380 %n6692 1
99948 %n2161 0
%n4902 3
69162 86817 92995 %n7243 3
24833 79660 21404 %n749 2
2691 27284 %n3192 3
14300 49968 37816 %n3398 2
68365 20884 %n5570 1
72013 %n3138 0
%n6649 0
%n2931 0
%n479 1
68051 %n2962 0
%n4357 1
82597 %n3913 1
3468 %n627 1
31493 %n3676 2
16871 1827 %n2102 0
%n6783 1
37424 %n4828 0
%n7716 1
59160 %n697 1
33608 %n26 1
34648 %n6443 0
%n4925 0
%n5141 2
12827 99125 %n2480 1
73035 %n5209 0
%n4957 2
72188 39410 %n313 0
%n2437 0
%n