59
48 64
36198 530 8406 34690 23905 5970 41739 41971 30471 38884 8491 28567 31374 2959 33460 20580 293 19368 10594 23220 41615 23750 17016 13495 24288 1810 16613 32854 12604 16699 38077 22855 34610 113 36207 10269 20006 10767 30799 10900 17786 36217 10842 17612 10569 23213 38906 853 31000 40261 4474 30450 27938 27000 8441 32502 20303 33509 25051 9592 26504 4690 33277 10602 %n159 15
20735 10698 22388 10943 10701 22980 9333 17482 11202 26441 26927 5626 389 32693 15264 %n3 3
35945 12084 3169 %n32 0
%n209 0
%n223 0
%n59 0
%n141 0
%n149 0
%n144 0
%n43 0
%n87 0
%n219 0
%n155 0
%n128 0
%n63 0
%n217 0
%n22 0
%n68 0
%n40 0
%n161 0
%n71 0
%n203 0
%n1 0
%n85 0
%n212 0
%n186 0
%n221 0
%n171 0
%n166 0
%n94 0
%n213 0
%n35 0
%n95 0
%n181 0
%n111 0
%n189 0
%n146 0
%n13 0
%n11 0
%n79 0
%n185 0
%n92 0
%n153 0
%n6 0
%n26 0
%n64 0
%n97 0
%n103 0
%n121 0
%n145 0
%n69 0
%n136 0
%n16 0
%n36 0
%n195 0
%n65 0
%n62 0
%n58 0
%n