48
5055 97
65194 77745 69779 34255 35494 38208 2370 36450 62471 10509 10652 91088 53686 49726 9537 41436 1036 81147 20725 75247 43623 72956 22353 52777 7562 26094 95071 14986 47404 71882 69470 25776 11626 10866 61699 59150 59541 80518 65253 30622 25254 80674 65970 86928 24845 4666 88207 50219 24352 82194 41133 83526 50312 99019 43534 64205 12645 56994 70377 6383 57526 65644 45217 64571 97127 64438 3376 22533 44746 97110 72863 48164 78683 81558 75933 27553 22058 4825 87021 33664 14279 25187 91784 26112 46115 80755 19738 38579 66723 71625 66008 37175 49925 54569 94378 79817 60734 %n3598 82
13435 55423 56760 21826 7492 29772 79518 43227 63402 89988 68115 13498 91330 36308 55062 80292 75724 18007 84082 2809 48157 32128 4041 78850 86293 58456 94820 90972 83493 67006 81066 15092 82424 18878 59296 10683 32045 26564 10974 53440 63208 1513 6587 3643 41190 87205 94114 79300 99872 9566 67617 79714 10264 87461 51317 80511 14086 94219 9867 53691 39537 44757 19931 80822 87270 7125 12659 64874 98275 52175 74854 41682 76421 82443 90757 13055 54936 8158 68044 38592 76848 29509 %n6571 76
16000 62518 75633 27265 35601 18631 83936 58498 21413 42143 41530 90232 73390 69827 83884 71969 48244 27886 7822 61823 9213 8994 13122 89931 13478 52823 5380 86056 46189 57498 26030 52444 68078 74088 30281 53896 13321 7473 22808 73382 6326 54232 10464 74482 39842 99581 31503 86100 47629 64043 67015 11089 17226 85071 91354 93465 79188 22210 957 77781 46504 98587 26594 91008 3956 39752 18349 12871 23233 11699 64469 15198 57953 99056 63276 30736 %n2179 58
92944 83337 37604 29450 83586 34581 23159 84816 70856 17003 70634 16845 75104 35700 70748 86818 90734 94574 72575 96495 98824 32937 72744 23584 93999 86891 41529 32694 72112 7555 8963 8071 33462 4466 50868 12340 32177 2873 78557 97805 54779 80283 49213 76164 97662 19994 61394 96108 16546 46480 35361 59336 63381 22478 71804 96932 39212 6225 %n3233 50
15247 78015 70908 98571 47335 42638 25460 14161 40843 32745 36109 89273 5087 71581 89503 83587 68880 18770 91111 42664 91153 76087 4142 53302 45412 58982 23723 78405 99457 35165 88750 65486 19781 39041 12957 38781 95993 59974 11726 85986 31456 1260 53313 11040 53912 53678 46288 97833 46503 29801 %n5104 43
73821 89737 12562 39631 27752 36122 77912 81486 23955 12277 92133 11400 13470 59295 95081 73029 36639 32458 1733 84425 89763 9458 97217 3406 57882 37762 55731 48973 4796 9001 10488 55901 22480 88174 75251 86154 88054 5461 28081 67970 35062 88929 66487 %n3445 43
25244 20814 23608 55458 27103 93132 7502 16970 89629 61528 57784 55841 65694 82372 7440 81455 15978 80403 84642 24270 98329 13583 77865 96084 51292 65731 75735 23614 24945 65017 3289 87845 17423 9588 77197 2849 98263 24355 51623 71602 93335 59242 22447 %n3772 28
99259 41351 19970 48540 51497 77695 5631 56379 99803 77317 61237 53805 70233 50013 13873 91447 85461 93603 65603 4232 95588 26431 37964 8804 15859 37479 76747 23710 %n3086 26
86654 628 86151 71617 56855 47841 16831 76985 55555 58796 44153 40611 11357 98206 66488 96828 95768 10819 7573 25285 58896 44016 28041 70162 75334 71636 %n6401 20
96259 81000 87363 18296 10981 60860 92250 75946 99927 70923 91898 16263 39649 55659 73480 61126 44428 12543 26727 71074 %n842 19
48400 39970 94261 62926 81286 56861 93165 93966 40494 14800 15355 53232 34185 65892 19109 99026 55640 44801 56398 %n4414 14
35811 6984 67280 52478 30683 88533 94942 99550 6664 51054 55502 32028 54279 84338 %n888 15
85280 95149 649 5083 41860 76873 11074 20835 58036 51427 71727 62817 89097 45790 82673 %n6019 13
56668 45686 77059 44839 82540 59794 48367 48255 27804 73275 47283 93254 25575 %n3822 8
41223 37603 1691 80466 87581 57342 37002 28 %n3313 9
89462 98403 36519 88162 22510 46909 16088 46586 18567 %n1637 9
94064 61338 52640 40691 6239 20419 3283 37390 68753 %n1736 9
13127 34527 58543 6324 25420 38560 86416 96609 93858 %n3857 4
94496 74230 77089 99184 %n6591 6
45353 30198 52679 99578 93300 14728 %n3570 6
92278 40280 92217 84617 46607 17719 %n1240 5
54426 21986 34264 18013 36456 %n2187 4
49087 74507 53289 89450 %n5974 4
72887 45893 78852 70360 %n40 2
97448 18831 %n2810 2
93773 44773 %n3918 2
51175 33141 %n1622 2
50115 98432 %n4023 1
50459 %n5383 1
22300 %n4253 0
%n3892 2
99851 84782 %n5399 3
77333 84302 1569 %n1194 1
61085 %n5873 0
%n3634 0
%n5537 0
%n6669 0
%n4927 0
%n558 1
69139 %n3409 0
%n5046 0
%n1170 0
%n4448 0
%n1285 0
%n978 0
%n2654 0
%n2019 0
%n