41
5840 125
91279 61759 57845 54125 74164 84776 49873 97150 10469 26653 57974 23238 26870 66682 32526 33675 44922 72542 27702 4429 41562 70884 20938 72206 14365 46871 50689 87535 98083 3832 16225 3687 63578 84680 36878 75235 82393 86951 10659 93611 14294 11819 32110 87851 33454 25737 13586 46491 53423 85190 91079 44738 74382 7185 23536 84712 65513 90964 89479 72848 81262 73898 919 85928 6284 55005 78083 4715 82671 19903 44459 72621 71757 58498 91252 5750 59267 93379 43666 63777 79892 31627 60470 51171 21009 41067 27538 7902 23836 58513 82603 72724 91481 18154 16941 48431 15392 70037 10825 90645 72410 68043 16998 6179 7382 55416 89221 44810 57830 87434 2745 7365 98938 57114 91218 96653 87315 67039 95481 43926 58279 32050 91373 93997 98658 %n6176 124
83620 28637 11223 46489 62869 86621 29998 95283 45818 93723 45141 42149 77812 35722 2808 79080 58282 25584 48614 86605 10601 31514 82058 37354 35767 98745 1613 87440 75994 41364 38468 98516 19425 20355 45293 91853 4546 88946 29790 25662 35928 92471 53354 9617 96837 36679 75003 23551 43480 47889 56708 79509 39435 30778 13962 83143 40769 68815 14643 67032 44623 76062 78903 41732 2761 72045 54464 8705 71859 29816 63898 15533 33131 13905 51037 96028 18182 54435 52672 18521 71187 78539 22695 93064 90114 88371 91233 4649 27477 55498 23707 53987 22151 8551 57273 78263 34818 48958 74400 6023 92712 43622 49975 25644 34315 30657 70181 21243 1202 97356 36821 94748 26474 6427 8502 86454 31619 45464 877 63306 4277 43125 76235 54788 %n3650 125
49711 79129 75586 54169 68176 44613 26226 12888 26732 50207 6770 67348 65331 43513 13208 97500 57896 85453 45998 84275 15902 84397 10765 74691 70561 67170 8097 89199 96748 45170 58932 88788 67191 85493 69563 42960 23043 89953 81233 74499 60407 20501 38540 94912 95377 80512 13333 70277 12022 62596 74526 24358 19314 58447 58207 35127 25447 60107 27964 92957 76401 98161 93396 86216 66240 31428 12127 49328 99581 16471 3102 95659 37722 81567 5722 24078 70261 59134 58466 1058 27572 18824 22903 72280 98254 80334 23174 77802 12855 27756 83706 83217 72566 58996 75518 55470 41728 88981 73951 38286 6235 71971 45012 4873 38868 18093 14135 96930 19230 26904 49304 74570 78585 41646 77508 98560 37429 48661 33637 56623 59052 70398 80140 89112 75115 %n6172 124
63814 38849 33860 59985 58572 48762 87110 10969 4015 48088 42649 36774 14460 8961 94103 91473 62200 36582 62688 11504 24859 55617 75282 10054 94704 47226 47167 93738 12134 31731 53445 46390 80344 27904 64421 46810 97891 25732 22590 59313 12222 23005 1955 52049 14092 48437 24629 13466 1086 27145 92247 26632 90849 79222 52892 66091 47127 73838 59257 55996 71574 56628 4691 40395 61593 57408 974 16965 99375 95742 42533 74428 60576 43657 48101 88513 47457 76107 2826 36101 22676 88037 73291 44123 94057 32369 16920 67644 2334 75704 92147 56299 57301 99994 9066 3601 71995 38056 44349 8408 80308 55312 9735 73144 81534 33107 55340 46417 57438 49487 89874 65374 98722 65666 86675 66654 74708 53129 35138 64744 90890 1308 26503 97570 %n1289 125
33985 64735 49765 53184 88101 37887 58876 61931 15829 91965 91694 4255 23152 33179 80292 63399 80746 97870 54486 41259 84474 3769 35849 5129 20734 82566 64720 93747 31824 21082 2202 31656 91351 89478 15375 10891 72288 3988 48478 22773 69285 8170 66132 47133 90315 26278 7576 88117 8063 86138 26867 94624 74025 57367 84648 91358 61732 54095 71521 44359 35508 43160 39392 2727 24000 28782 88643 86102 64588 98062 35902 65775 37140 38632 21219 41371 23056 97780 60574 79503 6568 21457 22081 18904 53983 26752 55071 36068 66069 11465 48040 67581 91692 1809 64126 11448 73343 38974 85971 53942 38192 76234 25690 64649 45594 40849 80932 20057 85097 77104 4457 94996 86331 35226 2710 26916 73940 19053 45652 5060 12356 21225 67539 16753 40951 %n4903 125
97766 19971 86878 26404 77086 21944 61736 3555 92633 62864 46229 23460 66026 77680 40477 45685 94651 14379 79288 88175 14830 32671 63361 5767 25591 544 81201 17456 44807 28574 80861 95811 84231 78015 5614 7837 15819 27791 99899 12628 27677 81979 1528 13525 65353 28332 22708 66905 88698 43929 50905 8866 62124 96058 91873 34222 88541 73349 17433 12963 44499 61900 46674 39039 48734 34559 69384 76287 11709 51226 28334 84390 76679 24309 6734 94386 90066 28290 22366 64530 89195 94084 81663 7375 52716 14510 91193 52997 53173 62304 75355 19329 82577 63320 51204 61632 45207 49825 62617 23419 86199 69548 48097 91804 4509 3078 22338 51478 98609 56356 87839 69932 39051 57476 66448 81037 1888 71336 65964 18851 53798 25656 78808 64370 28284 %n3257 122
84694 29143 63234 39395 52563 77628 38656 60194 6890 42956 79458 69755 76645 20195 32003 13082 65967 74824 31446 60210 71945 55080 70739 42313 12626 35779 67138 54292 19985 42862 57628 88645 79795 34133 62589 39907 99940 75097 22880 55628 33570 29164 48586 90533 74357 24124 5524 28992 2291 18012 42587 86728 14929 11316 81924 85708 58183 64797 38570 33165 86908 2600 80690 64441 54308 90497 44356 98684 86132 77454 30585 93851 24877 59776 95139 67466 81250 82788 61785 39292 92455 40092 29126 16422 93232 24958 27038 74271 99106 26925 73542 52606 92622 31948 50215 3894 24947 17684 5627 47738 22769 24245 94710 72374 47793 55326 87620 32149 84200 61627 11071 96252 70554 29537 70721 32530 33524 40920 20141 55445 90546 53180 %n2444 125
72715 10268 65698 83969 83756 29511 72298 73063 25590 1936 54967 6105 50305 9166 97478 18971 67715 25069 15550 97371 73675 51263 27734 37743 86784 96383 75716 1789 73288 30434 45242 63188 70788 12073 57442 75442 91721 24404 95531 60219 18121 8701 30965 3726 35842 85056 7741 4545 21031 47058 58660 19773 69500 79873 94508 45639 9958 44424 66741 24650 42677 66810 44746 60765 96022 29796 17991 95236 43537 12751 75504 63778 77819 97763 25081 16359 76620 62005 7876 19037 11910 49750 58903 5623 5930 49485 23337 96024 61439 8336 60636 98351 70352 1749 51067 6177 7056 91459 13231 87587 59803 52165 89559 42395 17278 79896 72615 62458 15969 83002 7355 87599 17134 64747 4753 71985 11708 60535 14854 34431 38915 7420 14716 61485 20954 %n3667 124
17828 66602 6369 37159 33189 30785 5392 63734 37927 62951 78856 46573 5187 71031 40254 14813 38739 55230 5380 32976 57210 26264 24564 59573 20389 19926 2348 30579 93578 66616 95005 67429 4863 42726 36522 24884 86009 23031 36188 28698 87831 97813 78033 55401 34860 63580 21153 19443 15053 78315 78964 68344 63548 47692 8577 18784 77677 52039 64763 55036 33043 94787 83928 30353 51177 39506 4238 11917 61517 8929 62560 79335 50133 56531 95622 28504 64124 41167 41059 36718 82045 33316 25948 85876 66174 52073 70179 77736 39841 5224 32621 35464 29299 71154 74222 817 57866 76034 2686 50891 56811 19686 215 28148 21555 93495 127 25928 57980 83267 53343 11817 2380 11092 58972 15274 38123 82861 4745 77945 90487 94590 15625 60812 %n4383 125
13168 21249 75031 57780 51220 66923 41887 72109 73862 77850 54057 82323 70874 35084 83120 75450 92084 36659 79045 90318 65676 77248 26006 11908 41390 86870 5053 37940 30813 84731 77413 67616 27446 51267 60256 48385 20876 76373 99667 96958 27404 37741 16873 84193 12420 43472 14773 92897 75257 64714 34294 82990 49523 46834 76911 20350 59548 61710 7726 15022 46347 58994 8116 11375 63914 74681 30906 75291 25894 71531 97894 79963 30265 12391 46208 76994 93309 47521 60618 408 56012 3129 698 76263 27040 2012 33483 46233 98295 92381 13838 89661 24319 93488 90902 92195 99595 9583 43710 72737 16354 14160 91207 35327 29924 34771 37400 35882 76944 11901 71206 94780 27387 10401 78537 86325 81206 84312 13849 69314 46365 87676 82713 17539 30430 %n2695 124
12271 33075 25068 21424 1177 22628 6484 7575 62377 41913 41291 20258 29500 97765 80666 43033 91337 64449 59414 29197 9247 79056 25134 79634 23023 57621 55746 45497 9586 24497 62142 10640 37492 20580 29384 90720 24153 79614 7944 8776 86406 48194 49306 27207 89157 12240 12976 68489 34013 46524 53902 27054 38954 33021 10729 49027 40157 10346 96301 96048 58811 91983 97114 19536 63866 18863 12448 69680 93780 68940 40382 37614 21756 84466 15259 76857 22261 50979 87198 91115 14293 14284 18307 22825 61132 85244 44838 39280 79994 23316 48877 224 95902 80309 29425 55462 53004 90714 50876 18984 95544 76338 82726 55434 61904 51880 10533 49112 99442 69973 97615 34010 24021 43079 19967 89604 23555 90972 95994 85067 82464 86375 27819 6232 %n7529 121
2156 92102 77645 11989 60874 86604 29769 33349 75219 33509 55627 32217 19990 13928 66496 92946 70454 55465 60173 99506 71352 45701 98809 92042 76514 62306 38004 37910 65701 97051 80752 46903 65557 68076 13392 31742 58605 19120 81588 81742 54502 30861 71770 27597 57812 31769 89735 65041 5096 6047 3725 72511 33960 26987 27842 95642 67120 32890 36458 12511 34022 44368 32361 81447 18715 44409 39244 58477 88936 19350 54274 6375 4611 24774 47775 61201 83480 20827 37126 74248 32634 71839 99565 772 28748 27831 29357 49557 27683 10325 28090 63622 44452 46318 15258 89678 7173 33897 89958 75584 6380 39979 71740 80456 51056 6148 81960 551 2163 28918 52462 35415 44144 61989 59469 11981 27430 12762 65777 2805 18572 %n4900 122
1012 74892 9966 77698 36192 50002 62180 46520 51096 32356 69460 87179 62158 50291 38240 74966 58 64671 12396 34181 39814 31178 86780 81031 90566 5298 82636 11446 72278 34018 80901 89771 68108 7033 13937 27160 98298 66507 54683 9034 12750 67482 38325 33282 63543 64670 74047 47020 73413 36788 97194 48386 10521 13767 10258 59059 10868 89210 8396 25452 88372 88294 95381 26829 34953 98214 67635 1940 57073 55934 29234 91621 3918 93801 12228 12277 37585 18023 17707 92764 65776 84098 80539 17222 9280 64840 43284 88034 55597 11175 62249 46128 18897 47475 92168 87871 49759 68313 55423 54793 28331 22279 90178 71524 62977 32674 38979 96798 74895 72589 87557 65182 6260 51797 39664 98399 95708 18557 35845 71019 78922 31413 %n7812 122
88983 23028 267 18836 12856 38700 71597 31235 97791 87856 83431 22840 82597 9923 77912 61161 37119 22494 99422 10147 16168 24385 96655 3746 82242 38460 54671 19500 5812 80105 84017 65009 73467 92636 73954 38714 29014 18645 11825 62614 39332 96366 32455 24545 81477 15315 32788 80765 78006 1460 91728 40593 63428 65372 80682 62367 96743 320 94495 76106 7179 97349 54423 36607 64226 78888 92454 71773 99490 30825 74254 2900 40930 45125 24984 79513 32005 45785 77346 62205 54474 73472 66089 30021 28450 81981 52099 12150 84235 8453 81628 61674 3817 28726 67343 60911 43756 8158 56130 16387 44437 65692 69077 66028 67647 76105 95337 89158 13347 33329 58984 92880 57953 27552 72963 34047 19582 74816 50083 30975 40601 47798 %n5035 121
906 58482 5026 84318 68203 19540 77473 95595 80895 34878 33206 17413 57607 65084 32223 31216 87421 21184 46706 37894 41391 8420 8363 11891 72667 73710 66715 72390 83524 2754 1570 95252 59010 34415 32680 92416 28608 96701 3198 59265 66790 41318 88605 68729 21910 65853 34897 23286 16358 10527 75748 48555 87011 16878 38392 33344 78451 33064 61340 45398 27267 53881 5640 27297 25487 79977 90718 77163 17635 15970 7940 18118 69008 7574 65618 87604 35373 38996 611 6937 9236 38236 93968 31153 87495 46223 36207 80967 74887 71080 66223 83566 92904 26440 93084 9163 41959 57979 63339 9405 38065 36067 78881 54480 72645 7417 75041 70246 44268 28649 5510 44489 36178 36999 47546 87866 94955 72597 21907 25569 77644 %n5042 122
24617 15645 33078 41795 82157 82644 11522 55415 28956 78274 16063 96824 64825 20068 38782 37516 60940 37844 76481 3118 57489 38035 93506 6644 14870 24790 55103 81486 31735 41456 87399 25787 44557 78747 94605 13677 14411 99309 83147 44523 13805 39875 28994 87278 78542 14663 65645 77497 223 38228 75463 72388 87244 34849 44879 57874 92212 39007 69911 34969 32918 64940 23307 6506 6009 59553 74495 10702 56652 23763 74120 76824 96516 15273 39249 65384 84172 87540 34398 676 41686 15070 39421 3811 71930 94836 89844 275 40915 10866 89 46224 90433 86532 3248 96834 80337 77578 47398 27970 63236 69814 29037 5950 11536 76092 51093 27088 31858 79973 85032 76054 91914 19518 18760 31429 90053 61207 17910 22014 31304 31298 %n1669 123
55256 24459 97260 58832 91235 79397 51374 63989 63493 25404 76653 54271 82316 94489 40899 13568 43646 66096 30141 84517 63123 81203 80458 3599 56838 59737 34718 86661 34249 84746 92351 85381 37862 33114 1984 6579 34947 30398 20018 61875 22294 76041 67020 94755 52015 84261 22008 38472 9663 75416 15929 54970 28452 63444 86261 51798 50213 85745 58528 3496 10889 97503 39903 40781 40635 91689 50396 65693 85513 91733 66674 126 82801 86052 77336 7844 60841 16186 5540 11449 42568 27449 78301 68582 96624 80732 98464 15177 16723 15669 91891 95597 74960 79788 57278 4115 52146 72642 75600 41266 20187 31904 49408 84818 58415 45991 35111 42973 85276 4589 17122 54217 22820 88456 48851 67583 43001 1971 27891 78433 39429 8354 31537 %n2861 121
58123 64445 57373 9818 34194 29288 85819 81013 89035 83536 64074 76494 11702 67977 59666 72234 50266 37480 73034 73115 94384 2443 10928 93274 49548 14176 90875 74759 51491 33632 36201 88587 46899 77884 63606 25721 72140 92958 53072 57964 34531 17034 24640 75638 90979 71196 76983 10329 55564 95082 65623 33600 62682 24749 67971 8356 43058 75977 92738 19012 49222 39890 76053 83272 4092 46981 16650 99717 44699 84758 641 69261 76519 13421 66047 93212 61924 64960 7188 42921 38481 33137 1646 41085 75820 43898 78395 35988 21046 32335 89732 17212 43786 49309 40514 92918 82880 2903 21798 5742 81123 56467 81821 35396 70604 10647 61499 96541 28329 80391 51674 69696 50028 74330 33635 98652 10043 94561 28472 58916 11842 %n3431 124
63017 78028 23045 49737 98833 10880 38841 85332 2136 75965 22869 87027 12317 74742 63005 23615 47602 80767 66954 49301 72892 17310 98876 86230 13768 97499 5249 42809 54497 97426 37213 1285 11950 80917 83840 92322 14624 81658 47012 97294 26370 49325 58174 23883 49996 16014 37194 51456 80568 13096 19219 95412 28230 72572 8087 32047 53051 1461 96265 99472 16222 93844 19817 63093 23414 89782 19267 90139 88502 93031 11977 53001 81332 37169 9118 84129 49428 89593 15115 15067 27214 61199 4143 36264 32252 98635 47583 64470 8237 52510 94494 2467 2088 44565 88455 99118 92617 56472 30329 93838 23042 55411 16729 52728 26286 77063 97820 34882 52808 68682 20276 5412 53308 67432 63701 97644 41922 94791 96921 85715 51076 67036 84767 58358 %n3791 122
13942 17720 38404 41828 86275 67267 44484 13342 85836 68701 31137 15413 52136 46065 33732 24772 59124 65996 23806 8138 56506 18061 22640 57651 53526 65580 73211 70539 483 67904 77776 20048 85624 99350 82218 88306 17940 34226 6535 48085 78084 42721 12004 64516 83703 69952 90355 34041 54456 91321 43820 88108 30660 58161 11192 81375 53187 42712 18611 24332 75808 46339 80150 1694 52975 33228 61873 43193 84856 28060 11055 53869 38343 78284 84957 46040 23855 27361 71936 84598 80276 77321 55872 79622 92776 85337 33269 69574 47073 71308 54564 67537 76068 49345 67322 48039 94447 7270 67673 74899 99126 21931 27948 19959 42780 4172 28296 56252 1399 13716 49911 53776 80753 77161 41990 83307 82449 84530 50750 84980 43842 11995 %n4743 121
98398 31988 61769 23356 87292 82655 43126 25990 48243 21511 44510 49490 89919 95143 2814 5479 71745 51153 41703 77252 3647 61371 18038 56016 29319 97962 21099 37731 54247 31593 37895 30729 11651 41117 56799 36765 76590 57548 83446 7447 11675 66317 20462 49264 89673 87485 30637 43654 19475 49588 81471 13163 48290 6206 27331 69849 19001 89727 39556 34346 80457 19093 79188 10022 92186 12800 55004 54196 31932 16694 96215 36236 92010 29481 71877 61319 1221 39723 54808 65416 53570 54495 48299 15346 42148 51205 79888 26717 93711 55131 97282 95961 88507 40283 13458 3162 39774 99836 13872 71017 20905 38737 68422 74337 58204 6780 38373 52896 80804 30331 73454 90045 46386 42764 3432 99273 46107 95183 42811 53030 47879 %n3478 123
63920 83360 45359 72716 93745 59977 83747 43723 84647 86549 94597 50031 34441 54866 69451 97855 59445 19381 69647 15330 89376 62241 31629 56212 1671 54690 40221 55868 55639 99250 65929 68372 20731 75154 54776 42663 27659 43874 48990 43671 89808 61691 3581 85823 69513 55944 36429 44131 52103 31745 77546 33947 28893 76711 85895 15170 30275 70830 57372 85479 42065 12943 81094 91162 90035 49822 12770 41593 64558 2496 1327 13938 84453 77852 54314 64643 89097 31917 57045 78874 42538 58396 76479 32490 77402 62908 42703 39452 48918 97628 35454 29687 40963 11131 46216 91020 36809 50802 89761 86942 53480 63508 95780 5094 40491 18430 63748 17602 63563 75543 50778 3783 6458 50443 10935 83793 14846 74929 59154 55090 11356 41997 53931 %n3046 122
33596 35683 29189 84637 61677 39166 81756 2736 35271 72333 70774 45145 56888 8384 69403 2461 90791 28214 36797 84432 70907 63007 7989 56209 43008 13120 3597 18424 17234 47051 66040 40034 96865 61144 61556 19303 77724 95795 50138 45298 8007 15412 53782 76922 45148 96536 18138 13600 45694 33800 30130 71244 81 83287 20802 14529 896 75956 7143 28814 42228 74725 63189 32134 48827 18373 45067 32900 26627 97490 35447 48988 7979 21715 8632 63286 61848 90886 97132 30107 14539 24513 71913 70166 78421 42299 63739 2804 73869 49876 70104 76818 43789 20953 98621 20292 92317 17318 94243 1406 30090 76618 92145 65417 32657 19199 78592 83555 51183 13832 88804 14095 73143 1904 88161 96136 59672 1421 4477 69925 90253 37488 %n5197 122
18710 89252 15286 78004 99735 82988 44016 85492 95892 94238 29128 85756 85956 32096 62364 94761 30372 99437 889 45188 4635 93247 99089 84695 20719 84190 85269 11657 78798 69359 60934 61309 30547 73642 50751 92447 99587 94718 43212 96929 34988 67666 52906 652 8704 50626 66169 50247 33689 26118 76374 12873 11603 17624 13740 41768 47699 94881 81711 29207 60776 83359 61542 12809 79228 32007 7784 47906 73904 45409 95266 42897 36443 5732 80576 65109 89268 34671 65595 70280 47891 61017 61688 1835 77268 11258 60299 47280 5234 95693 64965 92352 66655 67321 7037 80222 45063 535 3266 5766 62712 56455 33790 94945 19996 25231 86484 6590 4502 26054 55166 1894 77654 16192 23505 28008 71322 34099 82962 17476 85152 88310 %n6636 119
77398 30504 55455 78674 7031 21515 8434 77965 53606 8178 57890 10562 52480 11816 54926 61401 79885 84481 3955 75567 89101 80487 64730 93744 83128 64076 34779 57354 53250 90362 76512 38149 58647 91113 53532 72537 9491 3294 51390 378 71041 78041 35163 85573 45997 90919 10018 24269 90451 82894 1013 64621 12611 73258 21894 72417 97366 84039 59742 52986 1462 3640 7164 61142 85165 20280 6534 257 34071 38340 76782 75389 67377 4679 7217 98222 3436 84048 31780 80879 19442 25997 61024 85565 44108 24079 25248 57762 90463 50614 86612 22511 44888 88114 86434 61215 88998 19332 4422 22262 28853 84304 53647 29652 97957 10040 3166 67916 96230 66652 80577 25947 86135 60545 4631 60319 41663 14007 66844 %n4102 122
8679 63166 46042 6610 4461 46123 83989 29259 37848 39170 57479 93455 49582 51829 62695 78617 47856 45893 26337 46785 49417 99876 20955 41940 17977 96020 74501 67813 71917 97251 82922 87882 22589 55188 38445 26022 64740 71431 30022 43794 84146 45250 72111 71051 50463 8724 87899 43950 27812 99777 46764 31999 48924 88838 26883 48307 50950 53053 58269 57093 84250 51902 11649 65574 93832 22803 30521 19112 93646 24655 18225 33696 63528 3133 92377 38927 87718 2785 36817 20706 11697 61465 25848 6659 32079 78717 18158 62421 68728 33100 69561 42678 65970 14091 21343 45677 48428 85322 49517 67419 78255 44639 69736 39866 79822 53219 83049 86283 781 16594 55727 57557 91575 79749 85020 17390 9428 81857 60973 84844 75601 11139 %n5961 120
89339 62575 78611 31466 82743 5956 60294 83850 45294 81128 28061 71965 84794 8624 95654 82778 45246 2658 27308 89871 88545 83996 41539 90021 88156 16386 55771 87132 29808 32702 26100 92649 82630 41753 29877 38040 48812 12153 26176 5236 94402 67648 46474 7699 77023 18681 60627 53110 72126 16481 2706 2126 29289 93479 32105 30327 12378 84862 62876 31576 28998 94910 97556 81886 70031 67974 72690 92687 40720 93637 59997 20233 37993 59616 96350 5483 49166 36289 86815 2691 13857 75099 72490 31679 80099 63824 67818 41148 1525 49109 8861 14787 99133 92762 77605 32534 6800 81726 11412 38725 13902 60317 84433 16140 15882 23722 83507 74867 74513 72196 80248 71021 37084 89743 76419 35389 76863 64481 48725 71983 %n5355 120
89404 39908 86449 78891 89072 49955 77345 88896 87648 35782 51666 82005 21940 86033 47672 22028 87188 99554 48269 36051 51570 67764 29501 82340 64634 93856 12252 54848 45417 50540 14307 59840 79295 17749 27155 24250 76798 54014 42179 65828 17559 41897 12920 5360 71235 90763 49730 34414 91833 41038 93641 10422 3908 84150 7802 95417 22677 65344 8839 70410 64040 29258 70254 23823 90062 37047 7674 21596 1885 16660 94076 13238 24239 33986 38364 72872 46254 97800 79417 77700 12718 45216 50052 81321 66574 30189 50488 97660 56661 70850 20223 48921 20338 45693 18997 51851 11882 42925 81699 24527 64435 71422 96633 31548 77670 76958 54279 29833 26385 44183 91081 89579 18220 82102 51927 38102 86459 89129 4592 28530 %n6525 120
82830 12573 6264 35379 62217 69153 80050 64128 4591 82104 28679 97343 29806 64498 34592 43460 34412 88591 32511 10992 89592 29081 78943 22894 76836 41512 81101 7312 9774 64234 13778 79697 96760 49644 88825 42167 96083 493 26108 25500 65028 66273 49712 54038 45041 90189 53646 29525 71317 64061 56269 51155 63998 87921 54676 74871 91159 63235 59037 34472 60401 25752 74135 96270 50531 24089 55268 67130 22608 59829 90848 90203 53139 29891 2469 92053 85472 58536 58057 56671 71211 5415 1875 96371 72957 80165 6252 59642 79194 88904 3337 96414 71455 714 24503 88606 89644 86482 69732 89061 14542 47219 73188 42483 87631 99050 70581 63104 54828 86204 17636 23474 58350 83054 8692 64184 21287 43319 12096 14566 %n192 122
6226 35150 31107 36703 13465 62608 50434 52596 59606 90856 66259 93465 68382 55505 13719 19203 68401 35206 31479 84759 11978 88424 63724 99559 35622 67938 94866 83838 2014 9732 66046 13524 62803 59111 99750 40409 7247 71094 89319 55213 99358 68821 34616 99052 81113 41812 61708 78681 98021 6273 5432 14021 32901 75270 43181 71269 7000 81563 11578 71134 22164 30713 34408 34918 43087 77983 61129 61333 17934 26454 16290 54173 2060 39927 62197 89487 25588 83387 62054 9427 98353 10010 76342 9463 86425 7135 39430 17984 77326 87077 68754 72882 31086 23897 72148 6693 65 39094 80120 29175 75305 34887 72984 71320 73797 7853 61811 84904 76619 9060 47713 4979 19804 39499 96787 88822 24921 39947 30528 53690 52971 82963 %n7119 119
42218 38093 76121 75627 82939 45191 71195 24924 53976 29327 57574 2201 70242 16984 47807 37869 90637 17502 90267 41408 8362 69882 37408 96089 41309 45024 20174 61013 86355 78914 25734 30638 12692 20039 27250 70239 56868 65256 18316 90082 94299 78110 72018 92997 65647 18709 63542 44591 64348 1038 55074 91901 44569 87795 5489 27261 70938 14461 71499 56664 45161 52504 29664 54181 44906 79078 50321 13187 92974 12758 32709 81792 34350 52408 41566 34540 31859 58891 25814 68092 28823 7028 59798 43998 44637 61854 21964 65227 64721 36486 3957 94503 36789 71157 7815 65101 7069 99186 30116 12565 86424 97740 48053 61263 35318 77708 6492 49280 29113 18679 94574 4761 26038 37508 4749 41860 40416 20333 65078 %n1665 120
53611 33410 92743 28802 12075 68194 11701 47730 29079 95861 31000 60831 57753 47358 70542 21504 98556 73159 35951 59925 7219 67913 62958 46291 14302 97736 75666 27442 45416 15769 59935 6503 67880 64949 90349 21733 78771 74918 25089 9510 20500 97124 9340 65641 51089 64268 58847 88735 8731 70274 31136 3483 60762 32986 40160 63773 28404 16668 89865 90534 3944 94199 70729 15483 20793 92780 1598 97507 8823 30273 79966 60900 68157 59956 53891 89519 1476 98451 93397 18627 76398 79658 17135 56193 50158 83332 81121 87424 8893 62388 77527 19841 8171 95545 93498 38623 52043 6170 71246 53636 16040 54843 51415 46066 34478 58950 17524 51967 19416 48916 36596 92731 69249 85930 66430 36149 63436 6739 31976 81925 %n539 121
85143 74393 87974 72976 10476 60565 97690 75188 13177 30781 70911 47855 81236 22201 14672 10608 46309 84100 57818 68390 53405 4009 26359 50836 51784 24043 10403 23278 36356 77895 84907 56539 36780 84223 69465 26157 43433 48366 26569 54075 83576 99936 88870 14521 55733 59459 86827 31181 95920 30171 21125 86964 65312 25119 20115 25660 14528 84064 86548 48515 13111 47894 70193 12748 45674 62548 45094 69948 85814 16933 55163 9802 71000 89068 7266 59754 24369 14732 2871 971 2575 67144 42424 64085 40327 45849 77647 21106 65657 38337 6831 23546 59605 10352 24674 82444 14614 33604 39529 37818 25415 99743 13161 37431 55129 70032 55097 43748 49133 98152 13335 23392 93315 12403 43417 65617 36858 85323 89045 37622 15788 %n1308 120
98861 93642 23636 15217 57870 64617 85973 82503 78515 13175 38813 32732 83373 79511 64699 81305 74228 87863 50023 93757 78883 65177 18612 60505 57118 7116 11441 73996 55748 70243 5159 35038 45957 7549 65435 94213 60756 71053 78150 33888 23352 95820 47779 15378 48625 91246 51228 24393 85568 21826 14444 85467 4349 664 75920 88546 59339 96447 42413 59262 30993 1923 51027 14447 8456 16213 25630 22298 11831 53156 61092 6702 33863 49471 34096 5557 35312 76168 79864 56765 560 66872 95391 22558 43031 71149 62584 77010 19287 98920 27573 57115 495 35544 79530 138 43948 1036 89448 72500 71780 66518 98936 32805 10338 48751 13914 34993 63375 32355 63072 10485 28829 48682 29789 2824 28920 56251 50819 48469 %n3102 119
93180 27834 77740 32255 51741 28819 2312 87945 47320 50555 61754 4496 48883 63122 90664 39909 67759 95291 86557 69792 95166 88531 35691 38195 93210 7584 42356 41666 32337 66728 90676 30857 23344 41216 73004 12310 41661 91836 41349 57797 64296 31337 12083 90537 66298 16679 10274 37598 1298 34754 53760 45596 46591 64327 29487 43409 71388 92429 96978 20575 62272 57176 75684 25501 95744 58964 93139 30217 42265 68494 81894 27654 50248 27249 31762 10310 82268 2269 91389 44583 42301 7629 55244 20780 94389 93184 18888 76900 90309 88823 53300 53271 29928 89783 2522 61300 95511 88616 4486 43592 26711 96015 62705 3799 83584 72994 70396 22260 73634 86296 39281 373 93763 95386 71848 94717 12033 96157 52495 %n3177 121
45165 54728 36702 69310 82243 71414 6943 93066 95323 84011 73991 76323 33779 44455 85948 42423 89197 1677 3267 94473 5935 5883 82288 73704 96986 50289 80644 42831 97380 74 74766 25297 55683 40421 79042 75033 82506 41496 68218 72353 39491 18924 69474 36053 58101 41821 17935 25663 38344 45040 68973 47031 69398 55324 59405 76961 90300 63611 32619 93061 82201 47925 53263 41329 40912 82166 61671 60159 98314 70427 99045 55335 58824 83628 56036 31610 92336 83732 81063 7471 64408 10236 71037 55532 3845 93234 91812 23458 17235 17340 95712 99598 55665 36947 37863 48715 75873 67686 83005 27757 86965 82044 45962 2969 6160 59333 70194 32818 25436 94464 51334 11667 75625 28978 99021 71582 55821 22847 2471 63456 72123 %n4048 118
92938 65475 44148 86943 77200 5784 1349 51710 52162 73549 20663 87864 33039 46428 58971 18932 68147 59576 71095 86024 11012 78423 3857 14497 94969 9081 86660 8283 45698 97961 34230 10151 55528 29965 84130 37183 82802 99646 11091 58236 9007 68327 19160 62999 31186 38850 42125 13042 82800 29216 51883 10011 24299 31625 75906 43215 84959 8409 59774 39769 91090 38557 77246 26380 49578 35012 54911 90682 30793 73446 26114 50068 645 80155 56560 35831 28249 76858 79708 2633 33309 30494 43547 44479 10265 44352 82198 17201 8963 63703 8313 36748 88910 58213 33614 13617 84153 87966 33832 31959 66713 60803 68941 12722 11837 79623 6428 86983 4597 16310 99923 17440 98207 55577 89715 41606 64564 96924 %n3542 122
20171 68663 87061 43989 74476 99788 98950 11165 38378 44816 20165 43139 80413 28053 61975 54861 69345 46675 61482 90547 64547 34062 19743 1105 81916 72899 7675 80507 62535 83741 27156 63771 44147 71370 48283 72618 6718 50348 63055 46023 75187 92213 67634 12813 78571 78104 96162 59236 87838 22510 32497 17763 64538 68241 39040 18911 78239 17970 64826 11788 50128 75334 87114 23475 88957 14894 83737 86936 48772 96307 95492 23684 59738 28832 78655 95571 53210 37395 72985 62856 11904 69980 78338 98716 92111 12534 93586 20674 21244 96786 51125 72089 56274 50923 76075 17513 13134 3536 57922 81012 22161 24504 83679 26163 84905 11793 88824 71828 6405 69613 83342 23910 49386 47835 12773 79740 14251 44024 4798 3278 14634 19831 %n7920 121
16487 69810 23324 45855 83803 70856 53728 52399 32822 22191 70111 56681 80896 54559 62049 44589 57985 61336 65815 74408 79786 84450 40790 79828 37705 89714 110 29235 11480 51384 5678 58682 24573 21751 89833 64892 21781 50801 14991 38073 59512 59371 22857 46718 33964 44463 64951 91736 42430 47972 997 26433 43304 97717 91657 14059 40218 21653 56972 42384 66942 73743 96233 80448 77196 38196 50184 25765 61256 56555 31265 93716 27615 48721 39674 84356 38388 57006 26032 55157 77036 2927 38459 69967 48666 2056 1075 14495 76443 26241 90262 5409 92954 18552 43198 85469 68633 97306 14468 13146 59675 14905 85864 89400 3948 98768 17782 23384 87930 54266 20077 22039 91196 422 38716 50313 58284 64722 90259 53280 91392 %n6079 121
88168 22441 14623 12508 38625 18310 33134 26630 75019 68150 25088 21359 88247 27726 3788 21425 42707 69132 6922 92001 6962 97521 16532 35110 17345 47443 62494 89222 13490 39651 60515 48009 23459 83458 16263 63229 25282 31814 72739 14303 40088 70656 60657 99656 36099 95822 15480 39075 26220 4736 13565 47468 73361 13977 75698 88620 22962 32016 15767 10444 58781 75403 81882 67088 76004 49429 87802 80316 92875 7537 15425 16997 34115 92682 26428 58842 59697 65072 53404 31591 11639 66409 15332 26083 18730 45897 53809 71615 44944 85993 3902 43362 32122 42637 94997 49220 46818 39150 9943 30804 7286 1271 5367 1948 65997 20214 52167 79952 3960 86475 609 55241 46370 4465 8164 76995 62322 32990 56933 2391 84937 %n3687 118
96411 75260 20460 17990 4400 68535 71672 88105 74768 53905 99805 91226 65004 12447 24708 12166 73482 50367 61101 8099 20958 7703 26555 2535 82895 42188 74258 80754 10909 81823 54240 26179 87650 43899 74022 97929 85389 64484 93961 93566 94568 21372 13194 89064 1130 52264 50853 87006 42681 70985 48505 11289 45329 82456 29927 53778 17547 17622 42844 20497 84032 78085 21283 30323 86748 78397 13260 2251 70327 39797 15195 59331 16249 51559 24496 45095 94481 21863 89848 36318 54401 87956 6242 45005 55851 6189 16196 29980 60699 33092 50070 37472 98420 23044 36804 98499 5152 85966 64320 83282 18539 23116 95445 83109 24821 82385 70666 68611 6635 54606 70134 87758 37549 45534 17787 59033 61962 99792 %n