87
3122 180
55444 40821 82674 41631 52771 56108 37367 28241 15902 59322 22002 25392 54312 38561 62555 32975 4453 46359 59419 30271 92190 35729 9381 87400 35129 13706 26946 36893 62036 97675 5448 68652 9886 33402 8711 15823 63814 40079 77002 3212 93817 21072 82806 67645 17263 53123 12147 12609 7210 13850 1380 74648 73220 62951 83892 82878 86486 11443 99064 55311 35418 63845 59090 30294 96095 95041 4643 31080 43081 98432 13441 75613 90115 99366 79478 12415 62204 69071 55259 5778 84933 26238 45070 81771 78863 2905 36339 41986 5612 30676 30247 87375 99754 9251 39093 71184 22205 9096 73954 411 80577 83139 48637 84119 87374 1324 62865 29375 48799 6428 87961 82421 39832 70166 77947 2100 3121 54576 81659 46997 52819 47237 71313 56074 59382 11665 95737 50186 49376 69668 72631 13859 29093 71028 21832 62119 51239 54761 37473 99104 43573 14821 31990 70762 96187 62220 90914 67677 96766 45114 25824 82522 39899 4374 71161 25765 80554 12462 39990 46129 26856 91374 87923 30205 58978 190 8326 8070 96475 51270 23436 42325 15083 50008 10656 54730 77872 69492 49137 36351 %n1776 144
23539 87258 74412 20665 21610 41698 99974 80590 729 86701 23016 60801 91209 28492 49869 56051 7784 93356 14078 1658 17237 87376 55109 72705 95485 79604 31471 20185 17834 41342 28711 69049 20383 24965 18413 17536 76618 55595 25240 9182 29277 78829 2150 12413 46511 23707 25980 53115 85034 84188 92008 74053 59740 61136 16058 33249 11662 99109 64631 97032 20107 702 21200 98148 35979 63621 53535 32489 8906 86275 71779 60646 50905 93964 56336 94229 43369 53711 45147 83009 14607 59866 26598 76466 25343 83929 16738 70047 55126 86548 60672 56215 73937 33450 48746 72768 31633 17149 71304 84696 93892 91346 33292 30111 98614 76159 45876 70695 51129 88313 11464 17326 78770 57878 98777 77408 13624 55131 31414 14738 31805 1950 28141 72311 53284 5972 31551 96951 25786 56840 32720 53444 4963 11427 69596 76116 21746 55206 87047 98891 71013 70515 78573 80044 %n3463 100
15152 57291 83232 39624 55429 86778 41756 23632 68207 67140 22087 75608 72666 34014 16585 72796 98998 4295 61585 95731 33570 76685 72935 37268 25433 96105 680 94078 99303 83412 83251 10183 11741 9630 99693 48874 55674 41082 79600 87695 99563 41843 33034 71309 75841 96727 39441 80297 50627 78551 19108 43980 25848 38026 71211 52823 91235 12570 34855 7508 17962 77432 65881 85998 37922 74893 3873 69834 47155 96939 37438 94337 50353 887 11029 46895 87864 43584 28802 91991 12515 32772 357 68181 14837 62428 71610 32904 59086 45416 55872 96990 83304 61285 78782 45267 51514 23747 86697 60988 %n4911 85
10523 5316 72744 11640 83878 31960 78724 45441 42926 34811 33241 78316 50665 45156 61722 90157 18442 3209 52843 83321 47853 10322 87184 62779 25534 75966 94847 6709 36316 64774 73276 62656 32463 1199 39763 38217 58032 85386 4684 99689 83773 32805 44837 37383 29858 41745 86868 86704 7237 78881 81249 47293 8770 80293 19780 96564 26361 71586 21224 85407 48998 32922 16244 44902 14386 96567 12137 11816 25593 42044 87137 18485 344 68525 41061 7738 67733 87990 16289 65827 94774 56590 96559 45752 39130 %n5288 58
59332 67134 45657 14598 59225 21917 3654 14734 59495 9554 8418 59050 20939 13890 33145 1257 9822 72188 25548 67835 79859 20155 72215 33927 44639 24776 38571 22259 7864 8726 90738 35937 9476 33470 38299 49271 50823 38105 7465 80883 32837 85053 48257 87532 40218 86838 12793 52135 36041 75240 37006 28977 90915 68580 56882 24774 83586 7329 %n2706 46
69232 72619 50379 24167 68718 5785 47397 99881 39851 90095 17551 58292 17350 53279 59147 59771 73703 16104 7970 97095 68846 33489 31989 45777 20318 82437 96433 58004 26877 331 11823 85550 64749 98386 95079 27061 97691 48869 83014 61183 61241 42330 74643 97241 83781 24586 %n5549 41
96489 15639 92445 18672 42476 55125 48915 30941 90963 69615 39197 66686 37979 5295 49746 73210 95799 5489 55042 56423 65771 69297 76426 68451 78248 39682 15021 38443 54706 87396 80404 95081 67195 47549 99727 13591 24173 27290 28310 23170 60208 %n2184 18
21659 44329 60562 65721 91373 18759 63993 72877 6779 39144 63344 93548 93471 81715 10166 26101 24451 82919 %n3931 23
35772 37742 90410 36721 68850 46559 48498 9618 44095 80084 49724 32396 94925 63166 74769 86074 99425 32261 19052 11305 90072 48389 31636 %n5078 14
67222 47887 69670 572 47706 29228 87033 6031 27019 13582 42697 3043 56131 59546 %n422 14
91205 62033 49953 81806 44104 91658 49298 34829 86714 20415 23294 19063 130 79777 %n4209 6
37590 96318 96206 28240 16068 50592 %n3294 7
34620 20948 83475 57429 97746 80646 66179 %n851 6
49651 30014 41534 39482 63049 88769 %n302 4
67654 89091 81452 58361 %n3069 2
6671 15585 %n4268 2
83066 83837 %n3757 1
98938 %n1660 1
9293 %n2208 1
97861 %n2065 1
27296 %n4631 0
%n4130 2
62417 27458 %n1791 0
%n386 0
%n3178 0
%n2972 0
%n1072 0
%n4955 0
%n1903 0
%n2808 0
%n4812 0
%n4670 0
%n3174 0
%n2935 0
%n4621 0
%n1852 0
%n3708 0
%n736 0
%n1541 0
%n1957 0
%n219 0
%n1886 0
%n2206 0
%n2397 0
%n3421 0
%n4014 0
%n804 0
%n4685 0
%n2154 0
%n4447 0
%n328 0
%n4918 0
%n39 0
%n4895 0
%n2340 0
%n1530 0
%n1414 0
%n414 0
%n1093 0
%n2441 0
%n966 0
%n3050 0
%n3705 0
%n374 0
%n2708 0
%n2648 0
%n2672 0
%n4129 0
%n2105 0
%n202 0
%n2863 0
%n4196 0
%n2381 0
%n5142 0
%n5497 0
%n2948 0
%n2904 0
%n5270 0
%n191 0
%n319 0
%n4737 0
%n971 0
%n340 0
%n913 0
%n1780 0
%n2639 0
%n