264
1543 15
72414 10167 51730 52452 40040 57169 6143 94544 19042 9935 44625 53274 75801 18301 63401 %n2985 14
81242 23131 88187 22281 56649 8173 77871 18364 992 11872 65890 70709 79970 27600 %n15875 11
65809 14566 15768 4573 38188 90998 92815 39570 55017 76252 94004 %n17715 12
71678 26806 79644 93402 12435 72142 49108 17557 71717 58876 35573 64013 %n15848 12
45577 87210 2753 39757 86071 68718 28153 22563 69448 40651 60539 191 %n17126 12
4224 51467 42173 12485 40150 79831 74230 17915 82282 58349 6515 50398 %n16183 11
32555 52246 16513 59339 89356 91696 59554 44756 30854 68243 13257 %n22026 11
34758 59175 70280 91007 90118 40901 69191 83104 49214 20306 10284 %n21678 12
91061 92906 34438 12771 40207 50162 67151 26315 41771 42120 53359 12850 %n10081 11
48192 68147 53658 59586 75263 42897 43350 23790 69672 26644 18600 %n500 9
67893 46344 55316 46397 5893 53898 11612 74369 88043 %n24680 11
58218 22111 92737 51774 64895 57612 40130 93990 24498 3749 61610 %n19842 11
60142 56380 76138 64826 23146 15304 62508 87288 10511 63662 37292 %n20734 12
73201 34546 41002 63690 13554 56188 40948 7601 92119 7214 41535 76882 %n8841 9
72764 307 14218 55018 63865 22574 89612 12478 70173 %n19410 9
9164 94308 65236 60400 36877 77988 71560 52776 27853 %n6424 9
61115 61085 63335 57613 63422 6150 54546 61505 68738 %n7630 9
26925 42121 34081 4344 84252 37386 94203 51175 54684 %n18941 7
32770 64320 84569 69741 82267 90036 17147 %n13764 6
85957 28382 42417 41926 12180 22864 %n16367 6
79376 49720 33009 53805 60823 60589 %n16499 7
25857 85947 57378 49929 6590 16453 43420 %n22561 7
77041 40366 10670 6508 42152 79154 89778 %n13823 6
35208 91710 74902 93443 65188 44844 %n21040 8
8958 61882 92328 19854 17249 64178 89651 22902 %n19063 7
92571 33786 37462 67888 78314 1656 65306 %n13667 10
14960 26974 74762 42025 94629 12907 17470 69868 35283 51003 %n821 7
37766 17849 91076 13735 56196 35057 36308 %n9733 5
36602 50378 81099 13945 47443 %n6033 5
26766 34056 28338 14792 59896 %n13979 5
54451 4778 15474 27317 15159 %n2103 6
84908 54125 46385 62800 23303 33304 %n4831 4
18036 6052 75877 27149 %n15042 8
57711 1950 35315 67944 80207 22119 71291 35331 %n14373 6
62270 82391 56799 31478 87392 48246 %n18267 1
81669 %n278 5
22824 87630 18386 14454 33849 %n12111 3
37002 39820 42876 %n17698 6
33058 33664 81474 26487 11062 59197 %n16058 6
34627 79371 91430 30193 27125 71311 %n21994 3
22089 27512 60337 %n14972 4
2874 88415 10425 59155 %n19615 4
1525 37397 35983 60520 %n23125 4
61243 28123 17805 81200 %n5599 5
59694 47150 36102 77490 52217 %n7833 2
3499 15189 %n10246 3
73063 92894 62942 %n17241 4
81889 4074 20665 54465 %n24143 2
13780 71726 %n8812 2
19186 38996 %n19376 2
29491 61571 %n22993 3
4721 20518 26714 %n14273 2
81174 39225 %n4244 3
15749 64592 19579 %n22270 4
57127 35771 25745 76976 %n13255 1
87523 %n13733 3
69516 92646 35473 %n16093 3
80797 73552 22677 %n10691 2
5342 57022 %n18789 3
35978 21522 83847 %n17030 3
6457 46192 52193 %n18571 3
86791 81118 73121 %n22335 5
35127 71310 90806 70292 41922 %n1383 2
87526 52525 %n20563 3
29142 81352 25434 %n21036 1
6823 %n888 2
8328 29416 %n23986 1
34374 %n15779 2
53056 57439 %n14420 1
82920 %n15925 2
11712 79364 %n766 1
20611 %n14144 3
76151 85613 45015 %n16605 1
2249 %n5070 2
43412 10728 %n16980 1
10700 %n3956 2
11196 2671 %n20595 0
%n19319 3
82847 68627 18373 %n19185 2
46815 19805 %n16386 1
83879 %n25316 0
%n22283 2
88955 13591 %n18556 0
%n20622 1
19344 %n25383 0
%n1403 1
75013 %n18406 1
3772 %n17261 1
77634 %n15914 0
%n23758 1
21561 %n3746 3
79494 68228 80331 %n10930 0
%n8983 3
70757 37819 13944 %n21424 0
%n7237 0
%n20158 0
%n17653 1
37805 %n5215 1
13329 %n445 0
%n24508 1
26400 %n15252 0
%n23549 2
43425 59964 %n2903 0
%n1843 2
57600 11902 %n3508 1
9434 %n16820 1
38795 %n1572 0
%n9371 0
%n8780 0
%n15763 0
%n11469 2
36 52017 %n1752 1
68442 %n5855 1
12268 %n6776 1
28831 %n11821 0
%n4223 1
53076 %n22529 0
%n4079 1
1643 %n2974 0
%n24979 0
%n3879 0
%n2856 0
%n6286 0
%n3376 0
%n21950 1
52814 %n7202 2
16291 74159 %n12915 0
%n10639 0
%n22025 0
%n16295 0
%n11471 0
%n14372 0
%n17062 1
18119 %n389 2
3797 69490 %n24804 0
%n12037 0
%n22779 0
%n24386 0
%n18265 1
65947 %n10706 0
%n22781 0
%n4372 0
%n7890 0
%n12857 0
%n4971 0
%n1292 0
%n18801 1
94661 %n21034 1
51609 %n24702 0
%n16205 0
%n1395 0
%n23166 0
%n18565 0
%n7845 0
%n69 0
%n774 0
%n6096 0
%n15921 0
%n793 1
48342 %n5186 0
%n12803 1
12343 %n22663 0
%n9659 0
%n25390 0
%n1272 0
%n15759 0
%n21210 0
%n3284 0
%n23787 0
%n3351 0
%n16216 0
%n15558 0
%n11459 0
%n17849 0
%n10936 0
%n8865 0
%n1164 0
%n3100 0
%n24949 0
%n13923 0
%n2106 0
%n15662 0
%n3047 0
%n16560 0
%n15115 1
91509 %n24410 0
%n21782 0
%n4458 0
%n16527 0
%n18073 0
%n18252 0
%n3407 0
%n6147 1
28884 %n9355 0
%n13967 0
%n16017 0
%n823 0
%n11040 0
%n3345 0
%n20800 0
%n6206 0
%n10180 0
%n2646 0
%n15498 0
%n9836 0
%n19033 0
%n18704 0
%n24944 0
%n2221 0
%n15812 0
%n930 0
%n8693 0
%n7868 0
%n16487 0
%n9115 0
%n9478 0
%n148 0
%n1103 0
%n872 0
%n12785 0
%n11563 0
%n3663 0
%n20391 0
%n3747 0
%n13830 0
%n23001 0
%n12851 0
%n3267 0
%n827 0
%n7588 0
%n20902 0
%n17174 0
%n18098 0
%n8484 0
%n3499 0
%n5749 0
%n19764 0
%n1853 0
%n18297 0
%n14950 0
%n7006 0
%n10056 0
%n21488 0
%n8920 0
%n3086 0
%n3958 0
%n18794 0
%n3063 0
%n10009 0
%n1708 0
%n5001 0
%n17115 0
%n19551 0
%n24945 0
%n2377 0
%n2230 0
%n12068 0
%n11349 0
%n3257 0
%n1393 0
%n21384 0
%n9217 0
%n16695 0
%n