213
1215 19
11905 72463 66450 93761 76553 72157 32697 74238 4878 38052 92420 51428 38005 31267 67496 78323 3191 28288 87296 %n8124 19
24203 92010 91445 60124 17381 43674 16017 73964 63901 96909 47515 64953 77569 20796 74777 9262 42355 69653 93906 %n816 20
11888 24315 796 65508 49210 86837 13160 31867 26342 33229 73512 74550 23846 69173 11853 22721 15732 3183 38896 86795 %n4130 18
833 22451 15410 34188 86176 14511 45861 41392 15077 71128 59238 16453 84359 50355 17389 75000 23382 52884 %n7841 19
53855 51679 13603 47100 18316 24318 59880 91832 29602 29245 38953 73346 48987 34294 17413 32406 72893 40280 92195 %n6112 19
21317 87586 57834 95722 96465 1051 40142 54018 78666 6901 47382 13248 31668 61716 27539 86659 95625 93072 71160 %n8046 20
19009 1801 53710 47686 67877 80588 70965 59572 93679 13731 35624 53756 23451 70753 48638 89532 9462 52846 51652 16932 %n8095 18
6228 22232 90214 90909 59218 56953 66163 55875 17722 4572 28981 47435 93111 13218 16669 80424 92161 73611 %n8486 19
37235 226 76458 45855 44586 57291 76256 50751 65919 83917 89306 64266 19754 50670 36281 97068 53750 26909 75173 %n1949 20
24096 18968 82966 71256 98832 52845 2883 63589 5658 7767 96757 99572 99686 77607 75188 21318 29512 46254 41367 1416 %n2443 18
62886 36135 22643 52396 76796 89883 48055 76070 38444 50616 35445 46019 72255 3997 61228 85775 89581 44950 %n4184 18
36475 1551 82837 15792 11567 45924 58215 47980 47461 44194 79843 58960 90703 34220 80079 93881 90795 32639 %n9500 19
72959 78540 51910 25983 37207 96693 99293 21030 36795 1970 76375 85490 59168 32404 12882 28882 4282 36316 97685 %n5498 20
16055 32421 18596 90750 64137 37239 7012 69515 91118 68332 82501 49611 41495 81710 80265 67497 59315 49936 73984 73460 %n1561 18
30326 71237 38789 92091 25619 18027 58267 92126 9880 16710 37006 87458 53032 16984 90433 5669 37612 27889 %n6974 20
95895 65028 38847 9837 7438 41411 75842 62493 90778 44804 11666 87234 29098 79596 67111 23545 65090 80790 43942 88359 %n5928 20
6437 89184 42070 6800 73704 58680 98020 16327 30727 58003 9901 70381 92971 71629 93169 46283 2104 82890 89660 48786 %n5484 16
66854 59674 41165 57344 65001 22448 97383 27715 50882 72129 34300 37417 13019 34213 30386 43379 %n4241 19
65406 22983 57750 63342 28901 11817 80956 62174 87208 32512 39604 94093 64581 69432 23074 72229 5812 16678 66206 %n4040 20
82759 22430 11924 65694 21499 63898 45873 66779 96219 8867 52041 26095 98640 99214 67458 30424 14432 12231 34899 89659 %n2829 19
77091 27028 91436 60182 74154 85080 9546 8252 41562 13207 97508 91369 85274 82823 97725 56084 85013 52043 96141 %n1424 19
35687 62620 5751 75603 74316 70030 18512 88092 60367 503 37377 82775 78366 75658 88949 88912 43196 32595 76808 %n7666 19
57985 21917 59732 69744 10829 83744 71368 43543 72848 62577 23158 64442 4587 74893 67198 35764 12676 6528 7657 %n2597 16
26716 84153 5610 72811 23935 44459 17375 16824 20312 75780 61243 98077 31858 64656 18984 88061 %n4671 20
42602 48643 36875 96949 96157 69601 30696 53642 10631 70832 545 49897 29707 31714 51509 25118 99977 18473 41773 71013 %n5654 18
58774 55252 49319 47669 3479 26060 89846 13720 26456 83268 59164 42559 80070 87670 3565 10907 8560 94010 %n6134 20
88845 8314 20223 28511 59575 15130 15983 16441 83989 14464 46847 72197 54442 58272 21341 84770 53746 3 93362 17304 %n9583 19
38361 30952 42148 25138 22618 91996 70184 83082 98534 84306 27934 65819 982 96922 3971 66941 11881 81479 69681 %n8479 19
25091 94909 88960 52254 3951 79872 48079 19577 91147 2235 22192 32749 78718 12207 27434 34905 4393 69873 82925 %n3364 20
9061 29613 63077 36527 26865 263 12337 75871 22334 40354 12458 43230 44704 65692 89773 57623 18219 16241 4523 14553 %n2347 20
34633 76329 154 56651 73655 12833 97212 15830 81311 68990 34009 27492 18376 90660 5867 36611 58160 25196 52967 5826 %n7557 20
31883 98991 45739 56578 86238 89518 40655 4837 38895 61791 39949 82235 71193 75834 6468 14456 90708 23140 31895 21062 %n8531 20
36364 65222 18210 51681 98543 47191 81979 29678 64312 76901 52444 87376 36051 95539 179 1931 63130 30210 45256 31881 %n8117 19
4576 54384 84635 82481 82206 86052 43528 45061 70570 85583 87340 25506 33954 77852 14959 25582 95339 42394 97180 %n6557 17
60253 15401 18995 66960 98765 17468 88022 74439 3157 65337 90332 37817 28824 98083 55671 30450 50806 %n1928 20
91387 30272 71206 13849 2137 50666 71220 56262 98559 37082 78401 28227 7612 16058 29389 9633 97196 35298 99276 83502 %n9647 19
6639 93830 20992 36874 77077 22523 36307 29392 69201 25354 15121 35547 14951 3723 46419 25514 24037 95318 47109 %n5655 18
87254 27569 31623 17713 94210 61881 19140 40980 63330 57935 38466 52915 51537 28850 37951 36539 71214 87381 %n1265 15
43649 23903 16146 68475 74434 86827 6345 12384 40536 15495 63830 72999 24675 19613 62157 %n264 20
73181 32309 59053 19188 58244 88161 99300 92154 51971 49444 43906 12083 22244 68055 99607 33829 25941 49927 26064 69178 %n6835 20
32325 58628 34849 8575 31153 16479 20814 43578 19634 80336 24254 96916 3733 58688 9998 91645 54960 89216 58989 19175 %n5442 19
46339 77040 39546 11185 4414 8369 5966 65527 50758 90500 24380 84803 19549 82770 38414 76131 31644 88037 1754 %n7815 19
29279 83165 82861 56576 21168 9755 79735 5927 47844 48124 13176 90719 6691 43089 65395 99502 35113 90067 69558 %n2751 20
77763 78785 69810 56546 64018 8216 89382 75564 41195 47387 30553 57073 8193 14078 14360 17685 68699 8336 23706 25176 %n8383 17
24167 452 75635 86516 89314 14777 65800 78613 25398 94472 63860 19522 51280 18846 71820 91056 70845 %n6464 18
78557 73781 58880 71231 73743 49221 42483 37271 70117 7568 84763 66338 51166 88610 42093 7421 19163 8972 %n6352 18
42358 31336 45271 49638 61506 34590 27570 65044 40118 66726 43860 95531 23511 38972 64329 42176 77842 3993 %n3433 19
71399 95524 5421 80172 22651 45251 83669 19146 54041 24680 98998 93282 36726 60305 94544 66059 18941 29242 75651 %n1906 18
10481 49715 26068 28221 4114 57508 33200 12108 56452 71320 94019 64520 14576 39267 41627 12547 47343 75392 %n1609 18
48180 46590 90481 74066 76822 67055 37371 96042 23579 78679 53481 57891 94029 30104 65803 9953 80578 47624 %n3597 20
40462 30212 95110 43268 15572 44464 11413 10118 37962 76133 90138 43181 26650 84345 90342 82493 12667 73670 55285 59146 %n9785 18
94109 31183 33629 44001 34944 59260 3574 80556 82138 34697 90252 43724 25684 53629 18022 42219 21399 6695 %n7709 19
99195 24499 28069 69407 9816 71892 58854 6194 78733 23021 56021 67654 91415 53259 88615 70512 80735 37972 17174 %n5463 17
62145 65996 73535 16977 17393 66090 94063 81566 70521 64673 61538 93273 1332 56453 91355 24111 13957 %n7543 18
84517 2917 57162 59976 93977 83808 14650 82391 11794 42374 6669 20815 22230 58659 73290 15666 45613 10553 %n4271 20
16292 43577 24347 20987 26395 61454 18754 12340 34348 68113 48279 11583 44465 54256 86717 29450 71604 49633 28379 1111 %n5172 20
51447 57499 4624 78612 70466 52269 6742 17102 52564 57587 40985 22553 863 71104 45727 8430 24432 67828 5955 32583 %n1750 20
18814 80077 97517 91723 91749 62902 74833 84480 70715 28733 68603 68908 10305 11023 64392 7149 41618 54370 3419 44587 %n1537 20
83836 48693 12074 77438 74527 97801 42729 91907 10681 61374 87307 33275 37321 69114 17099 72268 54007 2729 6451 86409 %n8929 18
37874 70591 23364 88611 80953 83719 79702 12864 8213 97094 59330 36171 83843 82811 48174 10441 92262 28167 %n6148 20
77136 55046 83211 19121 38591 15404 49709 10487 18407 91706 37302 6492 3544 70194 93742 77064 63224 73020 25437 64922 %n2644 19
45568 25465 76246 8260 25096 53516 35291 84739 45494 57696 45285 35476 86734 21544 4356 6193 27945 43777 91944 %n2219 20
18150 16839 6981 94060 32374 45423 64114 21066 80060 30534 22834 53090 56046 79506 81731 56654 47192 55321 54038 55360 %n2247 19
82702 68220 38308 22281 8131 30364 37130 84230 75941 51686 996 33832 36357 48484 52810 63658 81455 68102 12144 %n9619 19
16869 67923 53603 97570 89384 74864 71889 81817 99231 63514 93670 94054 8715 4945 41545 22074 59750 33053 66905 %n9271 16
49467 64203 44775 87841 5575 32137 2463 59506 80621 99000 54276 16536 54839 29822 19680 28657 %n2497 15
65230 17597 10644 80191 81091 90565 30941 41298 89009 2357 95546 66535 33888 86828 11387 %n8342 16
70680 55366 73487 6481 76198 516 45754 37693 98955 21279 26908 53178 22842 38367 41526 22275 %n2995 17
21413 74081 1247 34544 52146 43436 9318 19261 18246 57138 63121 30202 52134 30414 5441 84242 5274 %n3928 20
1040 11109 99984 79929 30902 32229 67684 81414 20790 98055 45529 94388 36372 15018 75480 76960 27612 41979 49155 88388 %n2005 19
95397 94316 79354 70907 19293 94802 85118 26904 77068 36257 31161 17246 65171 97916 78552 21358 57394 84815 83642 %n7236 18
1678 67429 92724 34876 6848 17391 47369 90221 83352 76832 34620 89373 66653 15578 31502 99876 22231 65127 %n7017 20
7207 15917 23908 56804 11293 82204 33816 59088 67201 53743 91429 41110 91928 64645 72638 3454 24393 88873 99676 68073 %n5349 15
96240 67313 94626 28270 16421 87938 73137 92113 87421 20775 92947 46846 76176 35796 95302 %n9998 19
53242 14081 63916 85931 73064 7193 23867 7541 17066 97190 32067 93052 31316 78073 865 39237 34701 85027 64416 %n1428 19
93846 86181 61667 94906 48620 89187 68625 24353 19174 29116 96522 20040 28211 11065 61659 16987 27125 42416 31269 %n5883 18
36814 68537 30065 87478 39790 85585 31854 46693 52764 4846 84184 64138 83191 7641 16870 43798 97060 5749 %n5756 19
65536 53238 96998 63638 56170 12744 61638 47231 93402 34190 41802 38831 3436 29088 35867 15951 15017 84478 26779 %n1099 20
74087 3027 1075 4067 87950 9047 85532 36520 68919 45774 9996 74838 67660 89199 429 81056 31062 46920 36492 36238 %n2590 20
59603 58315 54953 97615 34053 43951 70859 83513 78111 45635 29997 37688 5742 48875 24522 45069 66541 90452 42927 81087 %n1065 19
77947 91882 87160 78289 73016 93966 56400 54970 9015 76483 33295 36080 88148 59899 39346 28543 50281 9836 95946 %n5036 20
31959 9900 45519 77929 13644 18083 92696 39903 29604 46328 30645 579 40914 39032 53126 58639 85664 13524 52674 35359 %n7602 19
19354 16194 57756 55866 51179 92992 68971 35322 8564 73009 69532 35406 93420 84010 24569 66308 62940 46366 20107 %n2943 20
89074 42824 10040 34734 14627 36728 35038 19155 56395 38998 44522 11954 4916 61497 68429 56722 68857 48077 8051 90985 %n4246 18
79660 9858 23821 75618 21451 8708 4405 84822 32000 66005 44035 53527 42037 38259 59780 67222 81796 64689 %n9937 19
86547 93171 55483 32255 71638 19533 93635 73695 16797 64210 23664 80087 8300 27017 67641 80626 93406 33274 65351 %n4519 15
69035 56764 98527 96559 60271 69429 73981 79217 75153 70318 16400 18996 7556 25155 56214 %n349 20
83215 64201 17897 92378 45706 49971 10212 55168 56492 71808 20469 87536 18167 97265 93253 39545 59352 73350 99807 34171 %n4657 18
60216 7018 45202 53320 62814 96236 50644 6391 3233 42525 45513 43739 47168 74151 81968 70177 39553 52705 %n8862 19
64911 61951 22413 40222 51933 80888 95974 76154 13733 95484 85213 21263 61649 10058 95183 4895 32601 92624 48111 %n1725 19
64105 96309 20639 75688 47773 72812 19198 21222 51028 11418 74978 58216 37583 73196 83499 23399 83255 47814 98779 %n9530 19
78919 59229 30646 46332 27657 65930 70247 94433 71577 72234 84206 5518 83438 3263 71665 3782 91234 8645 18334 %n4630 20
91356 7100 57171 43959 69243 368 84719 84525 66660 28823 79817 94786 7177 82768 29479 48216 47610 72945 54033 67946 %n3555 20
53618 48921 93381 40894 65345 28139 33318 70362 87618 59082 95389 35932 16427 94663 15898 61331 12751 17501 84543 8387 %n6718 20
1672 46024 25050 22505 86973 73545 45002 49208 90174 65227 90812 48788 76171 6306 14462 5870 84004 21013 38427 11486 %n2030 17
74798 23490 98574 25114 62297 46005 29104 93767 76591 22178 67813 31766 59860 15181 60643 44708 69142 %n7339 20
77692 95078 53848 47960 18156 43162 2107 32093 28568 37395 32405 56101 29228 27500 5671 29480 72783 78398 50903 99861 %n4024 19
85138 7872 61395 25713 67415 62073 97843 56000 74750 47185 88984 40333 56147 96867 71537 67597 74278 70994 71113 %n3454 19
61351 98346 52330 32422 4898 19304 7321 79703 31384 65309 65984 65362 84783 19732 34871 9148 65778 55062 68136 %n1670 20
93037 3093 23129 68278 68239 9793 63980 38845 51718 56610 2236 1764 16775 74694 7834 68138 71716 3253 76288 4625 %n5628 18
56090 93725 50978 49668 70848 2466 65347 98738 42200 37945 62968 70865 65848 60959 19434 77697 42494 20184 %n1908 18
7439 77782 54764 73661 20751 90503 62615 70876 40768 62002 28761 52161 85501 94935 86163 65457 59263 88155 %n8181 19
82963 39996 15098 76450 45999 80560 83126 49564 56979 34337 7259 52171 23141 74272 59532 29408 37489 56597 40430 %n9756 18
26626 10075 28712 45579 1506 64002 83686 59747 32642 75088 70970 32028 6729 32263 66913 41945 31285 72367 %n6193 20
39912 48885 9104 81647 14845 5896 3566 8650 90838 99532 35872 46958 60882 30943 86553 6591 91125 36402 75383 80380 %n6898 17
68687 46127 19711 19334 93921 56252 10582 48988 5914 51119 42588 21362 18225 93878 64743 41135 46833 %n3764 20
51167 83190 60792 85103 69583 56429 71135 95518 6181 86064 75741 60695 26712 89748 84960 69806 33508 6290 76664 4642 %n5390 20
1629 26973 91957 41659 46059 96555 76674 98409 37734 9937 80485 5053 65140 61675 83944 32506 75021 41223 6763 41258 %n9314 19
54327 65037 54400 44861 63971 57195 25485 50171 61394 73912 82974 80693 72816 76742 85817 30048 96133 30524 56072 %n8873 19
92255 48072 74413 79786 95808 68268 93445 39483 41699 16774 12952 28930 10726 20192 14974 13408 39456 12894 95587 %n721 18
27310 51798 41242 84289 62013 62111 38674 31835 42644 51559 92272 81342 40463 73021 77425 62078 98272 42809 %n2168 16
65938 47190 39231 95544 31410 55128 4481 12104 22534 48572 49449 61509 34720 95186 32 86756 %n5534 20
50786 71409 98793 66942 33510 52878 74179 59937 26135 39133 70486 90095 27854 20387 2758 94338 77129 74311 59219 26878 %n8696 20
35619 45104 44776 86267 17085 89554 3876 87902 38304 24855 77630 82092 78115 2284 82577 94634 66416 42488 5076 65791 %n6017 19
47062 81823 80407 27909 76518 24947 46107 23138 908 13927 76080 90235 97607 96869 90217 99079 44017 36596 99549 %n9256 19
13808 98387 43914 57288 88744 79478 96774 41179 98322 50451 90801 56186 48604 12588 53175 8683 28721 90733 48002 %n3313 19
15087 29810 39101 21240 78315 27001 16056 55400 69247 61534 27145 76838 97791 29372 86764 13500 54001 15393 12670 %n4401 17
13369 8449 55061 92631 10694 90009 53624 96546 176 12535 89240 91057 27963 40054 66987 55517 2498 %n417 20
1989 6910 94957 53611 54617 35858 275 15324 96586 66048 10368 24763 99685 93582 60189 47041 23860 42052 67351 95889 %n3301 20
25109 89106 1990 31788 96993 19561 8738 16442 40547 4023 4947 38908 19556 92476 2972 87044 71697 17449 35755 70229 %n1453 20
17714 25123 54983 15385 56190 28208 24651 38811 66733 39332 49749 74243 1339 59341 61255 12015 70749 68226 51412 22832 %n1580 19
79096 20898 26824 37700 30472 57694 136 78500 35209 56352 44312 44626 34388 97136 64495 78882 66274 33090 69689 %n9717 20
24005 49619 34430 89528 31613 8818 17131 80175 54700 81030 83029 53060 31011 80746 36358 71094 87353 10492 17668 85268 %n2946 20
92433 93096 62467 92910 2777 48820 23193 18749 14007 65665 95308 24439 83550 19058 23348 48516 73143 12946 898 89149 %n1743 20
65475 29366 24269 20821 94296 50750 23621 23004 11480 12591 89597 50948 87627 76602 9692 68503 34912 12481 80002 24247 %n6079 17
81771 36151 15659 16853 80276 77000 76709 22024 12844 26665 61223 97034 72673 49 49798 51612 10997 %n9029 19
8174 21238 93249 14741 86492 90513 67385 73968 87109 15784 54927 15282 67865 15325 9474 63312 16128 76134 26710 %n2495 20
66336 26985 27764 47549 14896 65060 1722 45994 76494 22049 4707 68844 98988 36009 48434 86643 75157 92082 65423 86359 %n5456 18
2203 82694 22032 8211 23064 2724 6079 36677 87086 26549 59519 57034 83731 25761 37659 71499 52154 65290 %n7446 20
78241 4794 79840 50113 28353 8463 97995 99200 50163 61623 73511 17305 15934 64516 33041 48142 33146 56033 32116 77954 %n6298 16
56572 97455 25529 93876 92349 88183 51032 78389 79961 28212 52291 13240 22914 48084 17337 32928 %n1133 20
89093 48670 67618 35861 41188 21741 20708 87020 41625 20269 4635 80544 50898 23940 6023 84375 23045 24559 22869 28103 %n3381 20
63875 93871 80007 8431 72338 44594 6248 89081 71502 41724 11664 64125 26453 8244 50818 83773 66851 30818 98928 33978 %n5469 18
41959 90219 71779 61342 28439 95665 66309 94990 66396 5116 6240 53581 81175 71115 65340 34624 80793 24373 %n4891 19
4167 95816 81515 68083 38593 45691 28857 4718 55497 23737 35489 99788 74078 23732 28267 42432 49811 28246 4689 %n2044 20
29958 39554 69029 71861 27066 89068 25945 63471 64546 92294 79761 7230 69976 59429 90947 34336 2766 73699 63723 84863 %n6213 19
63457 77424 10865 13393 29136 94635 72552 46054 82724 63817 51875 9811 64840 29045 32725 95472 58212 40932 82901 %n2664 19
52093 54995 84514 69525 70202 65434 57718 47150 73448 47589 80596 57976 96111 31295 73485 91693 60287 30059 39531 %n8834 20
27790 33122 26969 32461 94166 47838 28952 15140 20112 94079 24810 57592 17043 29971 73288 27208 66250 80124 69488 47536 %n5268 19
72659 86087 76207 39324 38777 76981 6354 82841 27271 18226 86878 35742 67509 43629 44171 9693 92722 36824 80163 %n7751 18
47790 86203 22198 37035 87414 67613 87980 2801 42693 84372 8100 63870 2707 86608 12033 46935 89614 39658 %n86 20
36423 10795 43935 16121 3767 41539 62883 62817 42084 25588 47605 92133 49254 7112 85049 96175 7957 99786 40976 72443 %n7984 18
44930 27980 57104 7690 38861 57279 91557 40900 55615 78896 88120 97991 96995 83098 98660 59248 60574 56008 %n2744 17
76984 3770 80671 81872 86521 75924 74915 6212 77233 16091 65437 76142 70036 27767 7258 41856 99992 %n8297 20
30491 48359 80368 72104 80513 91344 58743 92390 26991 43510 35806 63247 34832 15300 72694 2569 87003 62555 44458 215 %n67 20
97380 10379 80138 17819 38474 53171 78606 23088 96609 19160 43532 29957 3776 56251 8420 70823 43389 97315 66461 13875 %n5730 16
24823 17026 97370 15805 99539 7350 37474 63395 21283 34036 97162 5509 67271 69449 91283 51948 %n4513 20
38479 63081 11304 49050 5672 47890 28662 88072 71928 77628 85018 52031 60769 4090 22984 40848 38189 48415 38979 60048 %n2126 19
91307 15433 24695 2994 83515 37437 39045 39158 5152 33272 46775 80042 18221 79908 75921 92653 6266 16653 14772 %n1379 19
40691 18061 99303 94194 50974 6759 79392 50975 29568 70157 13597 5584 98744 30402 54450 35731 91675 33885 26558 %n3530 18
44789 95931 48127 92725 43068 82559 97317 94431 69424 13064 5875 28647 69212 94086 30514 14682 57410 6552 %n9262 18
58501 67106 71584 69915 49295 36382 29142 84968 59008 21529 50119 84435 1725 61316 45949 56822 53215 29760 %n6777 19
73363 15987 64274 85701 31330 16684 13652 95597 59693 47791 20550 8953 79278 42518 16371 52207 59841 68405 4581 %n1606 18
70957 22806 70198 14572 16695 443 89988 87052 70712 74681 81083 60313 73298 5223 92791 93400 81745 95307 %n151 19
32877 4080 7135 71319 3581 96716 65393 90385 45838 51485 8997 52988 88713 79395 38722 80806 51752 71380 77181 %n5294 18
87435 95852 78911 93228 78899 16698 77661 80627 42723 24523 35912 28350 22848 93883 99504 48438 22139 48322 %n4256 19
90718 67670 77955 69984 29091 50931 51468 73946 59251 68175 805 59528 28656 27314 96044 50621 18564 64685 71393 %n3130 18
88641 56914 23567 26726 74193 74557 21113 79652 92289 51923 61595 31519 1414 82904 71423 16468 33482 59713 %n1765 14
15151 46481 33898 40949 70233 16994 51951 90941 39292 46022 72258 12637 93856 79709 %n4474 20
98925 8893 83084 60352 14861 18280 74781 68201 55416 35074 68386 43774 85556 43219 86983 97113 27083 17164 84418 96342 %n805 13
11921 94485 75569 77582 50790 63022 47300 72013 44657 97775 50852 87849 27115 %n7660 19
39052 6190 53536 11659 54191 49587 10842 15988 44412 50507 64173 23360 2448 59652 90869 48090 60074 47017 74592 %n1881 18
16636 94354 83172 75419 83101 16820 96438 47256 34215 9162 85142 64080 78926 47075 4079 82864 80149 78220 %n1526 17
49380 55383 50207 60687 46236 32302 6366 17543 22533 76068 90084 52941 32737 69094 97275 75968 9957 %n5337 19
35646 73977 34927 64465 76649 89116 672 64741 78638 44852 25542 89207 91595 62762 39789 85424 21581 83241 24497 %n8910 18
61520 97575 43138 94724 92261 32055 87320 56663 42750 55435 83365 35807 26215 22611 81603 19559 19798 13132 %n1656 18
93771 35245 19251 61273 25507 88168 87475 86226 72509 24609 1053 44711 43936 37811 60616 23470 65224 97291 %n7485 20
62708 92488 83709 66322 26815 12622 71957 45375 91006 11459 1530 74992 36115 97948 78824 23497 17261 75863 24630 93074 %n356 18
16503 5334 2436 14059 85308 45692 12934 67647 95896 11283 81485 75284 16254 21350 41262 25551 82254 50100 %n8562 14
31252 74546 60318 33849 12500 62083 50733 14831 49989 61097 40079 18603 40199 86358 %n9516 17
36278 34582 0 51247 87026 82412 66578 72198 92026 19298 77075 27814 70622 11898 69081 20852 15462 %n6496 19
18901 62086 68594 89444 36859 80837 77943 91222 76564 90177 34085 84 92286 70534 69718 18283 64675 45780 31777 %n1284 17
91858 25926 9653 24449 47498 76152 23372 57915 73962 7946 41598 40470 47274 86714 4411 57491 10114 %n5551 20
2017 82686 16393 42531 49872 40140 25876 2528 46752 53504 96884 2612 12935 42489 29773 99068 69726 35382 61909 30948 %n5202 18
18250 60356 31782 86155 19273 21096 65496 84690 58369 62898 97824 34541 24818 87187 84619 58381 70761 15311 %n5065 19
32542 28614 40458 9950 71471 311 6870 20130 3096 69453 75917 99038 63892 77520 71880 28703 62380 89812 99758 %n8093 18
89863 53286 34533 70998 84931 1934 15847 3141 17236 5675 11320 97945 22993 46747 93112 39976 35669 18541 %n5040 20
64955 17007 34115 3998 79081 50427 39540 9582 9093 49205 447 34725 87286 51 79933 32871 50896 88464 19369 21936 %n9852 20
49328 43414 65136 43624 14664 11346 24273 77919 71367 17676 46923 87708 42466 47385 43809 6912 2901 76378 52206 22245 %n891 19
5752 87948 33768 39858 68095 74930 64491 67375 77788 69921 44791 76477 88916 2533 10855 6322 25101 61413 79752 %n5074 15
30193 59660 97818 86785 63890 82409 70063 83208 68450 61251 77968 15556 69540 24953 89090 %n1381 14
7689 77835 75537 27645 28523 37747 80805 28331 54495 85203 84956 67544 28945 58134 %n3169 20
81404 68833 21488 88523 47381 91815 27517 50325 39686 21040 45464 14258 55535 32833 61712 27591 28600 83548 51699 97013 %n1209 20
13140 2502 46711 26356 67727 38583 28900 74452 82260 80743 86065 58099 46156 67779 57637 42770 91337 38776 90164 15166 %n7201 19
75421 1870 46664 33173 97303 98275 95419 7886 71207 2668 71365 81726 17893 5891 54759 23777 22662 76802 38846 %n1959 20
33065 66986 79779 37814 92586 15504 37462 8816 30360 6488 65440 30904 26841 80465 40740 78377 22070 58849 2558 26926 %n2485 20
32708 1214 13658 95201 6699 3982 90283 28186 24975 51964 27166 62951 19073 41352 44567 30175 6009 69899 25501 21546 %n5639 20
83004 98037 9399 37394 54255 40505 56052 35423 36910 48368 34598 80119 47904 3492 93994 10915 5820 18113 6993 24597 %n647 18
19201 28501 54768 60715 42512 71328 67588 73330 56933 56401 38027 31548 84906 44367 38448 40551 74144 88898 %n3821 20
14195 85293 45431 12775 82253 79662 53448 34718 37052 53586 83335 59611 89122 8733 69395 58 4255 95851 37984 12128 %n3478 19
19603 68600 46573 84384 75878 27194 78047 56797 88298 14397 47361 87497 38160 67220 87468 27823 50353 60296 82528 %n3525 18
60690 22992 53202 39839 33222 88124 26248 28338 4701 9648 72796 5122 89782 54655 97816 80204 11729 99793 %n8747 18
57801 91512 84470 88816 75445 77610 59038 95566 77217 91328 7932 15796 50798 93589 71553 12647 387 50868 %n3761 20
11607 51684 32960 63048 9296 97569 41286 36152 58738 39340 55676 68579 6914 69288 68646 55714 88316 89142 95687 18111 %n8739 17
15197 65840 67264 28491 18942 81805 73122 27095 69012 92673 85633 21253 13091 19535 17133 19222 34826 %n8922 19
85397 77920 65273 41981 18982 44118 54162 39595 50624 20304 42017 66324 65981 21587 96594 67842 89647 81571 84996 %n4139 19
37278 15677 4532 29502 99384 98735 54109 56378 66706 30583 22546 17427 31160 31040 81556 58217 49140 42697 88407 %n9409 18
49106 11566 82192 72833 53875 46388 69385 50587 10387 93934 27322 15480 21783 6250 53951 64065 96250 48917 %n8125 16
10411 1648 33941 76095 91640 32741 35345 93762 2540 34342 78141 12895 36697 94819 7775 83887 %n8509 19
43691 51038 28184 76382 1031 19652 20134 96577 16006 29118 71242 36537 42005 751 18181 22417 56204 95215 84855 %n3220 16
8620 27113 94160 90438 54555 8025 20613 82464 64952 24106 47995 37185 54061 80587 54112 50392 %n6120 19
15294 20061 8615 9621 38903 90096 30462 96320 59373 25380 13990 51732 42930 9299 23028 64153 9884 97393 93988 %n940 18
72872 203 73224 43922 55490 73878 25850 8358 68470 17014 68463 66640 79126 58470 24447 12464 55980 34688 %n6308 17
38732 53832 45244 2258 16608 56498 4782 11425 47154 62336 25966 859 66270 14582 77109 11093 36656 %n9904 19
43274 3549 25066 24338 53117 6235 30703 63631 57075 89381 99085 45664 55094 97407 6926 12052 56766 87616 1365 %n5280 18
20382 33324 85492 82615 85419 23202 72460 74762 43188 54599 40099 13124 61687 24160 79446 7245 40635 18672 %n5239 19
96215 93034 98401 60165 84253 40472 78457 72887 31060 60645 77807 77922 77815 85295 32705 84030 20909 84346 99630 %n9242 19
49420 21470 74072 37102 78355 1941 54825 37862 89260 26479 52262 31590 10725 86748 42919 6430 33400 29313 3638 %n6516 20
33632 91852 45138 5113 77689 93805 96845 57050 16781 99145 46630 55852 65985 62846 10925 85565 38420 63543 84723 21877 %n7072 19
23190 95736 17708 39286 3659 96718 60880 95521 23931 52746 26289 80706 73842 28666 14344 90714 96889 97556 72820 %n2214 18
71149 6515 5449 64376 37980 9236 69006 25274 21223 59437 45646 36172 59288 88742 94368 69665 75024 51556 %n9751 19
30671 83119 97787 77396 94983 86798 88494 40731 68269 36902 6374 78043 81153 15698 12414 92385 68977 67431 16176 %n4431 19
55114 28784 7277 60032 63847 41381 17664 91132 86464 5799 74076 27275 18859 41337 55444 45797 79125 57498 38796 %n