308
4124 126
63383 36337 1119 88689 43929 81123 41897 13050 14838 68492 52417 69827 25283 56163 48784 25414 93471 21180 63815 27579 92764 82097 800 71933 11761 97655 17497 16915 29454 70053 47045 17084 55788 12590 84324 13271 39035 64409 64558 63943 82406 95050 77873 52244 81475 45085 41107 7642 38545 97471 63451 96608 96021 45785 77920 92325 84187 25412 7372 42387 8592 40635 82314 46436 75417 53651 38314 97348 64552 32089 36010 8380 67146 8800 96268 82610 66909 3682 75115 34301 88881 60655 56449 80420 63995 90906 7395 39171 63130 79017 84194 83092 83956 27964 86122 13120 29311 73614 65255 29078 23082 28029 49989 63013 45820 409 18414 83809 59756 42828 80633 35679 86250 83805 71298 57733 47006 59722 35333 78996 76245 479 41768 80103 38373 77915 %n1586 100
45410 52297 96084 64871 86997 11950 77093 99920 89073 25916 57022 30555 95123 88650 49676 54391 88642 29918 26820 67930 73636 36285 31950 48787 400 40809 36693 68865 34293 83385 48512 95874 90860 62210 97121 23031 44716 90190 22973 95430 36410 24591 48115 58038 12696 28889 56677 87290 88285 74714 79652 99771 59049 55766 92504 26865 47589 49660 56100 35228 66620 21318 24949 19370 11166 71786 28418 95591 59620 37969 82026 52057 4289 37910 90440 14772 81849 84659 71685 71328 72777 78791 57108 18583 72393 63241 65870 87138 46733 46734 37422 61802 23303 47188 23000 86209 63315 77943 22687 12654 %n5956 75
46723 27934 78724 93913 94442 88808 61634 82259 3979 67584 470 43875 52207 18882 52187 83362 45013 36767 90174 18261 76500 43785 4081 94259 74673 14185 22434 94980 46241 14764 59605 77553 68447 39681 27926 4339 42231 94315 38651 57843 22197 14921 26893 95426 84564 65364 57199 55285 55606 84991 34470 67913 915 12653 14197 89998 61142 58832 40773 48641 56130 38363 97458 4851 63051 86403 71264 70667 88714 79221 85650 13649 9104 24764 5298 %n3857 48
68031 28763 42737 54400 69099 17639 39456 29416 93837 62054 95299 18443 36147 72369 85589 58976 58576 14349 98880 13967 33362 34990 3014 99074 33245 17155 33103 55246 10465 73040 81953 82639 6254 75946 15201 8758 23930 7621 86085 73577 11374 45868 71864 81754 14732 20473 40393 95048 %n5978 38
39981 82346 89574 22118 62359 61973 17558 34187 73370 30122 96260 46467 65717 71103 13011 39885 28560 17090 57922 83706 96025 63287 46056 14754 63 24614 61123 13080 26888 19735 79417 4617 85702 84287 37191 78197 13637 76580 %n250 34
67482 39601 56898 74817 70617 50177 68891 89587 41072 31129 6027 97055 16535 26974 63572 59872 6997 91500 3372 57750 13220 14874 17512 874 37493 13072 7610 35160 46000 30426 38487 50063 82746 24144 %n7394 27
16099 95677 96807 14864 14635 36303 16750 71484 32483 28842 13308 78185 9138 13136 26761 20256 20602 79902 79359 79194 11989 97012 77984 43248 61081 10437 99721 %n7397 17
43699 8291 24159 34640 56305 85999 25926 66045 94617 71073 72610 98164 59172 29189 18607 51276 29173 %n6729 17
78507 69200 84614 80805 86993 92517 55021 37938 56962 21527 84942 34259 19859 82447 76411 51392 43514 %n7237 15
48914 55170 31868 39683 13038 52168 37516 36617 15636 79872 78351 51387 42048 55253 61112 %n7810 8
87414 77952 68618 64968 75704 71121 32965 82829 %n1819 5
25100 23322 81749 12223 9738 %n5443 6
29750 59269 6134 35944 41936 39708 %n3319 2
60701 87216 %n4620 0
%n3242 0
%n754 1
73539 %n836 1
59463 %n783 2
88055 94071 %n3536 0
%n3713 0
%n3455 0
%n2325 0
%n7724 0
%n3588 0
%n4082 0
%n4305 0
%n1392 0
%n6482 0
%n7550 0
%n246 0
%n5375 0
%n6171 0
%n4426 0
%n4791 0
%n3409 0
%n6851 0
%n6715 0
%n333 0
%n1243 0
%n4050 0
%n6106 0
%n5535 0
%n5122 0
%n7628 0
%n4379 0
%n4236 0
%n4109 0
%n3939 0
%n176 0
%n56 0
%n5682 0
%n4457 0
%n402 0
%n2672 0
%n6284 0
%n1566 0
%n6836 0
%n6536 0
%n3256 0
%n592 0
%n6159 0
%n7715 0
%n1700 0
%n6977 0
%n6584 0
%n2794 0
%n2667 0
%n5061 0
%n3799 0
%n4192 0
%n416 0
%n3705 0
%n1782 0
%n4484 0
%n2133 0
%n1247 0
%n7152 0
%n5638 0
%n6933 0
%n6291 0
%n313 0
%n7903 0
%n7629 0
%n1874 0
%n3042 0
%n2431 0
%n2012 0
%n2808 0
%n6746 0
%n6861 0
%n374 0
%n94 0
%n896 0
%n1315 0
%n2391 0
%n2509 0
%n5384 0
%n558 0
%n4342 0
%n2089 0
%n4023 0
%n5552 0
%n3416 0
%n4270 0
%n6051 0
%n1541 0
%n2080 0
%n841 0
%n2754 0
%n6206 0
%n1268 0
%n2185 0
%n1493 0
%n7503 0
%n3283 0
%n7393 0
%n4812 0
%n3002 0
%n523 0
%n2111 0
%n5942 0
%n7320 0
%n4313 0
%n2967 0
%n1776 0
%n3752 0
%n4504 0
%n3607 0
%n4258 0
%n4579 0
%n3876 0
%n4115 0
%n6752 0
%n2554 0
%n4826 0
%n5549 0
%n3029 0
%n2432 0
%n3089 0
%n1142 0
%n7456 0
%n6126 0
%n7799 0
%n3358 0
%n6059 0
%n173 0
%n3232 0
%n5564 0
%n7248 0
%n7465 0
%n1469 0
%n6079 0
%n4761 0
%n1036 0
%n3507 0
%n6719 0
%n7558 0
%n7256 0
%n4900 0
%n1487 0
%n6525 0
%n6042 0
%n385 0
%n2302 0
%n5120 0
%n6426 0
%n1660 0
%n3702 0
%n3756 0
%n7261 0
%n3292 0
%n854 0
%n4304 0
%n4774 0
%n1103 0
%n3092 0
%n6653 0
%n6268 0
%n7368 0
%n6370 0
%n6305 0
%n500 0
%n602 0
%n1049 0
%n2220 0
%n5081 0
%n7766 0
%n813 0
%n2005 0
%n4517 0
%n6662 0
%n4632 0
%n1223 0
%n4077 0
%n3661 0
%n6485 0
%n413 0
%n1417 0
%n3809 0
%n7798 0
%n2624 0
%n1961 0
%n3888 0
%n4095 0
%n4461 0
%n6239 0
%n2443 0
%n3313 0
%n1251 0
%n6382 0
%n2380 0
%n3425 0
%n1131 0
%n3865 0
%n1834 0
%n7336 0
%n2928 0
%n4262 0
%n693 0
%n3382 0
%n5912 0
%n1433 0
%n6401 0
%n6924 0
%n3285 0
%n4709 0
%n3652 0
%n446 0
%n69 0
%n1332 0
%n5304 0
%n7119 0
%n4047 0
%n2972 0
%n3213 0
%n6392 0
%n2265 0
%n7036 0
%n4269 0
%n5455 0
%n4444 0
%n2505 0
%n1675 0
%n3286 0
%n2859 0
%n1097 0
%n4143 0
%n197 0
%n3255 0
%n4591 0
%n3642 0
%n5889 0
%n5663 0
%n6635 0
%n564 0
%n4549 0
%n1638 0
%n3578 0
%n5713 0
%n7755 0
%n290 0
%n5692 0
%n4445 0
%n820 0
%n127 0
%n1619 0
%n2255 0
%n1107 0
%n3457 0
%n2633 0
%n4682 0
%n3789 0
%n7302 0
%n7013 0
%n4226 0
%n743 0
%n4483 0
%n5646 0
%n6778 0
%n2197 0
%n7613 0
%n3258 0
%n4111 0
%n1282 0
%n5902 0
%n7491 0
%n6417 0
%n7821 0
%n4151 0
%n2693 0
%n2348 0
%n5036 0
%n5867 0
%n1449 0
%n4967 0
%n4367 0
%n7588 0
%n1774 0
%n4802 0
%n4629 0
%n7461 0
%n3264 0
%n4869 0
%n3572 0
%n1275 0
%n7215 0
%n6524 0
%n