98
14276 8
16776 32583 19986 86357 53404 10817 81888 70131 %n15329 8
17905 55593 94013 5497 39975 1561 87444 78101 %n8276 7
24381 84909 68011 69495 72103 3580 88989 %n12272 8
5251 27597 52623 34148 43547 25860 17608 19269 %n2638 9
16431 11950 79691 47971 82124 86171 55056 18039 28633 %n13747 7
92526 71159 54497 20771 30983 7930 84937 %n2681 9
78205 69786 87189 76555 21283 64567 90098 7683 66004 %n5385 8
31330 345 12955 51932 53835 2113 4667 51996 %n917 9
16741 71386 25947 10287 46458 770 26245 14265 58621 %n5621 8
57234 53744 30026 16391 5545 73452 89670 79744 %n8071 7
34370 96030 25852 15382 23036 41050 36061 %n1992 9
23193 9339 64049 31595 16011 60323 9443 36857 54318 %n2283 9
22200 73813 13334 76353 55595 22281 77246 83471 7585 %n9211 8
67050 69342 60095 50356 37948 33133 37445 58205 %n14924 7
4047 3760 14507 24107 58487 37693 12291 %n10645 6
78990 80289 57516 52851 86434 3542 %n8089 7
73101 11407 57085 5362 32139 33277 72167 %n14895 7
36797 19993 89417 69450 92532 83531 22326 %n5877 7
89816 76839 75035 62843 5858 63519 49425 %n5459 7
76352 19218 49106 45139 17720 17313 16614 %n5464 5
68908 72143 7641 48797 68645 %n5814 7
4827 90614 24633 672 13150 65969 5564 %n15421 7
69621 69698 76102 87018 34175 94519 44561 %n3776 6
34349 30050 32141 43505 95182 57437 %n2837 8
59485 29031 40519 80285 19921 29976 73342 54956 %n6510 7
59423 91697 12437 36900 63377 5240 50024 %n6284 7
47088 94998 53418 82178 75327 86667 31510 %n8156 7
65540 20699 68063 25122 74227 25867 73018 %n4942 7
48553 15607 66744 78680 22951 89610 67526 %n12649 5
66109 81913 54595 13579 87726 %n188 7
41795 19804 21921 81796 16465 69827 86460 %n6004 6
58077 93222 24987 75356 10434 91547 %n6756 5
76940 33288 27402 93738 28735 %n7254 7
89528 14536 60964 76169 46136 26587 66580 %n10844 6
88063 74625 8022 41250 40483 70952 %n4615 9
80453 69808 2666 64207 81067 6667 58226 85335 63551 %n7785 6
28057 71236 28342 63658 46038 78277 %n5065 8
69352 51577 55138 58399 24166 25089 61404 67619 %n11170 5
73946 58607 47640 39710 22273 %n9287 8
51155 65708 78601 84385 36512 5349 50420 80446 %n2248 5
33616 35585 81646 16999 82255 %n7860 5
91657 16743 29568 33018 46901 %n15219 5
70640 50869 60583 29485 77258 %n4714 7
82387 66557 16053 49624 6267 72299 9874 %n257 6
66131 93711 13836 66941 8230 55034 %n5856 8
5091 35250 9067 74115 45404 54542 5490 30030 %n5818 6
45723 50321 43262 23637 727 31787 %n12188 5
26107 2781 40780 3986 25157 %n7005 7
39966 59591 42327 19394 33842 20411 30332 %n6572 6
16802 75430 94233 5502 5387 56232 %n13811 7
23031 79545 65811 53235 92612 8404 64662 %n2231 5
60018 46137 11122 2277 73847 %n3809 7
7172 76487 70351 53211 75455 53904 50320 %n559 6
8059 50810 6366 47169 42403 69487 %n13238 5
84974 5283 69357 42146 60934 %n3129 5
12323 31716 15112 23145 12771 %n3737 5
66770 48964 36368 91725 13289 %n7134 7
39853 711 39593 65093 29383 57417 59312 %n1719 7
59317 18179 1359 31129 89309 4906 76478 %n1880 5
27348 73628 60236 63588 27122 %n5853 5
6935 6068 5048 56699 33633 %n13502 6
74781 11826 78936 40632 63458 61773 %n2799 6
11657 17247 15746 86642 32882 59025 %n11604 7
14981 18632 92029 71272 49261 23108 85662 %n10039 4
76764 71758 61533 60067 %n10245 4
5222 64706 52940 92984 %n13079 6
57165 84665 58115 6130 16608 25795 %n4192 5
46451 59184 25760 22823 31184 %n778 5
49787 62801 40089 3229 26485 %n6073 5
19703 7851 22499 56712 94175 %n3098 4
37955 44744 19597 83494 %n14742 4
70187 28710 18344 90421 %n13843 5
22180 47616 46383 34681 18797 %n845 7
44652 20886 45660 2732 96065 49156 95346 %n8153 5
38282 81597 81651 23622 81121 %n11826 5
36440 45795 34240 95669 41798 %n13895 5
8085 50238 25466 42532 61958 %n3488 5
41030 79816 36244 63264 91574 %n42 5
10981 55528 92117 69444 35918 %n11874 3
37634 85047 27139 %n2434 4
7282 24637 12728 64547 %n11750 5
15056 78454 47127 13737 31403 %n11000 6
72894 74875 22418 38104 33536 74286 %n12550 5
46260 55986 77391 86430 21649 %n8731 7
90888 4614 83178 2500 90015 5934 68972 %n2276 8
32903 5297 62111 94370 74530 1774 29044 367 %n5989 4
12954 92842 49909 94578 %n3636 7
6904 20986 23483 27004 56703 53246 66630 %n1739 6
58322 12750 79049 8482 13290 96094 %n2519 3
8825 87395 55003 %n14766 6
16064 90026 60234 3349 82486 25906 %n11400 5
73557 80554 13595 84211 59618 %n2114 6
45414 22245 60850 14122 53651 10757 %n2108 5
53354 9867 31897 24403 34585 %n9631 4
52040 20833 73191 66276 %n1518 7
17788 80256 45367 77879 88935 51717 7871 %n1743 6
21511 19816 59721 71153 28707 4099 %n10823 3
67477 11004 53653 %n