87
295 180
23539 21659 37742 40821 82674 41631 39624 69232 37367 28241 15902 90410 22087 32975 47887 49869 36721 9381 14734 34014 24167 56051 16585 7784 46559 59495 93356 62036 18672 59050 81806 44104 50665 1658 47706 61722 77002 61585 13890 55125 3212 72705 65721 76685 83321 53123 69615 94078 17834 73220 27296 99693 66686 94847 5295 36316 35418 49746 2150 9618 41843 73210 33034 32463 53115 92008 41534 83773 59740 49298 20155 97032 39482 99366 79478 56423 21200 12415 69071 44639 32805 86275 26238 19108 39144 38571 36339 22259 25848 20318 82437 41986 7864 32396 53711 91235 98938 59866 93548 34855 90738 71184 57429 63049 44837 76466 73954 80577 93471 94925 78248 84119 49271 7237 3873 48746 72768 38443 8770 38105 37438 71304 84696 93892 97691 19780 71313 30111 11665 48998 80404 32922 19063 88313 97861 32261 72631 16244 71028 21832 37473 32772 99104 66179 14738 31805 96187 67677 357 72311 82522 88769 71161 25765 12462 39990 48389 46129 71610 26856 59086 5972 13591 45416 96990 81452 58978 27290 61285 53444 8326 79777 78782 83781 77872 83586 78573 49137 60988 80044 %n291 140
35772 96489 20665 5316 21610 67654 52771 56108 67222 55429 41756 54312 23016 28492 72666 87400 35129 68850 34620 13706 26946 9554 47397 45156 4295 42476 29228 58292 1257 30941 9822 37268 10322 28711 7210 1380 24965 83251 20383 10183 62951 82878 73703 29277 55674 20948 11443 79600 16104 91373 48498 46511 59090 44095 96206 98432 90115 61136 33249 64631 83475 33489 84933 8906 78863 49724 56336 45777 71211 34829 83009 26598 9251 76426 39093 9293 26877 68451 17962 22205 25343 85550 83929 38299 29375 86548 50823 78881 47155 87961 27061 97746 2100 74769 94337 54576 52819 50353 47237 23294 56074 21224 11029 69668 46895 48257 95081 78770 43584 87532 40218 51239 82919 12515 90072 67195 25593 68181 45114 39899 61241 80554 42044 87137 58361 96951 32720 190 67733 11427 8070 27458 24774 15083 51514 23747 54730 71013 70515 86697 %n2084 100
67134 72744 83232 59322 38561 91209 46359 92445 92190 35729 78316 89091 49953 20939 33402 18442 55109 93817 48915 90095 17551 52843 90963 82806 72935 25433 53279 72188 69049 83412 74648 9630 83892 6709 87033 63845 12413 25980 39763 5489 97095 85386 4684 99689 80084 62204 83066 63621 55259 50905 78551 2905 63344 30676 38026 14607 30247 58004 9096 37922 11823 70047 55126 48799 60672 70166 31633 91346 87396 33292 71586 26101 83014 80646 45876 24451 62417 85053 17326 3043 57878 12137 55131 31414 53284 62428 91374 18485 24173 74643 28977 76116 96475 97241 55206 68580 56590 24586 60208 36351 %n3161 80
87258 55444 57291 80590 44329 83878 23632 729 86701 60801 62555 15639 3654 14078 68652 98998 8711 63814 90157 67645 680 25548 59771 11741 76618 75966 9182 86486 99064 41082 55311 62656 79859 95799 96727 30294 96095 4643 13441 75613 55042 13582 702 53535 31989 43980 94229 45147 82421 47293 39832 80293 20415 59382 96564 7465 95737 80883 99425 50186 11464 14386 98777 91991 11816 52135 62220 90914 25824 14837 4374 83837 16068 344 25786 65827 90915 23436 45267 98891 %n870 55
10523 14598 99974 86778 68207 25392 31960 4453 45441 69670 42926 34811 72796 30014 97675 8418 17237 87376 96105 12147 99303 59147 55595 25240 67835 80297 16058 27019 28240 71779 65771 8726 42697 331 29858 411 16738 48637 15585 69834 96939 86074 98614 11305 29093 96567 1950 36041 32904 83304 28310 51270 50592 45752 69492 %n2829 50
74412 45657 21917 75608 49651 9886 40079 3209 95731 33570 33145 12609 41342 62779 25534 64774 6031 73276 6671 23707 1199 38217 95041 39441 63993 98148 24776 32489 96433 87375 69297 35937 77432 74893 6428 56215 17149 54706 10166 85407 87864 130 28802 77408 54761 43573 68525 7738 4963 50008 %n1916 45
78724 72619 30271 62033 5785 99881 39851 95485 17263 31471 18413 17536 48874 87695 78829 74053 50627 68846 72877 33927 45070 12570 9476 85998 86868 1324 73937 81249 77947 81715 26361 48869 14821 56131 75240 37006 55872 30205 31636 42325 23170 59546 10656 39130 7329 %n4060 27
59419 50379 60562 15823 79604 20185 39197 7970 58032 75841 99109 20107 81771 99754 86704 39682 98386 3121 887 32837 51129 13859 62119 28141 56840 94774 96559 %n3353 17
59332 17350 13850 37979 91658 31080 84188 72215 5612 64749 33470 63166 33450 61183 99727 42330 87923 %n927 15
15152 33241 36893 68718 47853 60646 43369 86714 41745 62865 19052 86838 12793 41061 87990 %n4173 15
67140 5448 18759 85034 11662 6779 87374 15021 95079 46997 76159 70695 70762 96766 21746 %n1898 10
96318 21072 99563 43081 5778 37383 81659 49376 31551 69596 %n1538 4
71309 93964 31990 56882 %n318 3
41698 572 44902 %n4719 1
37590 %n5148 4
59225 91205 87184 87047 %n2980 4
52823 7508 47549 16289 %n3958 2
22002 35979 %n4221 1
13624 %n4143 1
11640 %n4595 0
%n2962 0
%n2577 1
65881 %n2169 0
%n456 1
83139 %n2991 0
%n3004 0
%n3427 0
%n3625 0
%n4590 0
%n1669 0
%n4811 0
%n4623 0
%n60 0
%n1284 0
%n2916 0
%n2452 0
%n2816 0
%n2053 0
%n1445 0
%n3938 0
%n2208 0
%n1746 0
%n2361 0
%n1606 0
%n1093 0
%n1588 0
%n3917 0
%n3447 0
%n2525 0
%n1514 0
%n2013 0
%n3696 0
%n510 0
%n5228 0
%n2194 0
%n1683 0
%n621 0
%n4634 0
%n5486 0
%n1164 0
%n1775 0
%n4942 0
%n4831 0
%n4402 0
%n2988 0
%n4150 0
%n3408 0
%n1539 0
%n3332 0
%n4142 0
%n1570 0
%n4308 0
%n739 0
%n1396 0
%n3614 0
%n638 0
%n4091 0
%n3339 0
%n210 0
%n930 0
%n5111 0
%n3345 0
%n5120 0
%n4363 0
%n1411 0
%n1202 0
%n