57
78 329
29971 70557 1290 19504 81615 73680 18342 74680 99338 58399 43099 64752 77670 11107 20255 75950 72771 76338 7956 95752 57727 76667 35285 8188 47166 20128 74404 41356 29884 92060 50327 29168 38751 21197 1233 13834 3783 51967 97945 46077 31746 11322 83953 28037 35224 68456 22402 8883 48838 94143 96387 37722 68906 58268 11254 13344 52254 27710 79077 18603 15338 67231 48021 3429 95022 67362 99352 74916 32903 62476 98585 89280 69825 12354 80947 2547 69319 23302 41387 62675 3282 713 82498 71060 72572 35042 1842 79250 98462 21621 42847 88210 1794 15708 1503 8729 47746 34041 29294 73656 13400 49159 1700 67129 13627 98485 28505 47317 13910 13305 64611 57503 15585 29636 30770 57338 37381 6885 11273 29606 25874 99650 75491 63994 52522 39965 58552 7694 31319 88358 85163 41773 98784 92115 81025 60152 18635 59282 82564 68846 596 28828 63408 32527 33015 6950 65242 10737 65735 15269 85127 75906 25010 66377 76139 42308 87343 64367 68199 15892 3573 79804 68357 68190 63707 55910 34187 71703 69547 64129 87979 14116 80278 87067 3392 36801 16930 13193 92576 31495 24112 62292 6259 9151 21888 47560 19835 67662 73888 18091 83407 19122 32167 31121 87092 82437 21938 4391 23087 97405 68713 39255 22513 83963 34125 143 97121 86197 86638 89288 40009 70546 2909 56962 76720 80041 4220 88332 64100 77643 18730 25794 16365 81112 26627 34354 52856 89039 68958 50885 69924 26868 20980 73753 29046 96526 78221 7184 62568 49900 8116 76043 52816 56828 64555 24945 63180 74380 27194 7316 14940 55173 3437 48286 28656 75564 19183 13904 83004 7923 55192 41994 59293 9468 12978 65598 16749 77486 46384 27430 64361 484 40212 79701 96342 98107 74536 71053 76981 92559 5931 22759 94291 86751 13924 26792 52688 23915 86534 57605 2449 84734 1989 59775 58097 87872 48685 14588 89540 37284 8475 33135 45977 43391 35210 37561 91789 28330 26300 92113 43382 54411 77200 55126 35185 18093 41101 64362 33838 5424 9722 13112 97992 73758 86485 59351 87751 60805 90210 %n9 182
64501 46774 56240 82830 3871 81855 91421 35471 56008 97382 11755 8154 6985 98786 49449 55433 86671 70149 52898 57476 2315 81948 12120 19826 70057 46700 75358 97180 2886 75225 88248 62322 20347 50433 39069 91989 22349 46170 92943 17248 39106 76091 30437 8973 92963 82042 83669 18067 76385 57323 94456 7960 44577 41461 41775 76852 92357 5326 19539 2878 83399 27895 54726 87694 2484 64079 20135 49139 32236 78631 25574 4960 98284 53145 20568 9294 94429 39634 38878 1896 34212 99883 35628 51626 84979 18762 34173 27904 8445 46813 42871 80989 64981 5122 89413 71353 77144 69297 46265 32452 20673 44993 71155 67490 52895 11802 50556 20560 22220 90629 71485 17167 5221 40829 42155 45840 32218 41035 50793 75188 45553 50167 3684 63381 21109 130 36560 83513 71351 55394 25810 17434 82434 684 52787 67627 79169 37666 25324 37157 10866 66016 7241 22063 10284 93337 60458 40757 11427 8027 84121 34077 99346 89678 69943 18791 57322 37063 24830 61552 25928 56236 12820 87862 31666 85920 32335 90206 60641 76862 69503 74194 71446 67333 87719 80961 92973 59710 74714 18541 92238 96194 %n1899 102
98360 44528 41844 96252 86890 18622 15240 68729 28575 27145 36460 11096 23580 61691 31685 47846 12968 51075 99390 40909 2069 53314 38162 21734 5297 22740 79132 85371 39841 33432 71921 96122 54468 33876 83748 29975 11870 6912 3885 42754 61977 16491 39126 64783 83439 83342 27240 86723 72895 94643 61414 84682 2109 5981 96453 85080 80795 1876 82264 83926 50410 75277 35992 16605 77803 40543 81040 35767 50245 61531 65724 19491 94618 15174 72151 80303 95006 83749 80135 20801 48493 94985 23973 97094 44452 71189 13391 51067 66484 77646 64635 30116 22520 37798 70284 61817 4176 90024 49232 46389 34404 43169 %n2486 44
30351 16659 15943 26730 33813 71030 61787 57219 79661 66675 5520 4258 9458 17640 89470 6012 92017 60808 76639 39811 93587 80660 93257 43990 75871 49558 8122 43344 15580 8752 7173 6800 35704 50607 30419 37964 39078 99745 3493 40786 95711 63102 52167 1648 %n2165 34
35024 5551 97973 69037 17803 3618 64231 46866 21642 55644 29638 8072 42273 14735 61888 76516 73677 41756 66980 28191 76390 67092 94377 60803 57575 64181 20272 52801 48565 70023 73698 98261 68672 53045 %n1609 17
59306 91331 47740 71409 52202 73776 23510 39191 75590 483 76802 10020 97229 5464 79908 67593 27220 %n1833 6
2372 38723 81241 39111 29574 95898 %n1381 5
66512 8976 16546 31124 79495 %n17 8
49684 40664 33468 94626 52818 78617 22947 33113 %n1500 1
66199 %n1367 1
75779 %n734 0
%n1413 0
%n2036 0
%n2395 0
%n2984 0
%n2793 0
%n1507 0
%n1724 0
%n2726 0
%n81 0
%n528 0
%n1141 0
%n1774 0
%n386 0
%n1777 0
%n2340 0
%n1559 0
%n1488 0
%n683 0
%n2218 0
%n305 0
%n269 0
%n1434 0
%n651 0
%n2148 0
%n1639 0
%n565 0
%n908 0
%n2341 0
%n2885 0
%n1725 0
%n1592 0
%n1629 0
%n1524 0
%n2658 0
%n1363 0
%n1944 0
%n1515 0
%n2082 0
%n2014 0
%n2765 0
%n901 0
%n1166 0
%n838 0
%n2223 0
%n2825 0
%n