138
4717 17
73284 38719 36224 75032 87137 67836 90248 99593 56024 32929 72563 28631 23100 41468 92680 76308 3412 %n4884 16
89887 20150 4929 41565 82987 51168 1908 38137 68471 89431 18298 37773 11423 97632 3614 72368 %n5514 13
75177 7504 40510 15481 27380 99786 98884 63179 37045 94076 79261 75749 41904 %n617 16
80200 42684 45982 84248 72974 24711 32446 26009 56667 99605 58244 86910 26283 42340 49856 11417 %n3959 12
28660 64356 71604 33508 49975 97027 3342 59460 23307 42642 86334 47438 %n712 16
71721 67449 6123 57541 649 49577 3645 65448 97750 87790 77871 64069 60799 11059 30922 52375 %n2948 13
63094 76749 83147 9418 88213 26492 63337 99481 85615 10129 55247 72386 88547 %n1802 12
85774 26780 42037 46883 41887 94034 57738 75562 45231 94566 6006 3693 %n805 14
11878 50393 96214 78163 75996 10496 42389 31676 47899 67958 140 68768 2529 53772 %n669 12
91653 55236 53102 26549 11462 65638 75312 16673 72642 10524 77019 24647 %n2689 10
18241 39597 25712 38710 90198 73568 13948 91831 8584 54653 %n640 8
15984 54430 11521 94426 94235 55048 71310 36919 %n2797 8
20647 20514 90776 1619 52984 91098 78254 32925 %n5422 6
78492 49072 2502 6427 26629 66558 %n4114 12
37307 31464 23002 54615 16100 10729 4970 87007 94029 24909 2973 25426 %n3250 12
73247 33898 48959 69935 68602 43042 45897 86928 40693 66740 92556 50491 %n5112 8
1241 12971 60201 13657 31490 65980 66884 52987 %n1226 10
82049 42466 90524 39199 89726 85595 17906 69916 74619 9625 %n2163 6
76878 12318 94636 79095 35869 32168 %n1772 6
62876 36773 95760 55276 97360 51698 %n4527 7
48568 59008 5954 33401 47761 82148 14440 %n3335 7
36795 49084 73350 18615 64401 95973 61424 %n709 5
58339 8898 58991 49387 90703 %n2185 6
74136 31347 46019 91001 76296 36363 %n1063 2
85707 36682 %n5035 5
34705 89309 49162 72985 32068 %n5650 3
79710 45420 33097 %n4207 4
20782 57539 71413 70292 %n3719 2
59334 95628 %n2203 9
73191 44363 47101 77170 79268 56684 91034 6304 26169 %n1633 1
27275 %n853 5
34836 34921 37000 31847 52779 %n930 5
95890 3659 26429 44846 64299 %n5164 6
4702 20383 36957 77373 46811 61078 %n4615 3
47423 44415 20076 %n304 5
93275 27177 5250 56710 72819 %n2096 2
17834 36034 %n2766 3
58945 27087 47036 %n4624 2
29235 89327 %n5524 1
99732 %n3528 2
57669 24188 %n3223 4
12037 26546 39349 74706 %n3803 5
38876 19193 1355 70738 673 %n2662 0
%n3965 1
75281 %n1391 1
10687 %n5371 1
42173 %n2974 3
20058 56523 88376 %n1962 2
99180 77847 %n71 1
85702 %n1502 2
29557 2934 %n3378 1
6769 %n4349 1
60808 %n1578 1
96741 %n15 1
80622 %n4158 2
82426 42914 %n184 1
78272 %n1020 0
%n4587 0
%n3771 0
%n364 1
12543 %n2850 1
11657 %n5304 1
19792 %n4962 1
57128 %n1049 2
92792 49742 %n3165 0
%n3634 0
%n5269 1
32227 %n558 0
%n297 0
%n3211 2
69527 58793 %n5346 1
24465 %n4827 1
67621 %n4680 2
15862 61084 %n1305 2
72299 73493 %n3194 1
54318 %n4378 1
82897 %n3227 0
%n4186 1
46271 %n787 0
%n241 0
%n2531 1
51534 %n4609 0
%n1566 1
99447 %n5547 1
28526 %n2935 1
15465 %n409 0
%n2721 1
51557 %n846 0
%n5520 0
%n2489 2
54848 53817 %n1650 0
%n841 0
%n3253 1
20093 %n3105 1
93711 %n26 0
%n3825 0
%n2231 0
%n3801 1
85719 %n2223 0
%n2357 0
%n1410 0
%n5762 0
%n2379 0
%n2801 0
%n4601 1
82082 %n5455 1
35093 %n5271 0
%n996 0
%n2110 0
%n4800 0
%n4038 0
%n713 0
%n4224 0
%n2101 0
%n5381 0
%n3350 0
%n5467 1
67467 %n1319 0
%n2127 0
%n5748 0
%n301 0
%n870 0
%n3482 0
%n5678 0
%n3239 0
%n2680 0
%n2485 1
14613 %n1175 0
%n1509 0
%n2255 0
%n5213 0
%n2641 0
%n2079 0
%n2652 0
%n3733 0
%n1517 1
70449 %n5640 0
%n