106
3141 106
4715 62746 1923 11154 54575 68746 51805 97814 71913 57093 19426 61328 62121 23857 58675 99311 42963 2116 15228 27559 35501 33363 79661 29327 93016 11323 15464 72795 26664 71405 43104 22978 46464 36686 96335 59322 72776 61514 60445 90497 77100 99877 9821 20931 53885 14849 43329 81190 5849 56126 60089 13364 6443 38065 28158 91267 68545 29481 71096 26948 1196 91773 243 38588 48750 11685 84522 14396 79118 73454 15341 42297 22977 8043 8550 56069 67028 43241 50084 89065 73554 85000 64823 10241 2838 65751 34954 2510 90332 41992 33109 88814 99186 4468 8376 13348 95228 66069 13902 84766 90592 85942 277 91245 50200 20259 %n3920 85
80548 80932 503 59777 18894 41034 29482 8812 85849 99450 55936 18084 33653 20350 53651 45647 47683 54793 40719 31232 68186 63726 94172 71670 17767 80744 75359 55014 24508 82695 64675 90971 72713 65370 5897 36258 54489 26374 38443 25953 90051 23531 33220 64490 57895 9729 42473 25656 71747 6361 71505 34004 11068 75825 87570 15568 96390 32076 98207 55160 40170 98493 2688 99274 35559 91878 86439 71437 78638 97233 91869 77921 48078 17986 49098 58717 36343 8578 81872 1472 50009 48493 54450 397 97634 %n6195 70
73218 3941 52774 73590 22724 96660 1282 7497 34017 76791 77938 94539 51675 91470 46677 80557 42861 94921 6987 8842 50086 96462 91926 55194 81790 80857 85451 53918 42944 20744 41033 90519 10620 79976 98347 92870 15937 76294 26097 52434 94305 13735 55552 99485 38604 85624 1589 35757 41721 87897 88339 65014 52456 18952 73734 12089 32887 93165 18350 57742 3870 69873 80933 1748 44159 56734 67345 8189 55168 78797 %n8667 63
61937 40964 60764 41503 39889 16948 17886 36351 9502 43437 82936 1094 68913 76419 57099 43549 92756 43052 26421 53201 92746 67848 50440 54507 70993 70296 62329 86883 48233 50322 93517 4614 59019 5165 2250 32424 77116 65262 34224 60515 74959 39859 67852 43485 10057 45325 64797 10707 84924 81090 53386 1635 11677 1807 77162 25199 78292 15629 41064 42773 97278 86391 91946 %n3822 44
92373 47726 39073 97640 94053 98349 4642 5190 85354 97112 94610 68235 6675 27112 36599 50145 71137 72423 75577 59128 9783 81387 73972 59 45719 51788 76642 84051 37357 34582 73694 95842 38253 96149 33259 61054 60308 8726 24867 8201 95912 58539 30106 96017 %n4268 43
16504 70516 27743 51380 74776 6565 64671 97079 69101 68114 2376 698 54816 16137 23625 32917 66217 98653 28338 8781 12078 10155 36355 18838 50169 20146 83965 69594 44207 70401 59612 21565 64647 12944 27144 46010 39171 55806 47837 54675 96665 30917 13819 %n8207 24
53971 72585 94024 58610 40923 80806 61969 12414 18472 85353 5461 56759 75874 14608 66728 30900 68431 35829 85002 63019 78466 27906 43597 55064 %n1793 33
82667 45771 35159 96824 4602 24983 62346 4156 35403 96002 45419 69433 83237 35485 46000 79931 42847 21042 81169 5708 21591 86097 80654 31753 34603 7844 88834 94824 6497 160 18637 26840 52223 %n3536 21
99747 92041 21906 30403 87502 29169 12845 76349 72648 17654 42667 75385 21909 5863 3569 7483 72755 24339 94352 95610 6110 %n4902 25
35968 42585 71399 5878 1096 81549 17469 87189 5783 94683 24689 68508 71782 1871 51604 42104 17844 55405 70806 45362 73665 20212 71603 5943 43953 %n2532 14
26961 45761 44509 15678 9651 28909 13318 55147 53786 93445 28120 16313 21515 41551 %n2026 9
20260 37378 18162 6222 92934 78226 27447 31345 63817 %n5871 7
16136 75749 11281 34839 1324 62282 40685 %n8562 5
3136 98082 58918 65290 40302 %n2339 9
20252 34797 4406 43603 12378 95358 63923 8146 78771 %n3427 7
49889 14053 44855 16660 60680 88435 34123 %n4741 3
23040 86646 25533 %n8642 2
61464 97230 %n2914 4
24908 74779 33221 55490 %n2060 3
20255 51638 89874 %n7943 2
40857 10677 %n7107 1
30321 %n3675 4
93519 79419 91759 95454 %n7633 4
88859 61806 26332 6215 %n8965 2
69476 87793 %n2190 2
274 36470 %n2070 0
%n3043 0
%n6944 0
%n540 0
%n7548 1
46650 %n9276 0
%n2078 0
%n5869 0
%n3298 0
%n2187 0
%n4431 0
%n3857 0
%n4425 0
%n5300 1
76377 %n2108 0
%n4077 0
%n7394 0
%n5383 0
%n1434 0
%n8276 0
%n4465 0
%n5025 0
%n4294 0
%n4198 0
%n5707 0
%n8267 0
%n1900 0
%n8170 0
%n8189 0
%n4281 0
%n8565 0
%n3188 0
%n1235 0
%n626 0
%n5021 0
%n4811 0
%n426 0
%n8975 0
%n6991 0
%n4681 0
%n170 0
%n7027 0
%n9142 0
%n5351 0
%n978 0
%n4577 0
%n8668 0
%n8363 0
%n3246 0
%n2651 0
%n3887 0
%n2832 0
%n8725 0
%n3037 0
%n7186 0
%n956 0
%n6289 0
%n2872 0
%n97 0
%n3265 0
%n7811 0
%n3886 0
%n383 0
%n6326 0
%n1336 0
%n1003 0
%n2811 0
%n6389 0
%n4429 0
%n613 0
%n1171 0
%n3713 0
%n4701 0
%n4667 0
%n6596 0
%n9210 0
%n1493 0
%n4445 0
%n4798 0
%n9332 0
%n