307
6434 119
78008 93439 48023 20909 61557 72142 73709 70256 59557 31877 261 78183 55974 19795 80189 15251 79124 10353 87810 67474 51289 78221 93005 74433 57925 65505 83396 34857 32393 11773 49615 93380 60251 7362 56861 40893 15526 2541 82128 74640 4664 64930 31941 57595 28022 19864 81049 9213 37377 9928 56675 40831 91036 95234 63364 3232 27246 40140 52647 59193 75221 57870 20057 63956 15843 69219 52222 68955 44020 31702 56998 36113 82741 92525 53879 19030 75245 92423 53343 16610 7774 52906 10461 34028 36043 74548 41958 75653 93468 738 68999 60796 39241 26293 85074 14966 39020 63575 8839 54368 54590 5276 55201 49273 21172 1154 91391 22790 79652 19174 27413 51483 61313 71449 12914 43820 59853 4004 97093 %n966 97
56026 28103 57735 25614 97527 54077 66087 9445 38205 55423 44983 13235 48691 57914 68435 87930 2353 70216 4351 81548 20767 14832 82262 19467 29155 23378 30177 44321 17328 14338 31351 99536 56468 76370 86356 41792 79310 33021 89996 79087 45653 24352 33893 93114 24191 25520 52751 90269 78690 67024 51948 29507 86863 83128 15344 4046 73844 61918 49940 61279 95835 64708 35932 70568 44843 369 62383 73612 26993 4884 90234 57699 37472 77374 76745 53367 80566 24299 92600 95930 13414 23556 95986 72989 89336 55735 81614 62526 22119 39669 64280 49360 88570 12828 77790 59239 1817 %n3175 67
81974 3977 46226 72039 13019 32731 54830 65117 80632 82256 97028 28081 86274 74730 19874 15473 27580 98371 66793 14084 51290 43568 92082 14878 95209 12558 77686 85890 78761 37782 67251 55129 55438 82173 68142 34646 16114 84260 40398 96923 81561 27221 16011 73558 35604 98597 19276 33924 66554 80018 2980 13464 62726 78822 62600 93669 82386 343 31361 2877 42610 80024 16695 53487 71593 60902 7084 %n1830 58
2748 20705 35780 2332 28482 90188 24741 95971 78217 38726 99365 85474 43186 87352 65707 82146 33946 26078 33986 72678 38746 51081 3868 16499 56485 95610 27274 63547 6948 38936 74690 56404 18379 82588 42739 69140 33882 46992 23392 12327 7139 64900 59980 51565 5539 77626 632 75052 69686 54976 8021 30332 48060 43143 14627 69097 56630 82396 %n7174 45
37759 10801 38818 90947 32429 16455 44288 6761 56284 6389 4055 80379 93789 71770 33897 13699 15800 99579 2173 74432 14720 49098 75545 45870 40785 54592 67753 51410 68105 94841 6342 12096 58765 72014 27824 33487 73922 571 71759 91597 81461 49716 26136 60762 98674 %n4655 30
75226 33359 79844 51005 35930 31621 51231 83535 63688 45151 9754 80336 40206 73362 49278 54367 39122 97760 60199 75654 53472 34191 45555 5326 42805 2703 96817 69671 17364 76615 %n8198 23
44618 42702 73516 8166 104 14969 65813 44998 53659 16432 69334 50989 83171 37737 90079 95911 5942 199 4972 5881 10746 52649 74627 %n5206 23
30424 70628 98714 75938 69535 95644 25335 12695 64959 40742 87196 28414 93608 18560 87565 41658 93156 78055 68420 9485 16159 16209 8266 %n3009 15
61747 3169 8337 63071 83736 87273 68311 87452 64570 39267 13614 38511 59675 24654 7945 %n49 19
57960 46768 22613 96367 69230 78122 76410 86410 48297 95263 27995 79940 50937 23856 64092 52616 48402 86466 85337 %n2793 12
31203 85532 2784 75936 37264 53205 2111 75676 75077 82275 20416 1615 %n772 9
56760 21545 23588 94592 14623 15634 48019 28995 25372 %n859 4
83385 81821 67133 88537 %n5065 2
72780 60408 %n2550 1
84561 %n825 3
27335 39519 21365 %n2533 1
47905 %n1405 2
98318 2811 %n2417 0
%n4090 1
61048 %n3913 1
87317 %n1361 0
%n3547 0
%n5484 1
92736 %n1578 0
%n3131 0
%n434 0
%n7603 0
%n2381 0
%n3939 1
10568 %n48 1
21355 %n1147 0
%n3980 0
%n1797 0
%n2646 0
%n6381 0
%n4808 0
%n24 0
%n4608 0
%n5603 0
%n2902 0
%n7508 0
%n5160 0
%n7871 0
%n1505 0
%n5095 0
%n5859 0
%n7624 0
%n2379 0
%n1206 0
%n5760 0
%n4266 0
%n2194 0
%n8013 0
%n418 0
%n4909 0
%n7571 0
%n4784 0
%n2704 0
%n2356 0
%n4586 0
%n884 0
%n2329 0
%n3319 0
%n2103 0
%n1360 0
%n1735 0
%n7178 0
%n6234 0
%n5622 0
%n4345 0
%n1618 0
%n2624 0
%n5409 0
%n6244 0
%n1413 0
%n5401 0
%n6753 0
%n269 0
%n7289 0
%n6106 0
%n4590 0
%n7736 0
%n2561 0
%n713 0
%n471 0
%n4786 0
%n4238 0
%n1215 0
%n3740 0
%n1956 0
%n8194 0
%n2505 0
%n7435 0
%n6822 0
%n2472 0
%n1861 0
%n2255 0
%n2138 0
%n4871 0
%n5818 0
%n3184 0
%n3378 0
%n3730 0
%n2217 0
%n2088 0
%n1163 0
%n4292 0
%n1274 0
%n3667 0
%n7195 0
%n5534 0
%n2035 0
%n7934 0
%n1164 0
%n6007 0
%n3609 0
%n5241 0
%n3338 0
%n6390 0
%n2362 0
%n2143 0
%n6399 0
%n7989 0
%n733 0
%n7550 0
%n358 0
%n5562 0
%n6047 0
%n1397 0
%n2371 0
%n744 0
%n2062 0
%n3476 0
%n5295 0
%n7991 0
%n7967 0
%n4628 0
%n3605 0
%n5422 0
%n3178 0
%n4028 0
%n4121 0
%n5495 0
%n2980 0
%n7461 0
%n6569 0
%n5667 0
%n393 0
%n7144 0
%n1889 0
%n7570 0
%n226 0
%n3164 0
%n2435 0
%n3103 0
%n7538 0
%n4332 0
%n4082 0
%n7416 0
%n6038 0
%n3188 0
%n2767 0
%n6372 0
%n2024 0
%n7585 0
%n4365 0
%n2521 0
%n3285 0
%n7635 0
%n8274 0
%n3236 0
%n2045 0
%n5553 0
%n2048 0
%n4570 0
%n4995 0
%n2479 0
%n46 0
%n6006 0
%n4791 0
%n842 0
%n807 0
%n7256 0
%n5111 0
%n6560 0
%n4631 0
%n7836 0
%n6916 0
%n8224 0
%n1810 0
%n686 0
%n1450 0
%n7968 0
%n7566 0
%n2091 0
%n229 0
%n2725 0
%n4005 0
%n2160 0
%n2294 0
%n7869 0
%n1651 0
%n7679 0
%n4478 0
%n879 0
%n2604 0
%n2282 0
%n3584 0
%n4535 0
%n3637 0
%n3773 0
%n8166 0
%n5365 0
%n5008 0
%n5076 0
%n6630 0
%n5194 0
%n7542 0
%n3295 0
%n4863 0
%n5794 0
%n3724 0
%n5914 0
%n3227 0
%n3219 0
%n2334 0
%n6050 0
%n4668 0
%n6477 0
%n3912 0
%n6230 0
%n6484 0
%n354 0
%n1471 0
%n7157 0
%n876 0
%n7562 0
%n2959 0
%n277 0
%n7607 0
%n4717 0
%n2900 0
%n7371 0
%n3968 0
%n7717 0
%n7628 0
%n1246 0
%n7520 0
%n7952 0
%n4994 0
%n6704 0
%n3428 0
%n7480 0
%n4367 0
%n1261 0
%n947 0
%n920 0
%n2300 0
%n7789 0
%n4690 0
%n7816 0
%n6476 0
%n7790 0
%n2406 0
%n4639 0
%n2764 0
%n2268 0
%n4757 0
%n6260 0
%n2221 0
%n7354 0
%n3174 0
%n1124 0
%n4484 0
%n8089 0
%n15 0
%n1997 0
%n2236 0
%n6144 0
%n3919 0
%n3057 0
%n2734 0
%n1401 0
%n4116 0
%n1263 0
%n2745 0
%n4436 0
%n74 0
%n5746 0
%n4352 0
%n3095 0
%n2912 0
%n7608 0
%n4126 0
%n6322 0
%n166 0
%n1519 0
%n3589 0
%n4320 0
%n5387 0
%n8231 0
%n4592 0
%n3544 0
%n5109 0
%n4775 0
%n4447 0
%n