250
7521 94
64397 93280 9131 64148 43960 4439 36150 89281 91802 69556 89567 70167 30718 41600 90494 44038 41565 90760 78778 84053 25601 26045 50746 14426 41319 62098 96937 87870 53673 30592 46340 16333 53424 87526 50326 11880 31775 76368 36801 24122 75984 27492 13969 54261 59894 39269 52165 45933 71534 16244 66934 23097 8549 34047 47492 24031 66731 80482 84687 74205 75205 7923 21330 21607 82403 89340 63935 92703 61446 53318 15192 85014 44613 34667 60583 70086 93099 33028 22217 47102 4082 28326 84358 26109 78949 89961 98525 81767 13695 72119 10122 35520 28603 95611 %n2015 85
76540 94775 30584 5871 96223 97122 18755 78219 6667 11089 91887 83683 79699 76766 11582 37767 93251 20920 717 3538 14023 10106 66055 96570 15039 82394 27504 54110 99775 79194 2210 48217 47555 7142 67310 39351 84675 4351 539 51225 72147 95430 19384 59234 41598 32233 19312 77058 84360 72771 32301 1606 40424 38687 36536 72071 14343 70154 9849 70839 8236 69140 18839 51028 57708 16280 7199 49691 95477 14645 774 48904 39926 17778 50952 84046 34774 86773 32742 19333 84014 78045 31500 45763 14470 %n928 74
70720 35124 15936 27919 21802 30831 17294 68493 66171 77893 63913 17666 85423 2450 51366 96503 95548 3457 81460 8356 82873 91550 70114 36302 30038 50090 93166 95895 67387 13975 17100 85992 84049 79924 90239 67011 63255 57164 39917 19936 35907 35708 76251 23257 93198 22161 69304 93639 60648 69582 89291 92459 53725 89446 1948 53128 97762 58041 71026 74756 87911 28809 54464 36460 58830 3255 12096 80889 74349 99916 95054 95602 2220 67436 %n5598 64
65003 95763 58101 99247 72769 59083 27621 27737 30471 43248 50065 61779 2623 81025 32325 70991 81191 81498 97829 27281 41751 77024 96941 26210 1232 26462 9569 42122 73666 40906 60626 59772 66922 17454 78019 85790 3494 72097 19052 25328 14254 15602 4713 46389 99695 2260 95559 63384 62505 91027 56647 67275 29863 61636 32905 52436 81582 42719 69229 81793 20855 15153 22667 4453 %n4850 61
39074 47486 45187 60471 33742 1456 20421 34804 63863 1323 64690 12352 58245 35848 49250 9139 89075 74693 44664 22240 40238 80595 66017 99985 36946 49325 6692 26896 19050 34533 61466 57204 31452 36633 24414 71031 15028 72785 29080 8999 13386 51925 4504 65767 1826 68571 20416 7643 49995 57344 23467 14064 91195 46537 40627 63487 53479 9889 56337 78358 64789 %n5635 52
83439 14806 41588 86082 67822 65276 62796 16893 6337 79353 47456 93940 37579 73437 5988 27267 11783 19795 35675 29337 68607 42008 22893 32974 14847 69470 50711 81129 41702 78367 975 66545 54765 69289 94364 99098 66247 99143 68419 6870 92598 70712 16315 17608 80379 36569 78859 42002 85587 46754 19082 80040 %n4857 41
16157 52834 79965 68791 88824 23060 16497 35382 81970 71045 66027 3533 15803 91386 37799 72333 37757 67781 81149 11526 27240 47717 56405 45262 2838 52222 13656 10694 91253 58584 30240 86029 84459 91202 9811 76008 20181 7338 80346 74417 19545 %n9551 33
95425 98500 55899 63468 58472 10050 98461 1877 73197 2060 93905 18418 25962 98981 17613 54344 85017 43800 12022 51388 94197 75578 90572 37735 33619 646 26401 49945 55744 77973 87209 18307 76643 %n7188 39
51044 49707 73565 14727 77208 11458 13243 12114 72965 69843 50704 97628 90788 96242 94644 83432 36896 40867 57905 96972 76360 53574 79317 1670 10618 90511 99348 12054 20670 11303 28077 25389 69580 75242 20336 48019 89016 31733 5386 %n4555 36
86525 21074 27969 13811 31495 36697 14648 61893 99698 86351 63381 83154 19983 46911 74574 73444 16034 59962 51996 13225 85693 10021 54994 90956 14212 88074 49005 46489 66198 58485 58821 10613 66805 81472 82871 89411 %n7030 21
16595 33238 25859 64683 17939 58425 34373 69702 49633 12413 88380 63206 89517 2809 50401 85055 39290 87867 49586 39065 46327 %n7151 25
5558 24032 49989 67172 21583 4077 91030 52749 55500 42029 2953 66411 64587 12990 51866 55337 17930 66938 6188 3836 13405 89721 58953 64902 63210 %n5283 25
26491 97052 52343 25052 45309 53731 21086 55922 7742 37897 88464 32067 3941 54720 414 84411 67236 25552 83722 22378 31959 69809 1185 65591 94609 %n6092 14
64210 78709 15829 82187 10890 27780 15671 71162 50314 34397 19686 73954 99852 58679 %n995 8
75889 64273 15852 45252 67529 70503 11382 89507 %n6699 10
7374 70469 52498 45010 3905 9388 8502 50087 29343 65423 %n2853 15
12680 58575 54648 87690 44452 37128 4155 73632 18278 11938 15024 88344 87562 69253 84942 %n3311 11
2254 41471 92449 57688 14710 97873 32594 9486 78461 196 1688 %n6758 10
42791 9694 67323 9967 76268 24969 1951 4606 93546 67454 %n374 10
17363 59814 78470 33630 60690 71215 56999 22337 56558 76105 %n401 10
83723 5148 62487 73890 88028 4921 50856 98363 95349 40954 %n8000 8
10316 25139 8569 11634 40944 41905 89099 1427 %n1172 5
3842 83430 56287 41292 27660 %n2823 5
64378 40162 87008 38430 7650 %n6698 5
65537 93111 37924 87142 62664 %n2198 5
14787 97375 41663 5496 39874 %n476 4
39878 3821 67872 21757 %n7219 1
43171 %n1300 5
13755 93323 19682 96336 30896 %n6266 2
97190 78764 %n3007 3
99545 78059 55799 %n3244 1
80763 %n9 1
90221 %n5628 0
%n4501 0
%n5043 2
96387 81677 %n9711 1
25811 %n869 0
%n8532 0
%n4690 0
%n4975 1
86801 %n687 1
47173 %n1492 0
%n5168 0
%n7876 0
%n2809 1
57000 %n734 0
%n4532 0
%n6424 0
%n2552 1
96439 %n2294 0
%n1363 0
%n7737 0
%n6931 0
%n175 0
%n5 0
%n365 0
%n7773 0
%n1435 0
%n1947 0
%n9523 0
%n6563 0
%n3857 0
%n9308 0
%n9296 0
%n4246 0
%n7959 0
%n2251 0
%n7232 0
%n325 0
%n382 0
%n1504 0
%n6285 0
%n5049 0
%n4329 0
%n5187 0
%n3184 0
%n1007 0
%n3325 0
%n8018 0
%n8015 0
%n6339 0
%n5147 0
%n1002 0
%n9514 1
30635 %n8169 0
%n4898 0
%n1748 0
%n5662 0
%n2624 0
%n8366 0
%n7066 0
%n6214 0
%n761 0
%n9011 0
%n5772 0
%n889 0
%n9670 0
%n7008 0
%n1618 0
%n5054 0
%n7539 0
%n7415 0
%n8086 0
%n2682 0
%n3232 0
%n8644 0
%n2887 0
%n7951 0
%n5095 0
%n4094 0
%n1223 0
%n3538 0
%n5607 0
%n6937 0
%n5905 0
%n6051 0
%n7428 0
%n3977 0
%n5331 0
%n5390 0
%n774 0
%n7908 0
%n7947 0
%n6244 0
%n7199 0
%n6043 0
%n6835 0
%n8940 0
%n6599 0
%n2003 0
%n2155 0
%n2584 0
%n8097 0
%n9567 0
%n5469 0
%n8234 0
%n7284 0
%n3965 0
%n107 0
%n1776 0
%n6782 0
%n7259 0
%n803 0
%n3396 0
%n1654 0
%n5620 0
%n9269 0
%n4023 0
%n2638 0
%n2286 0
%n3844 0
%n7290 0
%n1059 0
%n1531 0
%n9382 0
%n9810 0
%n9479 0
%n8710 0
%n701 0
%n7968 0
%n7639 0
%n1704 0
%n6356 0
%n4216 0
%n688 0
%n7154 0
%n9642 0
%n3190 0
%n6342 0
%n3760 0
%n5720 0
%n9328 0
%n3023 0
%n2084 0
%n1109 0
%n4886 0
%n1655 0
%n6878 0
%n3516 0
%n7581 0
%n583 0
%n926 0
%n7367 0
%n6045 0
%n4381 0
%n7850 0
%n8840 0
%n498 0
%n5729 0
%n1467 0
%n1710 0
%n8661 0
%n565 0
%n5489 0
%n8927 0
%n9084 0
%n3610 0
%n1416 0
%n7195 0
%n1149 0
%n8758 0
%n2235 0
%n7175 0
%n996 0
%n538 0
%n5317 0
%n2096 0
%n4492 0
%n6664 0
%n8049 0
%n1650 0
%n7143 0
%n8024 0
%n8075 0
%n9745 0
%n5071 0
%n1473 0
%n8640 0
%n3016 0
%n3258 0
%n1989 0
%n6156 0
%n3510 0
%n248 0
%n1842 0
%n4565 0
%n8610 0
%n5737 0
%n1255 0
%n6470 0
%n3540 0
%n1840 0
%n5935 0
%n8523 0
%n5126 0
%n8821 0
%n2023 0
%n3289 0
%n3594 0
%n1753 0
%n9540 0
%n797 0
%n8757 0
%n1015 0
%n1229 0
%n9251 0
%n4178 0
%n6930 0
%n4167 0
%n