232
4768 149
66886 47926 13882 62534 15145 3628 42060 50947 22946 89304 25004 66219 3395 47860 3441 96083 23287 54695 40757 54556 21047 906 39163 13174 94727 58698 87308 49754 39232 17340 53148 92103 82072 38320 61201 75161 85101 58158 61767 5 45162 65398 48580 41089 44985 64873 5837 92691 45909 66969 73462 39069 70098 16602 20765 42845 97583 60766 35308 38741 29758 51195 95377 50546 14477 99640 52468 57929 78062 25480 82991 78767 48022 53153 50902 86663 48004 33878 63993 30341 46832 9872 75438 15305 24484 47220 17058 4722 66377 57387 18181 58571 52706 15998 48095 95984 77863 50332 42423 99871 75838 71503 30462 78859 20149 7064 87442 72922 76856 19870 18185 98932 71279 51123 90883 8047 67948 50860 73626 20059 8669 88011 71517 43634 97640 52186 86718 75996 14048 27470 36790 45164 85068 64778 18400 96580 82528 59873 9046 97894 85291 98007 53131 26872 70998 4493 66833 61502 4309 %n482 122
82653 52583 73858 33774 71829 76750 80792 34214 10429 29158 84572 46200 1868 94123 15460 51656 41915 14029 92157 75828 23265 46668 87184 53738 8610 65653 47773 43348 48397 36255 76283 88497 87622 92008 4102 33305 30862 35092 49713 33927 62901 67638 53256 5898 12701 14812 79970 14754 20366 76872 65106 9208 54955 2496 51628 43515 61813 25854 43834 99888 93024 24163 31810 11005 14834 23548 87015 94874 86492 95150 42802 36486 36269 86889 93891 40250 30571 56421 46237 23457 18010 12998 24297 52339 86296 24197 63320 40686 73629 20405 25293 71592 84595 78964 19976 68338 65638 90567 71205 85020 66822 56154 10893 10118 39034 4839 70084 33181 12248 11330 87983 88747 86385 53859 56763 14406 17971 76114 63196 23226 87352 60386 %n282 106
15738 89077 5360 19543 77951 90676 78886 30246 51771 6740 81837 65424 27205 28348 37024 26279 49794 39466 12014 21562 71325 48137 16294 37158 535 10243 30013 76835 85128 23028 50580 21041 95216 95516 29257 89144 71488 52361 18342 4833 83819 3824 40318 52638 12750 40941 94796 74981 94128 4466 68986 77533 52531 6151 41202 81148 96203 70471 27329 25857 55233 41773 96106 61948 26457 12664 99133 83592 99891 32509 26984 16798 53258 5188 86750 81468 6669 47654 9513 63092 83230 58704 34242 65116 1823 2110 98610 80420 49023 3151 10398 63987 7589 77876 19761 54943 91515 68497 98181 28401 91295 56111 12127 48805 91765 52408 %n2711 93
8379 26101 7493 64462 29247 10234 82984 63058 52763 4911 14191 24081 31391 82415 70523 77040 9451 64899 23495 25128 92373 54459 84279 4585 9715 67408 22641 71093 80993 65011 20161 65910 87778 62973 33381 20157 74162 46669 39728 16594 87391 21509 93360 53628 49756 23294 89043 49145 44311 66144 9108 21197 2137 34689 83025 16829 863 6840 49064 43704 50006 36319 20452 27911 76331 12977 94643 85410 217 33679 63837 98462 88403 92546 72528 28342 41285 32422 73916 31500 3242 22978 15888 58049 9631 47260 79895 28937 2728 28100 88326 86511 71637 %n3025 72
37177 35167 2731 54796 16672 37739 40375 74821 59701 44230 11992 32299 54693 72420 7542 98135 48178 63583 69652 57301 62606 56748 16955 27619 45515 11854 3219 63666 27026 44110 89259 75606 93316 44830 69680 92057 17453 35852 83464 17075 75026 51209 23341 88980 56574 30680 66784 65895 89635 69493 41200 8066 81339 13127 14875 96967 75807 44715 20512 88038 81716 44118 62256 77984 75954 82790 59674 22397 80098 95206 9793 59065 %n21 58
13814 18744 60482 26538 39638 64912 98204 28274 95947 64350 32765 79672 28131 63596 86744 30747 10341 4199 94864 28550 28925 13059 9896 2129 16179 88245 39114 64588 88541 27129 4539 43832 14255 12430 47148 68621 24452 17185 25331 70241 63128 5031 50487 70077 80527 96839 70723 34460 49545 98878 62704 19672 3290 20629 51327 84523 8173 2011 %n6097 47
44090 78202 28689 10275 19498 20399 9160 55157 29270 45270 77523 78068 11874 40803 7514 2174 84675 1311 5965 34060 96873 39963 77405 34116 92018 38997 29034 40062 63580 9594 61875 33116 52434 76081 3779 84102 8537 33707 61440 66531 83148 44533 77487 38843 66557 36168 43774 %n1061 41
23522 95350 81884 25186 85637 5011 892 49311 27892 44466 30800 32773 69005 85401 72304 88094 46533 9168 58403 54439 77601 27285 89142 34379 99562 64507 84845 48406 394 12823 40927 18403 85879 83793 64996 55552 10974 42664 52654 95695 79028 %n505 46
2397 11941 17054 62124 670 47903 3838 68992 99610 87866 30628 80250 31077 8831 59949 38896 47580 86581 27376 73839 48133 47481 84853 54205 60252 22620 97223 99773 58052 76009 91133 78856 24459 80630 37150 16359 44598 66537 58962 13535 78821 87486 34348 70100 30731 90636 %n4683 28
56860 95069 25966 42772 47803 853 41495 85067 97904 88261 16784 64758 92797 12505 97162 56517 21341 46723 72579 14963 14456 20876 27926 30637 8077 7939 64357 1790 %n5920 40
86636 38637 39516 8101 3381 26832 12378 12081 11621 68627 54206 18866 74501 16547 20267 99497 36681 58453 51050 99313 81715 34440 87049 20646 76455 49973 27568 72897 60149 90812 9729 91441 51658 48409 1001 52378 38231 63864 23261 82129 %n5746 32
60259 79860 81001 13870 30640 49862 43869 52935 34506 74838 20680 98518 90217 53090 85472 21399 15753 84130 70926 7983 99234 15565 27069 1995 9557 56439 78585 36694 22721 90896 64839 59602 %n5374 19
2499 88376 78163 94780 87572 40036 45199 13306 69420 94871 21418 73699 13334 43781 32867 85300 16136 6094 8753 %n4045 20
28188 44789 87285 35973 92138 21313 75160 94687 9558 91659 21212 71385 62874 35238 58843 29163 42564 78112 54207 75905 %n1770 10
87947 87306 8135 98233 60588 53958 33536 47142 9105 38995 %n5344 8
79704 34826 18422 10215 22485 63617 98933 32076 %n411 7
62269 51500 6561 88729 5465 22448 70135 %n2274 4
42059 96665 87104 25349 %n6371 7
32759 98883 65411 3430 15801 88811 421 %n6362 6
40636 88938 1023 82066 48311 8196 %n2383 4
33874 13487 36483 31706 %n6103 2
40207 51648 %n4657 3
21461 61358 60032 %n5758 4
56313 15673 17875 36653 %n3798 2
28899 55690 %n3698 2
60941 64140 %n456 2
87089 8284 %n6604 0
%n1951 1
61135 %n1966 2
33560 18362 %n4476 0
%n2661 2
88507 40501 %n4000 1
82351 %n721 0
%n3022 0
%n5604 0
%n809 1
21687 %n3529 0
%n1634 0
%n4101 0
%n93 0
%n5217 0
%n2743 0
%n6651 0
%n6444 0
%n3205 0
%n173 0
%n2145 0
%n3683 0
%n3133 0
%n4763 0
%n1612 0
%n4639 0
%n4012 0
%n4005 0
%n1690 0
%n3878 0
%n5797 0
%n5329 0
%n412 0
%n816 0
%n1230 0
%n2724 0
%n5246 0
%n2602 0
%n4936 0
%n2138 0
%n3642 0
%n3016 0
%n582 0
%n4684 0
%n3734 0
%n4652 0
%n192 0
%n1038 0
%n4601 0
%n6082 0
%n3588 0
%n344 0
%n1400 0
%n6148 0
%n2430 0
%n5193 0
%n2283 0
%n2231 0
%n4624 0
%n2303 0
%n3306 0
%n4517 0
%n5599 0
%n1000 0
%n3185 0
%n2355 0
%n1360 0
%n3049 0
%n1080 0
%n5700 0
%n5040 0
%n2672 0
%n5886 0
%n6329 0
%n4733 0
%n5 0
%n4691 0
%n5706 0
%n1511 0
%n6509 0
%n3450 0
%n3387 0
%n5867 0
%n188 0
%n1797 0
%n1150 0
%n5765 0
%n3802 0
%n974 0
%n2951 0
%n1916 0
%n6113 0
%n2731 0
%n5354 0
%n4565 0
%n5035 0
%n3786 0
%n3746 0
%n134 0
%n4217 0
%n1856 0
%n3675 0
%n2823 0
%n3209 0
%n5946 0
%n2625 0
%n3800 0
%n5011 0
%n6002 0
%n481 0
%n3210 0
%n4197 0
%n6099 0
%n1109 0
%n3828 0
%n1138 0
%n6136 0
%n1415 0
%n5792 0
%n2875 0
%n4557 0
%n6338 0
%n2370 0
%n3824 0
%n2550 0
%n5903 0
%n4649 0
%n2608 0
%n4174 0
%n2977 0
%n1945 0
%n1320 0
%n4057 0
%n3816 0
%n6179 0
%n4281 0
%n342 0
%n2529 0
%n5934 0
%n6642 0
%n5819 0
%n390 0
%n3584 0
%n5127 0
%n1373 0
%n3837 0
%n3261 0
%n4670 0
%n682 0
%n6122 0
%n3020 0
%n2759 0
%n3061 0
%n4606 0
%n2065 0
%n853 0
%n6271 0
%n1032 0
%n622 0
%n5914 0
%n5945 0
%n4927 0
%n6320 0
%n466 0
%n5710 0
%n2514 0
%n4958 0
%n6085 0
%n1122 0
%n4299 0
%n5292 0
%n4758 0
%n1020 0
%n5120 0
%n1170 0
%n5310 0
%n3292 0
%n2462 0
%n4975 0
%n5534 0
%n1609 0
%n4265 0
%n573 0
%n2091 0
%n447 0
%n3231 0
%n564 0
%n5541 0
%n6418 0
%n5849 0
%n3544 0
%n6244 0
%n2146 0
%n881 0
%n3227 0
%n5321 0
%n4818 0
%n3543 0
%n5794 0
%n5908 0
%n3106 0
%n3708 0
%n4769 0
%n4934 0
%n32 0
%n