141
2764 16
26564 39935 2731 55787 71648 28461 83536 11505 13811 73292 5138 93510 71400 16667 3312 15413 %n2739 16
57430 39747 54357 55354 69950 94861 4825 9552 6176 30279 79320 18306 60406 84308 37336 29150 %n6717 15
86636 68775 60904 43835 63005 95051 74937 52965 95900 32414 18551 71169 60981 79604 85322 %n5759 16
40470 95893 20671 2568 43520 61518 98095 82130 78839 53862 3451 76035 5869 39776 3785 68443 %n1160 15
5806 19915 45709 77052 27884 7909 32001 66825 88431 77699 80356 60598 50836 84828 65652 %n4150 13
63855 22508 15319 47485 88717 75279 3512 7670 87834 68302 71587 87582 82156 %n6222 13
43042 26637 22464 23946 78780 2763 83495 65617 43653 84063 43494 31423 13775 %n6247 12
54793 85656 19040 84356 96098 63622 97974 54854 19536 69724 53407 87210 %n6608 13
87863 28594 50056 49044 22889 62783 80701 25109 60735 34252 96552 88070 34755 %n3155 11
24481 9562 17496 26043 78027 15836 71594 49214 16931 67696 52467 %n2855 13
82402 63374 74097 75025 42891 4455 75651 64356 30039 49329 5544 83172 12128 %n5274 10
34081 16409 27694 82213 86438 3280 79041 45501 71123 69270 %n150 13
8523 18409 75922 32379 63521 77141 75444 81016 31029 53463 72587 32933 65929 %n3571 13
91237 95361 61634 1227 66634 72483 74761 59630 52623 80605 36958 71230 62063 %n3883 10
82365 38656 92337 3060 36520 31738 45530 86323 59852 87902 %n3275 7
60750 13303 129 45433 15327 15978 6032 %n532 10
23211 32272 24111 3221 79813 20242 59241 48039 92802 61536 %n5715 5
14211 38637 9769 6428 49646 %n1874 7
71651 57943 21154 37605 58271 11701 27359 %n889 8
99497 60386 63694 80577 34855 75649 39855 59252 %n3687 11
29277 29113 78870 16532 68155 50886 20612 74505 37095 14124 45048 %n6595 6
3837 51175 42800 79191 50602 67249 %n3745 8
41529 61044 81944 988 79965 72872 51273 15972 %n2900 5
3806 65705 92718 96498 58456 %n2836 5
22443 67551 59313 72481 69968 %n5840 5
23032 4593 66013 67190 598 %n345 8
24208 35743 46358 21151 72621 42569 28116 81974 %n4962 9
34626 35905 44323 60713 55474 8911 34427 73338 6812 %n4804 6
40433 80273 34341 4834 47886 60759 %n2656 7
9522 75241 80781 37486 60840 92420 43072 %n442 3
71827 97397 30982 %n6041 7
96744 21199 19126 86833 22437 7854 78364 %n1022 4
79708 20647 62039 29367 %n3136 3
37452 16980 13305 %n800 2
9283 59834 %n6154 1
32320 %n1318 7
24420 47766 99997 7734 46432 58347 48992 %n4638 2
70046 94595 %n2531 5
40364 72226 73643 90848 94605 %n1716 2
71888 74674 %n5615 3
93020 81731 20702 %n1821 3
25146 98382 29318 %n5979 3
71611 34166 22294 %n4980 1
17634 %n6158 4
97689 42093 54979 1250 %n469 5
77537 47264 51775 82419 29614 %n438 2
17516 22170 %n4589 4
84697 32491 56110 85683 %n3184 3
41597 3741 27003 %n710 2
28026 90345 %n3674 3
63113 19238 98465 %n6329 4
34762 68543 51512 44060 %n6454 2
11789 87486 %n1953 4
21383 18009 45572 49569 %n2858 0
%n6482 1
63616 %n4472 2
16636 487 %n5246 2
71625 50043 %n992 3
6094 22871 62369 %n5021 3
50410 69160 67258 %n3067 4
78784 87387 55218 9389 %n6077 3
86258 56332 7900 %n4825 2
83709 53244 %n3458 0
%n697 1
50821 %n4780 0
%n5783 0
%n2911 0
%n310 1
75912 %n4789 0
%n6457 1
54734 %n3035 2
72684 62125 %n5958 1
41302 %n3208 1
83832 %n219 3
56915 231 8083 %n1679 0
%n6306 1
59372 %n4405 0
%n4328 0
%n211 0
%n2188 0
%n2768 0
%n5932 1
45378 %n6384 1
60849 %n5158 1
4812 %n6319 0
%n4854 1
28361 %n1494 0
%n6278 2
47287 92540 %n6522 2
58317 17357 %n625 1
80462 %n5199 1
36957 %n4509 0
%n3817 1
66820 %n5498 0
%n3442 0
%n3889 0
%n1356 0
%n2770 0
%n2974 1
14676 %n5050 0
%n2943 0
%n1824 0
%n2736 0
%n1398 0
%n1470 0
%n2066 0
%n1793 0
%n5460 2
5328 36676 %n5828 0
%n605 1
7827 %n5508 0
%n1980 1
21989 %n5113 0
%n1207 0
%n2174 0
%n38 1
56975 %n5445 0
%n1693 1
2319 %n3726 0
%n2329 1
22594 %n5216 0
%n2726 0
%n1381 0
%n1837 0
%n6038 0
%n3832 0
%n6438 0
%n3259 0
%n1492 0
%n3216 1
97004 %n4745 0
%n5411 0
%n6141 0
%n490 0
%n540 0
%n6040 1
82200 %n5100 0
%n1149 0
%n1129 1
4018 %n4677 0
%n