14
769 201
62281 59141 21026 31991 83126 90328 46521 55852 56251 1788 99603 14333 99024 72569 34641 46799 29756 54513 50879 10882 13549 33157 7756 35580 75156 52185 81293 68859 68309 15057 45162 36191 30190 95929 1036 19362 60895 6266 36983 8878 99328 66261 32594 30890 84755 49845 69581 75270 20108 87598 85612 8618 20760 1014 20315 31695 18450 1079 16618 16200 63318 89321 52671 38878 78398 93633 39373 92699 48429 84950 56610 64428 84133 2012 33620 70971 92108 93074 30939 14634 38850 79025 39625 36885 61960 24257 9340 15918 24005 64487 67298 74603 5312 50807 41275 27202 44919 3439 17142 62974 15228 93878 46437 58573 92866 3236 22932 85313 24016 73122 82976 29398 31527 84052 44266 81408 7499 39579 78673 9084 73786 34361 18042 18202 31513 20769 56586 42881 16421 10864 20026 55838 18351 33494 75836 71872 66393 14364 6340 73760 52785 99817 47189 1530 37225 67991 41358 33358 49120 17612 5655 9551 21933 88573 29183 16787 79949 61792 5995 30822 49052 60872 92260 86383 19137 61444 19880 8203 21792 57263 83746 67082 16179 83287 93798 52311 73692 87665 912 58876 83806 26005 9382 41660 27395 34330 67201 69898 45654 93824 79186 1831 14379 53911 95024 86296 51102 52197 80201 95763 51056 %n1605 7
45991 83503 79582 26502 88872 4556 41476 %n2145 0
%n2203 0
%n560 0
%n1221 0
%n202 0
%n4479 0
%n3093 0
%n4255 0
%n1054 0
%n3358 0
%n4407 0
%n4111 0
%n