148
215 590
88670 14778 45530 56261 28553 81975 83074 27069 56482 51193 83960 81296 86417 22080 69785 61360 79455 89528 21343 44791 19105 22153 7066 28354 58948 22253 89285 386 66872 78424 48068 45398 70522 49331 33559 21265 42061 31692 8754 59838 52238 56805 72059 97887 58427 60219 14674 76435 90927 26212 460 71504 18429 65632 98332 19473 53519 41743 16185 31348 55388 49493 46717 66879 82280 92652 65177 568 55564 41591 97496 57421 90862 40487 9403 24065 24711 34865 28314 97906 81967 44353 73155 88871 19198 56623 56959 68489 36989 25593 2665 39324 89900 1768 23081 46965 21064 72370 43934 76739 91321 99294 43562 57257 68777 60747 49062 53471 82097 90039 66632 93737 10180 68658 54201 61263 95432 13933 72217 2627 81235 97718 25206 97781 68042 9579 5481 51966 79671 39143 60922 72074 49257 64770 43390 68804 16205 40598 94534 9691 22708 225 6613 78970 46652 19669 95620 15998 99616 57676 87945 53522 21052 42071 70669 54950 56857 51714 27046 39038 33029 6599 99629 80614 21240 23468 86874 45561 98982 58118 31269 45468 45745 11368 82736 4786 61294 55753 778 93395 79131 92898 7978 11692 75339 35757 98158 51656 82244 93242 54375 65948 38129 52758 59580 66713 69382 88137 91668 25924 67606 41968 67276 73961 39348 82829 71558 72969 30766 78733 43890 80046 93824 40241 50905 21751 69596 14672 70988 82279 99228 78279 68755 23532 8112 35505 77710 96986 77133 34519 431 28410 58298 69493 33655 94438 78403 43199 1513 65035 51583 80914 41832 53984 74229 50118 36327 75849 80503 79566 89526 13764 20668 61366 19321 21831 18207 30020 69833 19878 17804 60222 7355 97636 23180 93841 53920 24360 25770 52194 57489 28873 66807 56415 55319 25001 41206 94592 40204 60844 69995 55523 93377 95675 66326 36213 81977 61929 3633 35672 65921 92839 63392 25956 7527 42491 37331 14928 70807 37166 46124 46145 16601 42534 75853 82922 12234 76908 99703 97834 14763 33123 79523 68556 2437 72471 15824 64553 74965 63619 60836 33615 81017 13393 39383 75067 53230 88627 71173 89173 51190 66357 3242 95601 32809 33293 17086 67325 93898 53764 85596 87383 93143 75173 7623 76214 55883 25290 83586 83715 22430 22206 11861 87472 23414 43970 96169 31622 73583 75770 26501 61244 16967 81968 70601 10165 98304 18734 56653 19977 96055 95744 64646 19935 776 82386 10857 67901 34119 65353 40372 33039 28146 36396 64471 55945 9648 71115 67499 47615 94782 28705 80555 94455 53394 66251 14747 91201 11858 9939 70137 82267 60892 4962 61766 90003 48854 51965 6774 43025 66410 82639 67631 1409 51876 46203 26928 69677 43167 1790 59916 39988 61916 33444 60491 92941 2909 39385 61220 8375 38067 77584 20404 32002 12075 7068 91962 54723 27402 43761 88389 85458 62314 16091 10138 75512 95073 67297 31527 82021 88668 90238 80371 79989 91616 77875 35277 24391 95904 43249 73725 11346 34380 77627 60916 20999 21342 86395 27938 40801 38874 24814 16152 67062 22888 18031 56771 20405 64761 97644 35572 21542 43240 57189 47249 45492 85164 38119 55053 7964 39711 37059 99448 74375 3113 7048 93881 56063 12615 12333 74388 147 11176 18630 36058 29393 80801 68377 98309 35583 90568 14114 45395 23341 18328 23641 99857 35565 43789 80980 43372 55365 52438 68427 49838 8312 87720 3237 66528 73910 13673 68984 77914 81361 16441 10772 33871 92270 87600 93028 17308 52475 51443 78076 64060 78440 32253 46178 68175 79401 86418 28467 54391 91108 99731 31617 6506 63634 5666 90275 24313 60662 72474 19778 17813 1094 23696 8056 75426 90823 54199 48935 4197 90421 16554 61446 89399 10091 10648 21402 77558 99136 52608 53092 59298 7807 13989 27201 79982 73790 %n47 27
24912 95947 38442 35870 61725 27466 20774 19275 86180 75708 71743 1491 2476 97852 54059 59368 13520 37095 61043 88279 41251 51501 20464 22327 39107 77085 45553 %n1567 26
7858 54292 16892 9390 66966 13159 76400 68474 48886 58768 87467 40543 53578 66776 3755 22583 81739 40071 92641 30653 74720 35199 47602 58630 28838 77147 %n434 27
93719 24690 88685 66968 50643 33158 31820 51453 59616 29621 35460 57139 19665 52910 98470 44785 2014 64907 80485 85582 12708 15578 59152 21324 84103 65928 20219 %n1086 27
84056 65186 72583 58092 49315 18996 6402 8409 93884 71479 7591 9321 73585 13274 17874 15471 12498 77758 89766 66918 97344 6976 9718 42933 99089 4374 89545 %n639 27
9802 90760 84859 85984 54833 34747 5299 44886 3229 41181 93539 46458 73385 33413 3691 70801 97198 93756 78471 35426 73852 21339 78894 2382 51703 83087 65768 %n133 27
22212 24399 30955 44716 96196 68820 19009 58375 50845 7305 94525 83337 58122 55484 85171 17355 72142 87927 7773 13105 67925 78494 45355 19081 32638 6585 82496 %n1181 27
9658 93624 17059 39111 90560 39463 20009 60981 47504 9491 98339 7728 66049 76391 94983 4924 88227 40746 62439 32731 38506 86929 18436 80999 52111 29799 54741 %n1341 27
13775 88031 25255 24543 47611 22370 58615 3852 60982 72013 7967 684 66999 24836 97995 85724 81622 21482 44280 79426 56776 6866 82848 48852 50465 11218 9112 %n829 27
61976 95544 63543 19248 75128 1134 62705 74771 139 81354 60558 7932 30563 91414 61780 21563 24633 96948 28852 94594 34131 48252 92402 98298 26480 4234 91905 %n1240 27
14354 53056 52584 5986 44507 94269 17738 47553 24930 89706 18442 63294 90289 92187 35264 50676 73559 33102 4032 48423 78844 11051 30183 21096 78906 18350 60994 %n169 27
89413 46969 39891 59913 96166 36383 90785 30003 51059 66570 8796 36215 53317 82018 21353 16022 84508 72097 92293 93305 72365 81317 53265 95389 91755 42821 68081 %n1614 26
74563 70740 27521 14069 96057 30688 99141 67217 41585 63108 15516 25609 18238 17914 91444 75545 88579 57699 2092 20584 55818 81165 45724 65195 31347 59121 %n444 27
26778 27364 5287 25533 94282 93391 68255 70256 74987 88903 84496 72159 51520 11418 39312 61960 66537 41630 10513 79309 18117 62047 50565 40732 5123 72575 98123 %n1536 27
90365 77920 83996 80489 5975 89843 92205 80904 45391 29377 92955 83295 77268 6594 57536 72400 73774 16663 21228 45705 64444 34555 8010 33211 27970 17240 68469 %n1124 27
47922 33272 93350 69659 77017 12423 85907 56811 30886 60969 63396 70247 47012 42458 60781 1119 68981 89253 61513 35538 7939 54869 8797 650 49526 34944 30745 %n1312 27
83442 3999 84001 76655 7956 8924 39082 38581 13903 45510 37570 26603 94945 61661 96384 21840 80569 19998 33863 35754 25309 98485 35431 32427 63596 83136 83287 %n106 27
88774 81280 87754 19941 68225 17653 64996 63789 32902 39599 96259 95465 26225 46778 10875 89558 69878 21244 48271 71096 95124 88415 95393 12695 95778 66138 68818 %n1635 26
8766 93344 78806 806 9120 50829 56290 39033 4608 80252 54630 16025 36747 57539 81676 94766 33299 32128 48110 67039 33498 5216 25844 33755 79283 9 %n1281 27
83957 82935 65524 3182 741 47090 18445 9481 81702 21320 45911 36882 40202 18272 57103 34233 14043 23804 54190 7403 69625 98796 38643 57745 39938 48838 96742 %n417 27
47899 76489 85108 87834 26977 37141 91126 92336 93704 75023 59341 15951 96373 72423 4179 79335 28606 38016 10679 38892 20813 84648 16802 67587 1302 23967 46977 %n506 27
9019 17633 77948 11351 30703 51639 37064 17547 8710 3532 62935 2492 46597 72871 55890 23963 50780 9287 3339 71414 39112 68883 80828 59649 7147 23826 68568 %n255 27
48794 52212 14748 34096 76456 18501 69803 78714 6214 18886 95614 39238 90746 9425 30896 64246 96632 98897 95386 39503 68396 31398 64849 67079 52760 40092 22190 %n1527 27
21832 49627 32246 41977 45209 88850 64885 22246 61675 47987 78640 39802 40579 22928 28278 36931 14384 97302 95876 68748 52598 34007 22130 91501 51332 34080 20077 %n1294 27
71285 90374 33370 48947 57613 1178 77551 64734 75248 64375 98515 62607 4073 99432 44589 9936 53622 36423 4286 58239 69695 32290 99851 33997 87863 73975 64917 %n69 27
90299 81192 43707 56500 1267 98765 93729 20465 76057 60550 45606 3645 14203 33737 31525 31095 928 43267 27998 97687 13123 52463 28134 21477 26595 68183 41608 %n1521 27
44266 8062 75064 69490 36312 53745 27147 52363 8635 47414 40850 96435 55830 46438 15818 58089 27763 76492 66295 51318 5763 23726 59729 84948 40265 99901 46190 %n77 27
33975 41976 38852 38098 66324 91812 74608 88777 54910 50174 18688 12526 75158 94467 46184 15044 65509 81081 58394 9431 63719 87466 37127 44089 53171 94524 45123 %n1134 27
89697 61322 48092 15980 9271 1443 3711 57823 81813 35208 64053 64200 86936 86292 65709 51615 87303 15346 82599 56541 15285 4118 43484 70581 79418 44072 9685 %n294 27
14364 27744 77059 72586 74668 19407 66185 33861 46204 87970 87453 83639 43138 24709 59926 30674 54369 4208 87081 91513 71296 9985 73483 67369 57821 33633 73543 %n947 27
75235 29540 29443 13643 1426 14168 63223 50084 29210 49583 61452 31626 94365 24417 28402 98414 43010 70194 42764 78529 16011 75308 6026 79594 58105 743 50052 %n1133 26
97629 50252 82274 31520 13599 12683 61866 33319 33459 99161 88576 41308 56352 92172 35907 2544 92696 9923 17352 18945 40859 40583 759 46700 75982 59196 %n926 26
30972 62135 85762 64970 92289 20293 68796 71061 90088 77641 368 22738 68667 85460 49681 17916 72095 65821 40147 61303 69463 78093 79114 42236 25532 30771 %n619 27
64837 55274 30312 62361 84062 81746 32158 37230 5671 53447 99214 19838 92957 21216 81717 72046 15520 87238 44714 18116 64175 87050 1899 12435 11734 24373 79584 %n491 27
45762 89840 71057 59396 46017 46485 90690 41336 83916 64500 60507 95126 30813 78945 27186 46545 77156 23153 26776 2990 14894 90699 48193 16742 73448 86794 82124 %n654 27
6992 2387 98659 11746 96877 86858 70683 78725 23505 84786 40785 31283 67447 91298 36118 45773 76639 73316 33291 13362 76670 20807 29285 16805 32297 24251 52328 %n1226 27
57225 90057 10656 93448 44138 74827 82207 86545 34606 32069 92059 20832 22601 4588 18564 85698 6243 28195 39124 85688 57270 39588 4230 39918 1420 3667 44702 %n420 27
53466 67258 31632 89677 26017 20389 37665 51287 62890 19110 74392 29842 67371 22732 43004 2397 94237 93214 22624 36788 11794 59423 6085 20028 13988 55087 33807 %n632 26
90759 82139 89063 8474 50987 19893 14367 40205 66268 11523 70714 39973 95592 832 1398 97359 75218 11114 26302 60570 10778 1236 10068 82597 42869 5324 %n1643 26
96059 27625 19177 58780 59125 5951 14827 90257 15364 84962 88793 77620 63843 2359 18310 14428 9457 3982 45292 29946 17487 44386 1452 6494 71300 99951 %n1035 27
1297 96337 74414 96973 93982 74451 19752 59591 34647 79511 76274 18807 62625 71502 39172 3169 58374 16757 5770 92510 50134 63653 88842 33984 93506 12346 63141 %n1334 27
44080 124 63372 20618 50284 94682 14163 43872 78742 70362 52279 22429 92194 18930 51037 46774 84818 17304 30691 31456 40513 32708 56054 9234 24887 69219 30885 %n807 26
78027 96687 48745 76352 52557 77439 34212 33322 56667 6851 69199 78857 79302 656 87633 58410 83097 60328 371 2141 78094 50860 12822 6769 87481 30987 %n157 27
88975 29607 58311 57241 51273 92056 39678 51822 80461 89632 46336 18046 58448 47267 15324 28494 41949 8543 33420 27605 55686 55584 6234 15396 79598 44692 10386 %n1141 27
84715 3681 12586 63863 84152 28508 44980 53315 82214 16588 90197 32609 8937 67270 18995 71273 74883 93774 17316 86934 94820 75483 37563 64372 71672 36666 79310 %n672 27
6608 60337 64611 58869 26989 10946 28679 47357 86898 96440 21306 95560 73297 83524 95937 97855 97255 65477 96427 30001 60641 41738 96021 32642 86455 50316 82438 %n217 26
81732 15119 5480 48908 82047 76648 10065 43705 22188 5824 16592 4038 30967 59408 38270 11303 35973 37649 39482 77908 76613 77181 13812 29399 84473 23057 %n16 26
53818 55455 58728 84448 35425 55121 85785 45978 66199 95654 72519 73184 19695 69396 76083 27513 72308 88641 93114 52805 33005 51531 6259 61557 19447 70492 %n182 27
54627 98057 28439 9864 44908 92560 41846 49656 36102 14467 44358 96041 21555 64461 50206 39070 91350 17389 99967 23364 11866 86878 31220 43243 73580 87737 70791 %n855 27
69760 10130 52186 23353 20330 15074 36688 36548 23154 6557 81009 28718 88263 73497 11877 25079 49325 18684 14239 77127 2408 20351 16013 77834 31603 9056 22424 %n1483 26
35239 64080 61433 90791 36919 14421 26894 61160 69714 57427 95788 57758 28454 83648 92610 4508 86832 92051 53058 47798 20769 20011 42605 10310 68376 24935 %n317 27
64622 67193 25232 105 48133 93376 44988 53357 17807 23596 61853 19757 43485 38115 89718 7792 4805 72356 27638 69223 41212 56315 84707 87117 38762 68078 71935 %n906 26
12413 69600 74698 73671 50009 375 84258 46574 11024 10998 63983 89688 45532 30605 11622 75720 24445 15334 45554 30470 84244 66881 98425 85392 66761 9319 %n59 26
73111 67832 83007 49084 32117 72081 42800 73786 10341 14192 62675 13332 7577 35553 63145 6209 45938 44193 55092 73513 13717 53902 2739 46361 29925 58853 %n1174 27
58756 99679 81530 47889 97324 40650 76556 25229 63540 34856 4463 83847 17469 14783 51064 25138 54249 74346 52833 71284 94716 92746 3659 47050 13338 44160 9318 %n987 27
55969 41171 13652 21009 74336 95312 29176 75370 21626 6007 75897 76415 77540 36684 98786 77757 39657 73635 8111 2922 42083 56557 50235 7998 98454 41827 22305 %n464 26
12718 93186 27923 30056 97032 51171 72376 37485 70016 5692 89784 77229 32777 97888 35395 1072 41200 50499 86250 99510 90597 4411 82436 80416 75393 46206 %n794 26
68830 7845 78461 68802 74826 59151 17614 10743 66332 18353 84160 20285 70309 91134 63194 78817 50090 27223 66416 89017 49385 58150 63009 7114 269 69098 %n1584 26
29236 27739 13648 2709 86529 44462 3442 33705 50023 23812 30764 1971 14009 72414 51254 24900 26706 16867 68155 72526 58993 55015 37048 59622 74029 58331 %n1651 26
78167 127 85178 72773 2734 70834 27878 39192 45399 86218 76413 86295 69160 76199 51701 59383 98730 7534 37778 17416 16816 8412 23672 5864 34116 20967 %n1243 27
67428 18406 51787 90124 14166 73196 6250 65869 93555 13464 47491 88812 13695 39881 89421 67746 32719 16526 88543 88057 26921 52526 40531 14024 6698 2044 99051 %n176 27
28081 36625 42977 55836 1704 20943 49750 63950 427 17420 4326 55125 48742 18935 73383 24215 82492 58036 98917 88669 83965 7588 46827 6959 61095 20555 565 %n641 27
3980 31470 28260 88450 55802 35775 18765 81548 29255 26973 5500 12690 17692 11432 90005 95961 44653 37603 67972 25892 4227 33535 29727 43605 43941 46016 80001 %n1224 27
82583 58097 57817 24283 41886 28169 99113 30515 30088 29171 22728 92055 6058 30112 36588 77223 69796 86412 16127 96443 69191 84899 64668 74097 5369 53342 86285 %n253 27
26030 33093 27712 49005 98626 56751 96790 92529 84300 76738 47095 34142 46824 5088 36269 52775 69038 3201 12305 35813 15871 90750 97643 37714 35679 53432 88265 %n1538 26
1869 50695 48212 15970 49597 75996 76926 59959 90073 25346 39874 86975 70304 3766 63858 53923 3744 43981 10890 55589 8417 34524 91871 45776 22338 74878 %n759 27
47624 76019 25053 15446 3310 1715 38428 59539 78576 94037 21774 27754 67275 84428 40438 25160 43285 12980 23503 32560 95752 8604 8386 47765 21073 59524 23546 %n1350 26
88269 94319 233 15493 87943 43632 54106 7056 21692 33331 60100 27953 69893 39834 82766 85610 1960 17407 99450 35177 34648 51791 88989 76927 67594 34256 %n737 27
11758 41115 7866 47451 52671 69634 9971 87246 40492 18877 6655 77238 46199 73138 68970 37856 45013 81417 40021 20352 43718 6463 91818 30863 20502 597 51891 %n460 25
44488 69791 88230 53582 95382 40630 15465 29224 13828 27388 21045 15880 40085 73911 49438 76414 36069 95116 21556 23923 43695 15393 32058 49144 39627 %n55 27
87258 69899 31698 38186 25837 27443 82638 89512 170 93805 64929 46612 65686 495 58154 76990 68188 22331 2112 82884 66581 22925 5105 33696 56484 19583 98334 %n522 27
13748 71253 55298 6590 24699 71389 52491 64082 30966 29295 60575 35381 80989 97749 29961 77837 39737 94952 52551 66842 51625 58351 22423 29248 79557 26938 13463 %n207 27
35964 39229 91085 67395 1854 38992 31815 38118 40942 25105 68254 67880 78386 26062 99247 26178 7701 88122 47598 67226 65423 34761 96705 37002 69738 76300 72473 %n1052 27
84384 43535 19212 50194 72960 9822 88673 68097 22806 97720 20241 52900 95010 12186 80246 15684 98981 35088 16096 67384 57345 87895 63289 19510 4053 57925 87163 %n545 26
87415 18772 30105 47274 51415 11324 74198 31382 37947 1120 34034 21983 52936 18222 35178 38693 71781 30862 20372 77762 24170 93005 1517 13370 72438 6213 %n1116 27
75784 3601 98544 35437 54502 94439 56495 36485 46132 48760 73712 41802 85093 16458 13583 70631 40275 65258 37769 50975 63892 29315 15464 64940 86843 84539 76553 %n1464 27
18576 37886 73983 39977 45215 93180 91989 36637 57580 43902 52817 85586 19471 23511 10861 40666 95448 16857 95035 94242 60448 50711 96174 152 8759 23227 61027 %n1355 27
76796 48913 96421 73561 46587 53591 22603 11690 69245 22941 47595 24491 27359 73135 59577 53162 88361 73781 71731 15278 60561 72550 32657 27815 68962 67928 44311 %n1689 26
11949 17246 21594 99546 8616 86482 72178 51151 75652 5800 39240 41486 17076 74557 61230 1217 46445 19227 37730 96061 27131 4251 44292 57269 56835 2999 %n892 27
1988 24499 28347 52270 59258 68445 72561 18801 67559 924 28953 43801 80791 95029 86521 33157 54110 46426 64190 81251 97620 81518 99533 43456 68641 84224 81567 %n1378 27
19996 86927 79636 81094 96339 19477 93540 45156 92640 81384 24188 56070 32534 52391 25215 61596 78851 88927 35473 63637 76949 78503 51267 12059 97023 57760 24603 %n551 25
46310 29510 60532 79905 97705 30255 79706 93342 8468 52558 28043 21765 37000 21267 56766 46260 73552 38985 30783 36815 33817 11260 99794 44189 7416 %n1443 27
74865 94244 67188 33491 55602 95642 58497 83014 36196 73237 32086 91514 90700 32352 20289 71647 68673 79676 36567 58812 46908 7899 29832 47487 31958 51031 36160 %n155 27
13138 69826 39518 56781 40261 95846 94126 36488 11170 54010 57265 41841 92046 55047 42636 42972 24478 18141 93202 86880 27999 71394 12840 44940 80901 83355 29147 %n1053 27
53698 46231 71669 89439 49332 78269 12073 98575 94619 65044 96626 19461 70946 12120 10368 84518 95844 56422 36459 94507 16094 29240 40898 95216 49326 10412 10030 %n1683 26
84762 84391 23143 35139 61674 34089 89138 468 381 98040 52561 1059 80514 95563 28382 39689 83622 12474 79977 71836 68514 85561 48649 28302 98993 65517 %n899 27
85910 36284 73060 40683 8082 49752 66141 60536 4959 33802 4852 29211 75851 11243 38003 8663 52218 76212 92447 40284 44044 42416 38804 18956 32454 9199 6048 %n1331 26
8259 39358 30952 46186 85634 47853 11144 92649 13502 60980 27809 60942 48543 91306 24040 67402 54168 24615 36104 66373 73234 12811 53799 74632 36113 30108 %n237 27
75893 44237 2065 39078 9032 43500 57959 58774 53139 24559 24645 5058 43427 76506 6464 75997 6647 72786 58801 77483 47707 99272 91467 41494 88359 47931 22879 %n44 27
11522 79389 82949 17613 50510 92417 82303 60486 19538 3001 8340 92514 14903 40076 44033 8322 58470 66248 15681 26768 60918 68135 58814 20015 29977 54583 977 %n1369 26
16893 93616 99333 66061 57608 31832 35344 93728 10267 782 48116 58219 77052 23157 62680 84328 95836 43783 79253 71936 24807 77999 70674 83509 37411 44771 %n382 27
95519 12043 75605 21210 5193 37957 80376 14513 50738 64198 23380 21459 940 13378 15047 55702 21927 72295 99638 87660 19309 3813 2737 32216 42059 50109 48690 %n1200 27
26237 29061 59692 11826 68960 96872 93910 25787 5143 53726 59426 10908 79569 49728 76644 93248 53222 6534 34577 84318 74176 3109 80811 52223 31719 42761 1437 %n216 26
47530 8742 89126 7525 61877 46026 41554 71006 22575 67752 84848 20478 41698 54926 87679 67098 71201 12612 48631 73113 12939 69541 8688 3286 28559 88344 %n582 27
77651 65008 37101 90041 98377 71596 79704 93007 72551 21345 81481 40960 91677 32418 97182 44761 93939 46791 67330 57364 39837 39261 30353 57107 36592 6123 75983 %n447 27
51002 11471 68298 31353 98755 88566 64669 63017 94046 45417 34316 48841 39030 69026 83044 92809 46714 49865 95918 57106 63518 50434 465 90678 88772 51290 88746 %n97 27
6861 16155 13280 34642 11661 30549 5077 66404 38094 78899 93276 76137 54654 9347 9258 82925 83027 43301 26345 19955 73767 87239 21212 57503 63962 23636 13043 %n518 26
49864 84809 63299 8461 25525 64403 53285 97457 3089 48882 1587 52296 53954 61286 46918 34867 23184 73045 74943 64156 32603 99715 93337 2704 34725 7843 %n102 27
8782 68904 52176 32799 14917 19215 73871 23725 75431 88898 25987 41005 65994 17696 3495 2280 70853 41263 76449 37652 8958 94262 43600 6482 39561 49598 69560 %n814 26
33908 84946 81619 47844 32696 84704 68029 83584 26984 42503 35486 72336 8242 18114 83411 72845 64851 34584 4982 34702 19770 10785 22467 1474 70873 27683 %n710 27
97011 99935 88377 21032 76118 38117 60443 14558 97250 37541 42475 40439 92025 60233 75542 3180 6288 33508 52147 92715 61185 4594 87852 23034 82273 74881 68541 %n1501 26
8578 95764 20657 39562 48730 60624 40413 8542 92695 82156 2869 70226 50278 3387 45768 67057 89543 74794 12324 10524 7417 75961 48910 37149 43352 41719 %n994 26
47672 52514 16365 35338 41100 13773 39531 82475 69669 45383 23959 70384 51638 55979 14479 73886 52266 60650 61330 60478 78891 75890 30510 67531 91402 91149 %n665 26
54835 80632 74261 50954 97676 95023 87743 92824 11388 50543 7885 37150 96763 5728 54101 97657 49394 17023 95038 84777 43428 65931 85998 96648 55522 94083 %n38 27
62629 97740 55711 69518 65667 42611 56582 93315 65552 26724 16706 78833 73791 82817 64990 25799 33723 8667 59562 92077 42313 37873 37609 38205 64634 98558 33409 %n1158 25
60379 14338 79955 30710 87112 27636 75176 22281 6095 30732 16159 91005 36772 93371 52733 62672 70554 68849 49537 83399 54102 58925 20213 77636 26120 %n879 27
5922 7192 7009 75033 72767 46062 69272 11966 87508 84150 24431 22908 96152 59705 15591 51628 27249 10574 9823 98238 69574 83343 1581 73993 32481 43312 75405 %n748 26
86835 64616 44191 75991 9090 92415 36509 54806 68476 8054 68578 94851 77414 17051 76316 4009 34232 46516 96192 89333 38116 90866 20414 66637 94811 65295 %n1579 26
35595 68082 51245 70680 2205 57449 55295 92575 99179 92615 90071 28253 27806 36475 46158 92329 96726 17185 58041 57987 36746 31126 98844 13545 26986 37223 %n741 26
14392 83783 78757 73704 52256 35241 91966 36777 93709 73439 519 47009 75323 2975 97761 65595 60407 99411 99402 55976 1681 29509 83501 92421 6668 24815 %n390 27
96456 38603 23500 14609 68177 17255 50587 77775 58173 12302 69930 43742 88181 40810 26118 26586 96 72755 52774 40277 58935 67824 67187 84050 75496 86038 98390 %n580 26
41418 28887 14212 80116 85946 47520 8922 3905 18674 76262 80892 86496 79072 61138 39026 95539 63058 39498 29143 76611 74450 57704 52338 74256 79377 14313 %n280 27
30400 2631 10391 63930 41168 71165 82787 83813 81883 8439 26570 95591 51473 96093 66275 4157 16265 74264 45807 74863 47187 94289 47227 20319 64524 74967 91167 %n1430 26
98591 52243 44974 5214 85522 2231 51864 18360 13760 53243 23285 1689 94039 36913 92005 25046 85308 18344 19577 13592 41169 98059 4689 9466 33674 30000 %n765 27
7095 30865 17563 86228 30548 66694 41048 30106 87706 6324 93085 53983 74485 70560 97000 89267 26224 66758 73744 25489 80927 73895 85780 86957 76329 41655 10913 %n1694 26
7962 93450 37077 86731 70744 32104 94099 78903 44523 95986 31713 59725 54705 8084 50821 51283 58832 60005 99684 84402 49740 48750 91976 62558 94254 31904 %n1127 27
81412 47292 60963 52144 69451 77274 33074 66409 42216 14437 10978 19037 18557 69206 17700 14107 43543 55327 45136 37670 21655 22008 73442 15964 14309 64699 89529 %n670 27
2873 15105 59169 1968 10936 72692 41958 26272 59982 68558 61178 7431 30016 26314 96902 51022 8839 73038 25265 29849 4180 70945 86797 54160 72272 62761 88240 %n733 26
15974 67134 86214 74799 92935 97300 48648 42110 98939 96638 97913 63759 64096 57048 52409 79009 97175 66048 47391 69455 41981 93815 12164 98106 50082 48586 %n1444 25
91207 40174 72039 36514 85020 12647 33059 50239 44260 28715 56101 14684 59840 82676 79561 77826 5229 60369 45514 15247 15407 592 25628 24199 5725 %n1458 27
24054 52513 34072 92118 20021 86006 15657 46579 87291 11677 4740 19244 28513 69296 43367 37053 25134 19449 6285 41354 10352 75363 64423 28449 42790 2083 24822 %n138 27
43051 7628 12562 98225 63838 9147 96734 46254 7798 74625 92202 52195 82224 55377 23091 56329 38271 56669 28596 77262 43251 65438 46964 81606 42303 87880 93979 %n168 27
87951 251 63666 56031 21684 45625 97889 55868 31813 26630 62960 34931 56559 42938 61375 48285 1735 88167 18392 49320 51992 86894 22845 275 67122 94402 62612 %n1343 27
77965 32137 18223 44162 60868 47529 80426 18049 88731 6276 36188 26215 61973 68055 12002 52430 70079 10776 81085 46088 45427 17342 86066 18355 20205 26949 34397 %n642 27
20564 52707 82600 79789 79434 86980 92388 10387 9980 75894 83541 39939 18753 96213 42621 67831 30511 8906 79917 50216 98029 61441 63454 92637 4010 22464 56185 %n92 27
90598 4303 36730 75864 51266 26796 86657 52097 11171 79175 24695 2821 50307 16297 25245 19313 76873 81091 57280 9753 86211 3825 4720 8397 41600 84310 64570 %n340 27
82957 38774 84161 73453 11829 83139 43734 65993 40015 53507 57936 85853 55211 96344 85483 23905 919 14576 3862 52500 53716 62311 93030 30156 6338 27156 85165 %n568 27
60451 33616 49473 94290 56155 17671 37239 48447 67059 19555 65463 25054 74574 4757 99709 38262 50523 76426 71638 73714 88309 27053 31190 99146 92485 56381 89403 %n1002 26
26659 6184 88244 69233 99259 1788 85040 46291 5649 92585 14553 57431 91815 57066 54273 4058 57417 22774 27083 98590 2683 12575 32030 67864 19044 76783 %n552 25
38827 29781 75773 16331 47386 17516 29584 41272 35468 88920 52835 25166 74753 31000 47298 23351 61828 16516 25037 83439 37467 16850 4609 27981 84944 %n645 26
34625 92794 68025 92848 42501 48376 31752 74964 29791 2530 69477 40826 99406 43161 1058 89177 65774 10220 68751 4778 75212 45106 12036 28997 64135 421 %n400 26
6092 14035 37180 50800 26362 39897 28632 25834 36744 29135 72417 79452 33711 8104 54466 19186 78727 9139 22448 42005 14410 61382 40109 71630 39065 81212 %n573 27
60573 78911 44851 1721 53340 53272 69427 34667 3955 83267 57440 23279 80610 83511 23054 27857 7363 44388 4551 32590 3804 74532 27247 63880 79792 45394 36194 %n1509 27
12142 59686 37084 21994 34810 37518 72930 41482 69429 13766 66327 57675 36257 54100 67875 68505 57855 63960 45040 82970 98836 73826 81659 44169 85597 69545 21645 %n788 27
82292 11965 47966 84933 2163 50032 44050 81751 1995 13311 89856 54623 20800 34459 97784 533 46253 20701 88331 94255 45061 14417 86290 8770 20781 31953 1605 %n1346 26
34043 29938 1055 9118 72714 88219 38422 12242 95580 42289 51704 92255 4808 8792 91829 48402 38537 93916 77831 99644 59678 53996 33251 91759 35322 88160 %n1474 27
55039 73867 55521 39681 73454 70609 43903 6743 33476 45655 40035 72101 87705 84252 55293 25493 22098 46299 33630 4150 43996 58135 49602 79167 87272 4244 13244 %n446 27
54471 83169 84407 50928 5633 99413 87232 65165 25269 60224 21826 2110 53546 54609 35994 65795 50947 85855 22923 37924 19827 37976 48495 14016 55100 73918 22038 %n885 25
73766 67373 1819 15532 89836 24374 51732 52099 43766 74222 99232 59191 56960 41597 40216 12089 17520 65314 13763 27258 44282 1885 49213 64335 66001 %n89 27
5391 28885 20239 3243 26025 48031 64792 38135 42774 35303 20735 14575 89875 53109 27354 45522 95210 5270 59461 39980 80494 64950 83443 52324 85498 7311 51329 %n538 27
31249 19508 76131 33298 57148 8504 52079 3776 78317 15731 95045 51545 95313 66688 39120 12247 22364 1651 74540 86778 34671 46617 49263 75224 72246 65471 15670 %n826 26
34507 602 21154 89260 82825 16928 11500 87213 60728 90561 41300 23906 24002 95345 18867 97663 4807 65414 45053 81639 3678 27126 48328 96254 16585 72156 %n1646 25
51606 37504 21544 19933 57016 36375 92813 26160 29776 79590 44394 64671 56364 49667 68008 52688 1462 6690 52541 71170 89890 30870 93148 552 73241 %n1332 27
30923 60258 81046 12464 29383 94512 53974 7765 45669 65805 60064 99164 21101 12603 84588 702 58648 34628 33166 34769 1832 10816 26326 89043 48880 70624 85185 %n1193 26
39615 65551 7449 94095 6084 40322 86024 89864 55475 1750 66788 14473 4590 35862 27571 49151 45774 58455 91521 23068 15654 94341 51681 72498 75549 41215 %n231 27
52050 21122 43248 53095 15703 74592 16896 89341 58902 69122 69307 31074 46707 90022 16267 71133 44212 11069 72073 19322 30269 56524 14454 92697 68787 50914 32898 %n921 27
44096 31299 31085 47911 42420 34313 3088 56213 51899 48483 57351 28982 27842 57937 20788 46134 76761 13635 20323 1133 18494 96990 8961 63044 96616 3046 5758 %n67 27
51977 9824 4509 72696 31535 34003 54247 14115 60717 78123 35554 57402 91139 79374 46849 83650 11874 42137 89384 76168 69063 68186 92068 823 43957 11084 49167 %n