74
784 277
85787 33963 59988 88900 15288 36237 96720 35590 39186 80778 42603 74196 11060 97951 7922 80193 5513 56863 56824 49557 46517 97282 56750 21393 18693 79697 90805 90126 41153 1137 17210 32261 8264 702 89202 51030 15158 68168 80446 96597 50332 67028 44259 46341 28947 51070 38863 20639 58148 16277 74582 16774 49747 19552 6981 94975 93862 4962 57269 14274 1979 21066 50680 37593 83237 41474 10309 60143 77030 17208 73498 25972 9865 3340 17711 99248 28382 31073 21695 57367 50653 43037 78842 52433 21422 91207 45627 11630 10066 81359 95779 7823 87069 62401 35506 51462 20826 62488 96078 65225 77043 10606 64421 22658 41805 51118 36919 77065 16853 12663 80965 78608 35265 13612 50734 59533 65242 92989 82027 55446 46285 86507 10726 41119 84278 68672 84385 12218 82314 81799 84306 20621 49772 40141 32607 85 41184 51000 91475 21587 13620 34948 51281 65727 56929 64568 77296 4043 73753 46470 79242 31578 64592 24213 53430 32661 87226 58744 51923 13717 23143 11627 31779 30766 14109 61437 64415 11770 38181 3773 91359 73290 32003 41712 65266 75749 15639 19231 75976 39389 90887 47523 50785 6504 5633 96790 1489 54254 56583 33561 78639 44518 46800 29421 91286 43660 28187 38322 71424 90382 87077 46949 28071 57518 92755 87634 60199 57812 58091 25006 65249 93831 44712 68393 29908 66219 76979 59317 63997 88618 94940 95607 87004 62503 9649 76267 60129 35272 99261 6547 15475 64859 58729 64737 15341 53716 84884 81012 89535 37903 33278 36131 57187 52470 39651 26792 17940 71372 61689 80663 88535 7552 90483 25266 79922 43693 96131 37890 33566 12723 9533 507 66303 23871 57329 25786 26656 60393 85911 98757 48975 1509 966 36297 10126 8187 61770 %n1722 189
29322 87536 18435 84501 64777 78782 15356 73689 95731 40515 81720 22534 4120 45751 73281 56833 3421 64165 97887 52493 39006 93992 59287 61961 28610 32128 91083 47299 76529 63643 83807 96513 26867 74486 58252 71367 46169 48681 75817 90116 3702 69172 73119 2847 96434 57580 30110 26368 41324 58499 22987 61695 60925 42930 28487 24798 76862 7915 10264 55211 79361 17200 85530 70031 71611 36397 54698 2969 21862 32951 98836 20536 88974 43982 53776 13666 32472 41713 62298 53614 72347 89688 72815 80371 46884 68165 90043 17186 47417 65733 97670 99241 51309 54286 34028 23395 15170 82477 39598 20352 3388 953 20290 65400 3400 61375 61790 8368 56642 57101 63349 66125 39807 58887 38241 42601 88810 87562 71484 82307 68616 18532 36506 20512 80310 79862 62339 2650 63530 41883 26385 48100 83096 85176 69709 98621 20463 57316 84823 46385 69531 85990 41279 1693 17692 28492 10998 20499 891 41177 16580 35613 84657 12870 91643 82072 90888 18318 7005 16395 48104 14891 78301 4696 72729 83024 5537 86775 55372 5743 94437 8438 39516 97422 47099 26264 53424 877 49844 83568 93503 98396 40274 36894 36617 78567 65497 16574 48763 %n849 125
77370 23154 28156 72770 71593 45889 39037 12817 63680 95365 99170 62715 44505 18916 90496 58321 22640 30228 24585 77383 353 24319 92685 30233 74794 49158 10683 4475 19886 12077 79639 70882 64663 96929 4360 23311 9546 64296 26763 18295 66830 33205 91653 16501 12034 96587 83757 83818 59211 30215 191 17377 28188 1277 57452 52382 9457 42804 33555 27930 26364 68408 84034 62542 16138 53327 82794 68635 51096 3609 15877 27516 15680 26773 33517 69843 33153 49575 75559 4894 61977 3386 42300 67487 21319 67881 1913 89527 94186 40787 72814 5329 56753 28834 89263 37404 73543 92062 7175 1068 23028 38146 8200 63219 23781 94008 25678 51465 11945 38111 3056 31213 66533 66861 48863 67556 51823 20732 65542 94178 32837 17698 15866 42011 51890 %n1084 68
77163 35153 60334 52558 6865 87595 70935 63029 70331 67000 4839 15192 58588 50677 29913 55618 65361 55286 95168 91870 2161 37937 76481 26207 83709 93688 80727 47469 21247 56979 51301 1829 13190 70776 49317 89079 70542 11809 29843 64020 15182 71678 3404 37529 24312 24567 65865 66132 96036 66078 9729 34580 53592 88566 72737 5524 90387 40339 77861 58612 85579 24370 22531 9969 29446 66268 31778 63475 %n1392 45
64298 99074 9526 38205 33809 34504 37005 74234 4635 57412 40253 30400 76168 90889 71017 53883 10411 38333 12807 30044 47823 64200 88291 77828 39419 51656 78093 62857 99763 50201 90906 35444 8883 67073 41318 44905 70410 21777 73027 13596 83122 23700 50638 59297 66828 %n819 33
93918 14645 68470 24480 43285 10435 51275 20291 4217 89842 35611 22276 3961 18468 54149 83274 66757 50563 10440 82403 38650 35348 33250 85259 85752 57650 3199 46452 3209 49354 11040 27406 19367 %n2013 25
79589 30660 28015 31269 33534 36533 75756 3999 12298 53264 94635 31723 89342 65626 4967 53863 57429 39324 28940 37512 32895 26701 66108 13980 97974 %n964 12
35138 43461 4817 43947 70927 95503 63922 46207 74431 53095 88182 17066 %n2037 6
42570 71417 81599 36939 13019 58860 %n913 9
34930 35544 50719 65759 65166 9186 62616 84828 56127 %n464 7
63915 42452 22922 7715 59115 80340 61234 %n16 2
10977 85404 %n178 2
31206 2819 %n904 3
31901 49225 87223 %n372 0
%n1603 1
19054 %n1806 1
2942 %n1992 0
%n441 0
%n1158 0
%n1541 0
%n1651 0
%n1548 0
%n1100 0
%n1018 0
%n586 0
%n685 0
%n1606 0
%n1771 0
%n2047 0
%n2010 0
%n1523 0
%n511 0
%n1352 0
%n373 0
%n380 0
%n946 0
%n1779 0
%n1194 0
%n1986 0
%n465 0
%n1293 0
%n36 0
%n1780 0
%n591 0
%n413 0
%n759 0
%n1062 0
%n715 0
%n1455 0
%n1988 0
%n525 0
%n1112 0
%n169 0
%n204 0
%n1951 0
%n314 0
%n903 0
%n564 0
%n628 0
%n607 0
%n1342 0
%n1140 0
%n176 0
%n664 0
%n880 0
%n1825 0
%n450 0
%n1443 0
%n90 0
%n75 0
%n99 0
%n1994 0
%n1827 0
%n