97
6613 21
52480 69548 7277 2087 7324 3604 83450 24570 36068 61487 88924 44910 22006 53663 15017 16114 19786 26307 89556 58470 20863 %n2951 21
81745 17502 34372 80044 80136 70816 31728 58811 64706 28588 84955 28381 20076 48000 52925 42019 1874 14148 63709 44547 64168 %n7013 20
71026 55268 67184 78989 95869 47340 61289 49804 75841 42868 44263 8429 6514 11288 7368 76685 16155 88149 11241 57839 %n5654 18
7028 21137 47499 36113 17222 51506 9445 25552 52233 82087 76335 89759 6636 20740 17414 59189 34251 87711 %n2913 21
34599 42290 44990 51659 21822 48962 6381 28642 16470 98050 49242 42756 84168 48732 21562 49174 98897 85685 57092 60016 7446 %n1611 12
5917 85714 55585 28491 4942 77035 22833 64429 74088 4002 22091 9257 %n1519 15
6147 81603 19712 97976 10704 40924 95005 32876 75907 59003 56391 7328 15949 56957 28040 %n11107 18
59798 23940 18935 91441 16969 50043 70104 13932 20462 23836 82623 98195 27855 85053 69836 11637 261 98029 %n7183 16
66067 24982 60970 63419 56188 36582 88196 45025 15484 86356 72694 4176 74645 95540 39164 77973 %n5039 17
40835 86085 65919 2537 14200 61801 90141 25824 49081 30835 22732 44176 26526 63628 89297 96614 16968 %n10166 17
97564 60475 68647 62525 30482 42317 86362 4077 5717 28971 1275 80650 55648 15193 81861 68275 51661 %n6217 16
50983 3355 31419 87230 62835 38573 22115 34324 13235 91112 50636 37388 30487 52860 41406 15499 %n9929 15
99081 64409 40322 79057 4638 38058 38819 3601 40571 40501 2866 60823 66980 54805 29890 %n3808 12
17017 36287 72288 31986 47438 90870 5925 41391 65661 27259 90096 11072 %n9453 10
65394 66201 92775 32273 16755 95764 81383 86518 29603 75621 %n8321 13
34825 18882 41945 2623 5357 95808 51724 11955 59725 65627 88660 8136 38539 %n8115 13
18757 10816 1276 3472 61009 52158 7118 97731 71727 60030 1898 30192 40862 %n7665 11
7182 38345 70279 60234 81670 7534 33163 13162 66376 78212 29068 %n5185 12
5077 40972 98084 69735 60510 64124 50877 99385 54812 35212 96569 33088 %n10109 13
61949 23354 54762 21195 16903 16235 10446 4214 23904 71803 92517 79040 25851 %n5759 11
47656 88231 58281 78832 44165 36199 78124 19429 73555 69574 37657 %n8651 9
29400 4611 57102 82680 95801 47185 69831 30176 43140 %n10357 9
46607 88773 16753 7352 63595 21782 73611 30187 43335 %n11288 13
86839 56292 96599 35553 79830 69416 63043 21410 59784 52490 6562 3513 31982 %n1590 11
62536 24877 81165 90871 63973 31335 28899 46691 40066 69540 28157 %n6147 10
83103 43333 93584 28258 55706 89196 77246 99335 40636 64729 %n9351 12
67604 13781 95178 78146 54843 53547 42525 2645 98435 67182 7543 85508 %n4463 8
15628 78830 97800 86868 48593 11104 1217 40677 %n3644 7
11395 32931 20072 67911 85836 28904 73986 %n3053 7
10486 3393 32914 50226 56447 58218 75691 %n818 7
18196 45378 46282 35323 55489 39212 61396 %n9499 10
55649 13640 81053 19746 95238 65087 31237 25654 1049 61392 %n4286 8
65102 26596 67981 70855 80776 31164 90935 53532 %n4257 7
10758 41692 85156 23736 77755 86937 61793 %n735 6
43432 35195 51721 46703 48192 87359 %n4121 7
81196 22099 76948 3643 9758 72650 71336 %n1829 6
17495 23032 33695 64206 86718 36626 %n7733 4
61718 53448 97031 62039 %n11308 4
61283 52727 1423 9029 %n10597 8
41042 95502 24952 12878 14622 73118 39314 72235 %n2620 6
38803 94472 60918 62080 72683 92991 %n62 7
20711 94667 7687 82813 1238 13614 60763 %n9295 6
7630 83905 83556 13218 11139 85288 %n4468 7
69158 5680 6564 2172 32828 8267 29021 %n5110 5
25029 36138 11 44874 73732 %n588 4
78621 47625 50201 19630 %n1540 4
34086 71671 80263 98862 %n11034 4
22096 73403 4180 26308 %n5305 4
61650 77757 65122 49537 %n6261 1
23570 %n6958 3
83281 19570 58482 %n6219 2
72224 82426 %n2600 6
43632 7265 98617 9812 12563 78971 %n1252 2
74215 63857 %n10114 5
46549 50569 88201 12679 82297 %n4984 1
43496 %n3417 0
%n9928 6
60852 92386 83819 54523 28622 58946 %n668 3
94524 72545 42632 %n2584 3
25883 72945 65961 %n2836 3
65340 90498 39208 %n7915 3
8934 53743 62341 %n8017 2
79950 21045 %n5058 6
97544 55886 56659 75697 38209 49592 %n7497 4
79024 44235 44160 77206 %n1497 3
53122 86155 55049 %n11387 2
78979 93697 %n5147 3
11654 61278 18367 %n5979 3
28122 56700 3264 %n10718 1
41653 %n8408 0
%n519 5
32827 28924 58213 61690 11618 %n2339 1
92309 %n632 3
1427 84580 7741 %n2142 3
25954 29881 4417 %n8623 1
86710 %n2446 2
62616 18427 %n1226 3
32466 96550 45457 %n5851 2
12318 34025 %n7319 3
15549 98830 97310 %n8752 1
25367 %n6477 2
70232 58730 %n4622 1
67084 %n2314 3
66035 83705 24795 %n10312 2
52657 93470 %n747 1
11975 %n7921 3
77215 65596 45579 %n4768 2
99905 3422 %n827 1
40347 %n6453 1
64380 %n3429 1
56135 %n7329 1
7051 %n9157 1
15818 %n2360 1
27556 %n4188 0
%n5190 3
32867 73372 79079 %n10934 0
%n