83
5839 39
28975 70404 10466 87522 47792 15245 70579 13136 25771 75847 79773 44920 67310 82426 61953 33671 84435 39053 96954 31941 65747 42245 16359 69814 43730 30686 57834 55196 25568 39666 67808 23080 48621 28276 62862 38569 55703 40951 13837 %n2097 28
6286 99370 14134 69556 55556 97908 84855 28983 8445 4074 24357 32557 72885 26028 60766 49006 7689 88024 75392 21053 70084 87725 44109 72110 89073 68198 86549 72853 %n8554 24
65597 37511 4259 73368 60328 87872 79823 32850 33769 87573 31521 79955 86196 18164 56753 478 37328 33822 99435 53630 67267 45537 34645 24051 %n4094 22
45269 78545 80417 57839 15340 24729 28393 25124 51358 92491 40798 86420 73092 75065 28675 65961 6643 79439 26543 33355 33400 51403 %n5766 14
78489 26951 98741 7373 9494 74167 89918 29381 57510 21173 12960 11023 73456 4708 %n5105 9
52976 28964 89622 75562 56829 64179 56551 63987 9968 %n4154 6
74897 93315 93154 63595 1598 98046 %n605 6
12765 25045 93140 7868 95414 76824 %n1831 6
27293 87311 18899 85948 6409 77240 %n6754 2
30895 9194 %n8353 4
69322 7745 76121 42405 %n6205 2
59104 3912 %n7626 2
29585 30822 %n1867 2
48332 75084 %n3345 1
91913 %n3740 1
2705 %n116 0
%n99 0
%n2299 0
%n3909 0
%n6455 1
1034 %n6310 0
%n3775 0
%n5637 0
%n7738 0
%n2434 0
%n3736 0
%n4830 0
%n560 0
%n1125 0
%n6339 0
%n1312 0
%n8492 0
%n3973 0
%n6821 0
%n6132 0
%n3338 0
%n8204 0
%n6392 0
%n8287 0
%n5494 0
%n8403 0
%n3878 0
%n4827 0
%n8035 0
%n1461 0
%n3761 0
%n7906 0
%n5680 0
%n3076 0
%n483 0
%n1092 0
%n6237 0
%n8232 0
%n301 0
%n2542 0
%n176 0
%n5921 0
%n387 0
%n3932 0
%n3734 0
%n7156 0
%n6946 0
%n3132 0
%n1294 0
%n8040 0
%n5555 0
%n7744 0
%n4499 0
%n5277 0
%n2470 0
%n1699 0
%n1287 0
%n5002 0
%n5148 0
%n6094 0
%n5128 0
%n6746 0
%n3799 0
%n5100 0
%n7078 0
%n5935 0
%n4231 0
%n