139
5675 106
11506 37066 61715 68004 64266 62857 41969 80518 67729 65703 52790 69577 31698 68343 80434 29987 96988 9612 73962 3211 74122 57760 57698 332 70170 41765 34536 16010 55817 33505 70332 290 29802 18293 21081 25210 29427 83397 25747 18017 47214 85311 747 27242 74131 39118 63434 20607 82336 94752 14981 60083 61002 28173 36897 10489 74284 19820 92246 33389 78204 46441 65541 190 98013 78486 29824 31736 70156 74513 57692 62072 74671 81159 59923 68066 25581 31488 80777 93822 81252 30294 24582 85990 52509 35529 48485 72952 87221 86890 95051 11018 1283 3889 74788 60789 87508 42273 69188 20551 36074 36270 94124 38581 34775 53914 %n4200 53
95665 82016 80174 15869 78363 22423 48828 85806 45118 20295 77339 12174 54576 84519 84242 45340 35814 52559 79901 36727 38516 71553 45898 36071 17732 28297 73570 56247 48363 93970 10742 93531 21672 53755 91364 72627 59931 83168 59044 86211 93528 6103 82464 67474 77979 38442 71844 58933 73676 59728 66047 26318 66909 %n3224 35
70741 69551 83484 5086 78291 65118 25158 68211 11697 64250 79935 79277 86712 96512 69894 74044 86342 31041 6204 48334 59957 7216 64242 75663 5727 38458 88391 79962 72105 8064 64774 77577 74487 42975 77713 %n3790 15
75103 64028 64940 9457 84948 9433 59448 52101 89286 53778 11244 87672 87916 80547 13440 %n1828 11
10475 78929 33627 98486 22408 99346 32157 45519 97846 88350 34503 %n7186 8
17912 56786 52036 51264 17075 67495 45446 14803 %n4194 4
97090 68923 86024 33442 %n224 0
%n841 1
79147 %n4096 1
19683 %n648 0
%n4668 1
27341 %n6455 0
%n1241 0
%n4301 0
%n4473 0
%n4849 0
%n325 0
%n1423 0
%n2675 0
%n2480 0
%n5793 0
%n6070 0
%n1894 0
%n1449 0
%n5253 0
%n2345 0
%n46 0
%n1715 0
%n154 0
%n1649 0
%n3280 0
%n4141 0
%n2547 0
%n2574 0
%n1654 0
%n6803 0
%n6566 0
%n2477 0
%n2343 0
%n5132 0
%n5083 0
%n4666 0
%n370 0
%n5112 0
%n7064 0
%n6426 0
%n3014 0
%n1767 0
%n1324 0
%n3306 0
%n3020 0
%n5235 0
%n6781 0
%n7086 0
%n439 0
%n6832 0
%n3743 0
%n6352 0
%n6314 0
%n7213 0
%n6928 0
%n139 0
%n4525 0
%n1366 0
%n524 0
%n3755 0
%n769 0
%n48 0
%n2813 0
%n1308 0
%n3441 0
%n5372 0
%n515 0
%n3630 0
%n4281 0
%n2771 0
%n3873 0
%n3868 0
%n4353 0
%n3483 0
%n2450 0
%n4219 0
%n1994 0
%n4357 0
%n1721 0
%n241 0
%n5328 0
%n4674 0
%n424 0
%n1454 0
%n2724 0
%n5277 0
%n4960 0
%n960 0
%n4139 0
%n185 0
%n7006 0
%n3369 0
%n6656 0
%n3869 0
%n5363 0
%n6009 0
%n2637 0
%n6284 0
%n3664 0
%n2153 0
%n4983 0
%n2138 0
%n4863 0
%n3193 0
%n3809 0
%n3196 0
%n957 0
%n2944 0
%n803 0
%n1026 0
%n7189 0
%n3891 0
%n3110 0
%n4760 0
%n3938 0
%n2116 0
%n2212 0
%n4634 0
%n4947 0
%n7094 0
%n104 0
%n5740 0
%n974 0
%n2326 0
%n7193 0
%n1362 0
%n1099 0
%n6018 0
%n3249 0
%n5174 0
%n6933 0
%n5144 0
%n