296
620 145
31672 23480 32416 9465 3591 30962 22238 17702 33155 37794 21853 27244 40355 34432 24397 35208 6017 34358 33793 5026 683 37154 34282 39533 7217 37108 25289 19659 8778 21024 504 15962 8350 17954 29159 1029 22017 31763 40923 36259 37123 38688 38388 2573 38541 34859 18368 5260 35391 563 20280 5965 15069 29210 31648 22241 25160 39375 32318 21898 2723 19343 24265 1750 5534 994 17638 27427 32241 2787 133 33065 17608 33587 36741 23530 35961 35959 33043 2234 36294 40902 5852 15191 26076 36842 9900 17529 24518 5067 25124 26956 2930 11558 19242 24533 30003 9454 35671 35516 25472 10125 30012 35028 26797 33252 23451 15167 33403 12623 17764 21480 37047 29230 1101 20234 8071 19714 14597 33974 14265 11052 22969 5506 2510 27438 25288 24250 10150 7037 34171 7984 41250 23197 40524 3646 22140 17934 8631 757 41001 8983 13413 31125 2009 %n5556 31
30289 18842 15173 38584 25488 14060 10602 19624 5968 6450 6095 40161 25841 14079 39177 31796 9414 28764 5163 15287 27258 3587 25137 9116 2106 15707 40451 7260 13315 34507 31760 %n2857 31
559 23914 28745 28132 12970 5383 34281 25036 12271 26066 26643 8035 2688 3780 27644 1937 27008 3336 18251 5578 32071 21610 26544 35134 12410 37223 1044 36228 7321 32014 24634 %n4311 31
8906 16716 3190 22089 15203 18942 20362 23485 27392 36671 30351 11472 34700 1150 35082 6443 9527 1939 9055 34301 7356 15510 5825 479 9101 23912 40372 36879 30763 20574 7849 %n957 31
22416 33440 11290 29561 16416 21862 30256 38521 18747 13957 18712 441 4777 31949 27052 28869 27299 25016 26530 39411 21931 13525 6136 7034 17080 36125 14177 16112 22907 36480 17183 %n5075 31
37039 11750 40766 7678 2001 24387 23356 9412 33027 39184 7880 9203 34890 13300 38847 12240 39088 26886 31405 19623 3113 7739 39671 20970 32747 37150 33208 8239 17273 38457 3156 %n1719 31
14260 1360 13231 7371 6169 15400 13266 36121 36476 24734 13062 36833 12613 33693 27511 1509 32195 27073 26982 19595 36142 9227 40875 21311 1152 29298 27709 7441 26987 41281 39338 %n4183 31
24766 2705 37120 22889 37041 7666 22509 16604 23649 28751 27106 31710 32030 34259 12215 11527 39842 5536 4997 10448 31163 6704 7646 38055 40825 33733 18733 6473 11086 16979 8277 %n597 31
10802 22570 12040 39092 4963 33885 16849 32483 20102 9968 16751 22201 11321 26201 13138 36977 31658 662 40799 12833 38462 27359 24768 19786 22484 23264 38799 11717 16898 25685 24775 %n639 30
21732 16888 36847 15208 19017 35055 7813 15638 15749 6343 21366 29832 37769 6706 40350 24560 1893 17032 1778 13801 40646 26610 36407 38918 6374 28586 31880 1817 13551 34231 %n800 31
26500 27158 18981 11234 30116 13532 27495 7448 24825 10895 19304 22226 16432 28939 21283 6820 1804 18388 3967 37663 3173 9050 18301 31430 25977 22624 7148 1196 19063 39656 37689 %n834 30
9572 15256 32657 545 5836 9147 29506 30969 12335 33256 2398 21031 17350 22283 8 28191 20032 8571 23994 28335 17759 13792 40248 2149 37242 25480 41136 28069 9809 40143 %n4176 30
40818 6596 10446 30099 28477 38059 32159 22771 8051 14654 18270 3632 609 23365 22911 18233 28871 156 4317 10098 10462 21912 27308 37914 18648 9169 5834 8636 10887 39191 %n5350 31
16383 2793 20858 24726 30288 14826 8881 2979 39915 27282 29342 7814 6308 29740 19162 38939 34578 26023 19749 7083 37373 2054 6732 20381 17967 14598 39567 12086 9308 29327 11973 %n5861 30
8748 35053 9443 37983 28539 15174 22122 18833 1974 11741 2037 32733 13788 36987 2618 35320 7035 37293 22546 36336 22325 25831 8410 33541 18355 24824 27068 29019 25593 19607 %n5704 30
13817 39536 41351 9569 17083 20915 3324 13660 23216 31497 13594 8283 2068 40734 34752 7199 33323 37182 30646 10159 40526 15214 22551 13374 40472 21371 10346 18212 15233 38325 %n5627 29
39783 1240 20840 37151 9302 6484 26961 29685 3862 18878 28239 29856 25587 1325 32347 30539 21706 20515 23970 7020 2794 6885 34955 33943 31213 9137 30625 2983 34535 %n3918 31
26942 32005 1745 29858 33494 31105 3737 35292 7718 7654 31635 37244 14530 25828 13246 11213 37005 20907 2243 39192 17068 26420 39315 7287 22848 16221 38299 38140 16957 8293 32500 %n3933 30
5690 4628 4982 40537 31913 30792 3739 27759 33614 29209 9612 1789 18819 39771 8082 30182 31758 36439 25714 34320 17573 39371 9043 23046 21697 27563 37470 35174 29736 10944 %n4061 30
8785 14995 13495 37275 19376 40375 40400 21802 17738 34541 38785 19143 25481 40656 25261 37160 36634 17256 6206 18617 29406 28582 29026 22561 39667 12737 6234 35087 18134 18505 %n6350 28
2284 13708 13201 32991 32097 10848 8186 6707 20210 5172 16550 32635 15677 15040 9315 9415 21605 21689 19168 13347 29548 28150 40006 32474 607 4385 14567 38879 %n2109 31
7655 16235 29152 22314 8677 39189 23265 18933 19381 513 35695 5313 29438 37591 8111 19562 32631 17571 34491 1812 16960 29509 35530 26033 26777 8730 13343 33851 9078 14728 14158 %n497 31
23744 1994 8838 41340 25887 6354 1131 4703 29028 9591 1499 20653 15818 17670 2166 36508 18283 19754 36360 26635 4865 35585 15994 18314 19467 38352 35704 22853 37467 38759 31463 %n4387 31
32865 29368 27791 29749 10168 15413 26125 17122 16069 31958 11787 16294 21328 16507 3960 4915 33139 10188 15842 31641 36024 14997 19068 16234 8101 6018 12126 14984 18656 41267 28171 %n147 31
29744 12581 32181 26946 3614 17007 13894 31901 6035 26234 33907 17917 39150 2011 4943 30017 23108 30312 22100 583 25423 25476 22704 3193 26141 16267 40393 35423 28740 9816 8701 %n5535 31
4335 17680 35126 20788 5336 6724 4265 4429 41213 28169 26128 38941 34555 8583 41092 16474 4682 20546 15866 7783 27572 32745 17198 24524 6748 17805 2661 14144 31987 10605 12814 %n6236 30
2908 27190 20241 31698 34995 25743 28204 14909 31501 24528 34560 31613 1104 7720 20557 22024 35570 37072 5895 6088 38959 569 783 39198 18159 17758 12501 36552 12905 762 %n6007 29
123 5743 38482 6040 34889 38216 20945 17595 15180 38479 18111 26138 23383 26895 36041 31726 20750 12976 23121 1978 31315 18633 17276 12106 28443 29512 13710 16775 6636 %n3685 31
9098 18448 3699 35014 7953 32262 12003 3696 39813 28059 33117 27433 24558 29936 17474 35070 39069 40199 9506 30055 30622 19375 35806 10305 14525 26896 19115 8331 30364 35849 24449 %n5630 31
2137 3127 17933 24813 7161 11807 31046 36391 25751 22430 9360 12247 2357 34347 16400 26207 15610 24763 38618 20326 18400 30036 1881 7670 22437 4488 7361 40957 7706 38040 15409 %n4889 31
7571 3469 32216 26375 38081 17987 19267 39456 18804 27477 36625 22224 22152 31891 25234 10171 12104 3406 2367 18254 16903 31464 11555 4590 1229 18087 22213 8836 38409 34467 7781 %n2277 31
10940 27623 22426 13900 38293 34520 7929 34572 14726 37281 37257 22885 3195 28992 20259 13282 4189 21653 27023 22801 40456 2040 16739 9884 38035 9195 37179 28047 671 21692 6503 %n4609 30
29047 3189 8961 33395 8454 19457 17553 34576 11361 28259 18078 38593 38156 7339 33774 17752 17971 36320 87 41142 30567 23467 34240 33299 22993 24330 15663 16943 18715 15872 %n4020 29
20844 3066 28263 2340 16721 1189 18027 34044 1495 19386 22107 2934 38514 17590 17996 27984 8994 14623 2239 36896 1888 15217 7387 25343 38217 2626 14702 4702 17053 %n3202 31
18844 25129 20514 16621 34896 39307 16962 34270 37753 20345 20213 40886 4711 31696 36388 38936 386 11312 17793 6895 27641 38298 11178 33548 21451 7316 16469 40017 9713 3956 37251 %n1020 31
22016 32001 32423 32910 41381 28428 32642 22720 28390 5462 30109 7312 17330 29863 30197 36019 3482 28540 12797 33021 27668 23194 39161 40420 7310 27785 8605 2516 23985 2531 27692 %n5823 30
33085 1727 8544 22065 7149 9019 9501 25252 19423 11656 1385 3164 18436 12207 40660 9889 275 30221 14351 19794 4085 7780 9440 35179 36946 17278 2390 24820 7695 28865 %n5681 30
27544 37212 26756 19635 22051 1291 21791 35183 38517 29367 10438 24115 1379 12002 40616 14511 11617 4274 7376 26689 38037 17540 31612 10318 29225 4912 29877 18205 5164 5507 %n5649 31
17628 7530 12395 25585 5452 7288 13386 13806 8847 30981 26955 31951 10132 14430 2052 28354 31433 26779 18429 14977 16299 24509 2471 17919 7302 36230 33805 27842 3456 39755 14050 %n2843 30
13904 23865 14811 13668 31059 1870 7926 38604 24164 29730 24522 14453 20552 20596 30110 33209 9984 3290 16343 37137 40716 36065 20096 26660 30056 15697 18398 2133 39421 21012 %n386 30
28123 31627 12620 39511 10899 22775 25407 20242 29647 21071 14957 30025 7576 10526 8534 37724 37982 38897 27929 20961 9737 3982 34948 26296 26280 30041 29849 20214 27380 32880 %n2303 31
12481 16042 36931 2566 18296 32203 15720 16476 16928 6156 7758 40715 988 25732 9417 32447 3134 18028 39001 24324 31779 24371 9714 40334 12433 13167 40602 27535 20562 33235 9729 %n1835 31
27399 20870 27134 2144 32625 28438 28581 13210 28553 30308 27891 5921 22496 19548 26191 23247 33578 21444 24274 3060 33913 20595 5374 26638 29058 6933 13880 11258 22795 12923 35429 %n819 30
37632 31505 21975 25249 15585 37198 30499 23611 35877 19544 35249 7942 5327 21231 40360 30430 29134 1912 22469 2486 41167 30630 17075 8426 9025 14206 12046 8502 37812 24938 %n702 31
23712 26032 39384 35496 28813 3055 20911 38791 21238 34533 8655 6613 29644 15778 5203 40737 24598 21303 16454 35069 4185 30464 26648 36135 38196 4067 33638 8564 18525 20943 7434 %n987 30
38773 36504 15486 2233 33307 28246 32473 25669 12919 2067 13087 39833 17521 7693 41134 30357 39928 4001 21007 14920 37224 13640 34591 13090 40381 29633 21033 12702 7644 12850 %n2015 30
4070 24868 41181 22870 18332 30527 198 9955 659 35822 15936 23677 23884 31906 12244 41178 39486 19111 2718 38744 6125 31739 38690 6282 16045 37362 3742 5093 34695 15846 %n4666 28
3421 24551 16291 23765 13402 40488 24699 29357 26897 35294 11566 22085 372 17357 30710 19069 32681 24986 5942 9466 30505 12360 40706 26519 3239 8990 37657 31498 %n668 31
19403 16456 22974 16767 838 17058 26147 4507 1571 37866 2832 20500 596 27947 18399 38576 36587 7359 24739 27460 12550 10610 37576 37796 11821 6957 21380 15681 19464 14943 7126 %n2217 30
4437 34135 39203 31899 10918 18989 19906 833 34920 34448 24896 22830 34530 30974 24343 26198 27961 11347 35750 17486 8278 8144 8404 15360 15 37819 10428 16261 40704 164 %n3479 31
33186 12756 28248 4373 4562 40897 4089 26221 12343 34400 4510 5549 41164 8823 19146 34755 31508 7446 19411 14816 25468 40094 12743 14852 25788 30105 27221 39063 8880 7438 5832 %n5460 30
3776 13166 22411 17910 40139 22485 8028 20025 20068 18919 925 24647 26400 24890 8884 41221 40209 23676 11865 25285 7873 40936 22842 28371 38557 30691 31391 34051 8928 12332 %n4879 30
3136 5517 36886 37977 39070 25433 35240 22891 7707 28775 4781 18735 635 14113 24277 32252 6280 11144 7858 34609 36333 29676 33377 20536 33352 9981 3181 322 18385 41028 %n2342 30
19274 9851 39611 30013 21803 4268 7169 24503 27752 31804 25855 38412 26289 15152 6170 39951 40568 1378 2450 7093 35973 27767 41364 15568 39779 19129 32342 19820 767 22176 %n5524 31
10332 30781 34382 29743 23275 21307 11095 641 14386 8430 19008 31335 28749 5430 19780 16021 27707 1075 39049 409 26131 29292 22494 17302 16015 26881 28648 15218 4044 10719 21505 %n1347 31
4359 15727 16656 23698 15175 24796 28519 7181 12005 14893 33743 20671 5218 10134 21682 3880 10609 25518 17258 21133 3683 2485 8945 11680 5548 2924 39602 29151 23522 698 38348 %n6567 29
4978 289 21260 30469 25967 378 36338 37779 24304 28659 28303 14051 17615 38251 38882 30199 39476 25698 10427 13916 13556 22606 33634 19518 28000 38084 31248 12639 39658 %n6781 29
36874 19382 41292 4564 26894 1544 24911 31854 23592 2262 25079 11128 37785 24966 1057 26228 40652 9744 28310 31496 39120 28744 3825 36605 9777 26745 27140 11037 27681 %n6106 29
36965 2455 33184 32666 38258 29732 20740 30253 24208 22765 7013 2902 37400 26053 28834 16758 25572 21578 33337 12488 27121 24866 41333 9258 12319 22450 10648 7278 29279 %n1182 31
31306 29611 37411 2567 19808 5351 11791 19700 17284 35473 23456 19489 28387 31823 1224 37909 36509 36774 16794 10528 10356 6344 368 13779 25386 14641 30692 8162 37064 29063 10068 %n2836 31
29001 29803 15589 13100 22488 6342 16730 38274 14136 26747 35353 22223 30569 31830 31878 11352 34139 37427 25019 12770 10272 7846 1952 8735 21481 37364 9174 32965 16370 6610 39836 %n4908 31
22751 26574 26145 32853 13951 28606 27787 28706 6668 10353 36128 39990 11202 39118 16703 1254 13018 25606 40984 20448 37953 35580 10942 24800 2191 29758 13011 17137 7111 21378 14950 %n3586 30
13095 18732 4523 32682 11493 27901 33290 17303 6688 41039 5588 32807 32929 38560 20208 7073 37588 39296 39424 13188 23972 22603 34129 23188 23069 15109 32975 32566 27889 36325 %n4001 30
22321 4110 36483 11396 30474 14976 14744 24683 13713 1965 27103 8517 20301 25306 23033 2473 10820 11604 1859 34778 34789 29325 18009 38306 32721 16918 40410 26119 10097 30726 %n3711 30
16801 30340 32064 9450 4482 39240 32846 33474 15100 37627 8010 13089 35062 22860 3861 20034 4066 6494 39899 5877 20404 11534 9483 4577 24555 3364 29304 35273 41086 6778 %n4752 31
18142 23993 40746 16735 22482 8553 4283 37589 26432 7394 35034 30558 31556 11562 20290 34594 19852 12123 34903 19377 12700 7005 35608 21274 30421 35072 33746 1655 29813 23478 36940 %n3946 31
30934 36066 10673 19443 19903 40684 6146 24058 23840 29338 6687 38848 10581 29235 40095 4563 20854 8069 25956 1983 13813 38502 13074 5170 23589 38413 1359 16003 16921 34774 28134 %n628 30
11794 38561 33991 22391 31608 26855 38525 17712 27758 24233 17739 25626 10085 37679 32512 37850 5931 10196 15488 7120 9652 35767 6925 28326 28505 2431 20828 29881 32885 9086 %n2092 29
2470 6692 37649 31487 40623 38115 20099 5947 27304 30372 15266 25945 28341 20968 36541 26819 34060 8148 1866 9265 23923 19662 2405 38095 6616 1274 36296 12601 6185 %n3757 31
27993 21515 28292 2184 16906 28632 26661 40785 12698 33227 10293 16034 3408 37971 6053 27435 21998 39752 39931 15548 81 28921 35546 7954 34802 32708 6769 16547 14105 34643 34586 %n6901 27
39636 1696 13877 36377 5912 11028 32098 29516 10148 31514 26111 7358 803 21088 3994 25875 18394 13004 22306 18766 30669 9161 11630 23827 5969 22645 22714 %n4495 31
27597 29309 8504 19186 3768 36691 36185 38659 32537 11598 25711 2526 11995 31090 36563 2851 37991 19728 40080 15144 27946 40610 30307 1404 6306 37599 16220 1390 6190 30618 33697 %n4048 27
34698 24203 23769 27526 28986 4240 39763 6759 23902 38839 26050 28589 27603 3611 36890 36602 36242 18802 16523 32142 40762 34230 30420 13968 19983 11194 20820 %n5263 28
34160 9008 15455 40138 2221 41370 8573 41377 32574 20013 4289 20753 1253 38132 2241 4538 19240 3622 10703 41232 14490 13541 2307 36718 27485 31548 6276 18699 %n6443 30
19531 21707 38172 14806 4983 9999 3958 34943 39243 31774 33759 4541 5091 14188 27570 31939 21663 1251 16668 36402 35098 8691 33644 33423 37025 18101 36747 25778 8258 18166 %n2245 31
24656 31066 17781 19482 20205 1334 41004 38490 40082 26739 26930 8507 21375 36511 13931 1796 14515 24792 25783 813 28412 24777 28262 23995 21107 3601 1041 24060 16994 20002 6175 %n1178 31
34589 22687 30573 1322 33617 1462 12075 31467 27888 8044 38703 24205 8830 30882 27171 36155 25434 13974 31718 9039 19472 5177 12695 36562 26265 19828 32668 7444 13332 7009 9724 %n1457 29
19054 11269 41193 8405 21026 28623 35840 31567 34709 6639 33594 17301 35994 40662 19086 4731 26958 23097 6750 18954 18000 20912 12844 27998 16964 33120 3669 6700 2820 %n2307 30
20934 17380 34206 19342 15590 15788 36638 9162 12891 22957 38695 28436 8617 24846 7300 11751 12377 2528 24483 21740 34628 23209 34123 34115 12463 26324 19758 35595 20232 7964 %n2461 30
237 20137 32222 27663 27414 6772 2463 16589 38528 36144 33579 5950 13184 26407 21049 35355 11116 1344 34641 10738 23332 1513 34110 11162 31813 12405 3234 17470 34944 17851 %n404 31
17770 19962 1160 24743 21449 3901 18084 27401 27027 21116 9348 11050 19821 37080 36414 25367 12270 7124 25771 22715 5717 17103 6251 21771 38731 38775 20526 27800 29182 9379 30745 %n454 29
21852 13854 12575 32028 28178 34614 6323 15062 7236 27920 1663 38129 37733 14880 11819 2112 82 9993 8543 35735 21871 44 7055 6420 18451 4559 17866 18371 17789 %n4538 30
16881 30797 10078 35248 27316 10327 37404 29358 32176 16204 33497 30354 28446 11011 35556 37346 3209 40291 24017 6557 12432 4797 16227 32640 37738 27568 25361 20103 6314 30945 %n6680 30
26408 19796 11769 1977 5104 17544 33840 4384 17241 39584 40186 35933 12067 1782 28963 20276 12697 18543 36791 3275 21734 1533 23632 25687 16417 31607 21269 37258 5040 34899 %n5172 31
6919 13114 25527 39540 22045 10227 38247 2933 31563 2228 11897 480 34785 31600 4880 40391 21322 25454 22079 33744 13255 7261 18069 34731 36200 24553 23983 22710 36005 20268 31702 %n648 31
18229 2977 5475 4174 27487 41255 21743 39993 9032 27163 10239 20468 5441 6475 6514 5224 17291 11062 10174 30320 23196 21205 14547 30315 35942 10073 28958 6195 713 38386 33036 %n867 29
725 12205 19863 5002 11256 6133 24515 11212 10274 18668 2962 17452 37048 14560 26646 21622 21354 9826 21236 27256 25801 37710 24637 40112 41234 36528 21330 31671 14835 %n2381 30
6026 27176 36952 31355 9217 39715 23806 10564 24166 27416 21122 31503 19871 18695 37578 20053 8866 15021 40698 23151 3083 2257 37666 24005 14350 41099 19409 17576 4618 12195 %n3908 30
28880 22981 28133 25013 33775 36947 27332 29819 12110 16601 6421 28281 28301 4302 12028 37826 19455 37128 32598 34953 8476 34629 3018 22178 9042 19064 32482 3541 6968 30203 %n2086 30
39108 34383 28048 35574 9173 20368 11616 26139 26171 672 23585 13582 8992 12254 20737 13591 29158 40839 21845 39981 1809 24640 36202 25104 19724 35995 8238 17307 32831 29141 %n2654 30
17441 15888 23683 5088 38875 39862 39528 30870 39744 31494 20965 23168 10021 39425 8692 2366 7724 34861 11180 20837 6302 23213 2900 2113 13897 2167 29155 36970 18438 12485 %n1576 30
8036 1174 1155 36538 21955 34848 904 3286 5987 32693 37782 28482 32465 30009 33037 16681 34898 13858 11058 3888 17033 38315 23401 28658 5542 33838 13749 34686 18836 14348 %n1407 31
11823 2365 26533 20288 12586 17418 4848 7535 19408 47 9590 15502 5612 19904 28830 41332 0 23941 38359 8650 13172 24535 10833 6736 36841 24347 26801 8181 18493 38619 13317 %n136 30
25614 25819 19736 31469 12819 9561 24831 7671 29776 11505 27854 32080 5544 27514 11410 18271 26933 8116 17703 38009 18750 22738 38764 11808 38033 39036 24375 13470 4273 25755 %n6287 28
27909 39433 9745 1199 27328 22034 14469 32053 3566 7274 2847 14347 4239 8016 22803 6138 2749 40434 19209 14465 37259 18807 32156 7210 3991 329 34405 27916 %n646 30
11708 28125 39224 38344 13476 17970 31724 9616 14939 5632 32821 9658 28202 28988 6245 9005 1257 9218 10119 2807 4408 28694 33882 36343 20015 14942 30434 25416 2513 36371 %n1638 28
2711 36976 7198 3756 15511 28985 27467 586 5052 6427 30932 18039 10015 16367 36617 1968 20997 22523 8940 37401 11714 30252 18517 2172 22840 38439 12084 11898 %n2420 29
31690 34076 19856 1923 34564 10747 3666 25282 6399 31024 22227 18217 12988 391 17196 4582 16106 14461 33351 4855 26633 21109 15800 10435 14996 9980 9576 12147 28211 %n1169 29
21854 13284 21770 20780 21403 7027 27550 6586 11485 36667 7766 124 38183 9244 29360 30385 5277 36441 1005 4431 41243 17832 13108 15319 19081 5121 11568 4892 35272 %n2436 31
40596 10404 38594 32582 29608 12135 38382 27271 39490 30255 22285 21130 19837 38819 32175 15384 35259 13502 8788 23750 14860 9642 3687 26875 19995 31198 37121 12351 32131 40828 5701 %n2104 29
38342 7275 6728 3817 11983 12099 2506 31527 5263 4122 6790 1614 7343 27989 3030 27096 38841 35236 17569 23792 26310 10965 13447 28849 2524 25054 28617 18863 13025 %n813 30
11567 5856 19184 25952 16449 39269 14831 30214 1071 10009 10398 8711 39795 27777 3422 13963 27410 21650 39500 9082 21674 23180 23842 35853 12482 38766 10376 19320 22976 26865 %n3604 30
7763 26467 21563 25085 4271 10139 6568 26441 9534 31404 4970 40390 34611 34671 40053 12237 40299 8200 29280 15336 37777 15771 24278 14740 34743 20604 34793 27160 9262 7868 %n2627 31
19760 1195 39789 14968 5674 8863 6098 28855 30228 16485 31997 36183 19847 28196 18773 13019 27109 36173 8365 16576 16488 20388 23081 18883 10235 21657 34559 29116 11430 7676 15856 %n4751 28
39751 36695 15428 28991 27885 1924 25520 7664 3926 17310 32725 10317 36622 12253 32736 3244 30944 21490 26712 34162 18122 1077 19002 14385 39669 33223 11294 36668 %n1427 30
3760 22696 41389 24119 32004 19390 10041 20527 7790 22930 23964 38914 34489 20444 11355 27366 33314 36831 31397 2622 30503 33726 20895 3977 14531 17272 6853 11589 22175 16425 %n430 31
3248 16983 11963 34569 11855 15711 33937 10354 850 6082 17210 20852 686 34884 14498 28912 26996 17978 5460 20265 5831 8128 19935 12992 5265 10879 22110 11619 22329 12703 26434 %n955 29
29069 26516 37867 21224 24021 39581 24826 12826 15485 33568 15092 22352 6452 24707 37020 11326 34015 97 3828 24885 15564 1960 17798 23453 35743 39826 14949 10500 2245 %n6338 30
4208 26991 14031 24666 11317 27063 32140 6936 23130 13435 17904 24433 37900 16264 32464 39155 31544 3451 5232 10616 32292 4658 24970 12435 5472 26309 28170 1166 9416 16499 %n3409 30
10369 38097 32044 27239 29809 25251 24971 19792 27546 21972 7913 6786 3122 26295 402 3298 36370 37516 23950 8447 34297 24590 1954 23091 8194 41280 17629 832 6389 11594 %n6337 29
6347 22787 36730 41056 16702 5190 19227 29012 10787 10177 41068 28770 33628 37752 39688 10504 33053 11026 3332 40926 1492 14856 33912 11190 29981 35195 31839 16797 39808 %n3709 31
15982 22657 38080 35057 30042 13884 29409 8702 16625 65 31473 9158 17282 23910 7971 25063 11896 25173 4321 16502 31536 28454 5638 40046 23016 13340 41143 12894 33564 39864 25250 %n4153 30
27917 9163 9562 24391 11289 28798 26104 23810 38646 7273 21775 32255 20861 30645 25683 16478 1605 30755 802 12888 35482 13238 8030 10400 28391 28507 16878 9097 36894 37698 %n5690 30
39083 32616 36390 39537 10294 21675 21022 26413 30734 30432 24844 30473 37303 29356 1846 36451 32024 8259 467 9741 13901 33525 22986 25312 37838 8811 27264 2483 35336 12834 %n6681 29
32939 22881 13952 10819 5929 430 7738 32841 5861 31892 30264 35554 31598 18515 11570 38078 29487 37722 34844 9915 37792 30876 18778 17935 6629 33418 35865 34973 28917 %n364 28
38005 1329 26103 20696 29196 19289 9855 32615 22541 40285 28681 14133 15434 24018 13463 20417 9918 10345 39643 1233 243 3347 32271 12769 4375 17459 40672 19119 %n2370 31
7861 26174 24669 27970 19803 6123 5594 31118 19572 23711 10007 24097 32179 26431 32542 9215 19753 19233 15682 8313 24217 4631 9153 449 17287 35821 16181 26006 39501 2800 34458 %n5739 28
4106 20923 16411 40592 17535 33322 34200 3788 40097 31773 38608 14814 10334 32743 31048 13207 16975 6730 39859 38007 12650 32982 33924 9757 36513 20266 12574 35302 %n3087 29
28010 2434 31437 17641 2477 744 39729 18813 5027 1529 24160 29290 20269 13149 15373 17086 40851 35642 1271 21162 14299 20124 23981 12113 39231 16537 25621 28905 29726 %n5942 28
28734 1628 20471 8267 39437 2559 22863 39480 11251 30515 8782 10763 29639 6577 18971 3540 3067 40034 10430 17479 29610 20207 33356 40497 5970 1522 7340 4459 %n4040 30
26984 18931 23335 2409 468 18 21099 25580 27445 34193 11941 24547 38943 381 9333 28822 34398 26884 26143 23762 24478 29460 6328 8556 20225 12076 32780 25000 22351 40441 %n2313 29
6102 11136 2030 31846 28683 31512 33454 5 20720 25857 8369 21008 28814 24883 15857 10597 24662 9159 30608 26090 6455 30812 983 13843 27594 25196 32766 23548 35547 %n3457 29
6573 26086 37758 14015 20011 28022 39048 19815 11705 39903 14295 22408 5882 30153 40932 2602 7608 15354 24513 10010 12952 7931 20318 7590 3314 3754 16673 23669 24206 %n2512 29
36988 11611 39798 17972 7659 1917 17587 5482 13393 1649 38367 22452 34974 17040 13648 13606 26216 30884 25861 13105 23609 4737 20742 7500 39532 11601 40458 27152 38067 %n1339 29
26311 22382 17700 24094 20936 41286 31649 20375 1619 5310 18886 23068 19899 13225 14656 1467 23822 6669 714 28942 22770 34757 7796 24736 150 40427 37669 1981 25378 %n552 31
3006 9296 33625 16886 23025 32883 39738 16338 10285 29663 2669 27082 37454 2700 4861 12773 1813 31781 24680 1006 3913 20818 285 16259 32062 38486 3639 4144 22822 28413 36362 %n5095 31
1908 4820 16813 10649 19218 5229 38122 16398 24490 3778 28541 37279 29202 13953 24679 2865 33134 40800 27839 41326 4853 15794 41199 8549 5286 11624 29789 4286 13056 30695 24293 %n355 28
15355 22012 14083 22761 12055 25494 16632 27137 28432 8512 6479 37767 37220 11725 2988 384 28791 3721 40914 28166 29531 31622 6052 26704 6137 840 40703 26507 %n3020 28
37707 31378 23567 40378 31308 9767 27873 39339 14293 35373 34940 24717 5056 15388 6695 35537 11223 25346 23112 39799 29884 17197 39121 32676 14053 9938 9456 33279 %n6246 26
21908 25557 31595 40444 31006 920 36502 11373 41300 29029 41374 1785 20824 7806 16835 14292 35042 39588 26830 18094 22593 2643 39876 38903 14842 33762 %n1724 29
22294 8329 22539 6526 13389 28324 29733 26667 17563 20826 1058 18487 2644 6363 3898 10821 8971 1501 40834 34055 29710 37751 13063 11259 4818 38625 33555 30460 24438 %n3419 30
3775 40635 20980 21193 20683 22697 15525 20757 16465 30493 9880 10175 8242 23010 1606 20588 36289 2621 22610 23743 13042 3579 20881 1402 1650 27940 41150 26387 23258 14078 %n572 28
19773 19303 34633 15359 12385 32496 21572 10681 12962 4945 37340 30889 30663 35106 27672 30383 7242 24487 4073 32924 18730 29691 23236 36835 5723 37761 26088 3253 %n4377 30
2560 38123 23789 15738 4560 21626 23988 38233 26073 21705 14629 27714 12329 14217 7756 14885 5149 8879 29620 16834 34738 12787 10948 20047 25555 23727 28226 31915 35673 28019 %n3250 27
28244 31815 18579 26853 9013 5438 19429 26140 28990 24904 37399 30709 30596 17945 11442 5933 38968 27014 29162 26381 13780 27516 36998 5707 40521 2392 26568 %n5332 29
12733 4815 37994 29483 6230 39208 8226 9796 24998 35180 33385 8839 1592 15038 37639 26678 30222 11274 10790 8957 12541 23494 28369 32858 38260 9604 38794 23468 17346 %n6268 27
16012 22429 12646 13127 11230 14958 17761 33212 22427 36184 28361 26479 27870 10230 10413 25776 40308 13794 21135 39968 16107 26534 7787 39659 36536 25110 38564 %n962 29
4822 27135 27050 38296 3585 26386 35919 32623 22925 7811 3455 26297 30555 11419 40983 22970 14738 31368 28951 10847 24670 5935 3086 25612 27036 30668 37540 3506 9340 %n2468 26
375 20150 6422 3387 6303 24695 28343 12142 40753 40946 13677 35946 36797 21013 40942 11072 1764 18179 5184 23887 30598 22256 24179 11080 8107 3769 %n1230 30
3138 18800 6369 13872 19829 37911 17900 21980 34008 13714 35317 27557 30407 11949 12812 31311 18672 33250 32418 8886 16522 8999 32049 21660 37656 33447 15394 29621 7815 26954 %n4316 29
25949 38917 13156 693 3033 39109 23904 11330 31637 37890 7453 9665 22581 27675 2679 17038 11632 22932 23190 4526 26270 25790 8305 21127 30987 36653 31126 22655 17730 %n4941 29
1625 12210 19949 4230 5749 11421 41321 17449 39328 18984 493 30681 9112 31835 27738 8136 6907 3953 14145 9721 38712 29593 23784 37180 40502 9411 31457 28120 29335 %n266 29
12350 15429 37699 13672 38016 24795 38816 29124 33006 40518 2508 25464 23741 34647 15243 12508 36465 22374 16451 27413 34346 30001 29414 19777 7725 36470 16872 3640 7153 %n1674 28
33960 32328 37075 19793 32973 9397 22748 10122 30220 28085 9565 6126 15110 40253 21648 24554 19460 41140 12358 6972 15890 40721 7516 8403 38355 2255 28355 2273 %n3045 30
9878 7003 11960 23625 11270 3450 27056 12021 13492 39603 17915 39922 19048 39142 8540 32817 26699 36914 734 37062 37273 6202 15734 10901 33481 28399 33165 34883 27367 24066 %n2795 29
23189 13653 9199 40283 25802 4896 2176 38714 15033 35511 33181 14342 30130 26446 16855 6990 36839 33431 34618 7649 30461 16726 15905 31691 26488 17051 17467 8232 12223 %n5963 28
9730 7898 17753 7950 3937 37090 10818 2575 37723 17624 32180 10775 16125 35494 886 16396 25869 25010 1545 21883 16331 5107 5711 27022 8648 10835 28892 22472 %n2859 28
14247 12745 11481 13815 26497 35279 37132 13131 39252 29862 787 34815 36419 36979 31656 24007 3875 13790 1591 1109 29963 13278 33019 30769 18147 8018 21945 29447 %n914 27
25191 34427 19581 471 18239 31007 36147 9144 38456 27995 36885 13006 12692 29443 5345 1214 9120 2766 41082 40866 38998 320 8243 32898 3575 26 23575 %n2591 26
38107 23313 16846 23878 17510 26259 34673 18367 40782 29854 20223 18135 33903 40878 37274 10977 22059 27960 35838 1099 18037 17914 17869 15848 24212 37619 %n2796 27
13283 9200 31107 34666 35850 30907 14186 33524 21851 12816 19265 22566 35213 38472 16808 38427 1769 29894 13376 26298 13664 29099 3072 16959 41239 10231 30805 %n5118 31
8227 29148 16549 34863 3636 8450 29110 9257 33191 31275 2677 37174 18718 41227 3557 40550 3477 24443 2694 14258 4752 21229 9036 35773 25223 18260 29518 40327 8609 34306 39 %n101 25
24563 12858 3427 36784 37063 5268 40182 37086 14793 14094 10904 8271 32435 15122 32167 20037 40302 14224 31274 38825 7472 20010 22235 40681 2595 %n2363 29
232 12521 40788 3542 33268 37410 6831 23610 33633 18354 24757 20097 20425 38312 38579 461 3118 28544 1053 33791 7224 32392 33570 15418 28763 19922 25539 2499 33757 %n992 31
13217 35448 1537 34746 38966 18015 5034 41008 5875 25484 13059 22616 6944 28684 9155 20123 9866 3800 7332 36770 19416 11939 17125 4248 2532 20304 32955 37582 23051 32879 13976 %n1755 26
28261 19570 3802 9230 11193 41343 21583 4650 24782 14650 7634 9786 30090 36583 1419 16229 15061 18386 12785 23412 9283 16902 19524 37905 17977 5010 %n4918 29
25833 38609 35063 11991 15938 10222 40436 16660 27128 4336 24044 5626 23349 33410 24107 33275 12273 28928 28631 18504 26307 9962 31172 38610 24228 39918 30690 12759 40365 %n2486 28
21576 13738 30502 15249 27878 1409 26721 13454 15887 31111 26452 20738 41195 12163 29917 26424 22709 3098 7795 9974 960 8532 32896 19869 40820 3642 26129 7490 %n38 25
19468 16874 1305 28616 25178 14028 35176 23828 37473 28926 26632 19706 1831 24564 15995 8518 28612 18840 3389 755 39364 24108 12398 22130 38632 %n3754 30
19913 31582 23929 4313 16023 32432 33340 20693 22299 37186 27335 38416 29102 7496 18947 25268 650 30717 11761 1691 39076 16950 26015 4164 39104 14389 32626 31604 15602 4975 %n1155 31
2326 13966 9278 39103 13176 30538 27076 14445 34819 2375 18238 7207 30450 39152 565 8133 40725 17029 23369 30098 17918 17217 2854 34165 8643 1083 10210 15790 37926 13829 23104 %n5130 29
32995 15504 13086 40167 36729 27665 21243 3232 13 36958 17181 15576 1774 11919 26411 15247 534 40331 31144 8446 38275 32016 22434 23637 24340 35237 10282 9521 27827 %n4989 28
31592 5094 35148 30996 5458 28753 21710 2201 36737 39270 24246 30128 3357 12935 33521 38177 39942 5340 10823 7087 5343 21925 24920 38203 13994 17453 867 23991 %n1853 30
12457 7735 3819 11304 25927 20530 20473 14756 20860 15426 39924 30624 23171 6442 34396 33891 3306 5670 10512 32361 11428 5168 2175 8315 13436 18086 14992 31262 22851 24013 %n699 28
18851 8344 10951 29046 462 38010 738 40620 25544 29211 9176 28756 40555 5108 19598 40459 11873 39249 16487 13926 16194 510 24728 37013 21472 33948 16467 30081 %n5240 27
3976 22766 25942 6313 37126 36163 22776 23491 23707 28352 22311 12973 5857 9058 10601 17523 21772 19383 7478 22353 33329 25856 11034 23294 11841 22829 19890 %n3722 29
35772 9912 38011 15523 1576 40986 16269 10094 38601 5235 14493 39896 26840 2354 4787 19745 21281 25657 18665 10415 38908 39879 12009 15335 26791 31452 37029 21514 17253 %n1590 30
14253 15668 35598 25030 28528 17751 5920 13055 15140 6554 2356 29431 37793 28283 41198 8596 15285 32492 16362 14548 39290 32484 39124 9936 40132 25897 6984 6595 22940 8115 %n2459 30
37203 14510 41106 13205 4232 10005 29569 6600 8099 13356 1489 35192 20339 40996 29294 11017 22221 2967 29892 38499 36211 34248 7469 27094 27230 35169 33648 20672 3941 30689 %n1849 29
18674 37836 36819 21790 1613 6083 1976 23420 9836 19842 38592 41304 13052 2583 35830 22094 18099 22020 12276 2411 32259 24096 39440 18639 6835 30522 2599 38316 34621 %n1764 30
25465 2586 13333 29411 25670 7429 10325 7426 36716 3112 29711 3163 22490 34904 14418 405 5291 36178 40062 39268 7437 36782 9370 21690 31123 3401 29307 33816 34668 16595 %n2309 27
33380 25997 17203 11944 23039 30785 23316 9678 27311 38795 13133 7184 11884 12139 19025 11951 5025 3254 1828 19729 40482 11039 31826 192 8721 12373 8566 %n3470 29
13363 28318 1297 35569 18832 21080 6619 2701 15101 6696 12036 26618 32365 3302 21316 27042 6174 24596 18062 19807 17094 59 11597 3661 13540 23745 11806 15310 35578 %n3957 30
27090 18497 2102 15366 36424 28957 36341 41184 28385 35009 29672 31697 18278 7584 37552 13285 4539 8908 32031 17732 13732 30281 8960 31385 20865 30631 37883 17009 13977 5365 %n2048 29
30406 5643 19776 627 29507 4294 5216 19241 4804 35802 1827 35501 36786 20638 12975 36551 6274 29825 32120 28969 7922 7102 29860 8768 11707 13723 23705 31109 36444 %n6281 29
9691 5127 7784 25379 36209 3736 36008 13148 8126 25088 20167 17356 22433 14791 40648 4171 12308 11092 19761 10569 25418 1824 12415 10755 31591 39291 10423 25931 8548 %n895 29
15422 25027 20111 24977 28441 32317 30789 8265 1803 1388 34313 39898 29336 20056 22403 30377 22464 39288 33887 32630 29246 14833 17447 29468 34204 13607 13770 12479 38801 %n275 28
36156 24084 19019 12134 39300 20874 36812 13185 26489 28370 37930 17123 12641 7512 2290 18774 15024 6058 38133 37461 25495 27823 13623 4069 30830 863 36263 35371 %n2349 28
20408 25102 40546 3303 38979 15914 15297 23232 35757 23474 30746 30117 9711 8388 29701 26392 30852 1723 34756 25702 34332 13067 8191 37671 31976 16818 34164 19737 %n4673 28
9946 5392 16530 26522 39824 39708 14187 7556 35031 7983 24110 18887 8865 23758 4606 23966 22096 898 3680 25143 34513 9197 30863 26548 21513 35832 9434 37629 %n24 30
7244 5227 6490 15952 11866 32759 18612 37077 26181 9910 8772 22997 20657 16826 33182 36169 20039 24493 27393 12417 9020 24271 30209 25023 38883 5013 30911 23155 16781 13983 %n1794 30
35096 31101 2198 14929 2511 36051 29870 360 36034 1457 7272 1318 39884 6744 40197 26607 15798 39820 23217 9029 41268 9313 16795 26836 30534 21793 38805 7222 10923 29648 %n398 28
15444 25747 37295 5883 15629 24793 20416 5719 20522 32324 40426 11801 7097 9961 17177 38641 21704 35488 4520 15636 39639 2320 9507 24117 24517 22455 34267 29661 %n4523 28
18862 39202 31714 40843 40166 37841 3644 31196 19812 23682 24288 6172 21713 30437 40931 4882 35874 6004 12323 13529 12179 20113 35713 16457 2974 6295 3261 26247 %n3764 30
26318 16052 40974 35562 4035 28408 8478 8156 27038 16723 32895 33411 5197 10307 27136 6905 11280 11454 5735 30181 316 31061 13130 27871 19990 10495 20594 40605 26351 25870 %n1645 28
29956 4393 35219 36866 6321 33051 6897 32284 74 30077 17499 13882 19412 9026 26888 1370 742 30972 27510 30370 9800 5134 22400 6691 11161 37955 572 3610 %n3226 29
34965 19258 4292 9883 6575 31175 6862 29017 22103 33421 1154 12605 38012 31340 36454 31814 19501 26102 4694 11580 33736 5781 26744 41094 26027 16121 20394 1860 37904 %n2812 25
21994 34929 10468 17219 34917 24006 8330 6145 23387 39492 6090 5038 10204 27084 1494 10687 33513 2496 26417 32300 3375 30605 29321 30048 2845 %n2150 29
16691 11122 32409 37270 6979 32809 24260 14323 10245 13474 16027 38492 13073 31438 32268 38452 14038 6287 13329 38660 37441 24694 16282 33975 35873 30603 13348 37550 21843 %n3681 30
17706 34321 4293 8431 30513 34428 3407 34853 20005 32488 21106 36760 10212 24953 10730 36164 991 26294 1474 33005 17683 22861 12666 34706 14969 40470 27898 39844 22290 15978 %n6890 30
11735 21228 38401 15001 39905 31149 39644 27880 31586 32886 9064 23023 35457 2420 8718 24985 25430 15901 35834 15326 23732 31064 29996 17396 26578 30774 13522 6200 6477 21463 %n1458 30
27605 585 36199 16908 24405 26468 40462 2745 39164 13448 7994 31569 2299 18410 4005 3704 36598 23892 4755 9295 20999 38736 33317 9890 33679 7894 32143 21642 23812 7002 %n2838 28
38048 36381 38279 24914 8378 12128 1725 2659 15927 29131 33169 25690 7832 28535 30271 18447 31877 20893 20370 647 9622 31244 12560 3608 12201 36166 33035 34951 %n5773 26
30616 10596 23061 5073 1719 34494 19016 36815 28732 34639 31095 16054 2991 3684 17966 9150 17004 5251 8210 28676 5581 13883 7076 36592 41002 11246 %n1362 27
20529 6708 22742 7259 10800 20510 22381 26510 32980 19647 6178 18002 15320 756 11582 12998 21824 17605 27727 33456 21287 15482 32188 15286 31128 14271 18855 %n2235 28
3779 39074 35647 20879 15567 27105 21531 8975 34122 21183 9996 10955 39186 20964 12529 24884 38949 19848 30004 36971 15457 31117 33040 19131 27551 18348 16209 32892 %n3077 27
39762 36731 154 10679 18353 1156 15321 6544 32330 13789 5936 9647 31382 31133 26645 37961 13375 37874 38163 27852 10032 31010 21600 122 12202 26218 35646 %n6809 27
28314 12388 24629 19999 37791 10808 34461 37941 5058 40538 1547 22448 15158 36663 1484 1880 3402 19232 28419 3481 19248 13199 26768 22707 39721 37748 15735 %n5887 26
12148 25813 6927 30778 12815 8762 33389 39096 12518 10467 3645 5009 34359 27739 685 11871 26248 23586 36773 14643 39098 16819 21091 36014 39306 22695 %n981 26
32173 15694 30550 16528 39730 3326 24565 27002 23631 38039 20431 15894 8696 3954 9827 40245 35621 7879 39685 11752 16820 35200 10093 11803 7980 36606 %n4834 30
8817 1430 8295 18336 36720 12034 13407 4508 28977 38239 22935 28151 14980 16912 21036 26805 36633 34964 11654 22890 30137 6580 10234 1853 16352 7669 35230 30468 694 6845 %n133 28
20616 10064 39055 15680 23529 38732 15607 13842 14398 15316 26372 29457 40696 41244 23366 41229 332 11495 25103 37337 5806 27732 33370 4355 32246 32135 38964 28462 %n3073 29
24548 5078 3555 31673 295 29532 31220 14888 10485 6467 24226 3534 33956 28298 3549 18145 24875 18413 28054 13667 18641 28023 5614 18560 2836 19525 10907 4446 10052 %n3399 26
31684 3420 30638 5802 23681 35797 21153 37820 5571 30729 23564 15712 3246 27224 32590 3990 15657 19400 1987 27278 39443 20749 21402 21784 29068 11676 %n4723 31
15625 22286 10905 25211 27119 34864 30686 1848 7549 23066 8038 8000 6510 27780 38187 19893 38858 28525 21434 10051 35993 36253 27956 26060 27196 23328 6333 11662 1989 18225 38043 %n898 29
733 24758 21376 19702 19611 15893 16002 28712 3668 12576 35997 40100 13516 17223 37494 15398 28395 37902 25568 11045 40268 40030 1336 23403 6496 19046 28138 3700 29305 %n4107 28
1583 19448 12537 36851 14020 17055 35723 27893 19862 17867 15367 33386 40529 19980 3564 14170 31597 9459 11490 13230 1231 24897 3551 27601 27365 31250 13751 18165 %n396 25
16498 18661 9081 40492 16188 21082 39520 36334 7067 28954 5250 31553 18245 32871 5011 10516 39447 20694 10974 301 15307 28098 7476 22601 20684 %n6607 25
13941 28651 15383 20158 29420 13361 10411 3795 39298 40901 15470 29330 35939 40773 33995 24918 19908 13218 39623 23875 4441 33115 291 27473 26559 %n5740 26
18884 12966 10137 15993 25241 17409 9718 38399 34096 20850 29040 13518 38235 30898 20319 19174 21837 32381 13455 13777 18790 10352 40486 26070 20777 10578 %n4143 30
32603 20903 13569 3648 36712 16213 2906 23740 19748 9588 40084 18644 38451 10785 15178 23153 16368 7611 4056 15601 8206 24570 22555 26313 16182 23246 6931 8873 1743 40485 %n3804 30
26225 1303 542 18988 39999 37732 33211 15512 10867 28538 38857 6988 35112 9956 8731 11743 8137 31895 38821 38907 14584 15600 36264 14388 22597 19047 1596 18115 22218 30052 %n385 27
4440 29554 22922 20007 15781 26175 6776 9531 8618 18719 28231 15823 1470 15452 7 12334 20125 28592 2720 13508 26436 40993 38621 18770 106 33698 21129 %n4977 27
28007 2085 944 29117 20020 22092 40036 11981 37424 15164 37176 25700 12747 25672 21421 33166 27386 22165 5958 12027 25169 33922 14401 2824 8214 11302 30125 %n2770 28
7527 15115 14198 22580 30874 8776 38750 33365 9235 4770 36514 2460 25284 28308 26577 24338 39336 34697 1108 10434 11198 39022 28058 23123 6641 13866 38668 9768 %n6816 25
23863 5956 3501 5138 2286 37432 1445 31867 15059 17216 26014 20260 17794 36056 14802 9892 13145 39994 14651 15721 27540 13150 28333 9708 10275 %n5647 28
38909 17154 32875 5758 37768 22210 33933 9633 12391 25194 35883 23432 21567 5688 16508 15772 10372 33940 39041 19835 24418 18218 37567 3108 8883 13247 27928 26799 %n1257 29
3593 37601 24809 7028 20629 33899 4995 1429 15611 32470 15557 38098 10559 10170 18666 18571 27337 35651 18934 23688 11333 31073 6680 18531 41369 32785 4713 29485 29973 %n4570 27
36255 4828 15904 1220 13799 39980 26394 460 14316 11524 22025 10166 36226 2353 10722 33136 26658 21392 3397 17020 35702 3426 23074 8950 9743 19924 38324 %n2201 27
39957 20806 36256 16387 31733 33224 15166 3171 25329 39550 4125 6087 6324 5673 34876 21537 610 30022 29398 1943 35696 15311 33826 23132 34548 20410 29890 %n4403 26
26161 37603 8841 39856 37320 6299 23441 24919 25649 31629 24562 32206 31962 4904 28887 953 18272 22199 29190 29864 11943 34985 13911 23847 11744 31701 %n6748 28
12558 7096 24711 31158 11872 34010 25035 30727 9138 32221 41363 14981 40098 32151 9208 10840 18523 20267 40174 34457 26167 28870 38085 11479 35912 18073 13126 29308 %n1003 28
4806 35759 4906 8177 30380 24806 3444 39256 25098 5904 41265 37621 30873 2556 25082 22865 26301 10525 21596 25573 21555 11150 14543 21966 34024 26390 39402 17653 %n2099 28
2746 16475 5907 16093 7101 6349 16122 26719 14870 18830 24370 23230 39985 10038 31477 6652 21841 25217 14153 13867 39237 31180 25896 12830 36860 22031 4163 26566 %n4296 29
34466 38862 18372 10216 560 19421 7309 38555 27743 17504 32569 26328 30451 38180 19507 26609 33280 28803 7797 29614 8469 6773 18425 28575 6350 19319 4517 32351 4217 %n4712 23
3331 16853 13870 17192 30795 31642 15531 9902 16159 9982 35560 2287 24759 5917 36086 37156 2209 19545 28079 3846 4036 30546 19194 %n1876 27
27293 4221 11334 32248 19612 29263 24359 19603 39766 27845 28086 39099 21455 25165 34289 11690 28941 31711 6390 9773 33057 40689 8829 10880 23345 39888 7902 %n6628 26
39093 6059 9663 17476 14427 18030 4524 2180 37661 32228 36843 41171 5499 17581 37202 7164 30457 34170 14262 9104 40603 26232 40826 28729 28237 20307 %n2638 27
25382 19956 31168 27782 14517 26776 14687 29067 32033 257 27864 11922 8791 39543 40016 38152 33630 2038 2868 4115 6681 25308 20443 12980 27808 25676 9374 %n5555 29
1520 4378 37299 2821 15955 13839 11797 34688 12977 2104 18138 31009 37315 2445 23131 2401 30712 36215 1134 19479 2132 446 7030 1349 17442 21877 31098 22312 38323 %n790 29
16380 17643 18221 30980 21167 35916 19122 148 23523 28082 17742 30481 7050 8998 5024 4714 27101 32196 29799 31952 4719 16083 40754 5545 40854 5309 12242 19493 39695 %n2729 28
1015 17491 41076 28006 40190 27501 26106 37384 33452 21708 23663 5569 4332 35076 19346 35283 9355 35129 6171 35587 1394 37189 38663 6561 37580 37608 37759 1460 %n4108 26
1236 40175 12603 38505 23464 40156 14473 38944 3133 11988 4176 11895 7696 33320 22712 592 14070 30508 8619 8744 29205 24889 13600 6184 4875 18273 %n311 28
15279 26912 13546 26334 4103 40870 3509 18195 8963 21054 40644 35420 13604 2948 18743 37429 24172 24578 17857 35210 13735 31790 16519 28837 4623 21493 145 10843 %n2324 28
27857 16459 26654 23805 40154 10856 23103 6753 19571 21055 29688 8307 27588 16645 1907 27542 11101 14618 11243 10001 19909 17791 4863 20542 22328 3617 38345 10033 %n1882 30
21406 13168 3813 17671 10059 38440 32314 5256 18938 12744 32672 11453 40260 16297 3463 28157 14818 10011 12489 35470 28506 23569 6051 205 25238 28183 15538 11947 15028 25882 %n2803 29
38189 35817 36004 10557 3966 28057 9638 1555 28931 26798 32362 7335 7100 31349 8912 4415 24597 18188 32499 17690 32013 16582 10474 36880 3063 16089 40079 23268 35917 %n4966 30
6110 20174 39612 35736 28280 9353 31376 13239 18051 26733 1829 31470 14195 26846 6578 6214 38169 24254 36905 15758 34465 32614 35300 34871 39469 24290 7828 9326 19083 12411 %n2098 29
9598 10419 37624 14730 38118 22233 12490 2377 11154 19034 26045 36288 3790 38797 27261 814 12182 12727 10706 8425 34185 27461 24660 27863 359 4635 25044 26057 28881 %n2781 26
38992 33756 31170 34667 18761 12197 37703 33536 4362 828 30939 31187 26019 7271 40301 23118 9726 5147 16517 40803 18124 15716 13601 24687 2065 27321 %n3915 27
3344 17519 38956 20655 38980 12304 16157 30572 23638 32926 39531 13763 28452 41127 11240 763 5456 5483 32405 35925 28543 7594 30266 12914 22958 27721 25968 %n1323 26
23962 18032 36743 25068 33443 12766 19374 25491 7687 18828 18622 36269 1171 18061 33751 256 10929 33355 17585 5888 21528 10993 35785 36267 37878 16559 %n596 29
9475 26844 30652 17642 17093 36597 40755 30890 736 23746 27395 23697 4938 21396 39731 28 37770 14747 14881 25075 24642 17089 37412 14193 25640 31750 37673 33796 26335 %n4477 26
25560 19239 35231 700 13281 8362 17098 2231 11878 30982 2014 39222 36645 31056 34970 25678 26701 32899 17387 21789 35502 22419 39047 33330 8043 37522 %n878 29
24429 28347 35399 34605 6063 14118 35287 29240 32273 35498 2673 18426 6361 27789 26250 22048 18471 30828 10888 25148 13009 35431 39073 1942 37783 38094 18171 6677 2282 %n5477 26
29060 13069 21174 11327 2108 19126 11438 8199 27760 15608 40266 25782 1428 1561 34954 18403 11426 33646 7215 12741 5558 11883 20733 37512 6807 33232 %n1816 28
20131 35455 38134 27340 5414 17199 20675 26263 11149 5124 17872 28009 21836 33656 30129 17602 7820 38633 26429 33366 37414 20340 32406 39805 22266 41247 35045 34260 %n3031 29
3140 19243 16177 26703 38453 13975 24326 29133 21043 13409 34860 5858 18049 40457 15483 193 33878 30582 19592 21369 40658 13775 5633 21976 9448 11802 16779 20564 1490 %n5247 27
14085 9592 13773 26037 32961 33060 33718 7553 16130 30294 35374 12484 32172 27069 25848 18762 40654 29053 2479 27020 16857 37235 30725 41156 30676 33706 41132 %n1643 29
40306 30516 2130 29262 15864 35334 16249 34627 14963 1840 31644 6079 22458 7165 40584 13446 11464 20971 15578 39398 5722 32656 36973 24399 2726 26025 17269 38622 7449 %n2072 28
11110 8520 39422 13486 16274 36991 23839 1566 24459 454 40903 32564 4967 11484 9108 39961 15105 12758 39407 40061 16013 4687 7736 22543 11377 14338 36796 32002 %n5939 25
33062 21730 3471 11581 18905 14807 17821 16917 31821 4829 34272 30964 7324 4 3590 28660 22927 32890 532 39134 30097 38849 15402 10671 1235 %n2805 30
30367 27896 31992 3528 29442 7607 40949 37442 40768 2179 24539 3679 31253 40305 6711 27047 34715 21620 450 31557 8530 23576 3170 19103 305 22590 36385 6648 6702 29482 %n6433 28
29426 19996 31918 13636 7143 318 9346 23859 1546 28743 31264 9582 13674 6024 13357 38711 35411 3747 9806 7241 29306 33129 33998 38463 14938 40742 36070 22703 %n4166 26
4080 35265 28294 7793 28116 7591 5891 7125 4215 12705 2096 32974 3698 11605 14009 27211 32815 3773 38754 16935 24724 9248 14869 17322 6755 11840 %n6498 23
32055 21025 17631 17657 21387 22291 16277 24385 39435 25134 199 15833 10258 37556 11446 15151 40029 27363 16403 39760 2935 4383 33221 %n2987 27
12678 37744 41339 181 36315 1972 39144 35085 23513 38074 22939 26685 6395 29798 38270 18041 34769 29853 16120 37981 6942 39775 28065 27493 4789 2518 30240 %n1937 27
16420 32507 15392 5461 9549 10277 5583 355 10970 702 39275 35162 13848 8311 15086 34726 18364 12548 29560 16068 13590 20057 415 10367 32915 4621 32178 %n1491 28
2197 32773 14595 37376 11433 20570 8348 16992 22001 17111 20593 22086 7188 39649 22674 1553 16306 22599 29127 16701 2574 9231 15807 25327 31280 421 29622 5087 %n2249 29
27771 37659 30428 38148 19436 35484 18468 15974 29188 7757 15015 39757 28359 16610 32174 40542 29896 1783 34338 28217 34163 27765 28724 29873 12173 34438 12876 18960 26892 %n6237 25
33725 9115 23142 36887 7141 2582 3432 26552 540 27625 5530 8183 41361 11612 18035 28652 8712 1611 30180 34830 15516 18117 17896 20119 8482 %n2346 26
35181 31119 27941 2073 33300 26494 11307 14365 37268 38422 14514 13759 32456 26034 16407 34220 40666 17639 21982 7117 6996 13893 4729 31460 30963 28273 %n5747 26
14017 30082 15730 17155 37248 18244 10246 23601 33680 7368 27150 35538 18072 34227 3594 21428 2270 1135 2609 23917 27762 39009 36435 13380 20949 37873 %n3174 27
9053 15971 37339 40176 40761 3654 29259 21754 6068 11203 32954 25453 22268 36805 40844 3570 11115 7089 33196 35356 37500 3430 6294 26178 18240 10732 29580 %n3876 27
17383 40578 28548 20775 39090 39664 10112 14481 7502 39542 1048 32256 20784 40802 2920 38990 16141 35056 15815 5387 34328 22225 11540 19573 18698 21634 38706 %n4402 24
15277 23615 40140 39030 16706 501 36495 28721 23477 25935 11236 8252 20271 16160 14288 15079 6761 13235 40205 13412 38294 17578 15380 16243 %n5582 28
8622 32787 33613 19963 24819 15442 23207 16440 21350 35784 30834 38322 17370 14109 18418 13082 20988 31418 4511 29632 13630 33704 3496 31919 36282 26398 11965 33319 %n4038 30
16987 27578 29013 30612 37667 10532 35949 15154 29129 21239 3548 7058 23448 18220 7230 28257 3042 7737 10527 29980 11226 1301 941 14266 29455 14901 11057 10561 17998 22811 %n5209 27
25130 13306 36520 497 23841 33002 5415 1734 19594 37630 26194 25951 25884 38332 6458 8976 25064 14722 36795 31440 31191 14190 13420 21295 38168 11953 23378 %n909 29
29972 6964 29684 7012 9390 18875 35354 11667 37302 35607 39393 11237 3360 17516 31499 15507 15498 12774 29153 33623 40234 7812 17435 5815 28113 19950 39025 38023 19306 %n5688 27
16732 11235 34348 8306 11523 2006 29319 36216 528 1422 31483 28670 13155 19600 1307 37824 32043 14104 26382 1397 19471 20441 35202 19926 41071 31759 18552 %n5891 26
29169 27181 32704 38727 41384 26928 20239 24181 16683 684 40779 33785 16990 7352 404 20198 3167 17014 40165 33928 2834 31786 638 23832 28915 33677 %n2686 28
31667 19142 18783 33776 10184 287 22202 9690 18977 4852 35030 14552 8247 40880 19121 40985 40960 9923 3359 26781 34870 24095 30491 25923 25984 27356 9359 35393 %n1650 27
9760 15808 22961 19832 12699 11789 8905 22090 20519 7838 8060 4006 8440 28864 6551 5484 9867 4055 34655 21010 32376 15031 30301 6201 26588 36808 9117 %n3867 29
35715 11850 37918 21799 7723 38796 23783 28626 2852 9756 33358 35905 3123 28174 19483 2437 29866 18687 25586 37741 9706 19385 15539 16279 7933 34485 16253 26941 32086 %n6060 26
33674 34339 4949 28520 40337 38225 19500 34229 40913 22872 29583 17729 10973 3877 34188 1130 33597 4396 35326 14804 36818 11508 37079 24709 7921 399 %n5388 28
940 12213 17689 17812 374 32685 5391 1364 38363 25866 23102 11225 34054 40033 12936 4936 32106 3372 26589 39287 36867 9481 9276 13414 26492 29555 3900 6118 %n243 23
10690 23532 38200 7550 39832 22480 7525 18300 1693 38498 4040 25944 18256 24451 19824 15679 29664 19360 10503 21681 26520 33897 34130 %n4264 27
723 40690 31808 33947 27455 7136 34635 26000 26414 19341 11392 349 9764 25188 33945 2928 27838 22113 34136 35769 39840 29907 24880 38436 28692 32742 8460 %n5050 25
15560 19128 16664 39912 37927 17509 39930 9499 16360 37225 37167 13345 10490 5382 15891 5114 23137 41133 28557 34093 27343 7937 13987 18320 19418 %n2822 26
16831 32384 24784 35405 35825 28155 26348 6679 36749 30298 41116 16697 4467 9948 2805 35868 14212 22540 293 35828 38925 37357 15171 34480 32219 19397 %n2453 29
24098 9787 34721 22520 31398 32535 5317 23238 3842 17796 3382 7320 25024 25237 25057 10000 12899 28998 28456 23157 14497 20614 39347 34126 27327 10489 35131 7938 19627 %n6670 28
20984 12968 23411 21904 22630 25246 1085 2178 10892 25829 14412 40181 40213 38977 31236 17413 17212 24521 11184 15996 2213 19410 24706 26662 774 32710 28587 17534 %n3539 26
21308 20679 20549 39650 41349 40273 35044 23794 21811 9879 20187 23734 5835 6865 14771 13666 4199 14276 32799 41208 37052 13048 18455 1007 217 19052 %n2289 26
15192 2813 22174 7991 5550 35842 8673 27130 1550 33338 15093 9419 19440 22571 35845 14306 6417 33552 34472 162 8163 4344 5501 7213 35928 40332 %n5299 30
35543 18801 21821 31294 15556 5755 5101 8981 24302 37942 21738 33721 7708 18513 19987 17878 40879 33807 21446 1454 37368 14377 40579 28842 16394 2587 30032 16147 31416 7460 %n4756 28
27686 38600 7869 5495 4220 28923 15276 24472 38052 39732 12500 6371 3824 22926 12444 23430 2351 3061 37392 27418 18619 427 18749 6623 10022 40711 3158 23423 %n6423 28
28365 27287 19768 39690 33122 24646 22330 22656 17338 6647 26524 20076 35730 14006 37166 38289 31080 34028 22762 12222 24078 24043 28420 3682 17940 21418 22038 23220 %n3277 28
7119 1901 37968 2951 33532 36776 13774 5165 9838 25489 19439 14727 3205 8003 11151 30737 37207 8854 11913 8494 961 32320 18982 18741 36247 29770 29657 611 %n5101 28
31439 25642 14602 19350 20681 17257 23766 17755 35387 14219 37506 13881 971 26146 25655 33553 9820 23105 24 27478 18330 6301 10789 826 18392 25114 4688 37675 %n5317 26
33822 3577 38307 13831 34161 6993 25487 27862 1630 13589 4104 27231 5635 18237 34968 10389 27394 35930 35683 27074 24994 35938 36205 33652 6337 6235 %n2457 30
14479 7221 32760 30779 17054 41124 26399 9755 28144 20133 16447 23507 26166 38025 23395 34029 40743 37000 16413 29373 9157 1223 3465 7091 7424 17620 8379 11933 36044 12683 %n1054 28
30498 6466 10957 31316 25994 37436 37099 26992 35277 37431 28062 37958 39466 23816 8399 20958 3000 10700 20611 20676 1686 27208 13297 6418 38387 37536 31570 34413 %n3779 26
5498 13579 41152 23162 15521 25341 32336 9901 1747 6081 41274 23386 4873 15832 25715 39895 25056 22582 12547 28568 41075 4483 40024 23133 37438 36272 %n4850 24
23182 31472 6387 13985 16082 9835 36503 31754 8081 22876 13458 39102 26711 24482 13473 4245 16266 36053 24811 12645 33484 5659 26787 20040 %n3009 24
60 30776 31960 4462 12310 17833 31360 24514 17737 18607 41324 19169 24337 21176 40577 14591 15813 5521 28896 39000 5860 11519 34925 1950 %n