120
827 160
71753 20790 26025 50541 91541 70290 25717 50825 89629 49208 69997 35982 70324 7680 17389 38438 42148 38821 50852 69541 74464 75320 53179 62863 74055 15616 87313 84110 17927 79501 5787 21891 26595 37181 22265 25788 64573 55028 73769 49322 41135 6751 30689 73547 95607 9002 2460 63266 19144 64357 38067 55579 10053 20150 29172 77892 77465 94849 22182 81825 2937 287 69355 89567 96004 35687 70395 45261 59314 6860 5079 87461 6440 15363 50231 64982 30714 4117 86235 15926 25795 64189 39071 21966 85240 89975 51124 38957 75789 50938 38155 88772 48594 41640 18512 40521 73068 49900 16582 7945 46420 75006 38769 21897 44925 15725 99755 84742 85018 85202 71508 6803 13515 46548 13175 1255 92444 24888 77975 41335 14965 78670 61857 75551 84323 97841 26760 89573 40882 49564 83935 23779 23214 74919 37336 29808 19258 52724 8610 29806 49913 5407 89609 31028 20436 47488 42149 76523 28645 22915 63660 68627 44595 29404 35753 34850 45652 18231 88581 24675 %n443 130
45707 44651 66105 66124 61209 26261 14702 81020 86743 71438 4126 70817 4728 79683 97840 71099 76170 73987 84274 74229 99539 28469 76135 61490 98114 56985 96900 8673 79722 4224 23056 24878 63847 48776 70521 43150 93898 5724 51182 14305 17801 40124 91718 52424 46981 64490 9408 50761 55864 38131 12255 77095 5496 55428 50719 13818 75675 93699 20848 97640 87012 41058 33881 9512 70131 90090 11626 85070 92018 48437 95610 13266 24934 75771 36298 97844 45337 85090 44996 25718 88433 46254 190 39801 61286 20158 90887 27527 8291 1975 23651 49363 48743 23487 16023 71446 68346 82164 86002 61746 83511 4697 18832 63960 36277 33418 17776 69076 70206 53556 66063 68080 62052 39300 86852 27514 91297 59837 44764 81516 82453 75612 18067 73770 20482 91543 66703 66249 34701 23408 %n1643 105
67737 71626 49760 97881 16307 43980 9563 62004 14406 28035 982 57982 8782 58849 86768 21546 38876 53065 46766 48119 2454 39454 12664 57562 69317 44547 15976 16613 52016 18812 40069 65453 84678 74847 64702 10463 87140 56737 11635 48927 53457 55234 4436 74782 30041 44145 11597 30720 18107 79043 79767 14520 12498 80003 9004 57498 63749 8683 32268 71187 47518 32319 88541 15464 71801 7685 86696 57713 73743 36115 43230 16446 48968 38736 76486 14299 2767 15108 35732 53652 86327 40910 24908 69788 59560 14714 32486 74904 88504 30972 87584 84168 2358 31213 87501 53902 16640 2673 79431 84634 45736 72544 49263 24454 99015 %n6149 79
98655 72126 35805 10484 82931 10923 21228 39228 62736 90711 54577 53240 61622 3214 22722 51153 66624 98018 75902 67714 13098 31871 67220 94843 9593 73553 77295 23043 46080 58726 87210 8707 7832 28739 29102 38188 95533 42467 5742 84813 90775 23824 66215 64575 97243 63805 68701 92456 11226 63550 17886 19000 79484 59193 25618 61895 25829 76312 38669 33337 67419 9638 46824 8518 73552 32327 37965 34737 96398 81610 27686 90155 10003 76736 33728 17742 20860 59111 54821 %n4041 70
53100 18975 17093 91687 31077 16242 76644 70759 63123 29331 59882 45954 61976 44492 21756 43665 10952 14916 38461 26288 10759 41515 188 9405 61608 48114 46181 60332 62003 89782 98354 5433 16680 13852 71757 40867 36939 69709 27676 98698 89176 46443 32102 27399 56666 22875 89729 1407 97723 1053 54438 41609 69415 61390 72112 62969 54929 19298 62137 16655 79687 69851 38387 79354 60412 58162 23132 58010 91175 2661 %n4016 47
78261 94158 44975 89726 36736 72719 34303 58483 28380 15378 33644 25727 67705 79927 43754 87820 63892 61025 53607 52371 34647 34540 69308 3835 90277 20470 77697 92562 32990 92713 38062 31864 83232 66155 21975 62117 76799 56240 55964 59185 80614 12349 98585 21974 21379 24179 96771 %n27 45
83100 94601 33951 44630 63560 27411 10476 96668 92074 87359 60413 38918 32520 36183 33064 10269 37728 72356 16047 89659 47944 38533 67161 49884 2874 21135 3038 72013 5460 61508 5898 18180 97891 54862 46972 42601 47739 3217 86346 77831 76336 72346 43133 77028 76269 %n5818 30
51520 58943 28808 75890 39029 220 7383 51670 63893 17862 20296 98725 26909 85946 35677 96749 657 44460 46899 72671 4251 33634 8965 30963 94583 59994 99758 22567 30066 42802 %n2605 31
13353 96933 80442 61756 60714 71836 25265 63268 71078 98840 93614 10944 50495 2267 83841 31140 46248 26035 70434 74846 76660 72711 54466 55916 9091 76314 90104 95740 35979 75702 86379 %n110 20
23526 53840 68335 60399 87658 92628 20318 2479 27942 18506 81616 36067 1266 46781 45308 21208 14682 73079 65721 46674 %n1332 17
49392 74245 97321 62187 60145 50271 99810 19687 1982 9061 95340 1379 96884 98292 21085 38962 31584 %n2389 18
44198 18176 85974 63867 41412 76934 14712 23768 37992 67641 58151 92530 53299 80875 31782 67223 20044 49523 %n2478 9
61842 37220 58019 55632 84148 45044 20703 65900 81964 %n282 10
1109 73597 36742 53073 95783 24470 2743 65670 57849 42570 %n2599 9
84609 22098 73916 90025 59370 65947 35344 68781 24829 %n889 4
69850 94479 40200 52590 %n2348 3
86473 98085 60848 %n2901 3
95473 62665 59827 %n467 7
6400 28561 49117 9283 69685 734 17395 %n1653 2
93399 93815 %n4955 0
%n4220 1
12550 %n1273 1
3175 %n2516 1
89451 %n3825 0
%n6267 0
%n3610 0
%n1058 1
52691 %n2989 0
%n654 1
56641 %n1041 0
%n6103 0
%n5405 0
%n3814 0
%n543 0
%n483 0
%n1957 0
%n2760 0
%n392 0
%n3299 0
%n1447 0
%n3609 0
%n3670 0
%n5228 0
%n3219 0
%n3136 0
%n1380 0
%n5012 0
%n5589 0
%n1247 0
%n5828 0
%n4941 0
%n4399 0
%n5577 0
%n760 0
%n2154 0
%n1354 0
%n5539 0
%n3397 0
%n5819 0
%n2533 0
%n1596 0
%n2686 0
%n5977 0
%n3616 0
%n787 0
%n5866 0
%n868 0
%n1540 0
%n5795 0
%n2748 0
%n2782 0
%n4687 0
%n1250 0
%n4140 0
%n2127 0
%n4420 0
%n795 0
%n2948 0
%n5624 0
%n855 0
%n228 0
%n4631 0
%n4340 0
%n5351 0
%n2915 0
%n1749 0
%n4529 0
%n5109 0
%n2589 0
%n1369 0
%n569 0
%n971 0
%n5711 0
%n6074 0
%n1738 0
%n417 0
%n3456 0
%n5442 0
%n2323 0
%n4913 0
%n5675 0
%n1202 0
%n3184 0
%n652 0
%n2308 0
%n1726 0
%n5738 0
%n1701 0
%n1100 0
%n2291 0
%n4574 0
%n1414 0
%n5545 0
%n5581 0
%n941 0
%n1364 0
%n2454 0
%n6246 0
%n932 0
%n