257
170 207
58250 83039 91392 60397 32865 83764 5815 231 21137 98748 7552 79852 54418 87214 66035 50316 39660 82744 78169 60406 42224 36623 13782 4959 95881 15791 12544 138 22754 94102 75747 70929 34683 17789 70194 73095 28884 29862 32189 15715 74733 83337 28185 69919 84122 66757 8324 41398 6626 83843 24061 92376 62332 22950 84633 98438 65796 88042 79780 81786 813 33605 58148 99150 80528 94809 51445 90616 10357 50080 91886 11915 38588 52426 27098 39440 35634 4510 42483 67399 82056 49661 81772 77456 46385 34600 86612 61413 75517 73387 27423 85081 10463 71885 61649 10264 64486 1841 9117 57695 17029 69748 31458 52277 44011 14669 8064 67889 39357 18692 96810 48631 29643 9656 83167 40984 57491 76070 53427 31865 24236 33572 61074 13004 29358 43512 82854 95505 20961 72166 68783 57320 58770 25236 9096 39710 56476 55071 28958 28914 26267 7748 61469 11412 53264 46247 26743 11022 97317 12440 22066 34253 38758 69925 49228 41772 67042 20005 93624 71482 41009 89300 45454 91826 30165 27664 3521 89236 55133 35952 9690 50151 68171 22148 60212 39027 96127 46020 95988 39874 3981 46010 21159 74390 29146 69686 8185 91367 74930 72360 30716 23802 54028 72233 48723 63140 86512 5224 78566 11841 29407 40464 6238 26276 71256 79811 37356 %n2293 152
79258 90110 62297 60098 31698 57483 48793 72146 31500 25083 8855 72206 64481 38550 60625 34834 38439 68386 94994 73885 51373 72436 29427 74582 20904 13915 71331 48058 84132 64445 20276 59123 54910 16621 18471 60390 67039 3838 61975 11423 69505 29225 51268 58111 14467 76840 53865 17444 4887 63061 85058 50543 37171 99465 95935 14487 8569 90990 1306 52001 92588 96531 44156 15298 18539 40546 10467 4827 51534 24132 11542 66147 13389 89158 95443 20220 32907 27194 27207 73236 28852 47232 50506 69472 25282 81948 66565 70740 39418 90739 20900 26249 86160 99226 49521 92858 26569 89279 17093 66700 51866 20833 13817 5589 49081 29322 36239 65979 99065 41470 5486 48700 24968 58243 20419 39039 39177 99707 95660 73318 24273 29271 55256 48023 49911 65668 48351 9702 70294 62617 12183 59549 50425 11295 42759 38031 84844 14915 67696 2813 45425 82931 25532 77822 98212 38320 35462 10731 76027 87834 68412 26969 %n75 106
11011 62219 64844 3026 68507 31488 73659 28155 91301 67247 70621 99332 45336 91004 87985 44697 80677 12687 3952 24714 64558 83778 93011 64961 53533 91413 72965 43465 49937 76260 20344 66323 27270 71026 37841 19668 26047 89844 88630 42248 53456 72571 22312 86931 15514 74349 24367 70581 31987 54017 31081 11361 95484 97146 46052 54965 45672 85939 12609 36982 14471 40677 27283 52670 43971 18278 5108 57440 44239 57438 21579 95717 22729 47306 86498 19421 19690 6807 25828 25643 16306 19383 36960 87904 27057 55873 71518 16745 90789 16624 91638 23943 32689 35953 56830 89033 93295 93400 20409 20593 41282 57543 54620 56360 13264 45373 %n1655 81
26992 49665 90249 9405 53752 46962 85671 15288 84504 25068 85925 94702 79132 17349 90838 37731 28414 45249 46777 24246 96792 3663 43985 32683 60513 46865 16603 13513 80862 59872 24150 65875 31290 45713 72467 43043 95006 76946 35717 29710 5095 18084 16196 10854 93982 57208 27489 27871 75699 27508 47827 13220 91474 13645 39697 54802 82996 15455 65776 56716 20362 35860 78597 85944 81475 62522 10696 82948 83944 56064 50800 42595 20698 53298 19489 83455 91639 73734 29550 59762 3284 %n573 53
15007 10827 75894 8070 53710 19852 86849 91471 47098 31113 94391 77128 21902 68022 49696 66253 57639 49907 99832 30574 29321 86062 26094 86949 64058 26813 64508 16837 19337 80165 72777 63864 40727 63734 50503 55262 28250 61318 72354 25056 54756 67766 25203 37266 39237 34232 23519 20491 40480 30474 87709 35329 51852 %n3675 38
59951 14399 56852 71294 43529 2953 24585 51807 11176 32115 62280 84388 5275 40616 52271 81335 10959 59815 14657 53663 3614 42115 82824 26154 20368 64625 84599 85416 82438 18073 82184 70277 31274 57767 55311 35544 17450 74515 %n3541 27
52932 10500 26734 90713 31333 93727 40576 33380 71188 20588 93388 82821 29583 69676 21024 97717 58434 62227 97469 8316 2631 28439 8991 30158 24176 58580 71604 %n80 15
1487 3802 65828 70726 36302 50956 57916 25745 16345 2756 2207 39885 83874 58498 54684 %n2725 13
9552 74418 6194 74666 87576 74579 74981 36308 38274 49337 70184 29497 72693 %n1725 9
37783 57313 41318 48394 92768 24759 34431 84252 20515 %n180 7
46885 76262 94680 3118 43830 20435 48685 %n306 2
49155 83600 %n356 0
%n4174 3
75437 27151 16060 %n807 2
72625 43744 %n1785 1
94746 %n224 2
23449 34964 %n3274 0
%n4506 0
%n1259 1
84427 %n4679 0
%n1291 0
%n4148 0
%n337 0
%n1643 0
%n1195 0
%n4081 0
%n402 0
%n4073 0
%n3605 0
%n2591 0
%n2192 0
%n3875 0
%n3321 0
%n4159 0
%n154 0
%n615 0
%n4625 0
%n4045 0
%n868 0
%n4158 0
%n4367 0
%n3130 0
%n1917 0
%n424 0
%n3337 0
%n1223 0
%n3497 0
%n1709 0
%n304 0
%n1116 0
%n2806 0
%n4366 0
%n2514 0
%n1490 0
%n3649 0
%n3438 0
%n4028 0
%n733 0
%n2380 0
%n3991 0
%n4109 0
%n1846 0
%n544 0
%n2379 0
%n3380 0
%n2176 0
%n2469 0
%n4660 0
%n4479 0
%n4811 0
%n4296 0
%n759 0
%n3551 0
%n4297 0
%n2868 0
%n198 0
%n225 0
%n591 0
%n4412 0
%n4526 0
%n4264 0
%n69 0
%n2144 0
%n3129 0
%n3728 0
%n1395 0
%n3979 0
%n880 0
%n1121 0
%n4408 0
%n3018 0
%n2053 0
%n4125 0
%n43 0
%n652 0
%n2392 0
%n507 0
%n2962 0
%n1378 0
%n4798 0
%n605 0
%n2936 0
%n905 0
%n1890 0
%n242 0
%n3520 0
%n1293 0
%n2605 0
%n1838 0
%n3947 0
%n83 0
%n4256 0
%n945 0
%n121 0
%n3667 0
%n2964 0
%n311 0
%n2636 0
%n2763 0
%n4797 0
%n804 0
%n1824 0
%n141 0
%n727 0
%n3078 0
%n1514 0
%n2162 0
%n2620 0
%n2718 0
%n3630 0
%n4796 0
%n4138 0
%n2726 0
%n3148 0
%n2368 0
%n2985 0
%n3964 0
%n3973 0
%n4082 0
%n1612 0
%n3853 0
%n1523 0
%n741 0
%n1243 0
%n2119 0
%n2719 0
%n3942 0
%n1748 0
%n1439 0
%n52 0
%n2114 0
%n4648 0
%n4329 0
%n3196 0
%n1065 0
%n405 0
%n778 0
%n3064 0
%n3113 0
%n4118 0
%n522 0
%n485 0
%n1232 0
%n1809 0
%n2531 0
%n2314 0
%n2024 0
%n3194 0
%n4458 0
%n3670 0
%n4790 0
%n3384 0
%n2171 0
%n1741 0
%n2255 0
%n1872 0
%n1554 0
%n2291 0
%n3596 0
%n1386 0
%n3093 0
%n4157 0
%n4179 0
%n4321 0
%n2225 0
%n4078 0
%n1892 0
%n3716 0
%n959 0
%n3528 0
%n149 0
%n3102 0
%n776 0
%n1899 0
%n2141 0
%n4516 0
%n1558 0
%n4201 0
%n1391 0
%n706 0
%n3190 0
%n4486 0
%n4394 0
%n1940 0
%n3623 0
%n2129 0
%n1261 0
%n1472 0
%n2556 0
%n3179 0
%n3697 0
%n27 0
%n4749 0
%n3554 0
%n2105 0
%n577 0
%n2907 0
%n3522 0
%n4393 0
%n2808 0
%n2100 0
%n2415 0
%n3467 0
%n2174 0
%n3971 0
%n1950 0
%n4005 0
%n2040 0
%n208 0
%n1769 0
%n1249 0
%n4272 0
%n363 0
%n1922 0
%n3267 0
%n3521 0
%n1951 0
%n1835 0
%n4537 0
%n1813 0
%n3402 0
%n2249 0
%n305 0
%n3546 0
%n3897 0
%n2079 0
%n3326 0
%n1148 0
%n1530 0
%n1495 0
%n1462 0
%n2966 0
%n3797 0
%n2707 0
%n762 0
%n773 0
%n