186
1492 106
48549 63044 35398 90735 70508 35837 38893 72913 47811 11281 54306 94970 87853 92981 73397 15570 4775 13390 82578 99999 2968 75646 407 31842 29601 75972 49988 30474 62721 36899 27832 60045 14956 92332 80789 50810 74299 69277 34619 30057 73708 75567 46764 41518 84697 14794 63586 78406 95084 41184 45276 96671 80363 57922 18365 48575 41471 60809 4056 52561 59891 25007 65001 44783 39296 267 7260 29339 69886 98906 50105 70011 3087 99555 20664 21649 80265 72635 20112 35607 78876 23490 53409 30037 93678 93222 72269 23984 30292 74778 8239 46961 64867 32298 44662 63829 78646 43466 94264 23011 87386 89833 18264 34687 76734 23812 %n3171 94
13316 66958 1370 56142 38179 67022 46722 22242 50600 64940 7750 85865 76940 90078 33851 3865 54038 42895 67082 99036 19132 20732 18231 78544 74949 13982 80072 52963 87573 54349 1533 93276 52898 27686 86454 98179 50010 24060 31932 68369 15575 520 76834 20911 92781 98530 37457 41790 78252 15612 94499 32684 65747 91241 66988 39904 35997 45022 8281 49560 57317 98630 61287 33371 86825 70236 80384 490 636 53440 64290 13140 29337 36463 46987 52139 45623 98964 40414 32706 70280 83909 34471 25189 17435 74635 17483 91564 37897 13133 38617 33534 55179 50637 %n2419 79
36194 88306 31487 66503 19302 47176 60886 5240 989 30744 69793 66979 72095 36242 44578 8502 9122 63529 38329 71148 77981 17835 15212 86092 38654 65228 57414 66562 91478 85477 94557 82958 44854 33995 98455 93255 13207 60188 47264 74715 72960 52221 77712 71310 82210 68641 71815 78454 58147 24281 11577 24162 5379 62346 26910 30055 59821 85294 85371 84826 56271 2852 3236 37239 48118 6102 63651 81598 46705 56366 50193 75467 33676 33954 5500 69775 63308 45552 54404 %n3184 66
78860 34414 56303 12880 42651 23631 7519 63301 96276 46327 4139 50141 6186 42723 5448 38621 30435 65046 28691 71400 65297 22709 88601 82316 85782 26906 95926 85078 87160 51984 19119 10641 93843 39693 22470 34167 22215 25531 8381 18996 79848 99979 63588 49350 88763 77860 84183 23039 70944 79978 72805 59328 9739 65093 58749 25144 4431 36683 47166 6514 24947 2358 52914 34503 51797 68449 %n8520 71
7 14490 55844 87678 47141 99799 78590 40555 11191 26449 81109 8733 43686 11259 44366 75416 73365 72196 29674 74463 24095 31016 2704 94370 61586 93891 50005 23443 38692 24188 96029 65271 99521 5397 69421 60173 14158 14565 9623 26802 98205 48288 64749 63910 8952 12685 91413 36804 75376 34521 40198 86751 88785 56057 54453 42260 19607 48683 48098 70137 24337 10290 98872 6325 87103 8426 5447 13792 89764 29215 10696 %n4231 55
46452 50280 21641 27589 66732 33883 34825 39873 87274 56618 4943 34863 9001 15901 63709 685 96893 85930 91533 19065 63944 9803 42227 74666 78731 8991 87978 22175 46929 2723 48161 32677 1562 81113 83191 60214 32452 1777 17086 75537 44271 65253 67692 36788 40587 92639 51343 39104 29438 87825 97628 22800 47661 90505 57273 %n4210 53
9565 65269 41157 35341 57961 85885 88483 81874 31096 73285 54501 84899 61546 10988 83407 46001 50094 64175 68092 26814 30514 81546 44896 66343 98500 25059 65097 28968 45404 94597 95974 65225 15277 35528 57669 22864 34027 25753 3623 14650 18687 75694 11985 31032 63821 18016 99588 73824 91123 39546 26364 14546 12025 %n249 39
73627 96388 25619 55849 9434 82508 70571 80923 60310 17005 65684 93865 96700 81738 31897 97712 55007 56859 80441 43299 32262 41565 99838 58108 2575 81720 14071 87198 63268 3428 48078 88820 15753 38585 14007 67699 4300 76539 57156 %n4562 35
95658 54646 44116 46177 30796 56090 12404 67839 56492 18053 57800 9327 71698 33716 61805 88067 363 89559 58602 92209 93983 26596 94795 25103 68343 71563 20285 7690 75982 53637 34400 30376 93365 26867 87229 %n5422 26
27088 48387 56962 76589 30079 65156 48133 43205 92518 7093 22008 9754 78869 40042 21546 8628 87285 33477 39139 39478 69731 90312 22707 71293 15963 5875 %n3971 25
9752 31379 63289 39208 85303 55067 28786 49040 75195 97263 15331 10547 33875 6868 52445 13963 23300 9675 77277 30915 67031 62433 36286 14920 75500 %n6225 22
91017 24251 70533 52319 93827 6084 66441 24543 48583 655 50894 60700 57486 89982 41990 68813 9914 31314 11953 47478 82377 373 %n5317 21
96953 49316 98253 4800 11145 64234 15861 28656 44741 16914 58359 17010 39757 74535 72352 71435 82073 80879 66521 29870 9998 %n299 15
48505 91647 7837 23033 1748 97311 40212 31205 23663 36545 65576 73546 18626 95435 75062 %n9001 18
74285 42113 27425 99991 71066 76211 31371 68153 37087 75316 45347 14809 52086 20437 10921 61875 56879 92534 %n3774 14
16995 55228 85678 96802 97549 97663 9679 71054 45183 87254 88283 8282 86495 63274 %n4114 9
93704 85661 14005 69994 56680 76162 77644 80443 82305 %n7093 11
53319 42997 98173 6851 6531 80180 67742 93705 34835 43472 94438 %n4274 10
76861 66644 14276 29213 48222 57518 32009 30836 41936 34550 %n7882 9
40262 49377 89115 27981 20535 6479 56180 41920 47511 %n7074 8
15158 22018 26183 41088 47437 86286 59387 8746 %n7325 3
89676 2952 42046 %n6062 4
12824 13030 88050 81837 %n1487 7
97881 49734 77804 63461 8499 77062 27911 %n9329 3
63138 25804 28420 %n2410 3
81434 4179 11115 %n9237 5
59012 59970 86040 32072 48317 %n2875 3
75185 42183 98952 %n8493 1
67851 %n251 4
13261 5023 39500 49068 %n7827 2
12334 504 %n5681 0
%n4049 1
76956 %n5682 2
6062 15233 %n4773 0
%n7678 0
%n5481 0
%n1832 1
17832 %n4836 1
40320 %n8019 0
%n4860 1
51482 %n1065 0
%n3950 0
%n6390 0
%n4906 0
%n283 0
%n3654 0
%n3690 1
23820 %n7642 0
%n3659 0
%n1486 0
%n5135 0
%n9304 0
%n822 0
%n4449 0
%n3183 0
%n984 0
%n7098 0
%n1589 0
%n3114 0
%n7104 0
%n122 0
%n13 0
%n4811 0
%n6174 0
%n1644 0
%n8189 0
%n5369 0
%n2095 0
%n4677 0
%n8783 0
%n1652 0
%n619 0
%n5118 0
%n3780 0
%n1781 0
%n1252 0
%n3856 0
%n8566 0
%n8377 0
%n1306 0
%n9379 0
%n6769 0
%n874 0
%n6279 0
%n7567 0
%n7974 0
%n3328 0
%n7054 0
%n5615 0
%n6627 0
%n5485 0
%n1317 0
%n5406 0
%n2303 0
%n2838 0
%n2036 0
%n5838 0
%n8988 0
%n2375 0
%n4280 0
%n5370 0
%n7912 0
%n6905 0
%n3308 0
%n479 0
%n321 0
%n743 0
%n1012 0
%n442 0
%n9423 0
%n1834 0
%n3995 0
%n1311 0
%n6756 0
%n6087 0
%n5385 0
%n5967 0
%n718 0
%n8375 0
%n585 0
%n1584 0
%n1794 0
%n7910 0
%n4639 0
%n4723 0
%n3569 0
%n5651 0
%n3236 0
%n4708 0
%n6267 0
%n6106 0
%n7970 0
%n3620 0
%n8727 0
%n1396 0
%n1494 0
%n706 0
%n4098 0
%n319 0
%n1291 0
%n3865 0
%n5233 0
%n2560 0
%n8410 0
%n1595 0
%n2059 0
%n6834 0
%n7110 0
%n8717 0
%n6257 0
%n3564 0
%n3468 0
%n5265 0
%n1205 0
%n4414 0
%n1443 0
%n254 0
%n3393 0
%n9303 0
%n6264 0
%n120 0
%n2126 0
%n259 0
%n6945 0
%n8598 0
%n6777 0
%n8278 0
%n1996 0
%n7852 0
%n9006 0
%n2499 0
%n2329 0
%n6652 0
%n4312 0
%n235 0
%n6041 0
%n7622 0
%n6131 0
%n9016 0
%n5215 0
%n4431 0
%n3586 0
%n6112 0
%n5396 0
%n9337 0
%n