44
1029 101
34398 48288 54752 67963 26636 98306 1339 31418 61558 51108 96672 55972 53625 76409 83392 5650 26543 90355 45655 75716 53829 56980 77381 58556 79457 80330 75484 71014 96878 92101 65374 59688 42243 64490 42858 31194 81420 97396 51405 29424 42189 63896 85276 39483 88597 4371 69632 92259 58408 39509 86884 1517 34976 72685 36410 47837 2491 73511 25082 52514 22967 12798 44243 56784 43474 83241 4097 5348 86844 71504 45333 87822 68912 61184 58451 33493 31096 80070 19355 68246 84720 423 79428 60813 67444 45796 61506 4860 82551 79038 15738 60778 9831 33843 6340 77571 66444 45190 41684 63683 70946 %n2801 86
24076 46951 34135 25153 1083 77991 50892 11559 76610 58621 40629 92989 6672 54062 66031 93128 9399 63450 75879 20098 42349 48537 8362 69290 33551 72553 23003 52165 76636 16632 41347 91418 69400 97905 59373 16976 69951 2602 10343 21172 30614 53149 44404 95089 88917 41511 7864 8522 42345 61978 95035 58986 63583 19011 26260 56472 30493 13021 79158 50859 24201 17938 77071 88488 30619 87651 88856 91492 40247 51878 17931 51024 11811 76568 40270 57646 99171 68927 27796 48456 98999 54398 90765 36533 67250 57252 %n7748 63
87376 79819 7648 83565 87547 97785 34370 79227 72998 41883 5091 26096 64945 54975 90000 94145 55588 83309 24248 70306 65291 17563 14494 49352 60126 70789 28038 67260 32248 92908 95954 96964 75845 32234 68733 17326 94598 68997 44019 47731 30012 73159 4271 4067 39286 41959 32388 5848 83142 65159 51605 71118 982 88375 15892 31741 89164 73781 49215 71561 55172 38747 2712 %n1973 44
9834 40037 28584 34662 54216 67742 32982 5412 27817 88058 79955 42630 54978 76043 86992 72601 60648 16182 55896 19536 28876 65609 76297 53250 11874 3741 20385 56197 29457 10178 96534 43456 93012 89943 33312 17878 32177 35154 73861 61902 32933 15331 41037 3057 %n3461 46
55540 47237 50511 41956 98400 52737 576 31064 3500 59462 3061 41303 62462 70233 34349 39097 7947 70792 72611 95671 87235 40250 68320 23204 17731 87220 65526 76767 64195 98871 11088 81602 93486 45813 1590 48983 36817 26629 3977 99779 41831 39250 24506 8967 47218 90334 %n5290 36
72604 78616 24671 83404 8277 81603 53388 90629 43194 63853 94082 81793 38574 50770 76716 82407 46195 5375 44254 74480 92918 1690 64580 88282 33499 45242 8946 17044 44697 92419 39911 67746 20070 66219 81499 63628 %n2435 23
57731 35286 72752 87915 48044 12180 22646 55122 78494 24116 93871 87544 76065 60847 83570 88870 57886 42004 90683 67012 41192 99847 43392 %n1030 27
87618 12922 44877 52557 28638 93259 24934 39399 84790 91562 55481 50131 80691 94995 74043 831 34691 2227 81905 51040 46934 72219 69137 24137 52333 16679 73403 %n2458 16
88657 84255 24821 55760 34563 23565 20641 91095 19571 4207 69115 81825 43569 85825 73032 19278 %n8646 18
66914 79296 43634 21880 12627 849 66405 26264 5401 34895 37852 23670 43801 53604 99165 12422 27174 56706 %n7710 15
3585 20696 83285 19293 21250 18581 82259 15643 61546 24687 51358 66839 32633 41411 82698 %n6688 12
13426 28666 46971 87278 21801 79094 71709 72534 20416 68763 73527 67282 %n425 8
12040 24451 99023 50053 81489 93759 10660 88158 %n4063 6
38734 76779 50114 65855 37727 13419 %n3434 5
93538 50341 54956 60269 93541 %n4462 5
56262 7222 6584 90134 48483 %n4121 4
32361 12318 50860 24811 %n6438 4
31244 31972 76175 28743 %n8120 2
44845 24541 %n4487 1
87379 %n1219 3
1648 69560 95342 %n7078 5
48022 37845 28285 45441 87093 %n8393 2
25008 85716 %n2864 2
20889 76118 %n1269 0
%n2573 1
43958 %n2226 0
%n3281 0
%n6742 0
%n3038 0
%n5708 0
%n2631 0
%n1248 0
%n627 0
%n1866 0
%n5967 0
%n6120 0
%n8849 0
%n3607 0
%n3633 0
%n5155 0
%n2932 0
%n1258 0
%n2683 0
%n