59
164 64
20735 36198 22388 530 8406 34690 23905 5970 41739 41971 30471 10943 8491 28567 31374 33460 19368 293 10701 23220 23750 17016 13495 24288 1810 16613 22980 32854 9333 16699 12604 38077 22855 34610 11202 10269 10767 35945 30799 17786 36217 10842 17612 12084 4474 10569 30450 15264 5626 38906 853 23213 10602 20303 8441 25051 26504 32693 40261 33277 27938 4690 33509 9592 %n192 12
10698 2959 20580 10594 41615 36207 26441 26927 31000 32502 27000 389 %n201 4
38884 17482 113 20006 %n94 1
10900 %n17 0
%n25 0
%n136 0
%n144 1
3169 %n197 0
%n80 0
%n68 0
%n153 0
%n39 0
%n102 0
%n157 0
%n185 0
%n48 0
%n204 0
%n122 0
%n2 0
%n27 0
%n212 0
%n99 0
%n171 0
%n0 0
%n207 0
%n9 0
%n50 0
%n79 0
%n69 0
%n222 0
%n211 0
%n186 0
%n36 0
%n163 0
%n159 0
%n180 0
%n41 0
%n91 0
%n188 0
%n12 0
%n84 0
%n170 0
%n13 0
%n45 0
%n226 0
%n66 0
%n133 0
%n114 0
%n98 0
%n145 0
%n73 0
%n219 0
%n47 0
%n175 0
%n152 0
%n44 0
%n203 0
%n156 0
%n