198
1606 250
80525 72768 43162 41719 64458 32693 36688 58039 11472 8186 8473 68452 14628 42397 51803 76903 2326 902 73713 44142 48353 24140 16737 10163 68673 52572 15114 80838 5616 37993 15209 21631 1510 65898 14829 37363 6974 62372 13849 80415 80039 36603 17584 76550 50815 44062 51243 28812 76270 8393 77210 6464 39020 45966 56870 54853 62481 56591 50667 72876 13879 78232 7078 21166 8354 21355 72684 21443 35412 60974 43711 41600 78197 26435 72896 77082 64072 27795 14121 11215 31805 34017 18859 52447 16869 68091 34421 35550 80221 73276 1486 62648 62021 42235 42522 6253 23594 28379 19756 41067 21156 39134 57727 40844 9408 26040 54106 54310 43402 34299 33878 34202 70268 40086 10349 27611 43518 34963 28663 24256 62011 27384 24209 71829 69207 9135 44658 10640 57995 15873 34776 80702 9141 53731 770 62937 76451 67012 31420 899 47364 25894 67882 19086 17229 4551 64552 5213 48248 9389 67737 23467 27011 14426 27167 74320 59911 54126 64327 33603 30756 73933 17998 60911 27376 76782 44089 43047 40323 1686 494 35654 4364 51288 21753 40539 14734 17850 73715 66841 20666 49400 54543 65613 3108 23984 67890 36883 42372 22632 22799 43230 7456 39453 19416 28814 27212 47475 71978 81147 39387 38311 78664 60008 29397 11629 45967 75884 69515 42787 77179 62504 18030 60126 53807 53027 25181 52974 45977 21084 13974 13018 59407 15221 56500 31590 56212 19336 33585 77591 77188 31566 46374 26643 2291 25532 1825 70545 49645 14860 81382 13366 74413 50489 34330 60832 35102 67895 7618 52150 %n3473 30
17608 57325 186 56577 12499 23736 1466 67110 78130 41179 38538 20382 66915 28030 68747 53642 12167 50018 23680 43912 3887 60552 46762 35130 16716 75799 35293 26186 47339 18646 %n2201 6
29003 18396 48111 2674 38235 57206 %n2554 1
8329 %n1757 1
6300 %n1995 0
%n3466 0
%n598 0
%n952 0
%n2862 0
%n1813 0
%n582 0
%n3174 0
%n791 0
%n290 0
%n368 0
%n1823 0
%n2770 0
%n2085 0
%n3348 0
%n3611 0
%n1820 0
%n687 0
%n1394 0
%n718 0
%n243 0
%n1948 0
%n376 0
%n2782 0
%n685 0
%n1466 0
%n1263 0
%n2279 0
%n3695 0
%n1554 0
%n812 0
%n3991 0
%n2378 0
%n760 0
%n1541 0
%n2939 0
%n696 0
%n1091 0
%n1509 0
%n2716 0
%n2179 0
%n2698 0
%n3519 0
%n3497 0
%n3540 0
%n2854 0
%n1865 0
%n2399 0
%n928 0
%n842 0
%n3231 0
%n1758 0
%n3037 0
%n753 0
%n2999 0
%n2584 0
%n3216 0
%n2305 0
%n3149 0
%n496 0
%n1848 0
%n1525 0
%n3985 0
%n2760 0
%n3816 0
%n2119 0
%n2375 0
%n2701 0
%n3688 0
%n1385 0
%n14 0
%n250 0
%n105 0
%n691 0
%n3778 0
%n2996 0
%n2185 0
%n1919 0
%n3787 0
%n3596 0
%n457 0
%n1929 0
%n832 0
%n3307 0
%n3522 0
%n2301 0
%n1360 0
%n2654 0
%n3205 0
%n1539 0
%n1753 0
%n609 0
%n2238 0
%n3547 0
%n1273 0
%n3062 0
%n3923 0
%n628 0
%n3905 0
%n2176 0
%n2952 0
%n2086 0
%n3361 0
%n3768 0
%n2780 0
%n890 0
%n3545 0
%n883 0
%n776 0
%n2946 0
%n589 0
%n751 0
%n3213 0
%n611 0
%n1616 0
%n854 0
%n2424 0
%n2205 0
%n555 0
%n234 0
%n1781 0
%n1141 0
%n2878 0
%n3887 0
%n1434 0
%n1094 0
%n3489 0
%n3521 0
%n1534 0
%n3422 0
%n3584 0
%n1735 0
%n1437 0
%n722 0
%n1040 0
%n900 0
%n434 0
%n144 0
%n2089 0
%n2059 0
%n973 0
%n891 0
%n1624 0
%n3667 0
%n3221 0
%n2448 0
%n381 0
%n2901 0
%n2694 0
%n377 0
%n1115 0
%n2987 0
%n1566 0
%n1632 0
%n3737 0
%n2370 0
%n931 0
%n620 0
%n2167 0
%n2052 0
%n2256 0
%n3036 0
%n1043 0
%n1220 0
%n847 0
%n1955 0
%n1223 0
%n2462 0
%n1630 0
%n3786 0
%n2997 0
%n840 0
%n557 0
%n3458 0
%n2883 0
%n3278 0
%n3672 0
%n2579 0
%n2781 0
%n1704 0
%n565 0
%n157 0
%n3330 0
%n2721 0
%n1255 0
%n1854 0
%n3710 0
%n1248 0
%n543 0
%n809 0
%n1457 0
%n1982 0
%n2163 0
%n