233
1216 270
7690 49881 28926 14005 47070 50366 91086 59005 54540 71491 17618 92391 37150 45422 20868 65507 56726 34461 16397 63839 96098 41344 35963 12344 36839 25697 33197 8518 86445 16530 77067 83522 82104 22843 44002 88857 50544 63211 48400 68648 44258 25205 43957 7874 68609 72624 48330 8928 4013 76463 62826 47892 9159 78401 24550 21591 76595 9864 6090 92837 61198 51011 79161 33506 85017 29993 19463 76598 47111 52151 17184 74531 13117 74146 94461 86734 94475 62584 70754 92618 77577 98661 49679 56040 22754 40204 76970 31636 87831 12703 30019 59533 7395 29344 60514 62773 96989 80633 40045 54876 14296 93255 9105 81820 90069 39796 5561 98482 70529 82878 41152 47996 47731 82704 28379 16565 69880 74911 71313 31726 80011 72601 78307 23341 39329 73294 43276 51987 42736 97332 14099 26717 61201 43615 54132 22643 67826 35850 32927 85806 60052 972 443 96050 90685 50067 17227 4185 28612 86609 85445 15360 37613 30246 89458 50824 76736 97956 48743 16988 37121 79567 50071 46569 86164 52045 96713 157 48428 7312 54619 21850 29283 99140 85887 23315 53604 85490 3995 20633 81383 22891 48566 85714 3053 46383 61157 73887 27015 33947 40495 82259 88591 19759 16892 20759 45507 43089 42522 90662 58464 5689 29033 75409 92696 14728 58452 20113 35422 83331 87374 74287 76550 10272 95383 46905 55312 66281 26256 98974 28305 36920 3961 93499 28617 3415 85346 21719 25811 43138 59693 32765 27556 9259 86716 37915 88053 42272 57484 98478 88445 68864 93133 98363 20632 14681 41308 52823 69740 85528 43368 64740 54247 80088 65685 99027 87074 85985 16897 8187 1599 1739 88937 40635 16496 73177 65201 71005 37601 79000 %n1512 117
40521 50788 39226 86904 69172 54347 62327 79387 25009 68901 70038 45656 30329 83235 38804 25380 10490 25743 81452 95447 85672 46274 80680 99258 59238 24946 56714 23855 36568 59651 45573 36636 23029 78182 61834 91331 68063 860 82265 60901 8135 23008 14627 35363 75081 79215 20127 65148 62156 66585 31354 1296 83174 40046 7265 20850 52836 61983 298 69117 83046 34844 41072 14088 48781 93833 33888 77854 23432 82802 28962 42799 7705 32844 55330 80293 25122 14748 71644 24150 67450 33961 79222 11255 59479 33299 13990 56418 9557 36906 74808 91373 68683 22158 80779 58905 20337 24185 64515 33812 80704 77975 97975 68587 19168 67488 90757 88717 24765 76599 77377 65660 96038 53221 39666 17111 73362 %n2953 42
29767 68631 35749 92954 30096 21103 95023 3912 61170 40097 45064 21792 98539 55071 7833 7488 89638 90843 92946 69725 87994 20934 47933 89802 47800 61777 12222 3642 67244 22415 86994 69133 74333 83648 13756 60022 67048 54669 70932 74251 75941 503 %n2112 20
79850 60991 95414 52878 78683 30427 5387 53989 33657 82231 12591 80605 84954 86075 92832 58715 28185 19499 82111 21277 %n1785 4
14717 80209 16997 42077 %n1062 7
91806 71151 64497 75608 510 2530 88181 %n1986 2
62534 14094 %n3405 2
21280 35018 %n2169 0
%n372 1
92110 %n2708 0
%n279 0
%n3531 0
%n2210 0
%n2590 0
%n3672 0
%n301 0
%n710 0
%n2131 0
%n3077 0
%n3675 0
%n1133 0
%n3334 0
%n3608 0
%n930 0
%n3184 0
%n1460 0
%n3509 0
%n1668 0
%n868 0
%n231 0
%n861 0
%n1679 0
%n3095 0
%n794 0
%n2500 0
%n192 0
%n713 0
%n2314 0
%n988 0
%n1942 0
%n1869 0
%n2113 0
%n3365 0
%n910 0
%n2060 0
%n2771 0
%n1435 0
%n1611 0
%n401 0
%n699 0
%n411 0
%n829 0
%n1187 0
%n648 0
%n468 0
%n293 0
%n2026 0
%n3242 0
%n2264 0
%n1902 0
%n2928 0
%n3460 0
%n2175 0
%n1341 0
%n897 0
%n675 0
%n435 0
%n1599 0
%n1397 0
%n3238 0
%n2078 0
%n1508 0
%n2679 0
%n1417 0
%n3584 0
%n2218 0
%n1239 0
%n1581 0
%n864 0
%n2395 0
%n2673 0
%n2238 0
%n96 0
%n1720 0
%n3041 0
%n3283 0
%n2735 0
%n2243 0
%n2295 0
%n1736 0
%n130 0
%n3278 0
%n824 0
%n368 0
%n2904 0
%n1737 0
%n2924 0
%n2435 0
%n932 0
%n3369 0
%n2615 0
%n1726 0
%n1369 0
%n2835 0
%n2049 0
%n1577 0
%n1192 0
%n2903 0
%n3574 0
%n3211 0
%n2503 0
%n2608 0
%n1730 0
%n2866 0
%n2326 0
%n3068 0
%n797 0
%n2591 0
%n2287 0
%n2742 0
%n273 0
%n416 0
%n1308 0
%n2402 0
%n3510 0
%n1626 0
%n1977 0
%n2976 0
%n2991 0
%n569 0
%n3162 0
%n3121 0
%n532 0
%n3033 0
%n3080 0
%n1446 0
%n1912 0
%n990 0
%n609 0
%n1241 0
%n1184 0
%n222 0
%n1711 0
%n2578 0
%n2477 0
%n2115 0
%n2494 0
%n700 0
%n2240 0
%n3043 0
%n2999 0
%n1262 0
%n495 0
%n2376 0
%n2123 0
%n502 0
%n1323 0
%n2086 0
%n188 0
%n1189 0
%n3268 0
%n119 0
%n448 0
%n1412 0
%n169 0
%n3503 0
%n1400 0
%n3564 0
%n3007 0
%n1702 0
%n1206 0
%n2124 0
%n3435 0
%n110 0
%n376 0
%n923 0
%n7 0
%n1535 0
%n1725 0
%n2288 0
%n2992 0
%n2709 0
%n2536 0
%n1475 0
%n2393 0
%n2857 0
%n2442 0
%n300 0
%n177 0
%n1295 0
%n3397 0
%n1967 0
%n2833 0
%n577 0
%n1598 0
%n1671 0
%n515 0
%n1083 0
%n2024 0
%n1842 0
%n166 0
%n3078 0
%n1479 0
%n3110 0
%n3595 0
%n2555 0
%n3674 0
%n3648 0
%n2730 0
%n3054 0
%n3505 0
%n1318 0
%n2388 0
%n758 0
%n1880 0
%n2910 0
%n2569 0
%n3274 0
%n1553 0
%n3647 0
%n3468 0
%n84 0
%n1038 0
%n1003 0
%n1195 0
%n711 0
%n2751 0
%n2588 0
%n36 0
%n350 0
%n2227 0
%n805 0
%n