503
871 129
50984 30983 24984 88889 63592 7584 67319 61106 61436 76580 61290 26609 29528 8035 96943 67595 17915 35287 53488 4830 20748 52180 59884 41895 37801 74139 51004 29808 50366 95142 38399 24898 77945 98420 10157 79122 9752 68644 84014 61062 91855 95473 27538 73002 69375 48021 20429 81992 9646 6522 60423 80685 63891 90673 67074 35158 59961 24643 77609 65011 69854 69564 79682 1071 57560 35315 99994 1185 97877 38495 61819 31759 35000 53752 31674 73694 84964 87462 39499 2181 86553 33342 94556 83937 45810 71671 6506 57336 56768 5105 2492 70868 2009 5513 76957 6655 795 51154 30271 12326 5787 457 36303 67839 18364 23590 52512 76527 56004 4908 86342 45950 1885 25182 14897 18341 14801 89934 79298 19606 94607 7191 78118 69226 30835 48765 28009 85836 25773 %n3215 102
23679 29626 44982 59127 21790 90628 20110 49340 47656 39076 16973 28213 75055 95305 34635 41493 45927 92638 34539 74019 28878 82467 32644 16612 34197 36606 77131 41608 91641 35136 97876 94525 70597 49600 7707 65596 60136 68434 55487 5848 6889 61768 97660 66631 56216 52840 45572 34162 36038 77683 66964 75142 18599 75574 49938 4588 31931 82620 57590 56651 75846 26268 1149 21334 58403 30745 776 96958 95118 28182 58730 19045 40853 9080 93755 61795 74333 33086 50357 60803 88755 2401 51549 2269 51203 37986 42271 7116 24503 92873 29592 27723 67179 86157 56214 3503 31936 93208 81160 86791 58999 53520 %n5200 86
4939 49371 63273 96660 31933 99440 19362 55952 3803 41744 15047 10452 16145 54967 81203 15617 44558 63175 13389 13301 60517 70421 79083 41084 92712 36982 10008 86438 25395 5243 140 99847 44255 17933 91601 79350 80724 376 82876 19522 85085 53193 69851 67399 59381 57058 51285 48860 46215 84055 24170 95983 46318 42091 83886 18658 47780 90670 7168 52016 80149 64183 58151 51334 48279 91466 99354 80361 79736 3049 65082 31608 2924 17336 78934 13619 34586 56491 72421 89537 755 23337 29641 61008 64381 83044 %n6629 77
91090 8118 1659 81911 38772 78249 30948 87903 47517 35404 78759 61985 48076 22244 12913 96531 79412 85446 40479 49224 87621 54486 87583 79693 68361 29889 75065 56708 82320 7339 76132 41282 4602 11652 40495 11531 61438 95066 2071 88094 17487 86240 55810 44121 86236 15392 71589 98726 2107 99344 79399 90422 86217 11657 57164 11874 49930 74763 6709 32583 26026 98457 32106 76231 46723 4078 66789 65995 72016 52462 75023 92801 69273 74983 48401 94446 41465 %n5523 53
33178 36421 55767 3047 98747 71851 48169 5951 94022 32786 45844 95778 39829 25771 17373 45075 71600 11793 44909 60342 88080 18729 81076 73408 82340 38675 43951 95727 33373 10848 17370 3533 30235 58018 31509 30522 28864 13767 69018 63629 54505 14436 59865 3241 6784 58273 42257 47508 63102 99834 36976 72260 39966 %n3333 45
67262 59305 21289 20413 75664 30705 96653 86861 38011 60678 72909 81288 15714 91853 79114 99839 12410 98047 96221 3648 54493 7633 65624 96262 5029 82739 32157 54470 98065 67998 83309 93276 76916 42737 85876 10863 37968 86979 16844 23702 77866 14322 3679 35656 1966 %n6719 36
96193 47692 58795 61574 16250 2658 69101 13203 83704 44787 29603 61390 50231 69209 34535 41236 14491 6682 3083 90860 58022 54329 58440 73151 82659 88541 94622 40504 82368 20475 45999 80729 92328 4855 18926 91754 %n947 39
96331 8582 64366 70474 48959 70790 79250 66591 1047 19461 92256 29453 78301 32977 82142 57974 65464 70783 47138 14246 48652 16566 12 45741 67392 76343 88376 11689 65402 94295 70871 78195 43835 75886 3767 9123 17763 13099 98256 %n2221 28
12264 40139 55270 9201 30026 69894 22478 3780 46645 93930 20828 68515 78953 48060 3714 62686 27446 32547 47823 75426 8156 64423 91281 20113 41304 14125 65479 1411 %n161 22
63945 50496 94971 42133 34793 23558 67923 31969 80869 2122 31120 76155 33687 66025 3967 12936 98817 17569 23581 98112 34477 92860 %n7642 14
87848 46534 92943 93811 54355 33692 95039 5169 7848 52338 8668 48517 59859 27083 %n3781 11
59744 75271 30467 91395 99188 62433 6379 22135 99174 45772 77054 %n1325 12
75425 42042 82695 24346 86118 94983 96009 80530 16029 48501 76248 96191 %n2235 9
72012 83572 16137 18802 82271 64567 31744 88835 54026 %n2921 8
95492 48908 24474 34326 93647 56250 65576 67153 %n2861 5
22903 70880 62795 15283 26651 %n1879 9
33234 76389 51876 8432 7915 66686 61554 65014 95729 %n1984 3
61238 17197 89275 %n6966 3
38355 6647 7446 %n6235 3
68240 88961 2266 %n2137 2
36523 34930 %n4460 2
4582 68180 %n6873 1
69423 %n2412 1
9402 %n7579 0
%n424 2
37483 55471 %n4558 0
%n2951 0
%n4204 3
35816 98147 24241 %n4485 2
41188 91827 %n7472 0
%n5693 0
%n4074 0
%n1090 0
%n2202 0
%n6919 0
%n6109 0
%n3627 0
%n7261 0
%n5069 0
%n287 0
%n5805 0
%n6411 0
%n1944 0
%n7362 0
%n2348 0
%n6882 0
%n3883 0
%n7543 0
%n3834 0
%n7633 0
%n5138 0
%n7058 0
%n3406 0
%n1758 0
%n5607 0
%n3337 0
%n6939 0
%n1687 0
%n4384 0
%n5537 0
%n228 0
%n1915 0
%n4568 0
%n6216 0
%n7376 0
%n2772 0
%n4215 0
%n2765 0
%n6460 0
%n2265 0
%n4252 0
%n6690 0
%n5189 0
%n4802 0
%n4788 0
%n4292 0
%n2659 0
%n5043 0
%n358 0
%n5844 0
%n7687 0
%n1420 0
%n4997 0
%n513 0
%n6554 0
%n4417 0
%n159 0
%n4056 0
%n1643 0
%n1589 0
%n4104 0
%n6222 0
%n5022 0
%n2183 0
%n6266 0
%n2511 0
%n3165 0
%n7421 0
%n5269 0
%n1531 0
%n1668 0
%n6635 0
%n6153 0
%n4225 0
%n2652 0
%n799 0
%n1240 0
%n6025 0
%n1461 0
%n3583 0
%n3523 0
%n6073 0
%n4627 0
%n7465 0
%n6326 0
%n1498 0
%n5090 0
%n929 0
%n7726 0
%n7433 0
%n3711 0
%n3439 0
%n7764 0
%n3536 0
%n5470 0
%n6962 0
%n3497 0
%n4234 0
%n488 0
%n4168 0
%n5728 0
%n1558 0
%n7657 0
%n5533 0
%n1394 0
%n1564 0
%n7009 0
%n325 0
%n1494 0
%n2525 0
%n5988 0
%n54 0
%n2392 0
%n68 0
%n2250 0
%n1943 0
%n3921 0
%n7628 0
%n5207 0
%n1002 0
%n6890 0
%n7740 0
%n845 0
%n1977 0
%n1159 0
%n4872 0
%n1787 0
%n92 0
%n5504 0
%n4947 0
%n3518 0
%n5421 0
%n219 0
%n1979 0
%n3713 0
%n3144 0
%n2082 0
%n5694 0
%n1666 0
%n4674 0
%n7275 0
%n7028 0
%n57 0
%n6200 0
%n6510 0
%n6645 0
%n1483 0
%n4770 0
%n7610 0
%n700 0
%n3994 0
%n4313 0
%n63 0
%n6381 0
%n7496 0
%n4312 0
%n2637 0
%n5098 0
%n1927 0
%n4425 0
%n3284 0
%n7611 0
%n721 0
%n3932 0
%n2432 0
%n116 0
%n1513 0
%n7317 0
%n7668 0
%n492 0
%n7712 0
%n6227 0
%n3851 0
%n7260 0
%n6209 0
%n1168 0
%n4247 0
%n232 0
%n1807 0
%n7303 0
%n4566 0
%n1147 0
%n4862 0
%n4626 0
%n2702 0
%n416 0
%n5774 0
%n3769 0
%n1195 0
%n6660 0
%n3310 0
%n3986 0
%n6571 0
%n1567 0
%n337 0
%n4137 0
%n4480 0
%n973 0
%n5383 0
%n4430 0
%n1881 0
%n4484 0
%n110 0
%n2160 0
%n3997 0
%n4229 0
%n7596 0
%n2819 0
%n5085 0
%n984 0
%n3138 0
%n2804 0
%n1664 0
%n5310 0
%n4125 0
%n6771 0
%n5360 0
%n3825 0
%n6086 0
%n1623 0
%n5057 0
%n5179 0
%n2335 0
%n5097 0
%n1304 0
%n4735 0
%n5326 0
%n5683 0
%n6471 0
%n1482 0
%n1321 0
%n3126 0
%n6532 0
%n7363 0
%n1409 0
%n4254 0
%n2131 0
%n3103 0
%n6576 0
%n4402 0
%n1861 0
%n4870 0
%n6268 0
%n1020 0
%n251 0
%n5913 0
%n3468 0
%n2726 0
%n425 0
%n151 0
%n1130 0
%n4142 0
%n1344 0
%n2995 0
%n1965 0
%n6662 0
%n5518 0
%n386 0
%n7282 0
%n2578 0
%n1323 0
%n6922 0
%n7344 0
%n4725 0
%n6211 0
%n5232 0
%n7752 0
%n2283 0
%n2326 0
%n1742 0
%n7196 0
%n4042 0
%n5744 0
%n341 0
%n1361 0
%n4391 0
%n5464 0
%n181 0
%n2848 0
%n7319 0
%n2976 0
%n280 0
%n2122 0
%n3220 0
%n3423 0
%n3647 0
%n2344 0
%n932 0
%n3328 0
%n6631 0
%n6875 0
%n1373 0
%n4730 0
%n5497 0
%n6715 0
%n5527 0
%n7103 0
%n6977 0
%n3516 0
%n2301 0
%n3531 0
%n7595 0
%n1952 0
%n2660 0
%n7121 0
%n6011 0
%n7110 0
%n7795 0
%n4241 0
%n3193 0
%n5528 0
%n4256 0
%n6181 0
%n7022 0
%n5486 0
%n2113 0
%n3373 0
%n2228 0
%n7076 0
%n3974 0
%n1025 0
%n2274 0
%n4996 0
%n4991 0
%n6115 0
%n4966 0
%n2299 0
%n4779 0
%n2964 0
%n6386 0
%n6363 0
%n3358 0
%n943 0
%n4175 0
%n1429 0
%n1532 0
%n7259 0
%n2666 0
%n921 0
%n5751 0
%n841 0
%n2935 0
%n2580 0
%n5496 0
%n5048 0
%n3795 0
%n4030 0
%n4775 0
%n5602 0
%n6240 0
%n478 0
%n2970 0
%n1403 0
%n2396 0
%n2656 0
%n5853 0
%n616 0
%n5998 0
%n3162 0
%n6167 0
%n6171 0
%n6601 0
%n4167 0
%n1864 0
%n3053 0
%n7674 0
%n4833 0
%n7480 0
%n3500 0
%n4191 0
%n2962 0
%n6983 0
%n1052 0
%n964 0
%n6609 0
%n2319 0
%n6158 0
%n1331 0
%n3164 0
%n5776 0
%n44 0
%n5180 0
%n3245 0
%n6366 0
%n6766 0
%n3616 0
%n3133 0
%n6372 0
%n4676 0
%n5471 0
%n3513 0
%n53 0
%n4325 0
%n5878 0
%n2678 0
%n4148 0
%n6050 0
%n2749 0
%n1611 0
%n1967 0
%n7037 0
%n3378 0
%n4823 0
%n1049 0
%n58 0
%n5772 0
%n2721 0
%n3151 0
%n4681 0
%n1402 0
%n5836 0
%n7252 0
%n928 0
%n6135 0
%n3362 0
%n5309 0
%n5858 0
%n3969 0
%n3041 0
%n4502 0
%n4611 0
%n6108 0
%n5784 0
%n924 0
%n5278 0
%n6496 0
%n6333 0
%n2532 0
%n3793 0
%n6758 0
%n2212 0
%n4515 0
%n295 0
%n1893 0
%n4757 0
%n453 0
%n3495 0
%n6114 0
%n5082 0
%n5673 0
%n2533 0
%n4780 0
%n7736 0
%n777 0
%n3561 0
%n6697 0
%n6930 0
%n3901 0
%n3721 0
%n3188 0
%n5104 0
%n3278 0
%n3904 0
%n7281 0
%n4466 0
%n1328 0
%n5667 0
%n1460 0
%n2393 0
%n1792 0
%n1231 0
%n1213 0
%n6305 0
%n6791 0
%n3773 0
%n4894 0
%n958 0
%n1264 0
%n2548 0
%n3704 0
%n215 0
%n4903 0
%n