191
4550 18
9296 27523 45514 5692 25124 21195 25250 15875 37409 20583 29284 33831 35768 15510 17300 30159 15091 60102 %n2130 16
47143 2957 27978 3462 57231 16391 25938 26674 41952 36989 48741 21496 56324 41954 27421 14243 %n381 15
46411 28415 37378 13178 38242 202 13142 41723 20844 44655 37663 6099 23443 44459 49577 %n2158 13
11071 10990 13965 4050 9826 23544 45575 59468 29013 30168 40271 39715 16523 %n2171 13
21436 7431 28375 55389 5426 14297 53591 57272 51463 21933 15755 35669 46643 %n6008 15
37132 1075 38519 29336 25915 22336 19067 3518 3212 49170 51414 7917 60596 58491 61106 %n5960 12
20704 51700 17138 29988 49387 45260 48481 15593 55823 27849 19464 1080 %n4747 11
49102 9729 50375 26296 36625 43015 33976 2200 11656 33194 54750 %n4822 7
50776 23127 45578 42081 3498 22987 5033 %n1817 10
58863 6883 31039 58486 51568 34877 49832 36779 41316 55772 %n5117 9
2071 55873 23581 52080 5813 28031 6016 22544 30924 %n4279 11
30386 26082 41096 33918 25531 52141 14339 36399 25067 53312 32749 %n423 11
44225 49123 59242 1379 29440 30317 3178 25979 28605 19222 39219 %n6468 5
22109 18142 22117 2880 36177 %n5115 5
53056 21167 42450 57256 51924 %n2105 4
60340 55480 30684 2660 %n4816 8
13570 45090 44206 32689 6191 583 43803 44930 %n405 7
50696 36887 46954 37269 36737 22337 14955 %n5475 5
59075 7532 13937 12169 54945 %n5853 6
37140 38489 20527 32450 23463 2297 %n4366 7
22010 55017 10967 45368 52285 40855 12809 %n4005 7
21850 33958 13265 47269 41733 39597 55943 %n3055 3
60752 2739 20480 %n3961 6
53708 37407 36144 37284 28692 279 %n3730 4
10781 35935 52802 59658 %n1311 2
44741 33473 %n4501 1
55654 %n5889 0
%n648 2
36345 60289 %n6075 3
3814 44553 12119 %n3749 1
6533 %n6360 5
36541 42867 60858 5928 1859 %n3969 2
38880 61192 %n903 1
36167 %n322 0
%n6051 3
43242 42041 4822 %n5899 2
43992 42620 %n3048 0
%n255 2
30128 12995 %n6452 1
42561 %n725 1
25849 %n3322 0
%n5891 2
1318 5245 %n785 0
%n3357 0
%n2567 0
%n505 0
%n2846 1
3631 %n6419 1
3481 %n670 1
32478 %n4535 0
%n2658 0
%n484 1
48519 %n6601 1
4737 %n4615 0
%n4305 0
%n834 0
%n6585 0
%n3459 0
%n1710 2
1309 31515 %n6640 0
%n938 0
%n5052 0
%n5692 2
6140 21210 %n4324 0
%n2205 0
%n2258 0
%n3332 0
%n2172 0
%n4944 0
%n1661 0
%n4880 0
%n4380 1
57906 %n3342 0
%n4196 1
53802 %n6150 0
%n3661 0
%n4993 0
%n4821 0
%n6650 0
%n4021 0
%n5595 0
%n6751 0
%n1878 0
%n2408 0
%n2401 0
%n1743 1
28283 %n1098 0
%n3298 0
%n1400 0
%n3163 0
%n1099 0
%n6366 0
%n3632 0
%n1378 0
%n2394 0
%n27 0
%n5907 0
%n4358 0
%n1829 0
%n5384 0
%n5963 0
%n3403 0
%n4323 0
%n3527 0
%n4490 0
%n4727 0
%n269 0
%n5614 0
%n809 0
%n1081 0
%n5943 0
%n3812 0
%n1158 0
%n526 0
%n506 0
%n6232 0
%n730 0
%n64 0
%n130 0
%n6638 0
%n6374 0
%n4985 0
%n5773 0
%n3512 0
%n2203 0
%n3149 0
%n6256 0
%n850 0
%n5513 0
%n3140 0
%n16 0
%n6044 0
%n1794 0
%n4349 0
%n3323 0
%n1063 0
%n4389 0
%n4301 0
%n5320 0
%n3885 0
%n167 0
%n349 0
%n6283 0
%n1675 0
%n5009 0
%n6270 0
%n6190 0
%n3453 0
%n397 0
%n3219 0
%n1926 0
%n6399 0
%n4739 0
%n4889 0
%n4901 0
%n2252 0
%n2969 0
%n2062 0
%n4542 0
%n5029 0
%n4283 0
%n4184 0
%n3284 0
%n3293 0
%n2135 0
%n3639 0
%n2968 0
%n5672 0
%n2863 0
%n1195 0
%n6546 0
%n2327 0
%n5641 0
%n1692 0
%n2955 0
%n2819 0
%n4241 0
%n2502 0
%n1681 0
%n5157 0
%n4678 0
%n2766 0
%n1362 0
%n4066 0
%n4520 0
%n5241 0
%n2998 0
%n4445 0
%n1367 0
%n1043 0
%n