301
5724 132
94019 36785 66733 91585 20286 54724 46934 16891 27658 11200 93375 47193 96024 4164 13269 23683 33571 99451 87728 9083 21431 13099 69413 29162 45301 57515 68916 71805 65813 74268 54381 79410 68233 79561 5927 48844 31955 47612 92825 1980 79779 43228 62281 24028 23559 41436 38916 98383 98880 86517 65151 66610 94909 76723 68526 3146 46112 95550 52926 14178 30972 60873 15226 42526 23599 34364 67883 33236 77329 22951 81852 97484 84660 35222 49508 91195 29102 25010 23434 96184 63944 19960 64462 84318 29237 55832 71623 16298 17458 56585 79228 45398 54854 61831 1143 45158 41402 67173 74144 95737 42570 24750 85434 4806 5190 25607 87122 35925 42474 57472 15075 98868 48936 72805 66269 41017 93177 9020 53971 52535 49162 36849 92995 51725 2412 23179 56903 5292 72421 77725 53966 28229 %n303 104
28163 21067 57556 19279 23990 19780 28142 46693 55 29725 50942 19877 53980 44488 93533 47713 21611 44506 34348 49062 10735 44500 87086 69537 93760 43365 18113 26444 49230 67726 79357 10111 17052 79394 17108 21590 31629 57448 20942 50321 59880 55110 47210 7770 80000 59249 86789 14728 97721 10882 19399 88481 74533 25558 98743 58824 41821 27314 64421 71028 2101 60844 84904 63979 86710 94115 11060 41432 69604 96794 52116 87235 17229 77480 65690 26428 44242 62074 4751 48136 66922 38144 87370 84389 37268 9072 34046 80706 16727 9981 72300 95415 48464 90397 79302 68088 88809 23283 62476 24711 46509 82550 32114 76589 %n3310 78
26832 83843 47966 36845 19286 22853 7666 86257 38366 5499 93942 63940 83427 42158 48472 89073 94606 9314 83746 49140 98963 83101 31984 18190 69622 89761 57200 3523 32038 74145 60282 71440 81721 72502 92963 84715 71084 68663 57097 91086 52001 24111 21813 29342 8995 71616 67844 87223 24432 50802 42333 20501 17938 91482 4980 93106 72670 12351 68337 70857 24860 42653 7292 92394 3800 51854 1053 31906 6889 68115 73949 53218 27171 43334 57391 89043 80175 72745 %n685 58
78149 26099 46253 82930 82982 44979 30572 4720 7761 93238 90891 64921 65884 42198 96503 4026 5222 63260 43738 3249 8969 95203 56329 63547 18107 18550 59354 45830 82432 18795 92828 45372 96755 24402 16572 36525 3223 23215 30570 39003 69012 34865 49290 14809 6570 26550 48091 45042 65318 13867 89974 97147 76501 94729 98935 8351 67259 27835 %n3627 42
94157 26467 58804 41637 82979 92256 65440 86659 62925 24604 3752 53932 21373 60128 28566 15673 77475 7586 82573 804 43774 50636 88731 5638 99404 49951 65088 31654 84379 86633 72550 84510 18395 89306 61428 38191 95209 88418 4398 42388 26523 3075 %n837 27
86790 28400 72179 34248 42631 4298 49749 9975 61348 86601 67249 84859 41366 85289 26603 23970 66002 2933 95911 53091 89479 78180 27697 46758 22646 71583 49288 %n2370 24
27494 74513 12473 13391 13950 59530 8214 45717 96824 3737 6419 33144 60328 95411 35264 51553 67583 87440 75561 42957 49683 22678 12348 41987 %n5437 13
17668 84750 29400 30328 38594 52000 4017 89120 35243 38170 61698 40059 32752 %n37 10
68147 44747 14408 59779 20367 90554 86816 87872 78504 22712 %n6642 12
88788 42560 80569 69969 73059 67838 5367 37824 51895 23692 17627 51721 %n4490 7
28221 30477 50457 57136 17216 43651 33603 %n3733 6
46140 31196 87629 97140 90613 11414 %n2163 0
%n6287 4
83841 17801 11372 47257 %n1449 1
83516 %n5651 0
%n6957 0
%n2719 0
%n6000 1
71014 %n695 1
26377 %n408 1
3250 %n6697 0
%n1986 0
%n2786 0
%n223 0
%n1500 0
%n6432 0
%n2120 1
46916 %n2756 0
%n6753 0
%n6733 0
%n6304 0
%n5726 0
%n7040 0
%n2969 0
%n1112 0
%n6027 0
%n6489 0
%n6439 0
%n7380 0
%n3515 0
%n612 0
%n3265 0
%n7458 0
%n2085 0
%n68 0
%n5833 0
%n3780 0
%n5925 0
%n3212 0
%n4126 0
%n1514 0
%n5711 0
%n2944 0
%n1046 0
%n4647 0
%n2609 0
%n5461 0
%n1163 0
%n5783 0
%n7132 0
%n7540 0
%n6993 0
%n3380 0
%n7577 0
%n1349 0
%n7286 0
%n5147 0
%n297 0
%n5963 0
%n6665 0
%n4346 0
%n5002 0
%n7408 0
%n802 0
%n5722 0
%n1148 0
%n5412 0
%n5231 0
%n1758 0
%n7262 0
%n3448 0
%n3108 0
%n131 0
%n5701 0
%n3569 0
%n7001 0
%n2783 0
%n2201 0
%n2226 0
%n3009 0
%n3346 0
%n3446 0
%n604 0
%n2807 0
%n6671 0
%n4637 0
%n2618 0
%n1382 0
%n2887 0
%n3117 0
%n2065 0
%n7230 0
%n3371 0
%n4268 0
%n1483 0
%n7182 0
%n4738 0
%n6919 0
%n1071 0
%n4267 0
%n327 0
%n2479 0
%n5849 0
%n1136 0
%n1230 0
%n4862 0
%n5289 0
%n5145 0
%n5395 0
%n3401 0
%n1485 0
%n7313 0
%n7161 0
%n843 0
%n844 0
%n2873 0
%n2059 0
%n4283 0
%n4517 0
%n7159 0
%n5513 0
%n3501 0
%n211 0
%n5580 0
%n251 0
%n6005 0
%n6882 0
%n867 0
%n6910 0
%n1715 0
%n6144 0
%n2867 0
%n2617 0
%n4766 0
%n7330 0
%n6825 0
%n1951 0
%n21 0
%n996 0
%n537 0
%n7569 0
%n3466 0
%n392 0
%n1460 0
%n1842 0
%n5259 0
%n5914 0
%n589 0
%n1135 0
%n694 0
%n6166 0
%n2445 0
%n2174 0
%n776 0
%n5856 0
%n3161 0
%n5052 0
%n7052 0
%n2300 0
%n3565 0
%n4393 0
%n507 0
%n1688 0
%n4809 0
%n6127 0
%n5647 0
%n7028 0
%n5828 0
%n7319 0
%n7327 0
%n455 0
%n4818 0
%n5997 0
%n6354 0
%n5964 0
%n2493 0
%n2441 0
%n7104 0
%n3256 0
%n2205 0
%n2296 0
%n742 0
%n1430 0
%n2457 0
%n6959 0
%n2268 0
%n2132 0
%n377 0
%n6943 0
%n3098 0
%n5428 0
%n2954 0
%n2468 0
%n5548 0
%n4875 0
%n167 0
%n7481 0
%n1795 0
%n3747 0
%n3248 0
%n934 0
%n1855 0
%n6193 0
%n468 0
%n2577 0
%n7501 0
%n690 0
%n1616 0
%n6961 0
%n5674 0
%n2111 0
%n1519 0
%n6224 0
%n5483 0
%n3027 0
%n4296 0
%n4474 0
%n1507 0
%n3450 0
%n1935 0
%n5212 0
%n2153 0
%n5547 0
%n386 0
%n4918 0
%n718 0
%n902 0
%n4352 0
%n7345 0
%n4003 0
%n7417 0
%n412 0
%n2727 0
%n7538 0
%n3984 0
%n66 0
%n7316 0
%n2991 0
%n4898 0
%n3242 0
%n1558 0
%n1304 0
%n2950 0
%n1270 0
%n5679 0
%n3931 0
%n6750 0
%n3424 0
%n4604 0
%n4175 0
%n3665 0
%n1293 0
%n6496 0
%n4662 0
%n7534 0
%n3121 0
%n6915 0
%n1721 0
%n2130 0
%n3002 0
%n3518 0
%n364 0
%n4075 0
%n5242 0
%n6373 0
%n3402 0
%n6059 0
%n6585 0
%n6924 0
%n1525 0
%n1051 0
%n2331 0
%n927 0
%n7301 0
%n3651 0
%n5764 0
%n35 0
%n350 0
%n4901 0
%n3061 0
%n5403 0
%n4347 0
%n5342 0
%n5708 0
%n7560 0
%n2405 0
%n588 0
%n915 0
%n5873 0
%n6630 0
%n