285
4308 11
4581 89772 90254 36532 80017 45502 7214 45562 83377 55859 46494 %n1243 11
52974 65044 53044 62041 66363 13163 68563 24721 50789 87313 17167 %n6223 10
18572 88171 77589 9254 71328 51467 74591 64788 98836 22787 %n2425 10
66229 47223 78416 67523 93380 7350 23984 50089 753 6967 %n2351 11
2694 61284 19269 44060 21955 95243 48440 61903 43728 60797 43655 %n4013 10
70860 74495 96212 14677 7134 41092 42138 80572 49101 4380 %n1622 9
92138 43612 29623 24529 42198 41188 29696 28481 37762 %n8101 8
74827 96510 27859 10853 91233 52287 69741 17254 %n3813 9
12311 17405 59232 5450 3915 68847 23174 44402 25469 %n1232 6
18893 59848 75516 4420 56700 21357 %n400 7
2259 64248 6715 30235 77085 29819 23734 %n3484 10
80226 85148 41609 1188 64909 33942 36029 10404 71398 91748 %n693 5
14372 18076 81147 14006 14370 %n4254 7
82509 51897 45742 8229 14425 8975 35887 %n3584 5
48626 10968 88430 96343 78004 %n4171 10
54566 61285 98652 36493 10097 8090 47623 84043 5305 31951 %n1188 8
90878 40299 33520 5868 35667 17197 82307 42575 %n5001 8
6155 28518 17444 84059 59402 78683 20355 35337 %n7033 6
25396 51076 1921 2194 8295 89726 %n8320 5
83022 72289 11382 19850 90228 %n7017 7
55064 53677 29006 8278 29753 12126 67895 %n845 7
15070 74783 7826 79559 66912 47176 5044 %n3135 6
11317 14576 13295 61425 82160 93123 %n1361 5
61324 71185 66756 4326 73999 %n5571 7
8386 8855 74744 59618 57041 5924 78620 %n7730 5
45955 35393 94757 61974 12471 %n6188 7
75965 49697 58213 25692 70003 28312 27344 %n7007 7
65782 59641 32593 23460 46362 41329 56006 %n45 6
98934 86609 23900 64415 89107 44824 %n7324 6
71870 75340 71638 90509 26834 93903 %n1938 6
1135 73073 84734 70532 14579 18075 %n2828 3
36044 15707 41347 %n1717 5
25495 28264 62552 69472 19243 %n5623 5
18139 86435 43226 10459 20594 %n2809 6
72940 52006 77474 33634 27546 81614 %n5307 3
70671 69470 7763 %n7882 6
22644 36060 64505 73184 57995 96963 %n7317 6
12186 29984 38189 67349 59791 33902 %n3346 5
32313 42172 7037 27185 90090 %n5326 3
23578 49244 61079 %n6547 4
39541 21688 87627 45678 %n6276 4
98191 45543 68074 39631 %n7957 3
14020 22804 18601 %n1474 5
82105 91626 57374 17005 97980 %n6049 4
7950 92015 23053 71663 %n5868 3
67400 62364 87840 %n6650 1
66757 %n7860 4
87137 23861 16618 91846 %n4817 3
69778 14533 26718 %n6964 4
53704 85727 64916 61840 %n1583 4
32360 41197 45981 35277 %n7556 5
95315 49158 89211 10355 9566 %n4103 5
99815 41630 6522 55638 12605 %n1321 4
55232 29892 82268 80174 %n3395 3
31281 83175 98143 %n1428 1
11852 %n806 2
68776 56854 %n8310 3
53028 88302 29713 %n3073 2
24556 63719 %n7331 0
%n2406 0
%n1150 5
95339 94440 57218 21570 73025 %n1821 2
28050 25389 %n7292 0
%n3551 2
22741 97569 %n7947 2
34557 26805 %n8479 4
90608 74017 47205 66252 %n3610 1
42972 %n438 2
80645 5326 %n117 1
64754 %n6050 1
43079 %n7598 1
90405 %n3238 1
52706 %n4648 2
51866 30798 %n6967 2
80975 16905 %n4909 1
55835 %n1363 2
49541 17497 %n5472 2
26073 80109 %n1105 2
71568 50325 %n3660 1
17734 %n2110 2
11825 21335 %n6999 2
20636 34671 %n6323 2
93616 61758 %n920 0
%n564 0
%n6783 3
69796 97059 98735 %n3750 2
93996 96152 %n2356 1
21236 %n6183 2
10974 51550 %n5540 0
%n5396 1
15233 %n2889 0
%n5821 0
%n5655 2
21562 81290 %n6774 0
%n5825 1
7106 %n191 0
%n4150 1
41403 %n1766 0
%n3161 0
%n1205 2
14772 5600 %n2776 1
94898 %n1468 0
%n1542 1
52584 %n7185 0
%n4904 0
%n2088 0
%n7636 0
%n3777 2
97312 79687 %n4261 3
21049 47949 29934 %n6406 1
10512 %n3868 0
%n7677 0
%n2357 0
%n317 0
%n7129 1
63595 %n3989 0
%n3916 1
88186 %n5377 1
47566 %n2373 2
19317 53703 %n8173 1
19579 %n3329 1
12064 %n6666 0
%n3843 1
85096 %n737 0
%n6490 0
%n6169 1
1203 %n1488 0
%n34 1
70905 %n5198 1
20928 %n4978 1
48064 %n792 0
%n8041 0
%n289 0
%n6335 0
%n1416 0
%n2781 1
2247 %n7136 0
%n3914 1
46688 %n4729 0
%n7284 0
%n7072 0
%n7813 0
%n3468 0
%n7181 0
%n1193 1
70340 %n3083 0
%n1283 0
%n8437 1
42295 %n323 0
%n4496 0
%n5239 0
%n8289 0
%n5783 0
%n4319 1
88141 %n1817 1
87815 %n5933 0
%n2186 0
%n1385 0
%n2251 0
%n1590 0
%n5621 0
%n5005 0
%n1661 1
47752 %n2532 0
%n5678 0
%n692 0
%n7187 0
%n1890 0
%n2512 0
%n7455 1
18116 %n5190 1
14740 %n4502 0
%n1600 0
%n5656 1
44147 %n6390 0
%n3030 0
%n164 0
%n1768 0
%n4046 0
%n4589 0
%n3440 0
%n6176 0
%n3092 0
%n8142 0
%n4223 0
%n4711 0
%n341 0
%n5592 1
65626 %n830 0
%n2949 0
%n7533 0
%n783 0
%n5281 0
%n5558 0
%n308 0
%n1063 0
%n7262 0
%n23 1
46429 %n2280 1
85157 %n1847 0
%n1384 0
%n1153 0
%n7891 0
%n1190 0
%n7901 0
%n8051 0
%n4813 0
%n6025 0
%n4783 0
%n7906 0
%n5071 0
%n4618 0
%n5155 0
%n1994 0
%n2603 0
%n6119 0
%n1257 0
%n4427 0
%n7457 0
%n6156 0
%n5551 0
%n5996 0
%n106 0
%n1056 0
%n7596 0
%n5811 1
89537 %n7389 0
%n5925 1
91531 %n4079 0
%n4071 0
%n2711 0
%n2864 0
%n6460 0
%n7318 0
%n449 0
%n8252 0
%n2113 0
%n2219 1
66753 %n8440 0
%n13 0
%n5746 0
%n1161 0
%n1987 0
%n7953 0
%n464 0
%n4946 0
%n2545 0
%n1102 0
%n1340 0
%n3920 0
%n5684 0
%n4307 0
%n4216 0
%n1182 0
%n5774 0
%n2129 0
%n1223 0
%n5843 0
%n3225 0
%n2442 0
%n6299 0
%n478 0
%n4389 0
%n7298 0
%n7347 0
%n5492 0
%n4896 0
%n5427 0
%n6330 0
%n6864 0
%n84 0
%n2237 0
%n1854 0
%n5530 0
%n8193 0
%n2768 0
%n504 0
%n6627 0
%n2752 0
%n756 0
%n5328 0
%n6039 0
%n5789 0
%n262 0
%n