101
95 202
39427 25351 19671 12658 16068 38765 23437 21592 33998 16598 14939 6131 16139 6894 17380 10539 30958 26570 39984 41686 17207 2433 1888 16841 21776 27255 3349 43199 19598 37210 32863 19985 7045 35538 27549 33245 31112 4939 31144 6628 44513 30161 27428 19773 3203 34549 24762 38197 15999 31304 35772 16384 30288 24538 2373 39156 16385 40846 22001 8424 35539 13694 41524 9232 29570 39747 43853 36240 5705 15539 22606 14123 43674 16861 24090 33802 7509 3737 21149 40657 39236 31072 32421 20526 24472 28610 39764 12541 11217 26275 17316 24817 24667 42097 27052 44481 11497 32127 18384 40543 13778 12870 2058 42503 29880 10508 23246 8649 29894 36900 38635 15910 8568 19862 38019 39890 12369 40429 41600 2484 18756 36953 41025 17356 38755 23606 43822 7055 27168 25275 35623 11927 36258 41616 20455 12656 17616 43902 33640 28711 41044 5764 16475 33926 38819 10612 15056 42075 32998 23660 30811 1509 42824 4647 22474 22773 44458 43664 8245 29722 28326 14553 2127 37415 10241 1520 13175 4972 25118 33670 34364 19071 3602 41844 30993 15235 38941 20 37527 33845 6267 6164 32126 20505 2566 824 15677 16769 39245 9192 10045 15545 520 12910 13525 10714 2501 37095 21420 13957 3809 462 %n361 73
19596 8602 4489 914 25523 34379 1730 16246 43252 5146 35708 44215 9691 16591 39207 12005 20441 43541 12094 38102 16616 34911 32366 20393 13676 33272 16400 40223 18509 28109 11888 36510 8021 22776 12330 35451 38981 4953 33372 24839 44273 18204 8608 19285 24976 29528 34118 38283 13171 22368 3714 5030 13875 35220 31595 2754 31377 36517 3256 10014 42700 2703 39972 42981 26428 24352 43357 40134 2468 15279 7531 43175 1604 %n3254 72
43522 2375 32772 38590 15441 13670 20507 35301 28852 30198 35944 27023 22915 18866 28850 23354 37214 17757 27283 21875 15691 18074 25707 2410 14236 5165 17644 43697 19540 6052 42341 41173 42471 965 15996 5027 32656 14890 24581 28700 41873 43471 1015 4975 7105 7374 39015 44336 19028 20620 4957 31548 37660 32256 41449 22600 31380 35297 2805 12525 33716 36001 25393 24166 4188 1250 20897 33395 3654 27467 44709 34103 %n1376 73
19614 18603 28106 22309 11906 4006 33108 41693 10482 6181 9488 22318 37886 32495 10478 19364 38540 8725 31300 9178 30287 8408 28378 17536 15136 9425 37966 16609 41064 25155 10542 17225 6250 32617 32638 26287 13347 39435 7748 39656 31614 27949 4839 7583 43322 27972 3116 2256 30998 17563 27414 29721 13090 6785 37237 7133 32315 13914 13150 19753 36093 35392 311 41086 36478 37412 26226 12691 15317 38828 7446 40124 30839 %n594 73
2301 10493 6560 20233 30851 28649 30118 30313 20746 16753 38728 31534 14392 35031 28672 5693 11693 42781 20053 44608 7984 12157 5848 14574 32964 23920 29976 787 26209 35093 31392 6974 16503 10650 40695 39917 10249 28977 25797 7834 22122 32754 31550 27860 33558 13482 8180 25795 33162 37878 17472 25800 22651 18620 8983 18725 34080 20312 21837 28643 19884 32209 40854 17300 21208 41793 30397 26273 2356 31986 3611 39402 39598 %n1982 72
567 4625 19515 5470 17865 18703 34308 16544 3756 17278 42787 5029 20009 17171 38997 33925 7548 40419 29666 1611 39049 29703 43590 18503 32718 44148 10035 8699 11357 36501 30294 9726 24912 26506 27266 18017 2233 21535 8882 11659 29276 3167 13020 7125 1240 27706 25658 18462 12450 8202 2732 14657 7328 4710 3410 10946 20950 16691 39622 22499 40635 7940 33011 6107 8098 37300 9262 40367 23804 6738 32443 14118 %n4708 72
37836 37892 35897 2436 34003 16748 37936 22036 24447 25206 22512 22349 34867 30047 34612 41479 13413 21951 39040 29520 41775 22528 29372 13092 37829 8946 24904 32724 576 29939 39326 43490 4885 11630 31263 21244 24093 31839 12141 2814 16447 1308 32939 4915 25504 10660 43091 41647 702 38989 41489 18386 21934 28453 16444 8293 6792 37927 42567 18106 36453 7314 36541 33051 10589 35825 5572 24092 11284 7013 12693 42016 %n1771 73
1423 37102 34105 9603 4289 17270 39364 24119 39774 43282 3372 20824 22613 38177 38889 36559 166 29941 8478 23129 15278 31517 43279 21675 13118 188 19692 20503 1632 23902 17412 24086 21930 20397 36066 5464 18780 29831 29042 7778 37045 19764 19497 15251 32815 27605 2796 36270 27129 43816 40084 17543 3364 36630 24911 9966 2928 5514 5162 43132 43694 10477 59 29825 41221 37862 2012 41256 5984 33021 23800 29467 6664 %n4256 72
36402 40871 38849 20242 11721 5679 8660 35152 36132 21681 15722 33342 26353 35583 12273 28026 25101 34260 36410 41738 44437 7006 10430 26722 18476 25255 18020 2981 18001 22094 23102 43980 27909 32607 34712 42560 15098 29322 26267 2420 40621 27395 20926 37042 15953 13422 10207 42572 17398 19198 24034 33152 12547 33014 16158 10129 32449 18641 40279 36050 28398 5141 43552 11243 1034 18808 43512 37812 24578 42306 27250 25743 %n3123 71
36040 8373 35554 10552 7058 15290 24565 2463 1396 1727 13214 42406 44205 2009 14261 43075 22415 18520 33823 41721 37801 29859 27914 11706 21039 29902 42268 41997 27595 10919 22902 23443 19758 22588 27112 28393 38951 3435 8884 2724 25017 4926 39575 16289 35341 44342 4130 35834 16111 20324 21531 2908 43987 15970 9604 10452 7991 23498 34751 44660 14905 33891 30740 39220 35909 38913 10646 23996 43015 30705 29059 %n879 73
16782 15650 31697 31331 15992 4462 33966 32043 16708 42158 15766 35594 2609 19431 15632 5706 1073 8662 26799 6312 14101 16702 40960 42179 44270 31563 24742 18383 41558 30700 3248 22703 8513 9120 42906 4389 251 5321 6332 3793 33689 23128 41512 32270 6837 29750 26050 17180 12376 12155 25752 16276 12321 6937 32300 2526 12762 2570 33519 2367 26030 42838 9234 38579 21069 33919 3491 33472 4925 27009 2638 25108 16654 %n1305 72
10571 29622 7798 18411 36662 22521 18269 32477 31766 10768 4090 3463 19712 21701 34248 28501 7243 15093 5694 23459 3512 18995 39261 10613 29320 35471 1360 152 1772 23270 39061 27309 42455 32900 43996 10693 24908 22733 14286 19700 23306 39550 38661 8272 25105 12923 34319 11492 28974 44034 8738 2938 19799 16522 3078 19159 16461 34548 26598 34135 42074 6907 28834 28593 35425 4721 37393 18833 16216 4258 29876 36875 %n3460 70
39880 21838 11787 2955 20439 22008 36603 10029 4617 22364 10926 956 17967 14291 13713 24686 41351 1806 4816 12540 30350 34255 15181 5118 31988 13054 43586 24483 39375 34578 10718 23448 38611 44136 40294 24662 40957 12785 26112 30469 34127 26856 14555 14865 8737 34387 674 11345 4113 20471 25931 42050 18184 9214 9505 10523 32097 27715 28422 23823 32778 1434 19991 880 38726 43235 38070 23047 35334 9666 %n1748 72
31633 19328 23835 34779 27254 36431 34489 6872 9316 28080 15244 1759 28153 31707 32152 44165 37338 31962 39517 41307 44234 11081 19292 19444 30050 32796 35323 3739 14661 44149 11387 12563 15198 13879 14976 28007 37414 1781 4956 7580 28554 15504 3590 42899 36780 23972 15693 37290 29885 4106 42386 11807 33403 7170 30357 15343 5128 21251 33254 26986 39629 36976 39654 4853 40782 40 18339 13788 14485 43193 1505 9701 %n4388 71
21354 41567 1100 6028 36317 21002 18182 8432 11501 44521 4068 22629 19878 11285 33262 31784 23159 26108 2007 9296 23617 30659 104 12030 14730 23295 40226 22708 3587 10982 20125 33179 42279 3416 217 17073 16547 43450 9395 32432 11470 8476 25134 25025 43136 8816 1311 12078 14098 23500 39203 29099 26092 30586 41137 2489 8999 19072 30433 21896 22571 2960 4137 5909 27633 22593 36849 16079 86 14397 39505 %n1476 72
13240 11013 3837 20617 18069 29300 36677 37537 7822 38902 1976 39924 29255 28984 31821 17153 13646 28898 20814 22184 24172 37357 24163 41593 38699 15089 7241 27609 11556 30977 44248 29877 13187 21488 23967 41072 1766 14995 16622 33662 24423 7654 14094 23995 27361 13304 27496 41012 21715 34233 4538 42818 17771 30446 19267 32919 20866 9627 36174 10139 23638 8108 41177 30867 32244 13143 27304 32630 27507 22971 43236 38815 %n650 73
25036 42151 7935 14269 15078 12206 3685 19370 11452 33897 27175 27881 14818 25780 32288 20654 18105 32948 9693 10498 14875 28025 12017 32358 5997 10941 27282 19592 21873 36158 8517 37887 44026 17349 13521 14373 42985 9304 25329 20287 8263 25604 35414 19049 33246 4468 41048 14493 42990 4598 1300 39063 21236 16667 38789 6815 19908 13588 27709 36622 40625 17780 28783 38001 24627 30578 39591 40582 15034 37920 36256 38021 655 %n1822 72
11532 12802 18955 4717 1587 20884 10136 5268 194 13843 17371 12083 17427 19955 7674 22402 17699 10358 44235 27185 19187 36335 26560 39996 35350 7028 43766 39106 22442 7551 13857 7127 16736 10672 13026 18698 916 19930 9743 15016 33634 25808 26356 9124 13228 4022 41404 19681 16043 25226 7047 40497 43396 36815 29732 22909 44277 35675 35342 17594 39754 44140 1093 3031 37584 17853 29233 27035 8927 32521 35428 7719 %n4902 71
14943 24202 27537 29294 24222 28653 24478 39304 3006 34890 36717 11256 3865 27482 3176 39819 25893 26111 41171 5347 38803 35061 4391 25486 35145 3103 11000 6912 24969 41789 31884 41716 18568 22314 3035 3485 39655 37473 32308 16730 35307 37389 5496 38653 11606 18028 9606 31918 14720 17896 39529 33077 40063 18856 34455 24076 8395 19896 32517 3807 37667 3697 1832 10284 4622 34444 5230 9714 41437 26940 39859 %n1504 71
14243 8936 71 44647 33370 20034 26688 31540 7368 39280 43635 28879 27703 12748 3806 29833 9225 13561 24313 37682 21988 8746 10303 452 13350 15414 20515 1910 18219 28295 14652 21582 20061 32447 23878 35315 19619 39616 8436 32684 4771 8178 35105 38872 42873 22422 39698 13251 19735 18960 35426 2761 19382 12854 125 22417 7979 29690 35317 44425 27747 32826 9173 43065 23220 33682 21563 35670 28891 18021 1778 %n1684 73
29513 28968 521 42375 9371 28745 18708 43138 33507 21121 25225 41374 8175 2002 37273 38930 14604 41791 13030 38520 24109 20317 35095 11289 4820 6662 24245 24429 13219 42801 39313 42867 7685 30768 24680 532 11500 1912 21056 29366 36329 23543 224 44598 8793 3857 9153 21940 39056 3675 18049 3122 29588 10448 34586 36929 18104 37790 41488 39381 35817 38840 33278 25007 1219 2550 42379 21864 38876 39918 22782 39526 41903 %n170 72
20215 21578 31559 30969 2737 34315 8796 19128 3519 34412 17266 41547 3123 10682 28689 36292 31686 43633 7070 28572 33453 23818 42183 6687 17410 34343 32591 15448 17329 22851 6168 15904 21659 26968 35436 27653 36011 25816 34190 6246 9707 17581 18079 20043 40798 8584 42159 19132 11371 25999 33268 20148 13806 39323 23741 11758 25343 11838 42080 4927 43801 11862 39638 28287 42926 6319 27362 41531 33916 37227 19288 5583 %n1095 73
6745 13837 12124 4201 9255 3812 24235 7522 4077 35435 38684 27228 5622 12289 18349 14651 16132 650 41850 8379 364 4947 20399 37661 9376 6449 36947 14066 6564 6398 8676 41831 44191 5744 39815 40531 28346 1438 29051 14466 25144 8304 2654 7341 5733 20606 39004 11596 19781 37225 40463 6522 41440 40471 41021 3292 34179 27957 17755 26482 2687 39379 43871 18988 34288 32277 37335 27413 32640 28983 6490 18288 26862 %n3737 71
35190 36200 10624 37857 19921 24949 17893 43353 35217 18891 1140 12358 36642 17638 24241 32751 42760 37033 1184 39915 38291 8209 12382 34639 22744 38372 9921 21805 10521 37747 31750 12974 10950 14990 41417 33856 24563 1559 1016 27348 33786 28125 35277 30628 28291 21989 14163 36370 19270 33149 39090 35263 38076 8687 19604 14154 9072 27487 9712 38066 22353 28475 23363 10535 30596 34078 34413 21304 16191 6891 2382 %n692 70
33117 39276 6631 15081 27714 35570 16151 2095 8169 30458 43964 44281 26966 34048 30132 13861 31149 3098 18893 14704 40199 44740 31901 3538 43807 6135 28139 43540 26558 2216 13571 24336 35824 39867 4870 33582 44366 27180 38574 33918 30121 21028 13433 34111 13709 21047 34323 18809 25905 18045 32812 34531 26670 10141 18263 38773 20218 38731 21880 35978 37776 39565 12169 38282 6887 33914 39837 11078 27625 28286 %n976 72
22946 35957 3361 19946 12768 31819 42675 972 5257 19877 5247 11378 7621 7449 4427 20004 38841 385 20305 39482 9679 6376 23799 5126 17544 24980 36752 42323 16348 6373 4263 11514 5585 44581 25698 24219 22927 26545 31795 20656 28085 18455 35483 32021 13999 28525 12110 17435 40823 38785 31041 40038 1168 5304 42592 37788 12201 20376 41325 9042 32692 40292 31190 4510 12263 16418 35906 18932 1697 24418 276 193 %n2535 69
29095 37037 40778 24736 35550 22397 33769 6195 44047 19859 4962 5411 12535 32790 11152 30097 38801 2538 31999 41301 40763 12742 35517 24683 1061 42221 36926 1417 33702 15609 3383 12944 40550 16673 9272 9991 24779 22550 19045 20807 4466 21427 19269 41786 16887 25666 38056 29821 34073 42136 12669 27971 21159 1176 22538 44130 20847 36775 36956 36042 28288 38723 11863 24402 41096 30608 2291 19280 14640 %n2556 72
22363 39923 41595 19863 38656 14237 28249 23056 43033 37772 43826 23114 20936 29890 18340 4893 2920 25059 20344 44000 26302 40354 37142 9303 35918 41375 15360 39583 37493 32204 42060 6683 28566 8485 8659 43658 3376 2211 19260 13993 19043 26070 6527 29439 5239 16589 29919 32499 430 36529 38006 28906 32651 9318 29681 11518 22 24190 38389 22475 5084 29643 19398 40555 10124 34114 40358 40552 39584 9324 8449 23232 %n402 72
23435 16912 26838 9258 44432 31390 37773 35659 1564 14788 25068 20830 13053 3649 6963 15782 21870 1916 12084 7764 41945 2175 22185 31797 10995 13474 9885 18471 19246 16731 36761 29069 19867 41026 44361 10662 17669 1675 11050 29247 44280 3430 28392 31562 8620 19850 26847 32274 2774 37101 15092 13533 32976 40318 16403 13509 15718 24054 2198 3223 25748 36935 34596 21721 6444 37863 38246 26675 19059 38136 44661 41566 %n970 72
13620 11408 8252 42099 29193 145 38648 35793 24905 43951 16811 24791 41869 35648 34910 44009 4612 18533 38517 1928 43516 15370 22057 43857 17103 20868 12681 31211 39763 40734 31458 1999 2383 11180 17487 31620 17973 30497 26381 43698 23948 3866 8813 5586 10036 42852 40333 43020 18046 3944 43756 37027 9123 35568 2135 35076 18700 30567 15895 1454 24873 14975 17272 20663 28272 419 21642 39231 13295 24660 29775 33727 %n385 71
8965 12175 2594 9571 35335 9257 24978 42196 34931 28754 12593 18664 37666 21919 3892 28324 36201 22816 25635 10344 39228 11158 9954 11794 3091 9588 44158 42190 41585 11579 18227 4386 21552 12803 657 33612 44293 19667 36075 10140 8899 4555 17492 31085 38366 36812 538 8559 40851 21644 35062 34799 12931 23942 36826 5156 44153 31385 25058 19184 25824 16024 16285 2561 43792 37421 39492 18635 31040 31514 34438 %n4761 69
38375 41215 17384 29135 21813 30336 4736 37034 28687 42247 21010 12073 39494 203 29461 25119 23693 36322 2749 2585 20230 9174 36451 37038 17784 15357 15208 10204 32217 24867 29546 2958 25399 42189 41382 44353 26390 26956 2758 89 1831 13441 5594 40453 40639 18170 24918 16063 19783 12058 16905 6115 30613 4255 20705 29269 24424 28598 15120 36080 10861 7050 27960 27506 2660 40841 32639 21315 42669 %n873 72
20728 13359 4735 32294 35171 38290 31789 5420 20390 16760 35208 4009 16499 39678 43974 27373 8054 9081 26473 75 13605 37125 43566 9841 14554 16172 43119 13633 39978 30885 30551 26762 43464 38365 42204 27019 15347 12884 25984 14337 7141 4377 39451 40856 34129 4498 17621 16677 25356 35663 34693 26879 40151 9205 2710 43828 7644 41334 16305 25865 3711 34810 15388 28738 18870 12072 1367 5604 19254 8029 12510 43955 %n4823 71
40514 7034 25756 30636 23007 29686 44380 9670 5043 17709 40508 25817 9961 43334 26088 4689 25199 3545 18908 27034 31032 6192 17803 14490 1477 1670 16353 41464 44296 19947 33413 19911 42338 39623 693 23918 5478 3853 24068 41344 4100 29149 8512 40868 37364 38265 29763 36982 19683 26494 18952 22940 33186 9630 39151 13922 913 11943 28912 43146 22356 14312 30746 26468 40428 4441 32281 41956 19561 24288 41866 %n4897 72
17647 16963 44639 26299 15946 14683 14091 40480 36306 27527 12874 21723 31966 27477 15195 26518 3669 16900 9101 6013 41577 16290 40307 20801 41496 6208 38406 38322 16846 23291 42220 41039 21326 9878 34516 33468 16324 44110 42912 33385 28667 6233 3867 34109 37105 1151 6003 38561 2748 35638 31434 355 31908 25242 33873 37492 34749 12645 29395 22654 17433 26363 32820 10736 34653 39963 3165 36637 19383 12843 6408 5976 %n3119 71
35282 20419 40259 1134 5015 5319 5918 7989 8087 31890 34903 11200 42357 7591 6509 2363 28715 480 40001 33096 17804 23262 44427 7123 1794 5000 40339 22925 22469 33234 23052 35081 22120 31841 4013 8248 40697 30999 40385 35585 12579 41295 10522 38289 36493 17846 1707 29932 4225 41263 14018 29796 41822 13640 29496 8129 20088 1495 8302 36303 24210 31742 17830 34059 42832 11203 16069 40619 451 35850 25716 %n214 70
31302 496 36821 38475 12904 38925 14252 29189 38741 33543 31777 6383 31498 19335 16416 43913 12314 10632 38240 32819 17553 8059 30589 34196 21266 1529 42516 37279 5681 11277 2195 26089 30505 7242 22720 25062 19902 41949 37047 4061 11475 27691 19447 43184 34737 3087 34123 20816 1364 34885 42373 25978 5374 16644 32259 15295 20424 35082 15184 44565 36992 15300 18771 7680 40604 5345 15443 18884 27967 35882 %n270 72
30284 26163 12041 23713 17899 16969 13636 22451 36259 26553 796 15700 5961 22424 19501 16180 1803 39270 31689 29886 15681 29263 37259 7217 42927 38257 5831 43455 34825 5460 22784 12592 18238 38531 11960 34789 11857 2128 8715 20355 42412 37657 21366 31111 26572 17035 11685 36910 37471 19419 42187 36905 64 30909 21691 44065 38806 15599 37244 40523 37533 10110 35778 2051 7561 12809 34389 21183 9236 39431 10456 24594 %n138 70
14009 29646 17354 37906 25245 10750 3306 299 16806 42203 40380 43564 29727 5877 21764 27997 1041 37945 24641 19004 13981 19965 41764 12416 28638 6588 8560 834 37852 44724 9913 29507 30840 31985 24342 2372 19906 102 41220 11628 38507 23169 8648 25141 19007 15974 30694 6708 25822 43372 26458 30359 38098 30543 9015 13545 28636 39208 7289 26948 23332 19083 22505 9964 38616 14884 19129 36236 3672 23645 %n4626 71
33034 33679 13147 35166 3766 1153 4119 30172 2465 43988 23651 15350 22178 3493 24844 17110 21507 18504 7744 13693 22561 3543 20351 22944 44007 43149 30290 17505 35188 18744 17531 30205 14100 7971 43954 41185 44541 30698 22881 27500 32398 4234 909 1474 38627 41556 35653 21080 19964 14530 32781 32058 40628 37150 22939 32972 29295 3152 19745 28551 1469 1957 6200 24902 23639 42264 14438 20159 44651 1662 33652 %n75 72
10597 30379 16190 33990 20980 30099 24830 28407 13329 22653 37456 8459 615 24708 19956 9892 31214 22542 22312 38843 6924 3530 34793 32586 37021 31867 9538 35715 25689 7954 30064 1882 32861 4610 31719 7973 20584 29128 3437 19212 1738 9408 12424 40328 14881 42431 36909 17251 40296 9860 16062 16420 39351 24329 22650 8856 30621 19699 20860 17080 21630 6419 42685 20906 42726 6787 5935 32946 16896 37352 28594 12199 %n1127 70
10962 28173 30853 7232 22501 14257 40371 5211 27794 36640 38129 15457 17369 7861 12082 5887 42438 707 27713 20773 29961 44112 22484 34218 38778 31566 15315 32621 43984 17174 36861 995 760 29301 42085 23632 21817 41735 33094 31187 26045 3408 34676 5940 16586 28216 40040 42324 35738 31421 7467 640 734 37630 17933 10022 15746 28131 30109 5488 24495 765 5258 29220 9527 40140 30143 35479 43733 13520 %n86 70
35646 39684 8321 2734 11856 25570 25207 1455 42747 17448 18290 31914 15553 35943 34920 3003 10186 41998 21879 24337 26074 28574 41249 39651 1751 41690 18363 20333 2479 8262 30618 32120 16039 26152 3337 16192 22662 39046 41885 15952 33226 33004 33444 8781 41898 37845 4826 23935 43200 19301 11889 11926 12069 40933 14654 19012 37088 38219 32050 32891 20569 21903 34338 29328 35657 41190 33221 37701 41768 1723 %n3729 71
29675 27431 35622 11302 6795 19268 4928 9115 39407 544 34353 13449 31746 18396 21828 26942 16741 23043 34342 27205 34002 7868 31756 23152 16659 25104 20509 18189 12591 34463 42907 31106 18472 24381 20367 1541 22195 44643 3643 32809 886 29656 41710 35952 17236 13388 30474 13650 29616 2634 13371 28564 40025 8543 30459 36971 23139 7703 35753 27652 14255 13135 6230 1905 24695 7929 42904 25917 34977 35688 15886 %n168 72
28731 18912 23037 21542 35954 28749 35256 40878 14432 799 34648 7237 36593 3563 38598 19791 5381 44403 28829 26114 17086 36283 14483 5474 38200 31631 25952 27570 19494 10814 17037 39031 36549 40202 9458 34783 43906 9086 26227 6558 35557 33563 20425 20530 21235 22236 23994 39661 43094 13824 27936 21441 26294 43419 41790 36124 32279 18957 4308 15832 43258 22760 3177 24550 12420 42426 25452 16628 17989 37001 21141 20562 %n85 72
4005 37405 37056 9460 36081 17806 15427 22405 3656 33545 34391 42717 13909 24520 40622 16156 25517 17534 4664 11367 5482 560 41904 36205 35069 28154 21469 6809 40068 7923 428 7297 32 27010 2326 27299 14883 13825 15080 5178 37188 17625 18240 25464 18277 3940 41481 17235 18822 13769 27292 16929 20462 15462 23829 1735 6486 28618 43844 11759 2008 5735 10518 11699 41240 29955 15654 29447 3787 26279 44609 15355 %n2302 68
40483 2041 38771 1019 22061 19432 43646 18792 17910 24726 41619 13103 39610 20777 42216 16858 2673 15888 32612 38030 12227 31257 39596 17277 40286 35949 28934 27883 25369 30666 37434 26220 36073 17802 26946 2239 13058 34658 44093 18239 13457 16466 13462 27542 23024 34540 1187 6780 16244 14575 10138 19411 6582 30790 32894 10643 23789 6487 2432 21637 27728 36444 26342 4198 19205 24536 36807 24484 %n4399 70
36574 21189 40848 39432 34174 18393 30731 13651 38353 40917 33093 1594 30772 28885 20036 17248 12766 13377 19998 791 33645 38323 38380 31230 5808 771 17920 18013 36076 18705 9469 1786 20757 15514 39357 16307 33153 1160 26348 4155 43420 16728 44255 11755 25916 25985 37328 31094 31632 26814 9235 32763 11957 18617 6654 22967 40097 33572 43932 6836 42051 34726 23682 35818 12894 35369 31877 5822 23906 11046 %n4078 70
16091 30236 23113 1307 4908 37889 26278 32102 38824 4433 41082 21674 36000 20925 31295 4031 12070 3287 35640 32911 33170 32010 16948 35128 28579 38727 26663 9658 7129 38893 3521 42653 36498 19486 20785 21077 23323 9330 37468 7582 39299 23456 9987 43927 31055 36715 37781 30340 501 37729 7962 37458 2576 20193 4451 36726 23481 36333 14958 23850 1058 13992 39894 6922 42531 31615 15805 2632 38602 12148 %n4002 64
3786 25637 28369 44534 12999 42974 34521 32018 19490 34918 1436 822 23983 9643 28497 40014 9789 10125 5242 43265 31364 29211 9056 20378 41014 36960 14117 13604 41952 22811 35373 14358 24703 18830 34023 28970 30941 31447 24897 14633 476 4533 10190 44051 41448 22712 31422 25360 29672 27354 14465 11266 10341 15489 34503 11454 32843 38797 3142 13657 31801 3281 34851 23132 %n1029 71
6761 14893 37264 41739 34439 38434 10726 10193 14250 29197 31425 15409 4050 3321 27275 39022 41517 27586 20412 351 20104 38222 9690 2133 11201 42352 16954 25483 33869 14195 18193 22871 19687 30071 25426 39831 18309 1792 821 38319 44604 16012 9609 39919 5691 42589 16410 11555 36266 28086 31346 35820 29852 12045 37692 1824 19938 2224 34993 30296 9787 39014 14501 20865 6143 8103 10673 41553 5740 21347 16150 %n3856 70
20718 19244 35429 37743 26657 6187 36489 41679 18931 41580 19284 37888 4361 33819 10496 8322 11709 44433 15666 5192 24049 28359 1750 1413 39603 34445 11125 7879 18192 8727 11879 20496 4946 11395 9931 22897 25617 37910 21294 30416 4772 25776 42042 21012 8554 34335 33630 30668 7168 13437 3381 18876 7226 13059 8674 23964 6401 20886 27471 2189 34963 38390 10821 32309 25753 38796 9092 2307 31657 25642 %n1793 69
22093 30283 9384 20485 39832 28124 36058 11541 3991 35741 1025 38993 22097 36751 37687 31189 18677 19736 35573 35871 5987 35694 36261 3533 35724 24598 11287 1796 33337 3567 7921 2104 15875 21740 4339 15713 23824 40790 39302 27935 6392 30480 17005 30778 43234 18962 39495 19580 25380 40748 22584 17904 19359 9623 25107 36880 4999 17346 6878 17537 22553 35789 5700 21348 26908 12965 8045 12544 14578 %n4289 69
13032 16149 1682 7881 19782 38090 42727 37922 3379 27602 30181 9008 30910 39995 42262 41864 30870 41068 17449 33533 36959 39521 1620 23055 26629 31717 43389 41446 575 564 42708 15265 11012 38945 24996 8369 21867 334 32893 1081 30924 1072 27229 22880 43622 21125 18266 21167 10569 1836 21241 28719 9166 29020 37336 10349 9022 18539 9041 15739 26185 19101 5364 30938 15226 28703 20051 12185 28605 %n2490 67
27734 37710 41241 3565 31526 20555 2684 29738 24360 5942 37658 15528 21871 4429 44206 9740 33303 31056 43649 7075 11806 44701 38799 40781 38403 21449 34361 24384 31855 37285 35907 2187 35704 9805 18658 11195 37407 42870 14502 6428 39567 39760 31219 32459 30609 19860 27416 24284 37914 322 3775 9602 32676 134 42935 33971 11328 26574 4923 21865 3532 15151 30255 21233 9525 16232 12836 %n3042 70
4260 11191 35466 40191 27498 19100 5555 16750 28325 15179 22942 15922 42287 33610 32593 32480 16542 16258 31738 41143 14278 39374 5093 44117 32594 659 26303 22952 38123 25023 40282 13113 3043 21666 4599 9806 31423 25662 43539 31314 7925 14789 18675 3972 43064 20978 19495 23288 25355 28781 18236 28999 22436 36056 36187 37084 34091 44491 22740 27082 39251 28995 3693 11823 33763 9553 26519 750 22286 1631 %n800 69
43724 341 38352 12674 39745 20559 14775 18502 21014 9462 1067 41465 1537 925 22616 10095 31487 33658 18344 21322 8706 7035 9335 22336 33289 33282 8258 9274 22342 3179 15311 11528 36112 7480 37241 29978 42658 29253 24492 8141 25542 44295 27433 36666 43531 32004 25090 5921 36029 2389 7386 34625 1971 33707 25787 16146 35698 4284 37223 16817 27062 25714 14220 23161 11318 15091 25913 8847 37919 %n439 71
7997 16724 31387 25535 11945 29348 3571 19815 36985 34670 9850 34961 24513 11362 1633 24948 41078 10708 1403 40598 12912 14573 4178 15665 38341 12984 9024 2847 29935 14632 13610 12856 949 30987 43005 16335 29716 12895 38275 1953 12492 36990 39241 42679 2449 31496 10130 42282 44693 26584 22729 21485 36340 7356 494 13823 12851 39805 2219 2075 36515 41630 7893 18175 8186 15074 25454 28837 26324 13244 24327 %n1559 66
20910 5542 36068 27898 22104 3617 6954 27672 33759 27270 27214 21243 43404 17922 15135 41769 24121 3299 40265 33314 28652 32213 11607 10176 34446 41034 24852 32463 7817 44163 24194 20762 22110 38976 16560 647 13013 11339 30619 10610 44599 19748 115 36588 1983 21928 36690 15204 22622 662 2462 8314 16744 25088 17722 26741 5487 15796 17550 16168 36860 28558 5797 43009 35113 26143 %n3296 70
18271 13542 12065 38734 27959 11683 2223 14047 22930 8455 31751 13443 13836 35413 9300 36368 40133 10158 41451 9489 10061 26571 5711 22234 35430 44228 41877 1298 6493 23779 43151 19264 40112 36991 12095 18436 35097 17724 18778 31008 42378 23596 23339 33465 25572 32067 26436 12205 38324 284 19250 34958 3960 32166 32130 38461 44103 4405 35410 2707 43923 7959 22634 8438 16017 34996 34159 9287 22075 32663 %n4537 67
36108 40513 12198 113 20919 13033 23429 3635 1876 20987 33105 22961 4824 11230 26110 7008 27855 1088 33656 231 27793 39762 42010 13232 42488 14206 25363 18336 17730 41757 20325 5502 32903 31715 35934 22134 13293 33383 5155 17921 5826 33871 44703 42621 42486 38407 8636 14817 36612 38644 7145 39159 19894 2694 18302 41109 10669 31046 29412 42056 2269 39892 7772 19757 15834 21524 28849 %n643 71
40036 22262 35264 20127 35788 26215 3503 40544 17023 22254 21017 41694 24982 38878 38857 11980 1324 13258 10921 13263 43515 17297 1874 39700 17451 38506 17014 5421 20734 40484 19926 15788 17339 34077 15597 19897 3746 27629 9880 31399 2361 29152 9829 38608 11865 9133 23620 14744 6516 2948 44476 1024 19806 18811 31568 41444 35136 6359 19209 29623 12194 12754 14436 37606 14087 16341 4267 13027 25331 6926 27018 %n974 71
29875 40490 40577 35578 23360 30077 271 22300 8265 3159 14646 8581 25185 20143 15435 14190 4943 20660 8702 12663 25433 19410 2762 761 18665 15732 28391 32758 42643 16027 36763 1488 31328 43131 2487 8344 22605 12486 42170 31248 22535 25644 866 12480 10502 6948 25113 40682 26171 14108 15564 12521 7528 41209 43152 11723 28641 2672 13237 27550 1163 31225 17189 16349 21757 5215 24354 13847 44287 22618 27336 %n3392 69
582 40487 28553 35806 39324 40400 21792 44227 14925 25272 44738 37112 4513 37838 31028 4655 25390 38181 9390 42482 33258 14424 15729 16126 42147 15411 26413 41358 39574 22278 31327 24604 21463 4718 11573 3514 16084 16626 8831 24168 15008 37871 10633 11305 2092 9570 1042 11409 11129 16183 11921 7818 32957 34299 22096 9148 15734 19380 22696 21917 35895 1801 24071 14967 13008 10081 6940 15957 15551 %n4528 68
4058 26244 28628 25710 15346 35063 7442 36470 34518 28299 11932 2298 5177 10454 44134 44621 22800 25202 38141 14429 24213 22328 19574 5288 19346 41657 13215 6244 1106 28280 29715 24677 14926 13426 29603 21983 10812 42494 15456 43206 23592 17522 26839 12676 2848 24809 23213 33591 43592 40777 26484 32047 34014 9536 40077 417 6579 27012 12067 41820 41487 12092 27597 42477 8036 36175 35681 38619 %n1242 72
20478 3516 40651 31043 3192 4464 40211 32611 2117 27579 30475 3272 2204 40975 13805 14370 34742 9099 12928 9286 33629 37164 13928 15803 39142 22480 24546 5290 7781 8023 35651 12556 23871 2282 31228 34224 9777 5034 12607 34812 7942 11880 23253 20183 29326 22951 39672 13407 17046 35449 7102 29045 44274 20373 18678 24560 30194 21812 31639 13434 13489 7135 12864 26542 24341 16715 20379 10830 9028 3305 36125 6015 %n2499 71
21741 42485 34626 4514 36993 43129 22237 21938 8309 16629 404 33374 31181 5678 36425 14813 2491 1380 34410 9864 28789 44568 39103 40909 30702 2776 10617 19628 27982 5713 31216 11071 41653 10423 37849 19641 21175 44499 838 35644 27785 5778 278 28872 25259 28780 36983 196 8171 30488 29574 11128 2996 38042 33660 1225 19011 20550 14919 37062 28949 28485 29925 1622 22027 22690 39792 10201 33947 2235 9298 %n3536 66
1606 40821 33346 244 39369 34327 29148 11692 11691 7208 6721 3253 34170 2040 22030 5844 38305 39653 7201 41407 43744 16085 39767 18532 27067 2603 36650 39660 16908 18483 4404 12469 18306 5550 27753 14628 28411 30051 24676 36148 34823 42405 25833 10850 37753 37832 6936 140 7990 36334 14002 25851 13002 30646 18702 13034 2715 16686 17695 14059 6473 21796 25683 41525 18415 38439 %n3073 68
44525 1195 1701 6154 20145 43230 18764 161 178 40217 29335 20066 37108 43367 24467 6068 36432 18316 37911 42038 3096 25442 19548 32543 30626 17069 8593 41280 31853 7960 28682 27611 31574 20105 26711 37479 5928 15084 30906 23938 31932 28067 38160 25679 32483 10435 27139 41550 42001 11580 34651 29029 17178 35108 21020 15345 4248 4993 27768 10900 30597 4292 28243 36864 1725 8866 5806 28084 %n153 69
31122 43168 29817 33775 25693 6308 7049 6828 14181 30696 14997 31367 21405 29291 28240 28904 6873 9363 21133 19668 8170 43593 42017 43680 6612 25501 30388 28111 33265 9391 21067 26312 37824 1482 37761 38344 9983 8122 4285 23890 43897 26756 21317 26627 21245 38554 32869 14510 37842 33443 30825 12765 6217 5436 34459 5499 352 42587 32223 7779 40269 7319 14274 33622 7506 8376 26142 28308 36074 %n761 69
19441 35330 557 44346 16995 20829 1652 20116 15131 30207 4438 10470 42259 41284 26456 27792 41872 31761 50 37574 20965 5175 41041 10893 6893 44454 27950 24712 44508 32019 18446 22994 5908 38805 33589 32525 9791 28994 8788 44512 37967 3981 7390 3664 12530 33595 5707 41513 13430 44526 14199 18519 13207 29026 44515 9247 19221 130 40227 36948 4871 26736 3021 43525 44563 5944 29195 12483 7937 %n3239 69
17970 1382 20309 16732 4669 13048 19310 17935 2243 9027 35304 7251 19112 28562 26222 4872 26672 44655 23798 26417 40189 3115 24115 24633 16825 1726 19920 12728 27048 14762 11730 29946 21329 3329 40885 14362 5662 34472 21888 20417 31139 18098 35986 22969 6324 41771 27844 17858 12575 3282 38831 38016 37117 8081 19215 13042 38298 3185 32560 15889 2161 15068 29674 15634 54 19951 43859 10383 25591 %n775 69
24280 35000 33398 36876 32362 7602 4440 7179 40876 42110 35864 18560 8960 15049 41836 8809 37548 38267 9152 33950 8509 38064 18156 9786 1338 43684 13403 12539 9229 10715 26990 42740 37365 27783 29000 29539 30192 40267 41475 34671 35158 18008 25860 33553 3108 34148 29187 6573 35092 10629 25051 41788 24065 43416 23925 43474 34504 42874 30900 15415 31870 12494 17895 26744 16392 2387 19056 25739 24636 %n1434 70
34640 6659 2218 39164 24756 25265 3608 42296 31042 20041 10634 19549 15378 41706 17373 31259 27216 41090 16115 24794 684 27285 26137 5426 42569 37423 20498 28476 40859 16623 3648 6478 21898 1236 23180 9484 10871 26780 38497 34261 32735 2787 12932 17960 23334 37681 5558 2020 31748 18604 39414 1598 39131 16585 44210 8220 15611 32292 14217 31981 42211 16102 82 31186 5750 43751 6771 29968 10076 16 %n1634 70
39514 29814 29742 44359 7556 2280 35822 17976 38779 28812 16449 12724 25018 22701 31558 22268 34886 27679 16265 3 30942 23235 31265 40494 21793 3782 17551 6504 38281 41981 21291 37579 13662 39485 1929 16842 7498 37229 18746 39788 23537 6845 18871 32959 12635 14811 23026 9965 1739 44455 14423 3079 38557 2328 35888 16716 28768 28036 20146 32168 13772 19708 2016 14531 44006 37736 7696 38135 42588 5839 %n3833 69
30338 23049 27247 8060 21162 30617 38445 9795 33892 581 32048 15991 40329 12685 24345 10003 28807 24741 38077 21567 15030 41848 17923 44328 34421 19637 40867 29857 43288 42949 8085 9963 40766 29077 4768 20363 3890 35503 4010 7465 3996 6858 5271 6951 44416 5893 4430 11886 39642 9312 4186 29655 11702 7669 43929 25138 10536 18644 44132 17856 306 3500 6525 18554 24962 36067 22814 10514 26989 %n725 70
22028 19868 29438 10174 21300 19116 9946 20644 39081 22838 12610 13170 11376 25850 2906 44304 9995 565 27829 40247 22106 37490 39042 23685 41894 15053 17565 22748 3478 37420 14927 43551 19110 13516 17008 36604 43338 29659 8669 1987 25189 19871 22802 14010 12914 4807 37593 21980 39741 2601 24208 2150 19182 30547 16018 44100 25682 10833 23471 37756 23330 19337 24947 44671 44668 23138 5446 23725 21265 34942 %n87 69
16829 31580 20590 1596 18770 41326 24268 17905 1473 9102 33228 39028 32873 14727 17011 19718 23331 14124 35107 25448 12473 31730 19905 11966 11551 42905 20546 11281 8267 39866 39569 37463 30794 11615 6301 30056 21571 3015 28752 28332 4596 28364 39639 39553 4856 7206 32935 40276 43403 38133 11642 24802 36171 17648 12342 33937 15037 7914 44356 23555 16962 8919 32726 488 23572 19177 1255 26410 25858 %n882 69
3683 43068 3528 16638 10731 22369 13986 24041 389 3174 39470 25598 1177 42119 25663 25415 11238 39594 35084 42966 16555 19725 19809 12650 788 6840 27762 28174 32160 32394 31004 19786 29004 43246 6857 44662 29866 5287 44485 11174 15646 1427 18025 34582 4991 34344 2665 42815 30690 41977 33718 15501 4890 27029 7456 44673 671 19418 7585 40791 36319 15986 8981 41656 21882 44062 17969 37904 27638 %n743 71
18149 1640 18810 39044 41255 41253 37413 15067 28230 15399 43413 4286 29250 32738 5606 19472 20954 24229 11814 25552 8565 19622 4324 28960 10257 39455 24589 13212 27021 44309 35927 36617 44725 42236 23580 4412 16707 40612 27809 37837 44482 6155 37348 22069 43595 38261 17831 26041 36300 15248 41915 20389 38250 3515 9163 14182 4215 8216 709 14804 25849 20190 2779 14391 27523 12842 40882 33291 13012 39409 1295 %n2898 70
16016 27225 40713 8084 8958 20386 33690 22672 30576 23123 1385 7029 106 36537 37976 6042 17673 4782 32044 29266 37783 6653 1706 42073 18562 16396 30639 5834 8569 15374 41323 21605 24254 7301 39669 20430 11942 30799 24865 38464 514 35730 9858 12411 32016 31374 35915 4676 5906 29807 38121 21498 41248 40752 1293 9512 10272 19659 42491 12953 9547 31016 14863 40100 6748 37428 34787 6586 4172 20453 %n139 69
26511 23575 36167 2406 8835 40935 26783 23190 28361 26191 1525 38996 35403 7884 41508 42866 22471 17098 29810 37281 2143 19114 7604 7334 6749 26829 29402 31365 12107 30017 15361 14437 18134 5261 27213 36359 29082 35884 9369 12829 5174 42898 41635 14211 40895 15099 26263 2653 28046 29098 20279 36679 32536 27466 27400 17422 6978 26083 17827 2932 23557 39353 25447 11355 9126 14731 32773 12815 28275 %n3309 66
21392 11961 21332 10533 19751 17102 35223 13391 7180 10156 26305 4309 36091 22639 29598 14577 2084 14620 1085 42782 43804 11429 34880 19851 31121 27451 37447 17000 8668 3353 11701 6996 253 39520 25070 397 28787 24248 18906 36151 4977 730 24130 2935 21731 24757 21788 6184 16100 18405 31243 36534 1700 26485 44217 29286 28251 11133 10980 4026 39009 29413 31254 33137 2788 21960 %n4335 66
8564 27524 1813 7221 37748 25794 27086 10077 339 43636 15036 34571 4268 14242 27342 39990 11756 14617 7124 39092 15389 28413 16901 34070 41663 16161 34246 24547 6048 34005 28370 7634 20853 27905 22643 9534 38440 14801 5832 27463 4901 7464 26320 25827 7526 19200 28408 34970 39748 8585 9767 23397 43706 19471 342 1634 20618 33367 37478 1513 30508 21298 16323 40048 22141 10528 %n2765 71
15590 11294 17671 21704 35310 27930 131 37982 22221 11993 38959 20012 28654 21094 30175 35229 11228 33172 1447 586 15959 11244 29999 30224 29330 24531 42308 32599 40792 21271 23115 23753 13757 13675 40246 23763 10848 17882 19238 9418 23553 36166 15423 10894 33487 6849 8635 41161 9231 16315 11038 402 3729 6549 33792 14486 18516 5579 17437 40087 32941 12787 27812 26261 33400 6859 9802 27850 16163 14198 26951 %n221 68
3275 36601 39148 29891 22876 41805 3195 919 3170 42561 19532 13807 41955 24564 23014 27900 28683 13142 40770 38168 24058 22983 1373 4919 11668 10189 19727 31497 29506 44088 33761 37370 9917 23599 20929 5085 17441 39536 16699 33758 20822 12329 12034 39781 23108 6709 33749 3646 28426 18602 12878 17001 1196 24755 10756 32319 38162 10336 19499 16105 23176 10940 29039 21043 16096 33911 11704 36820 %n1002 72
15527 31500 16729 26465 34700 1154 43245 42109 4591 10062 14043 19556 43601 6615 18058 19467 42534 16771 16734 12262 34483 42023 24045 33844 8770 14544 43303 712 33583 44642 14498 7078 1230 14086 25839 24457 15476 3742 24879 28342 23493 37535 16567 40678 23225 28886 31396 15481 42452 5855 24672 4394 22378 18422 29277 19516 15774 38032 29368 8189 8782 29929 36294 9809 39906 22388 16230 3537 7190 20918 18359 37691 %n2236 67
8600 35447 24909 18657 30057 18159 2554 30141 24029 36059 13459 10678 39921 20319 13729 29344 24673 21922 19150 38481 1729 32737 16211 19111 44677 13597 10685 38977 30432 33138 28900 42549 258 2798 33263 35038 42636 19279 37883 17512 2679 39804 26028 10409 30418 6576 5337 3461 22071 10549 34533 31341 10053 11122 30411 40941 5169 43771 27260 5590 28972 13802 4626 21521 38157 2914 33912 %n4497 68
13066 30713 26043 33999 19885 21825 40304 4778 6303 26774 12305 24344 6113 15638 26197 16476 686 43434 40879 24437 2176 27468 35526 20091 15440 40239 9270 40435 11439 22229 11066 7718 19428 44362 28499 30965 41006 20589 22139 14427 37908 1297 25830 29777 11385 15915 34844 29462 36945 2096 32511 41863 27380 34380 19492 34140 20480 7330 2590 34536 6139 11562 27016 30776 23307 17508 8188 19449 %n1280 70
8650 26687 19716 33202 40238 2087 39116 9620 13663 23952 3663 20579 14472 32756 43247 13249 18392 22352 34554 33310 20725 34136 33840 42127 13346 17598 19407 17717 16422 27347 6245 11819 5124 2245 31054 12200 39934 29181 11674 44573 9745 27165 2972 27398 30787 36299 17514 42388 32042 39620 21688 11860 41121 28740 38458 26478 42626 41823 35779 22383 43076 23987 12735 43967 25556 35071 41784 6621 823 43739 %n934 69
8040 2686 20878 22127 15797 2742 24487 1490 22348 6316 36115 35049 28028 11150 20035 9222 34830 13080 31518 5619 15525 16700 3419 4992 26236 12050 8651 17367 32813 25923 32695 32022 14856 1476 23168 3302 31832 11617 15410 26685 1089 41961 27227 25277 22384 40850 32012 43507 32025 24335 28012 12707 35446 40620 12720 36119 5836 13638 15812 28101 4001 39692 36899 3667 13649 25019 32868 36811 39682 %n127 69
25727 22607 17428 35564 21622 33530 9782 17029 5494 31968 34225 29700 320 1400 34 5860 32864 19567 7783 26747 18375 16187 18634 22101 33560 30103 39768 36592 6017 6396 14193 11053 41186 42790 26651 7806 34881 4482 646 2934 29589 8096 42753 2247 34317 835 38900 9331 5190 461 29120 35027 40944 40384 27026 5934 5103 42372 25998 11347 23095 3422 37193 7882 40759 21019 31542 23993 30091 %n1050 68
2902 38228 11349 37816 38411 27749 29028 20381 5185 14223 42521 22029 5416 20377 30967 44272 21584 44330 33988 26543 33475 28096 12792 4821 24019 2656 28202 21968 33548 28685 26368 2994 20869 6247 16487 20214 18973 31245 13348 28226 13238 6047 7849 28348 32497 28895 39581 38252 26393 6197 43479 8493 42721 13117 10146 5790 648 932 36968 2664 2574 35347 36583 377 20421 9000 8035 32565 %n898 65
3834 30886 6820 43743 17288 8870 32583 10825 37480 2347 7936 2155 37726 37542 33235 35579 5627 41017 43397 2728 32136 26351 3912 26703 41213 6212 41105 29958 27620 18381 41574 1909 30136 36808 42065 8439 1651 8112 21690 31997 15240 30252 7713 4784 9185 27899 17643 26040 24205 7494 38297 15381 19183 11178 17808 44312 13247 8195 39556 5991 19660 37774 21900 42930 44625 %n2013 65
12365 4307 16645 38711 34272 23669 24739 10520 26258 39744 9341 39263 7568 1393 35950 32598 16606 23784 7656 23181 16770 23905 43869 40636 38065 13431 34633 16717 39580 16431 44591 28550 4769 14674 13201 6296 36744 9831 3731 15054 42008 42283 34194 2399 718 20361 5598 7249 30720 8553 43770 8505 10247 41363 22076 11922 6995 5714 3678 39663 38703 31737 21683 23041 30129 %n1598 69
15686 19405 35719 35366 35278 16494 43485 14878 25706 34236 9471 8892 35762 7559 43422 11041 44187 28018 39294 12213 5428 23399 23614 40978 3390 4959 14481 12797 29562 11639 12462 15499 33188 4739 39165 10806 15233 1961 24691 41409 31509 9910 38958 28147 15914 29376 28804 21986 24189 37918 28268 25116 21231 16973 41 35841 12308 20597 1013 8320 9798 30802 41640 6142 13671 8975 8916 9916 7305 %n1324 69
41958 34458 29523 8521 13946 28765 36224 19563 37903 36531 38793 1948 9784 24450 27795 42916 13195 13506 17438 10352 14421 38336 360 37286 8760 29 14541 29784 27320 7453 36374 38425 18178 37430 11796 11813 19394 20352 41880 10367 439 16451 34195 10037 10320 30349 8194 3187 30951 11963 24517 33956 6723 3957 128 14587 26101 38837 38802 31383 39196 32909 18761 42862 25838 10273 30664 43975 43001 %n312 68
19024 27880 21129 17126 7594 43468 35865 43699 34524 44207 26713 12174 21279 34237 21377 31373 19686 13133 2615 42523 4897 38413 43619 33271 36631 7435 40687 24987 35374 40937 40864 23392 26431 16380 8696 34069 4360 43137 31279 31883 18956 10851 38558 14146 30785 24188 44402 29384 39836 42552 34760 34803 9386 17009 11843 16866 30753 2810 33306 27751 36949 5458 26167 42983 44593 33961 12054 16612 %n497 68
6079 38756 27059 20715 24088 5006 24689 42846 31889 29270 36802 23090 28524 22735 40146 42470 38394 30752 917 22264 22174 11276 35402 16992 10265 12822 38225 5745 25718 29979 19703 42624 12490 8952 26830 10012 16066 37769 22936 40618 11771 32822 25620 3058 6207 7543 42413 12761 42850 41087 3755 7200 11991 22142 20613 4640 22187 23078 14833 33181 7609 31582 26999 20780 30473 18625 1821 3625 %n1972 69
9894 25963 23239 4426 10537 30847 19624 8313 34191 29913 7214 38095 18329 27287 43250 15087 35357 16517 41974 33377 13419 32063 4259 15733 18437 40000 5452 40560 22949 22152 29511 12059 33824 42936 8592 23410 1809 34842 26174 28575 35165 29693 42399 6984 43023 21600 1358 31202 10094 22835 5540 3402 12751 29017 2070 42233 34074 15937 18767 13331 17458 31436 10543 18249 19623 39750 36668 25392 35034 %n2116 67
21781 21491 652 9985 42508 23086 13678 38940 36921 22645 38052 183 8416 19500 2309 11848 35532 6415 23023 27142 14001 17254 33309 3245 34914 24296 18878 12357 9800 39771 39593 5417 1823 28138 42105 1074 22213 36963 17639 15710 8349 11924 7700 27993 17334 40411 8922 19062 41806 38351 19459 14880 13625 35303 14251 42758 3881 4935 17496 25298 43788 9932 18234 38800 17883 29527 11111 %n