134
1108 710
35104 63717 4311 23360 25499 73568 74825 21073 40146 47821 50331 23600 85626 30730 49172 50490 34857 84004 82606 61221 2113 40184 80429 2867 65671 28349 26564 96899 36225 36565 35315 77543 50262 14471 39169 38705 3630 40422 36576 75458 35605 91243 18177 71141 71966 5315 1477 74023 67036 39798 56051 36025 60239 70129 81472 17544 7438 37221 40975 37534 78709 99763 48056 96384 77419 11717 62351 80805 84557 94665 38986 28743 11599 57188 2438 56939 74021 50372 6846 20568 86073 61315 23377 17768 67469 33086 58630 50867 16701 37581 42793 72447 88274 68460 20986 50473 8462 24116 59196 35052 34708 58320 17847 87490 15332 81200 64758 39923 21196 31804 93491 47926 20487 15239 69448 14244 73883 74700 73631 25787 41326 30931 3239 87676 80250 65996 3812 36376 65895 93368 48338 62737 53318 54759 78989 41942 82324 92454 42279 49312 77613 74432 90354 85968 48006 53931 39263 39241 93429 57809 42175 18585 92299 71284 93002 644 56132 73665 775 57059 59769 61817 19581 44748 85000 56676 33619 77632 16861 91416 91512 22680 37729 72327 2013 34737 91804 48597 198 36472 62567 88863 74668 76860 36506 30603 38446 61980 67107 33583 52694 4476 21107 44948 53208 80809 14274 93389 18070 81863 62720 31498 63312 26849 47216 97584 53882 12499 46345 46033 20541 4798 51184 49368 38476 82491 52388 21006 90292 91236 23568 92999 60410 3724 68325 94274 21628 60418 12905 10334 70632 80940 24351 35807 59275 26874 81948 1704 83018 10175 72956 63323 20278 60819 67430 86138 48347 45746 97255 491 88077 54899 82411 42512 10646 53425 17026 70096 16844 29667 34007 26069 71718 95260 64950 79374 64057 38091 14313 76088 15835 11243 32645 62872 37516 93221 95835 3932 76705 7526 61195 94994 4758 69769 70145 26282 15616 10528 63082 73983 28045 51242 65363 93033 51448 15694 40933 71415 66690 37302 74780 74184 26837 81925 85558 26733 93885 25654 43096 16366 53462 55975 40920 99008 45795 86215 12137 88446 40923 27510 37994 67828 29634 68243 41181 76130 36104 78442 87955 19868 28640 39560 53572 30367 57821 43512 54584 58925 39480 98390 19273 23920 45217 22774 26196 83716 4033 66610 60519 36529 86912 78105 45799 55647 81843 76432 50409 41997 9268 18615 53295 35931 27363 63864 17248 61988 48431 16833 4960 373 95155 90832 75167 83156 6603 82937 8435 17446 46025 16360 40718 43178 29854 8021 6172 87272 72152 19848 96689 82474 78278 78566 44474 48907 83233 647 6117 61188 19465 92312 43072 15471 98539 23910 12970 73113 25367 93995 7613 7769 30238 56425 35640 93128 9884 19926 67006 23504 18665 88975 44197 68181 65389 10259 26451 80445 20528 18946 52754 21276 61087 2546 58585 23735 70128 81424 55449 55291 50016 6966 56920 63051 16481 56089 20299 60486 91943 31230 72381 78692 91343 45373 67467 40488 90609 87576 27340 84438 44978 80083 57871 32327 21951 40874 76462 98698 42739 99860 31301 80112 54614 4032 96448 2599 28578 98568 52706 97787 8524 82064 71624 87352 61599 58082 78736 55902 27516 86980 5420 13926 13946 52711 22104 69817 3694 2470 44137 93599 77018 37208 7743 62269 53497 81753 40370 65136 79516 29641 66142 17668 11750 26951 76890 57343 9302 62700 48269 12582 93574 55539 47700 15978 80538 88527 84107 70413 34099 25259 8587 76985 14552 6770 50199 5594 46634 2107 63941 34063 28537 72300 67423 37951 73967 3223 36154 71812 225 96711 58808 80528 98923 60996 37487 33415 29060 92761 53515 61969 22757 82690 66976 8740 27848 14600 93760 68566 60948 76288 1196 70006 51287 45596 3149 71001 78993 50471 84232 8900 88135 13331 1207 91966 35314 21742 57194 2733 351 47572 89423 65868 3830 74770 38730 87914 9376 32193 31170 27180 77551 42337 69454 699 70146 769 35948 59219 31187 84750 58848 49717 16994 39205 32888 51061 28062 79249 9945 41363 70790 80736 69483 58760 67440 34586 44928 87620 93098 52036 51986 8361 1166 31000 75704 40056 16902 96177 53445 47857 16645 27551 69653 22120 94719 85241 28755 6826 68496 48281 43000 3228 55226 95758 52230 26077 12723 19580 11324 28160 44405 54587 25823 48771 18962 60833 66430 98703 7961 80385 42332 22749 76279 79924 82195 74756 32899 74881 97193 16431 47576 50754 41276 52811 39540 823 35884 15603 4005 12191 94603 26799 12329 48677 33215 50509 75323 55509 72158 81533 25276 13024 71802 1066 7998 70650 83193 29730 51346 26138 18803 97538 %n797 115
90853 14262 67685 49307 68401 99171 19181 43878 79890 71208 55931 56805 63083 9263 50038 46286 47094 88679 17077 98682 66881 75485 59617 74512 18736 50790 49465 91179 71626 84771 41985 5572 57043 26396 37285 32187 29314 53439 26792 34893 77310 46650 7755 28766 71240 3045 10754 70376 88266 96481 4866 92599 23054 12056 88558 48824 83789 15858 90392 78860 5873 78051 31850 51970 30797 49678 51727 65795 57278 58251 24286 10092 24205 43460 64788 406 18596 63984 89166 74301 10759 23510 85913 84585 46893 99068 84570 10867 59230 95826 73349 62058 15791 86317 31895 2682 3157 57128 92679 32110 82976 82042 25656 29958 15324 60746 79562 57207 69428 28106 11510 30414 58129 33604 78505 %n691 19
58990 77389 92410 66026 65331 33539 75145 74118 63441 21866 31375 33790 38394 89027 61346 53370 91469 28055 64048 %n893 3
99439 7220 83203 %n492 0
%n29 0
%n734 0
%n75 0
%n996 0
%n1342 0
%n1053 0
%n1009 0
%n721 0
%n322 0
%n906 0
%n1030 0
%n1183 0
%n921 0
%n591 0
%n850 0
%n197 0
%n1114 0
%n211 0
%n293 0
%n899 0
%n735 0
%n995 0
%n285 0
%n88 0
%n1322 0
%n353 0
%n343 0
%n392 0
%n410 0
%n891 0
%n112 0
%n1389 0
%n736 0
%n330 0
%n59 0
%n5 0
%n6 0
%n501 0
%n1295 0
%n1230 0
%n45 0
%n227 0
%n1300 0
%n738 0
%n175 0
%n962 0
%n402 0
%n975 0
%n142 0
%n650 0
%n773 0
%n754 0
%n1023 0
%n876 0
%n968 0
%n775 0
%n959 0
%n1363 0
%n526 0
%n1280 0
%n74 0
%n495 0
%n3 0
%n1329 0
%n1186 0
%n1335 0
%n1330 0
%n120 0
%n1148 0
%n62 0
%n586 0
%n747 0
%n756 0
%n653 0
%n632 0
%n634 0
%n994 0
%n46 0
%n1112 0
%n405 0
%n614 0
%n599 0
%n668 0
%n1144 0
%n413 0
%n1312 0
%n1370 0
%n916 0
%n529 0
%n141 0
%n316 0
%n656 0
%n1133 0
%n98 0
%n132 0
%n181 0
%n121 0
%n512 0
%n1345 0
%n594 0
%n1267 0
%n1063 0
%n827 0
%n693 0
%n106 0
%n976 0
%n1406 0
%n85 0
%n701 0
%n937 0
%n1123 0
%n1305 0
%n101 0
%n845 0
%n647 0
%n1338 0
%n524 0
%n96 0
%n245 0
%n364 0
%n830 0
%n1221 0
%n271 0
%n1043 0
%n306 0
%n1273 0
%n1016 0
%n1268 0
%n726 0
%n