34
313 270
55311 6924 65772 49455 47250 61653 74418 45312 30360 6886 24428 34819 46553 19881 60623 22050 65960 75800 50969 47302 12678 42201 77863 81351 75938 82960 28549 46974 57952 48104 77899 53703 81283 60332 481 18065 82933 54336 61185 83645 22805 32375 49815 23925 50133 61858 15447 50507 981 19102 50425 22039 10106 65481 30829 30826 65059 48144 29149 40883 69836 53041 10690 9669 66830 35145 19930 64139 36092 4901 40677 81021 34865 44540 67200 74438 22773 42511 14155 31996 64635 12662 83230 52793 9104 50578 58722 14815 64360 24385 29669 16739 27892 71291 77645 75650 9623 34398 75445 4892 49614 41075 45883 37089 70027 3844 44082 2 44118 22806 72995 69138 6662 76557 3224 32514 57170 42757 79222 25586 47527 74654 31962 48524 16600 36549 39503 83084 14698 45992 4274 54139 61008 893 73110 34165 63300 39003 39614 18764 50854 2532 7435 50508 55667 44609 10160 53676 51162 38964 26471 70439 7883 83739 71507 12667 77007 18816 81842 9341 49650 2521 19573 41329 23021 11025 28195 65503 79262 2741 58832 67141 9848 27429 40993 40717 24492 44170 50254 69482 69349 39670 2016 32588 52435 42870 37698 11835 17902 14228 13425 1437 61722 48173 17575 28095 52186 2482 29783 54312 69760 24425 28219 1286 84235 31597 11573 72785 71716 70781 17534 42450 4851 43939 66023 70786 82403 3358 65451 79228 60811 57118 37986 25454 47209 26172 55879 43889 39065 57808 52076 44740 80297 19942 53348 68765 46611 82909 80427 75783 63555 3548 50533 50709 77677 62603 18819 60569 78013 40656 72189 9707 62567 70246 32211 31831 34233 56356 44249 61233 20648 697 11496 10090 20819 82778 12522 12622 33841 18817 %n1242 46
53065 15036 64548 6195 25257 35369 22502 43221 70102 46390 1636 77367 81883 57019 71986 68758 50889 27300 78677 38671 14990 10724 31452 27511 79810 70856 6043 58818 49260 83766 24810 53989 30809 52889 71349 67650 38061 21592 82534 67838 35827 18151 30190 50559 57829 63239 %n1520 46
70092 77421 47297 22239 5293 13412 6540 82833 15016 68606 43780 20718 43238 48867 50887 60156 35122 11820 35727 42424 48087 10966 31362 2369 47206 28926 26308 24546 50856 8680 44468 46879 47157 41826 66642 30640 58988 14595 60709 53563 80810 1697 16920 32639 68659 7101 %n1241 46
18486 72352 70694 27172 81711 44602 13686 11213 37625 18801 40281 79835 7995 32402 77254 42375 54677 48030 9365 14335 55772 57054 20720 50266 5433 34774 63977 51851 10915 41020 79865 7986 74 83154 80708 63201 69039 10710 34009 56229 24106 32395 6726 31686 35942 67105 %n2904 45
25669 21995 43170 3260 9526 44622 46597 74462 8364 75040 57625 16394 28736 52743 30586 77144 83436 34791 70687 64483 47812 47415 76196 15793 43077 14333 79348 7111 27230 15751 39879 14546 50701 46055 34541 10838 51589 8926 56884 12913 39172 74870 5490 15279 71767 %n3562 45
31839 77602 4659 50982 1632 66357 19619 24136 1199 1823 73794 58808 74235 72264 10454 41731 79134 33987 83687 58395 70914 16449 43340 70163 57831 76797 29119 16249 64821 19424 21037 25412 52436 15386 78103 48100 26689 15551 77389 54061 10135 5651 44757 3491 41464 %n1801 46
82447 65702 8734 60633 1097 31310 34646 77969 72858 820 17647 57961 41784 24335 73480 65638 16398 16259 78396 55598 26130 24702 53545 74746 82113 65200 12369 76603 77999 66573 81367 64693 10796 57915 74382 33438 55726 46992 7512 36470 30192 34906 44595 11902 83957 1276 %n897 46
61990 14197 59441 44352 16840 10944 4819 54785 19299 51018 56565 79360 67915 62803 76798 67744 75561 78398 48048 14096 38176 63361 83280 7832 15683 56213 1088 69296 11044 50475 21588 9325 78555 75259 63546 49626 12220 79148 67586 34875 8560 40475 50619 83577 54053 8495 %n1919 45
63697 11173 30720 65630 34560 5071 5463 28838 25477 52930 66203 11302 78260 9849 12238 82286 72880 78344 23692 80838 73243 82659 743 77202 76981 49667 74887 75787 81212 41033 43006 29198 23001 14538 61208 24652 11684 24989 29852 20883 6396 64110 40611 63502 44258 %n3080 45
44873 34546 63435 59049 78682 57794 9057 62443 61739 49117 34499 23203 34733 71690 26950 30540 20096 76905 10173 46551 9576 60059 17298 63939 61813 49070 703 21157 33816 65150 62522 53380 33772 78405 20324 75610 73878 24245 68771 84013 81819 21757 50778 62985 76572 %n895 46
58261 81907 46886 68886 62649 15613 75943 75471 32769 34117 28160 49675 74129 57207 24869 62503 32845 72607 38368 52494 73674 61986 68746 33567 51920 80970 39835 74753 11710 56559 9191 52164 48291 77374 35167 69676 82623 34374 62235 61505 13640 37317 24473 67117 21751 72018 %n2947 45
26276 25671 9155 64972 83804 64767 77729 4053 62154 60096 70627 7421 19767 18881 79837 23090 49171 64193 23639 1337 64321 18491 20374 63123 49414 45082 58048 78549 81295 16433 21612 24530 30270 44126 33964 27774 66411 10388 72920 56093 51432 49889 60208 75486 7247 %n3028 45
30811 5930 10252 67215 53978 83119 68638 31305 26658 16141 27369 66958 80106 20679 1714 664 38095 53128 54191 55005 66955 36356 71129 18980 52696 71369 44277 74264 60 27442 2261 3006 75033 952 61539 80415 30147 52838 32311 31122 3757 73716 44904 61857 42682 %n1645 46
5602 60297 44653 49433 2541 81908 62527 56799 67626 78067 62345 64754 48010 53904 14624 35449 9217 59451 46604 53176 78506 47107 31127 44068 76214 3662 11984 67032 72130 37748 6537 12997 35906 11730 24747 48666 33930 26117 51996 54233 19177 21076 47561 6531 31811 78071 %n2992 45
72266 70893 37019 46302 45937 76299 27517 6055 26866 76119 33336 53767 61478 47892 74101 57089 33047 13732 61131 14425 41023 46492 67848 31804 7444 20534 44811 40760 76093 30104 53964 47420 32969 48085 68463 27985 34881 13687 50476 57946 65177 71803 62053 30940 21309 %n245 46
26371 18559 48125 29984 15952 39689 45439 63590 27010 2061 41387 34388 45978 35276 50308 60875 32382 60426 11847 20664 66479 10967 57208 54979 27603 62033 27657 8349 45155 7612 38134 34342 41444 47951 76140 18976 38606 12840 54868 82969 54786 14344 59155 29993 48896 71411 %n1790 46
59749 23661 8419 32360 77741 29623 34202 61983 66395 38555 80417 47358 73597 40331 42232 49460 14122 47303 83412 12617 13014 12439 19155 44853 15790 40150 32704 31231 31438 63618 30431 8717 84259 50693 47449 72445 14054 19132 64797 58422 67185 71693 74310 37842 23144 24390 %n1392 46
68383 29959 1956 49141 37395 59876 32712 71096 40972 34555 46040 28922 69790 20586 27447 59505 21671 36818 65421 66016 41422 31830 72033 53477 15914 77638 16001 42798 74203 6437 64475 53608 80622 515 59396 82718 4023 33524 64081 83507 11793 84294 71747 11632 40646 78973 %n1526 46
47322 82926 21213 22670 13625 69578 83157 49606 29900 26398 55565 52253 12410 40379 18460 76252 6960 35614 51947 78893 61174 48682 72172 75378 74503 35924 21730 49927 70322 17114 83652 58926 61248 16391 68545 74543 76011 66553 82441 53775 25363 22123 33646 40267 43280 13762 %n1323 46
26958 21739 65463 68002 70813 60999 65148 48630 58594 76480 34477 3562 5635 63488 29190 62067 76364 29031 35111 61055 71404 38991 10600 31907 72752 13040 33620 11487 22313 10311 32832 28704 74737 16595 667 43498 50604 25907 80142 36506 32968 61995 59040 377 19387 70154 %n2506 45
7921 34923 48042 32081 14921 73114 69238 25073 65057 8674 76056 25416 44148 34696 52883 43874 31960 22758 71935 18896 10397 81785 47785 38381 49196 69928 58514 29876 39077 77038 53292 52689 28103 2385 44591 8157 5437 12403 78197 51406 72317 9251 44390 11170 19668 %n1603 46
2256 9381 38255 539 31883 59476 60954 63238 12516 32473 64080 73371 64856 5539 62431 37410 65714 13823 41335 14503 1644 43198 62898 44657 84114 72636 77561 2064 35751 59938 65486 64662 54920 58893 50484 45478 59495 16012 7955 78773 64188 24500 72595 53420 36471 59998 %n1093 46
83668 78162 34249 59895 49876 58959 62035 38751 428 19417 44568 6571 55154 18585 29401 56195 27307 62616 65640 47818 4194 23055 24380 22178 33652 19716 13817 21292 17443 4413 52493 55389 76318 19105 78263 46057 25746 29462 13616 43988 3697 6107 17652 30168 9828 4636 %n668 46
9313 26578 27165 69130 9246 65493 56469 62557 40143 17104 26564 20088 62289 20303 74585 21831 62657 57468 36211 12518 69633 15398 81581 33219 60328 50996 56869 68824 77178 14897 79504 3397 12472 46423 43722 19756 75161 74531 78946 33697 21242 36186 37475 21256 38958 9268 %n451 46
74070 2294 31411 61240 2349 41857 25120 59350 55348 15471 70396 49390 22009 15765 58822 29176 31758 76695 13595 18861 16297 14956 62666 4052 69947 37053 44619 15614 77728 46385 14304 75872 80161 68576 50968 74745 8256 18175 26246 67872 22350 42310 34583 41007 34664 44770 %n1773 46
37897 37152 76563 76198 47650 62826 59234 43212 37804 51415 5606 59572 39240 55829 61762 25556 20838 13333 27135 16337 77876 82219 36888 71450 78591 14736 32443 69001 55950 81838 12912 80856 22253 37000 31629 32301 18400 27012 45723 70505 59477 38054 27457 59145 16528 51959 %n1846 45
64215 70666 49461 52276 28472 38933 79538 68234 2113 21397 54896 21603 10996 7415 64357 110 71146 18416 37588 55330 15826 11897 33505 6600 28309 37801 82411 72316 3271 7050 82138 36781 11607 78049 50194 22328 39480 67312 67437 80835 19768 24405 28236 37763 25049 %n3521 44
32483 34519 26192 36028 63448 54885 73811 72782 39100 4511 70948 48059 74484 67048 42394 67439 78596 67630 36119 26004 64325 54943 52246 55046 72739 62776 11232 59054 50197 63115 3288 65897 9929 74179 72314 11712 7312 10573 10736 44065 22015 32061 62125 49817 %n399 46
42453 23646 56732 73259 22892 68978 59035 31204 26641 76645 33942 16650 994 48265 10660 83664 28088 72464 11013 44962 6161 66201 25626 13655 72923 15789 44036 79605 23827 82086 58738 7036 35124 1943 62471 157 68662 46922 63173 80703 23593 23448 42993 49354 62854 48518 %n1394 46
46059 57626 13019 45668 37039 50455 19040 45061 40272 78334 16723 34277 43651 16944 14962 50780 9550 13207 34576 44079 22798 83015 67887 53111 25398 39888 77533 63798 15839 76632 14681 44836 41621 16880 74479 71248 68702 10437 61567 8884 71426 16033 33998 42193 58364 81588 %n1320 46
1239 64873 63552 45773 81420 52430 26295 82982 47478 19130 67721 61846 36048 44889 47908 10761 44177 1109 42336 81404 50080 67435 83908 63984 19180 588 9663 74873 12528 75321 35663 61529 5531 81507 73599 52010 24631 17543 49941 2480 48875 83340 73286 23018 23926 65886 %n2570 45
17258 10369 45387 4992 67564 16956 72070 41100 72212 73801 64946 14172 14784 10849 77844 45629 64047 23794 73297 52960 18734 24490 80737 26105 36876 30522 23172 23154 18115 13756 21723 80302 6260 14130 25460 2101 49611 19731 14404 56432 58991 4311 37362 22518 39941 %n813 46
62973 70613 63104 79692 18304 44325 9101 6871 9499 26143 14106 44867 78457 28953 62670 5503 61161 15759 535 78129 36849 594 77706 83675 30604 56153 21149 18664 49349 21276 51361 44349 69040 13962 22484 58658 31166 33566 76808 52054 67538 71662 30737 74229 62301 79060 %n1558 46
24934 67303 8375 18004 65822 40771 14829 37354 32224 49491 22709 24388 82793 75732 34775 9529 61610 69968 46274 39315 68001 43531 18709 76582 33693 60942 70114 19986 32435 18630 51754 48945 14517 51004 43384 83565 15672 22840 63153 14384 65598 4301 31425 28124 57844 24414 %n