94
2014 303
3966 47120 70526 25076 93971 75801 20516 71620 47058 74165 41806 55088 88886 40109 45176 48746 76247 18499 90121 97864 23104 43718 54242 71433 65970 49729 69817 94749 17115 63828 60420 80099 41049 90212 85204 96547 43615 47440 10209 1847 27791 59238 1825 95380 66623 51700 29452 63757 8081 13964 73364 16663 14845 80692 90435 77382 77437 17469 38005 10714 83621 13169 13532 27367 28568 542 84149 69856 89533 55046 99944 44770 97245 21851 97923 91012 38722 61496 76899 92943 75929 45395 15322 82810 22012 9545 4184 28855 14769 7845 82883 86839 96560 56009 41109 85578 23916 77020 62018 21885 85188 90827 36615 31454 10780 84586 43331 38574 98269 24862 60183 48600 25022 37443 73493 17899 91351 902 73533 60187 47184 39172 58166 19405 36655 67881 28544 28486 55791 20387 83709 7404 18298 67233 17984 67295 91527 99523 44960 42163 14612 80307 98961 85307 80318 2977 56358 29193 32771 16096 64178 36847 62898 72893 64351 72521 63871 33640 42954 29031 8199 2097 98334 49047 31616 48744 55747 46393 32975 2975 5248 20466 36740 68740 98864 26730 50978 91436 8585 9397 35104 85407 68940 45590 52684 84521 86092 81293 19328 77967 10890 83993 1884 42211 999 712 23799 45457 82216 44537 54312 63979 63323 52680 78381 79340 38684 29283 7424 47492 90761 21391 8332 71368 52838 93284 17654 7903 59523 72193 9926 24138 74081 24410 15627 49668 44651 48242 88441 57451 80319 66853 84738 84638 31915 30426 43797 78185 72116 78151 69437 8534 99829 52761 5711 97997 55843 87814 38268 20169 44816 33401 10257 19216 66902 20102 64872 28591 87282 76073 53340 44842 89186 84821 7110 80967 28613 44319 77754 44335 57428 42151 98745 2323 50252 38893 12231 93038 26016 32950 33553 27923 10686 45650 49813 95631 65340 47032 23795 20274 23719 18083 9534 71633 59043 89442 63332 50379 8495 1332 40652 79991 29963 %n2708 178
84278 34252 43699 14192 82489 66648 77069 57710 9940 14005 64148 92787 62344 89273 26177 56778 95917 41066 79170 81301 39588 80149 78622 36117 40973 10020 73187 22440 87765 63629 75954 70383 90921 69901 67101 5433 12069 2231 399 8827 32516 59562 27442 94482 10126 57864 17776 39653 43616 52690 28847 69865 1303 44425 41088 419 60145 6366 98766 81033 60386 19921 97327 52040 10966 45104 62065 96000 62004 94007 46417 86075 73816 83931 48305 15542 22812 59015 66845 58655 34408 96695 76944 10631 40804 81461 40336 57901 46344 36570 71822 74767 56412 41204 53337 20543 2291 38068 57322 83328 78944 4682 6311 5346 61744 39438 50483 3361 12779 97503 26838 68162 31176 71531 77012 732 9968 19082 69082 14858 8132 62907 44358 79222 41422 10147 74985 75047 94455 90711 56955 20548 1890 67081 38230 22467 75366 44495 11935 91421 92831 63531 45541 15934 81420 89262 88968 66383 22882 47123 84320 7883 77046 41371 8780 29435 3007 49665 11869 51975 28482 54645 71150 99160 5804 42816 77188 70567 64517 31327 15176 62175 42719 53418 22309 93669 78347 86553 %n2681 98
89540 91669 29835 83692 52725 65319 93529 31742 20216 532 42562 84883 64781 39114 80529 18209 61849 43376 98675 68173 1363 37624 97764 47450 55080 45611 48655 6139 94824 20726 32167 4390 63442 98801 32732 41836 47937 17287 51572 59725 3021 21424 26469 95585 69179 1649 7768 18054 58687 59175 42435 83168 66996 40382 90449 30322 10409 16032 60511 26214 29497 29142 42767 34480 95609 14924 36207 62703 91953 3319 70849 33076 45685 19055 29272 53472 13736 55264 15667 21267 91969 83143 66970 70885 23918 89633 13470 45238 97963 50021 27757 41366 52772 31088 39722 56250 41923 73476 %n2782 64
24728 70367 53617 88564 39603 14692 25204 72684 33218 6274 63142 67947 41672 58951 17827 94832 4154 61013 64926 98159 38876 27943 49281 29430 97547 9109 5425 66917 33748 68898 8193 61766 59756 76942 10935 18939 80788 52890 19895 27346 4030 58391 48478 20206 22050 86637 42889 10474 36260 66609 56602 62653 50134 41 35595 1670 88063 50748 4581 16548 74305 52613 3106 82343 %n1092 33
7980 2811 61450 66165 86992 34198 43192 13204 74234 73698 32240 1732 40814 18237 87719 83321 63593 99471 13828 75971 17838 31946 67853 76598 88475 35966 82746 58719 20281 25604 23148 2286 40826 %n949 22
95837 18126 98289 54523 73251 11805 55543 82790 59754 82334 74822 64201 70690 60119 90011 89552 57706 44969 82877 20338 99643 40806 %n2624 17
35194 2241 42472 55433 21027 41535 58658 63890 49407 62393 2103 2470 23363 22157 67451 35353 10155 %n353 7
9611 50464 94871 66979 90077 53078 89300 %n2829 8
38931 21693 81757 56150 8461 30196 15358 35486 %n2527 3
83427 47368 22583 %n3162 2
10836 16744 %n1189 0
%n321 1
76792 %n1541 0
%n2330 0
%n2415 0
%n1829 0
%n1915 0
%n3070 0
%n1853 0
%n2253 0
%n228 0
%n674 0
%n164 0
%n2600 0
%n1301 0
%n1106 0
%n463 0
%n1419 0
%n1302 0
%n2664 0
%n2867 0
%n1044 0
%n1965 0
%n2457 0
%n987 0
%n1288 0
%n2118 0
%n465 0
%n1718 0
%n798 0
%n1406 0
%n3122 0
%n2712 0
%n2649 0
%n178 0
%n2379 0
%n3197 0
%n1287 0
%n2085 0
%n2636 0
%n1299 0
%n846 0
%n645 0
%n118 0
%n2202 0
%n2698 0
%n1251 0
%n577 0
%n1093 0
%n1862 0
%n2136 0
%n2725 0
%n1376 0
%n2189 0
%n2717 0
%n884 0
%n2830 0
%n108 0
%n1098 0
%n1732 0
%n2361 0
%n123 0
%n581 0
%n2696 0
%n668 0
%n46 0
%n1255 0
%n1295 0
%n1123 0
%n3113 0
%n264 0
%n619 0
%n639 0
%n1018 0
%n1352 0
%n254 0
%n1099 0
%n497 0
%n736 0
%n2092 0
%n422 0
%n2338 0
%n1190 0
%n