343
2232 146
35493 19794 52124 33014 82988 47433 43216 4078 43838 46751 46774 75106 19737 62549 85952 31574 49119 63892 958 45959 38958 92467 94295 13061 39900 17681 70478 33333 54875 70152 41915 84515 89715 79733 96627 98200 16020 57931 56036 92027 99623 3122 41290 16367 45190 57963 33185 63060 94779 14963 88499 28418 1282 86930 76245 1127 10624 66190 77632 81971 50562 14808 38110 21359 44927 75656 919 22258 42171 48059 49097 61354 19335 22828 61439 20016 48334 13806 77414 69071 67341 5109 94283 26434 59488 59467 24286 20923 30034 31604 522 97774 35375 83176 50404 39404 74787 18524 12323 43727 66477 17233 60911 33004 57715 95508 65327 96593 26123 28368 24565 21676 35368 60821 14420 24308 69475 33124 72787 46827 11305 86591 85065 98482 89975 10842 12633 70450 81681 7455 40538 72381 97409 47351 53960 69074 10566 16274 40355 886 4933 64457 92925 54437 77301 1396 %n1634 110
38974 36782 70182 33638 26955 76695 78519 1106 34316 4639 85528 91846 18577 24362 36573 76387 55383 43364 4347 79794 40763 80770 11013 54905 60562 66715 61121 87712 17283 97244 18876 35379 26507 56211 12919 8675 22347 45071 31549 15313 83194 11213 8853 24772 22443 65008 42754 21605 3748 65693 10053 95076 89812 48442 98190 77491 21598 92339 25244 40642 15954 90300 38562 85023 60195 48232 89358 7687 48617 38030 26022 3796 38628 83073 11197 60534 36752 96748 24354 94235 76525 6481 73258 87358 69450 5277 92830 93396 89743 13522 87063 32844 97268 99285 82889 89452 7966 45619 64901 93394 36476 35291 69929 41146 86874 51994 77716 69761 69433 1004 %n3246 95
23505 63104 30568 95807 67331 79969 91125 99470 99520 47032 73214 7786 19238 19041 24625 52963 1363 64956 17439 1615 71561 53936 95193 75165 17413 54196 40995 89427 49634 18074 80161 82771 28584 31753 98449 52397 69973 11546 18107 33243 7218 57457 85418 22961 77873 9661 85920 53544 46655 98024 19349 43070 9543 1258 42620 46895 56332 46211 72445 32785 60600 68111 63063 17572 96433 97358 95428 15489 9447 66278 81884 36708 47111 95520 75541 94947 23471 51345 97367 58644 98181 79020 85436 41703 90607 53473 38938 81873 86580 63515 93635 53890 94636 7099 64828 %n4600 65
64202 79891 39459 70625 92705 12722 71976 39795 19981 15925 93819 29457 43183 33593 72801 59514 11088 69612 82931 51656 1714 78348 92107 27254 48392 20438 82437 67855 35922 38413 66103 48312 42763 59943 60876 98916 157 18331 26182 97435 63360 18773 65701 29631 12460 44765 86393 2120 41076 41820 25444 3614 68334 47354 60765 41917 97825 34531 76595 32884 37209 94252 94168 64751 40529 %n3385 58
76313 50663 57105 95798 17265 29547 60318 83853 12157 91740 46902 40274 88577 18148 333 83817 38268 80704 36913 73481 7674 77520 66601 19635 76899 67515 26264 71425 34965 41334 318 2475 86916 91815 21805 18736 85222 44731 48 24079 51745 19609 57371 45253 30936 28858 60879 48417 6470 79606 81469 98185 80139 47662 91195 83181 2359 2525 %n6561 44
89454 53399 96042 42732 75330 19315 15084 98257 86975 93728 28941 34144 16494 28424 88039 25084 34139 869 92244 67170 57425 725 50206 34384 50299 5496 78533 72658 64 93126 49852 8336 66919 75854 14845 43716 56568 2861 63860 66758 78140 9856 35701 42921 %n4192 44
5546 15549 27790 77265 56572 72418 43816 24949 30044 70006 83685 50262 41909 93377 29406 16425 29592 10716 38434 19033 36042 29314 86485 411 37283 97728 39146 65325 86256 32694 52534 32874 42166 53572 67645 10064 8511 91699 80281 24194 95578 75345 81126 77881 %n3138 28
89508 32995 12860 78810 81723 7278 27982 44529 35362 99094 223 90697 4860 94626 40824 88478 49082 47256 99738 68405 52873 33204 83179 15294 44941 1451 9055 12436 %n6115 26
73833 30616 21572 9946 4495 90827 34314 33241 98681 48619 22039 2508 62226 92216 7658 12226 5597 19690 20630 3981 39741 63040 93565 87213 68258 34860 %n4698 14
12269 68309 63494 92254 65427 40794 64591 32936 68681 50589 89503 68292 17601 16561 %n1032 17
87573 62039 1249 16468 78594 2801 65151 41485 64199 21006 96780 9352 26456 52385 91927 21919 47001 %n4301 12
4699 18985 70171 71373 40249 61335 39978 81003 47450 75400 39113 69854 %n1024 4
8626 78129 39698 81634 %n2549 11
32751 66734 43846 98032 25536 49510 57606 92408 27780 39327 66732 %n5098 6
30467 58402 36368 497 75490 7789 %n6397 4
43851 90684 75262 9877 %n1632 4
98046 6696 72102 96768 %n736 3
49916 150 19410 %n59 2
4635 16669 %n4847 1
7397 %n3334 0
%n3809 1
80955 %n4744 1
46242 %n4782 1
81891 %n5714 0
%n3523 1
92350 %n6333 0
%n2234 0
%n76 0
%n4545 0
%n3895 0
%n3673 0
%n4063 0
%n2114 0
%n5884 1
80431 %n5619 0
%n755 0
%n310 0
%n2807 1
80683 %n2590 0
%n6372 0
%n4373 0
%n4489 0
%n5396 0
%n5312 0
%n3580 0
%n6019 0
%n314 0
%n1933 0
%n968 0
%n4971 0
%n1371 0
%n1193 0
%n6346 0
%n98 0
%n2178 0
%n533 0
%n6168 0
%n6589 0
%n1513 0
%n1386 0
%n540 0
%n4947 0
%n588 0
%n96 0
%n139 0
%n1972 0
%n1461 0
%n2743 0
%n5042 0
%n5503 0
%n6792 0
%n2614 0
%n1900 0
%n767 0
%n1925 0
%n2784 0
%n3758 0
%n2631 0
%n2598 0
%n3026 0
%n6245 0
%n5825 0
%n4320 0
%n5940 0
%n6028 0
%n3330 0
%n5943 0
%n5390 0
%n2514 0
%n5324 0
%n4964 0
%n1289 0
%n632 0
%n1238 0
%n107 0
%n826 0
%n2279 0
%n630 0
%n1134 0
%n6188 0
%n254 0
%n4457 0
%n3040 0
%n4468 0
%n2749 0
%n4223 0
%n4166 0
%n5015 0
%n5953 0
%n6338 0
%n1354 0
%n5373 0
%n4247 0
%n775 0
%n4323 0
%n6843 0
%n3438 0
%n3788 0
%n4476 0
%n6599 0
%n3687 0
%n2092 0
%n2529 0
%n1349 0
%n6106 0
%n2767 0
%n2754 0
%n5707 0
%n3575 0
%n298 0
%n2977 0
%n5816 0
%n5538 0
%n2146 0
%n940 0
%n86 0
%n411 0
%n2707 0
%n5184 0
%n2311 0
%n4337 0
%n3288 0
%n6039 0
%n2347 0
%n5895 0
%n4822 0
%n4125 0
%n1674 0
%n3312 0
%n6441 0
%n847 0
%n936 0
%n5195 0
%n3306 0
%n4824 0
%n5952 0
%n777 0
%n3531 0
%n3905 0
%n2865 0
%n437 0
%n4412 0
%n1796 0
%n976 0
%n5791 0
%n1554 0
%n1300 0
%n5415 0
%n217 0
%n3582 0
%n1868 0
%n651 0
%n4903 0
%n4240 0
%n6394 0
%n1647 0
%n704 0
%n2184 0
%n1311 0
%n4037 0
%n5318 0
%n2832 0
%n6375 0
%n4418 0
%n3826 0
%n2819 0
%n4881 0
%n554 0
%n239 0
%n860 0
%n4197 0
%n1043 0
%n647 0
%n2612 0
%n5950 0
%n178 0
%n1176 0
%n4831 0
%n2779 0
%n2040 0
%n3735 0
%n1102 0
%n2875 0
%n4310 0
%n1312 0
%n44 0
%n2314 0
%n977 0
%n746 0
%n6656 0
%n2215 0
%n4811 0
%n5330 0
%n5456 0
%n1026 0
%n5697 0
%n3232 0
%n1031 0
%n3570 0
%n6622 0
%n113 0
%n2974 0
%n4128 0
%n2120 0
%n2802 0
%n1797 0
%n3465 0
%n5596 0
%n706 0
%n237 0
%n2801 0
%n6507 0
%n3285 0
%n4246 0
%n1234 0
%n2325 0
%n3415 0
%n3776 0
%n1656 0
%n1213 0
%n1697 0
%n522 0
%n1938 0
%n2621 0
%n1752 0
%n5671 0
%n4484 0
%n3789 0
%n182 0
%n5601 0
%n5033 0
%n2870 0
%n5603 0
%n1075 0
%n3586 0
%n69 0
%n1185 0
%n3660 0
%n697 0
%n3708 0
%n5861 0
%n3077 0
%n5276 0
%n2523 0
%n2364 0
%n4582 0
%n5249 0
%n1286 0
%n4097 0
%n3261 0
%n115 0
%n3644 0
%n2496 0
%n2000 0
%n3480 0
%n5768 0
%n6111 0
%n4510 0
%n5430 0
%n6323 0
%n1126 0
%n2994 0
%n3113 0
%n531 0
%n457 0
%n2960 0
%n900 0
%n3845 0
%n4614 0
%n1196 0
%n3665 0
%n4360 0
%n509 0
%n878 0
%n5562 0
%n4184 0
%n857 0
%n2182 0
%n830 0
%n5360 0
%n2866 0
%n3572 0
%n2454 0
%n5414 0
%n3574 0
%n2381 0
%n4717 0
%n3117 0
%n5166 0
%n3416 0
%n3858 0
%n1994 0
%n1793 0
%n997 0
%n6784 0
%n3256 0
%n1676 0
%n1433 0
%n4499 0
%n5479 0
%n4106 0
%n5903 0
%n6048 0
%n6524 0
%n2419 0
%n36 0
%n3919 0
%n5399 0
%n4413 0
%n1378 0
%n1379 0
%n5158 0
%n4589 0
%n209 0
%n3693 0
%n1025 0
%n3359 0
%n6832 0
%n365 0
%n6078 0
%n2256 0
%n5807 0
%n