141
1481 8
5225 15421 23624 56049 90640 68171 70184 92106 %n14737 7
57789 32040 54775 18161 92189 28679 41524 %n17219 7
3334 30818 38883 76925 77762 55181 2355 %n4692 8
87797 53098 81513 26018 49625 80172 86239 56611 %n14187 7
91715 39144 54247 58385 45660 72670 12641 %n6006 8
85596 70939 72617 37575 80894 83013 45249 53738 %n14998 7
47307 87987 84631 57639 47755 71451 52281 %n6815 8
57676 37445 76565 9784 58187 54568 91307 29006 %n21773 7
43151 14482 1692 86362 17465 42463 69483 %n7663 8
84888 41076 53550 35388 64889 22262 87771 70978 %n5379 7
26558 65074 80765 41375 28587 27290 67678 %n16335 7
4397 5847 85903 22281 7688 77987 17743 %n13204 6
36803 88994 4043 35851 75391 82654 %n8407 8
79552 44051 78978 1274 41935 24554 33848 49493 %n6812 8
68691 20066 93135 87204 49742 87352 31532 77820 %n6133 7
9224 62352 41027 44446 39253 71801 87908 %n15894 7
26541 34922 9470 53308 41964 11166 58478 %n7182 8
89235 27217 72294 76074 12538 49088 9876 21940 %n4750 7
70575 34132 66977 22531 9582 17075 77805 %n3688 8
61684 38072 20800 8502 7432 85873 76440 55279 %n20721 6
74243 76987 25872 38189 86000 7155 %n3730 8
21345 22855 93122 65908 35283 66899 76512 26825 %n10743 7
82428 53509 26670 55303 17774 29771 91762 %n21382 7
57918 2209 23638 12924 22252 91693 60282 %n1208 5
42737 24109 4457 68858 73951 %n16356 4
47289 4018 61167 20477 %n10655 6
7697 52147 29338 4153 63238 4064 %n3670 8
31635 2606 91967 92109 92126 51853 44959 30272 %n21340 6
72846 67460 53946 34150 46027 20645 %n5188 8
74191 43582 42468 27813 33548 67246 10645 77223 %n12689 7
43465 70587 38937 1312 43932 34174 47577 %n22289 6
76379 46368 46735 53314 61405 74540 %n3549 5
70515 17486 86837 11715 18419 %n1859 7
4125 78547 39646 9594 83200 67867 68335 %n3792 7
65978 91663 88930 48347 36626 45811 73803 %n21574 6
65402 72810 69574 65525 36077 89810 %n13183 6
15767 11720 34990 21462 25564 20884 %n904 6
22950 60671 16080 58666 33593 6489 %n12986 6
40274 63050 93060 62736 26703 30984 %n18127 4
62775 90297 14408 9928 %n11063 5
547 21621 80497 10396 59246 %n8508 8
45339 44358 72383 61876 2596 90810 50657 33749 %n16813 4
29731 69990 31703 61449 %n9621 7
20317 59122 93610 43624 5193 11685 60912 %n3916 6
88689 12438 10923 61547 11473 19914 %n393 5
51609 26503 80989 77583 81423 %n18194 5
13297 36456 8721 47668 8525 %n16038 2
90413 73315 %n10074 3
17493 46623 24799 %n6694 5
21664 16168 6288 52583 68263 %n17426 4
85805 62944 4441 47523 %n4731 6
73612 50944 27106 57750 15962 36296 %n12601 7
9342 40092 10749 50029 76846 7968 35239 %n5639 7
38886 91073 78436 71026 34112 7819 12154 %n7230 6
14832 13890 43361 89393 92859 82506 %n6684 5
46468 22519 93001 83354 51624 %n5311 7
29685 84477 6660 29510 28790 78084 24203 %n5777 4
25922 77156 92459 68754 %n353 4
31059 14615 41407 15591 %n17215 4
34664 562 46483 14687 %n6651 3
17818 14923 81234 %n21057 4
44303 28566 69099 82336 %n7483 6
25199 48520 62292 16836 8204 92218 %n759 5
90064 59262 89260 39745 91548 %n14206 3
91481 48614 74596 %n5335 4
74642 15617 87047 69515 %n6991 6
40633 72342 14831 14863 38925 2203 %n1997 4
19588 34882 33656 76585 %n21846 5
70233 43131 69779 25072 4725 %n898 5
32348 84635 26709 11292 30512 %n17124 6
37462 29757 10597 18215 45252 74032 %n15019 3
1765 81933 19019 %n13807 6
1927 71657 92865 19156 12690 28291 %n20067 6
39460 49495 18548 51793 51275 48511 %n3365 4
75725 83600 12675 17940 %n13199 3
5297 91385 57795 %n1704 8
4095 44386 70777 80419 46265 23234 40439 84242 %n8295 5
5575 26437 33485 7002 86193 %n8224 6
87187 89342 12030 65953 50202 49600 %n993 5
50779 70815 3410 62934 31676 %n17223 6
20707 59440 82757 38713 60228 26946 %n11238 5
75304 85488 88360 85539 961 %n3244 3
33873 53180 89644 %n12378 5
18577 8568 19008 43335 24594 %n4735 5
43000 60088 62019 48197 50828 %n15986 2
74568 24048 %n17322 3
56310 50897 15335 %n10143 4
6833 36984 47868 13809 %n10406 4
44498 33725 4805 49435 %n22162 3
82968 69200 66008 %n2086 3
87688 34027 12788 %n3413 3
50272 27375 48391 %n8555 5
76244 7192 78578 55678 62506 %n9056 4
23133 79927 74662 80068 %n11845 5
37642 37380 16178 51898 73297 %n20380 5
46065 74841 29399 76517 40307 %n2809 5
69157 53716 21347 61693 720 %n17284 3
78372 30050 49220 %n1510 4
84959 68558 70020 55172 %n3754 5
51065 60813 76982 16162 14899 %n18207 4
28321 9013 71868 91111 %n22070 5
83476 66672 76697 45404 58749 %n3195 5
16885 8480 41447 77327 36056 %n21545 3
63612 75327 47738 %n936 3
82886 40813 45686 %n5840 6
66214 33620 9906 50143 38839 39181 %n9738 6
19500 55819 59696 6315 37710 19114 %n2704 3
20556 12111 10012 %n5914 1
28873 %n18725 5
51827 83407 57122 33333 62224 %n20303 4
57842 11931 15627 56217 %n20951 5
51081 11619 28930 74745 18354 %n3292 3
84675 55603 52429 %n8731 4
46078 65292 90804 57156 %n888 4
33606 78467 53467 31332 %n3016 5
81540 4769 40468 75600 20802 %n13993 4
62191 14948 72837 29831 %n6383 3
30577 92133 737 %n14731 2
68918 88582 %n19287 4
19661 65298 79599 49062 %n3907 3
9280 24030 61526 %n18738 4
70138 24823 88192 78970 %n7519 5
64520 24145 38898 38606 12358 %n3521 5
33918 9825 52342 14688 90464 %n2005 4
38486 54619 40657 46628 %n13518 3
47636 26950 51299 %n18320 4
73802 21752 8833 25885 %n8877 4
72939 48909 88663 37849 %n9988 2
91257 36537 %n8436 4
76896 53930 92658 10242 %n6024 4
8295 5536 83512 87723 %n3387 3
56665 50954 22656 %n17148 3
77548 87570 18671 %n3525 7
48838 25609 49957 60699 85169 81239 27159 %n16705 5
63519 13658 52933 16791 71040 %n12593 2
36547 5393 %n8221 3
37641 86412 17336 %n7186 3
44333 80083 58062 %n22260 3
27380 32284 29074 %n12303 2
77171 53329 %n439 5
21013 70629 31368 4689 2281 %n