139
1874 139
72437 24464 55938 36645 77771 15451 67795 67155 65065 39565 71159 57460 77950 60500 55091 82069 37331 70614 25051 16426 47135 14004 82314 50159 76046 56546 16308 65882 48258 43910 47106 80496 39534 5224 36420 30869 49309 57377 41446 23644 14840 88255 54451 40250 47896 4560 3181 6008 55191 18375 20122 45940 43780 74219 53429 6727 702 84811 37886 55982 74471 86636 50884 85111 26472 16278 31441 19079 20363 75185 28765 16886 60847 15936 8625 13987 23868 14118 23484 26666 36721 72447 76380 50850 40744 4064 56752 39585 67589 57995 6409 88003 52560 55211 82120 19260 48528 65655 52785 41126 132 62722 15445 62428 46070 54355 77607 23979 58389 23563 265 83965 26347 58655 31128 61736 66683 24441 39560 71491 22358 10084 59113 5635 45388 18774 77407 16181 29572 63966 42254 28333 52978 77784 31589 48737 29232 34377 65798 %n6612 70
31332 64350 70524 48847 83616 32297 82670 14567 17347 41693 74120 23038 18021 34455 12011 69118 57551 74762 5854 62107 35657 30636 64774 23080 78301 17677 86361 53915 38709 69999 84743 60939 46408 68779 43709 4424 79196 23948 24893 45770 39059 49302 24847 20552 53733 37968 57297 50877 6749 64293 85477 71035 44927 63550 36267 67474 28794 8951 19773 49779 62141 36555 49458 68107 66333 30008 34738 38032 28394 20185 %n1433 37
33363 63668 61077 20498 39580 82839 42897 838 86854 12561 53365 57040 1992 72304 36132 53459 23775 64309 45889 10015 31048 38440 27082 19521 31090 46224 187 26249 16081 18007 34684 57453 36620 41616 18982 43676 33150 %n124 25
27271 52582 7302 69988 41664 32392 32412 41612 74190 7219 42825 30910 6524 5090 16488 58649 25564 3098 25072 48126 5025 22339 66473 2050 68003 %n4753 11
27344 3270 2174 26235 44851 55254 86948 40985 18231 35426 87514 %n7071 4
80301 80785 54498 9408 %n3645 2
40560 74409 %n3928 2
46296 25000 %n2027 1
44081 %n3474 1
46423 %n3934 0
%n4486 0
%n2747 0
%n1812 0
%n3678 0
%n372 0
%n6547 0
%n5907 0
%n6526 0
%n1601 0
%n3345 0
%n3793 0
%n5314 0
%n445 0
%n2173 0
%n4691 0
%n3497 0
%n3828 0
%n4864 0
%n2625 0
%n4686 0
%n5003 0
%n2718 0
%n4416 0
%n1620 0
%n6088 0
%n3167 0
%n4196 0
%n6647 0
%n151 0
%n6987 0
%n4850 0
%n3502 0
%n1536 0
%n4355 0
%n3000 0
%n24 0
%n5733 0
%n3174 0
%n2468 0
%n4254 0
%n5564 0
%n2216 0
%n4582 0
%n5027 0
%n6139 0
%n1878 0
%n7195 0
%n5743 0
%n6476 0
%n470 0
%n363 0
%n4273 0
%n7018 0
%n5701 0
%n2286 0
%n407 0
%n6316 0
%n5384 0
%n2800 0
%n1270 0
%n2253 0
%n2458 0
%n2604 0
%n3225 0
%n1055 0
%n4863 0
%n3132 0
%n3310 0
%n5022 0
%n838 0
%n5603 0
%n6585 0
%n2994 0
%n3160 0
%n3311 0
%n2952 0
%n2225 0
%n191 0
%n3785 0
%n1045 0
%n3131 0
%n103 0
%n194 0
%n4831 0
%n7115 0
%n4343 0
%n3378 0
%n5573 0
%n1435 0
%n113 0
%n1534 0
%n7030 0
%n2806 0
%n4382 0
%n1777 0
%n2713 0
%n1093 0
%n508 0
%n4988 0
%n3920 0
%n6222 0
%n3599 0
%n1438 0
%n2275 0
%n5423 0
%n7064 0
%n3343 0
%n2661 0
%n1898 0
%n4631 0
%n2127 0
%n3648 0
%n2394 0
%n6224 0
%n3899 0
%n4795 0
%n5523 0
%n4653 0
%n5801 0
%n6355 0
%n5172 0
%n410 0
%n6864 0
%n1840 0
%n799 0
%n4765 0
%n5632 0
%n2519 0
%n