116
7474 109
11026 13770 15532 15080 12168 630 14598 9474 9939 10603 14981 12550 9638 9181 13838 15482 834 15909 16901 16185 1087 10774 13080 10989 11587 18736 2678 12728 7164 9553 14834 18139 14391 6401 10380 12076 7422 13151 14931 10425 12272 2698 18642 5378 13211 989 15574 1876 1911 14613 8646 14870 7402 41 11873 6890 16092 10190 13103 7906 18728 11738 6428 461 18740 3342 14272 10455 3861 4947 14162 9606 4406 12353 14752 9862 9701 2906 6484 16426 6686 14685 15211 1521 994 13087 7804 17925 961 7961 201 3742 3474 8739 898 7082 5973 3459 2059 16628 14064 10683 11901 10021 15083 9163 4017 3907 2507 %n19 35
10691 11309 10694 2775 11700 16349 8820 9616 3793 4082 11673 9218 6945 17815 6655 10713 5278 5370 17355 1577 310 17507 142 12915 16965 8630 8204 2451 703 2243 6288 9958 6861 4582 16222 %n6841 35
6884 2814 174 8157 12729 11836 15201 7853 13973 12292 17914 12937 4461 3078 8500 12894 67 11209 8576 6483 16423 16064 17542 17579 16410 14710 3795 16641 8269 14440 11871 990 3109 4912 17997 %n1021 35
10717 15590 8605 17322 1038 11044 2394 10356 12040 1572 17825 1798 3182 6525 740 5044 939 9419 2843 8875 10792 12964 15371 11270 2783 16431 8382 14913 13599 803 2160 5796 15870 3185 13887 %n3262 35
2292 13196 10269 6029 18335 10067 2590 3942 16569 7980 8222 8354 1553 487 9360 4993 5813 12797 7709 1728 9201 17737 12413 6154 10935 3084 1206 7859 15595 14841 1788 13030 4398 1614 6706 %n4788 35
13955 13247 11840 2609 18264 3527 15166 12346 15130 2966 10366 7400 17644 12826 11002 13038 2164 3116 16811 5584 13355 15731 13226 8620 1960 12584 194 4400 14769 2893 4961 8413 16880 6581 16579 %n6213 35
14807 8725 8536 5825 298 6802 18152 2153 17356 13617 9574 14966 6212 12827 455 12601 15096 3655 13651 14317 18229 10386 7152 15444 17253 18257 11528 3869 8316 7126 2466 10092 13470 12579 3476 %n5273 35
12765 5918 11572 13317 14075 4859 15403 2748 11851 9772 14937 13244 1366 9991 11394 12234 9587 2023 12444 9793 8743 18087 16804 7451 1576 2460 12307 11961 1522 16614 3427 16014 14071 16341 2821 %n3528 35
10923 13945 14292 17198 7577 1262 17648 7891 14481 5233 9738 6778 8654 3562 1962 5478 1071 4758 3437 6115 1053 12327 13447 17457 16417 7806 12454 4516 2911 22 14737 11444 5560 4438 7296 %n3413 35
2631 7389 9428 9857 2837 8302 13759 5028 18167 2747 553 245 15020 14224 11245 4088 11883 13540 6783 12653 4266 16108 16601 11124 17019 4696 2934 17907 418 3911 2345 4548 6026 10835 9392 %n595 35
2630 11300 12719 10716 9752 10230 40 341 13089 17185 3093 12259 2733 13009 4629 8633 3970 7585 4270 811 12299 12143 14755 1961 715 9358 17560 13646 5231 10909 17308 6108 9586 17290 17559 %n209 35
16542 11621 1545 9575 4480 9427 2444 9923 11662 13037 13312 3737 10178 564 6551 3854 9733 7483 4185 15237 14237 11823 12820 8160 502 1804 14980 366 1191 12950 15557 13674 3487 12020 11877 %n3391 34
6512 14551 12812 3674 2763 11269 18624 15194 15355 4033 3380 16729 17867 3952 13565 5015 10274 8999 6399 6167 7048 1470 2791 1481 13223 9565 5114 18580 13904 4003 7591 1280 15508 14312 %n5876 35
11563 3370 13460 7434 9450 10429 17915 13578 7490 18703 17234 7195 13441 1677 16604 3833 447 13177 7209 5571 6597 15602 17165 2389 16057 10194 9367 9970 8164 16664 14790 10357 18571 3941 12312 %n279 35
14038 5892 17193 7130 8023 7030 16582 11308 12220 6085 10315 656 3906 15394 4239 17510 10050 10902 5117 15547 10498 3252 10780 3551 8121 3333 5955 15072 7882 5651 13287 2253 18381 6925 11640 %n5990 35
15219 7219 12465 14538 6781 10141 1086 3990 7299 5962 17394 15505 6466 3652 4306 13696 7796 1895 10893 13067 17381 1326 917 5349 1623 5427 16955 15575 3986 9072 13921 13680 11046 3128 11434 %n5096 35
7049 3302 16474 11003 17346 5102 18774 9091 2246 2649 10809 6373 15049 1579 10704 6049 16658 10920 5289 11460 14328 7737 11857 14909 15836 12945 15178 18127 18590 17378 2774 10542 2158 3694 14248 %n966 34
9449 15772 3405 2515 16842 13918 4547 1122 10257 15172 3170 10249 3931 1562 16522 18128 874 13019 17380 13994 17982 3928 9393 3387 9424 18613 16948 12671 9972 12835 9365 16541 16768 15570 %n5109 35
2559 3708 7225 3604 15661 12134 3069 12456 11804 12652 16506 17809 15714 3767 12960 1965 12488 141 10270 4214 13898 5580 18448 14126 3663 12151 6574 9973 4505 15033 9044 9746 17528 6779 18623 %n618 35
5525 5198 6069 6790 2930 10283 11704 17566 13098 1526 11052 9513 1282 6935 7815 13882 15543 5358 9515 6502 12061 4850 15775 1466 16011 12089 17541 6825 14446 6888 1296 18441 357 11607 13165 %n64 34
12943 16938 5286 5372 4888 4050 14464 18630 4665 12263 11830 15888 15519 4562 12213 710 3998 13984 3390 9573 10497 9647 2815 17760 16683 14229 764 3572 13512 7790 5421 14926 13484 9064 %n5837 35
2415 6224 988 14998 12848 5079 1750 15809 177 4889 8737 8985 2378 724 9542 17227 17167 17828 9296 17823 17591 8976 486 6520 7000 17280 2586 13047 14360 15318 17175 3700 18118 14329 9030 %n777 35
4967 3223 15838 18065 10136 4274 15815 6501 1966 2988 11419 2662 17332 17784 7870 1123 604 8061 1198 3627 7956 16457 11872 13224 2258 4541 11526 13034 18216 16460 7292 3724 908 3210 14199 %n5850 35
1201 10837 3543 9734 15722 3312 861 2799 35 14079 10383 9390 11531 4345 8897 3018 6059 11475 3238 3746 4775 5480 13875 17989 15463 3535 1060 16416 11068 17520 269 400 14703 11417 18107 %n3006 34
6545 3142 17110 8674 6133 15968 7258 9658 5493 7513 17863 14895 13845 11462 11962 8266 8014 6245 575 13070 2087 17070 9854 17250 18067 5014 16492 15450 17845 18516 2778 2784 14455 2484 %n1313 34
11472 17050 4727 383 491 8210 11983 16531 17688 2099 14215 7650 13764 8692 11229 6343 17903 10447 17161 8857 352 3687 13154 6700 11850 11253 16311 2761 8428 12845 14414 4295 1724 766 %n710 33
13073 6138 4257 6231 16233 11935 9664 2787 8404 6429 13000 10725 6530 5268 9920 3336 2347 16711 6005 5750 12092 13085 8300 891 9333 753 13944 3947 730 2420 13253 4297 10327 %n5651 35
13547 16178 676 9886 15466 8417 2360 3025 9445 104 10491 1492 5913 13144 13850 9559 10165 14783 6469 6775 3638 800 13580 15687 1770 554 3268 17144 8521 7150 4921 17477 18701 18274 1410 %n7399 34
4933 14462 4157 17336 1298 2096 1295 4411 2207 10821 10724 16230 2585 8717 3507 16868 875 16193 17479 7902 13957 7170 3283 9143 2148 17186 17427 4084 4830 18610 16678 9895 4913 14615 %n2995 35
5301 2439 8921 17898 14417 16998 1222 6305 2426 9674 12332 8900 8455 11214 9962 12613 16539 9790 4259 10665 8707 2915 6678 11554 5174 11692 4038 10527 17096 12850 6898 18115 11420 9988 2487 %n175 35
5812 10521 1705 4677 6405 2368 1976 2204 11418 17302 9737 6617 8252 9152 8485 6944 15230 12173 10124 18716 13605 3048 4460 16900 7625 7713 14738 12042 13797 16182 8427 721 8478 9308 17659 %n5884 35
10195 12757 18838 16617 17040 9648 7565 15391 5228 4823 12922 13267 14374 4766 14327 13282 9671 2773 7785 10142 5495 7377 9598 12291 99 1040 11511 1742 18676 568 14963 16340 11236 10513 6632 %n1546 34
13516 1755 14908 15582 3057 3762 15401 5783 8346 7959 2081 1934 14373 543 32 10434 15558 1310 14339 15789 10413 15501 9259 10208 14699 17331 14940 6082 15824 17116 7477 4531 13118 10625 %n8237 34
8464 13228 3840 14063 1275 1002 15684 3226 13688 15522 4153 15781 4023 5061 964 10297 1667 1810 12588 15622 18019 10680 285 14922 9278 9964 13411 9036 17305 12759 3874 12110 9389 16164 %n3370 34
11791 7697 14678 10845 16091 5312 73 14815 14070 18646 14983 16873 4701 8552 5867 1267 5156 515 2824 1726 7927 14010 9258 2880 14456 214 15693 3410 3637 16735 8957 17926 2897 8342 %n467 35
12207 16991 3730 524 15545 16946 7617 17962 6083 10950 10187 10052 3750 3393 6586 10296 4119 17 11122 13709 16619 8259 17968 11021 3871 10227 2045 14693 14592 6851 14813 6723 8713 3288 2254 %n4363 34
17274 2055 10692 18832 10263 12955 3701 7441 15481 6555 12160 3464 4133 4482 4043 16515 11925 46 12512 12096 9600 16962 8201 5591 11283 12390 8402 16802 6522 12885 17304 13992 8177 15476 %n6688 35
10894 15850 15400 18183 1897 11408 18135 14715 12166 14367 6327 16291 8944 3261 1865 16117 16698 13814 13316 11732 16555 5021 6393 16985 13184 7270 17030 14765 436 7508 17806 6840 3163 4659 10322 %n5051 34
18279 15740 17452 14265 2159 1341 14574 8577 11479 15927 11389 15828 13002 829 14757 3448 13623 4176 8205 12967 9682 7793 11501 5459 12662 8212 13415 7379 10765 12314 4586 17596 18387 14025 %n5518 35
9981 12604 4664 10529 4118 17650 12877 4799 1529 1021 9145 13716 18228 16816 6950 4917 8440 204 14055 11063 6176 11623 11919 12250 6699 4871 15043 11916 603 15944 3072 13853 1174 7056 16645 %n4402 35
15799 16926 6335 14536 18006 4843 17467 17663 2125 12401 5183 17990 7646 5085 1665 15272 7714 10289 12174 16578 5756 18636 11302 17199 7432 1327 9458 10201 13835 7032 7926 14794 6001 10337 15407 %n322 33
14069 11631 17765 17625 12059 5040 8636 11428 8672 11835 386 13783 16935 2663 3703 8226 1564 6171 6869 8234 7273 3129 12362 5509 13394 17489 7547 6766 28 13593 10094 5277 2841 %n3663 33
818 5223 15600 8759 8572 8250 7051 3319 2226 12626 4419 8006 13667 14664 15756 8882 17769 2548 16184 8705 2743 6238 6815 17651 15258 3112 6803 5132 7605 658 4732 6499 12015 %n5508 35
8801 6927 4751 8616 704 281 1648 6347 9901 10473 5875 16932 3441 1608 17798 13229 6308 11022 536 3496 16081 4427 11913 18056 16085 5945 9334 7850 12337 18053 3689 11416 17292 9853 2033 %n6761 35
7624 14386 4952 30 14451 6041 4363 13612 18112 5187 16805 3792 4834 4307 14315 16372 1505 12398 1817 5639 14781 15930 4328 6682 14566 8765 7385 13620 4959 15310 14371 15198 2050 12868 15313 %n4488 33
6628 13219 13112 708 17155 18262 6461 15271 11667 16951 7044 6344 12903 2634 16067 7286 10485 12044 12646 14972 7544 16818 18468 13971 4504 18241 1418 9845 16099 6368 5767 16376 734 %n649 35
16095 2310 7611 1815 8618 12288 14630 9951 12394 2939 16820 17637 16443 13607 2754 8093 1591 9483 5472 8827 78 17201 18312 7696 4616 12643 16785 2941 14295 1828 8613 7271 12200 4166 5538 %n8437 33
14774 7266 17562 15262 13053 3348 15317 3227 15489 2155 13595 13042 259 10181 4747 8343 8679 18141 13828 2726 8127 3168 7489 4780 1281 5351 11182 15298 16112 2668 15158 16145 8328 %n2594 34
9117 3722 7179 1393 3263 10870 11774 10633 1696 9932 16627 222 11312 11 7640 16278 13939 14788 11518 12623 18323 8670 4191 9721 9800 16101 6237 16655 9990 6145 1376 2322 14220 10576 %n5287 35
16616 11580 16107 958 1692 2908 13982 9905 17554 8963 12663 2618 12999 13665 12251 15041 18190 11929 16945 6072 8991 6427 4852 6433 2026 2048 12562 14223 11127 9378 7194 12911 9892 16062 15165 %n346 34
4322 6487 7460 2916 9595 1973 4668 11957 1361 13069 13475 15054 15015 12648 4600 18582 18143 10291 12117 2593 17390 12010 16106 18379 12938 15024 7326 12267 11558 3398 1061 9130 16399 9518 %n5313 32
8671 18539 15140 11604 18500 12932 18382 1177 14397 15790 5389 3026 12681 14548 1120 12423 9135 6757 18549 2666 16027 13928 9776 8129 1048 4881 18771 38 5717 6284 3055 11932 %n7652 34
15183 13775 2705 5402 5193 2999 2295 9799 547 12350 11653 4497 5685 13343 1493 11146 11424 16 16026 8965 1661 8749 1007 15564 17889 812 9938 6602 15715 16486 930 534 15707 17118 %n5075 35
206 7257 18297 12391 17585 12457 18319 5778 12106 16456 8751 191 15998 1974 14872 1445 7877 11905 621 972 2315 1378 11553 11151 11465 4592 18837 6197 3619 11997 17419 7478 17940 17912 11820 %n7605 32
4580 11141 12260 3919 18817 14797 16088 3270 5826 2427 4308 3204 4314 6014 11329 17156 10169 16199 16864 5003 4329 15268 14106 11812 10675 5615 7705 11310 17062 15813 11739 18498 %n8645 34
1252 3244 10041 4737 15001 6805 503 11808 11257 7140 7356 16016 18367 1044 13146 5250 12865 8530 18804 5395 16181 3715 10275 3000 4137 14050 5938 14915 5797 1983 6571 18106 9567 5759 %n8452 34
8687 1805 407 4105 18454 10007 1994 10832 733 5133 17565 7340 13698 4705 5256 6142 6459 3233 16748 11095 17007 15844 13905 15089 13601 7481 11432 10154 9433 13255 17499 3289 667 5879 %n5731 34
12494 5598 14729 13923 1802 12338 13326 7766 9526 10885 16533 4880 18742 13207 13094 7504 9835 3517 13065 8484 4341 10844 7155 16511 15653 7289 14085 4644 1683 12988 15496 14147 17052 1949 %n4645 35
11947 14401 7254 14786 15252 11709 15458 14568 16606 8374 11042 15395 17140 7813 14960 522 17092 16758 10616 13785 11967 17919 13230 7334 3646 13528 12748 8449 1403 4044 11900 4515 3216 18480 1166 %n3026 32
16623 9946 13472 7837 10199 17226 4857 14191 12031 9133 4549 11708 14097 17338 6601 319 10057 11760 2616 17034 9694 11613 4190 12241 4317 4554 10572 8792 12295 18649 14359 11671 %n1512 35
9165 5851 16692 16770 5636 17843 17115 1874 10241 9872 14552 16415 10252 8434 2685 11237 15803 16165 1255 17862 1776 17551 15191 3434 6533 2453 14540 14345 2166 2989 7096 707 12111 18423 12290 %n7047 34
5134 4138 10376 8878 11674 11123 6275 1430 9054 9572 8978 8042 16903 5269 15764 4107 1793 9257 16414 562 13 1626 2794 16695 3905 6948 7222 421 5011 6040 14303 16502 9743 8617 %n2562 34
17104 1221 2722 18574 13393 11799 9081 16622 7255 17450 14958 8430 5424 8214 11576 11093 17071 17288 9744 761 1548 2344 18373 5613 14062 13111 3747 5602 10416 12049 13713 13040 7829 8021 %n197 35
2078 8846 11566 4998 1671 18720 13378 6261 6588 16459 3726 12986 18402 10029 9011 1656 6028 12778 8424 4946 15071 18333 15417 2716 1841 1499 18177 3718 10361 3530 8314 18092 14316 9147 9906 %n3626 35
1080 15370 3628 335 561 3606 1697 7129 6431 728 14340 8426 7196 15475 16214 3999 16439 1971 11274 6321 14831 12243 17428 11178 4300 14791 5002 17239 14586 6710 2949 9548 12644 11349 15046 %n2392 33
1317 18760 3001 12696 14011 8578 284 11061 16407 14355 17463 8187 4879 2853 5897 9811 14398 3485 14642 15012 928 16307 931 3169 10991 15839 13922 2582 14281 7025 3221 3739 16449 %n477 34
11000 1837 15561 2418 716 2031 15620 4768 9909 9740 1732 10351 10496 18467 18727 15161 8664 2263 8890 393 9927 17787 1796 16480 14697 3439 18159 11520 12615 14181 1848 4052 585 1634 %n2479 34
4829 8587 4777 14046 18378 16519 13029 3447 16461 13564 9013 14375 12855 15837 1639 16995 10236 8604 9536 6006 8839 14626 17788 8876 13874 16141 8699 4377 15162 16526 1482 12586 2509 11202 %n3534 34
10101 4546 14132 5549 5950 11946 9342 3832 15972 13081 1847 13682 6462 7181 13305 5801 15408 726 13109 12448 11006 11359 2481 5865 9966 16203 9882 11189 15283 7984 14686 794 9887 13187 %n2626 34
7387 12758 8916 3365 6169 5049 12170 11165 16239 9589 8540 12140 16451 14534 2380 10099 2182 17143 17316 3920 11889 16744 9712 2092 8933 10852 16669 18226 2281 15954 4742 8982 16538 17205 %n5977 33
18375 16521 17996 2491 10664 896 187 16671 17299 16954 2572 10630 12849 2728 5803 6241 6897 9825 13869 12583 16581 18052 3624 2134 13656 9634 645 7133 11144 13524 11864 5314 6139 %n3046 34
12333 4351 2072 10878 10147 16956 628 17276 5607 255 15814 17736 12177 2245 4373 4312 10489 10972 9025 6595 15884 18125 5320 8786 4209 6416 10700 18303 9238 16922 1763 13107 1169 11117 %n332 34
4178 7388 4539 10482 6356 5468 3191 5295 10114 11841 7807 12592 11184 9747 18172 286 10767 5997 420 13582 5203 15729 11573 2403 1299 3846 12025 17937 14409 18440 18272 16621 2247 3841 %n8330 34
18621 12035 10872 5500 12069 16096 9763 1318 2230 2937 18201 12591 6938 10339 17911 14109 10271 2776 6598 3584 10251 11965 14195 13763 6637 5933 3964 4623 15696 12914 2043 9277 6784 3883 %n2989 32
5104 5168 6281 15234 15097 18776 98 527 16803 18222 6603 9171 6930 12683 10161 12022 7198 2552 2219 10966 11718 485 825 16989 16306 8233 887 15615 16323 15493 5996 9227 %n1606 32
8387 8358 15571 14638 14524 10544 8303 10597 16731 8551 15245 16310 854 18117 16369 9288 497 4330 4410 9453 6031 6991 12913 13057 11010 6206 11332 8232 18709 8251 14821 14722 %n5889 35
9430 881 2465 9557 1095 5100 17472 3500 9057 14291 17900 7342 14986 5511 9435 17674 7165 15095 8961 16344 1733 12905 13347 2262 12928 18594 13996 8868 2416 10550 2740 14530 14146 16663 10117 %n5327 34
18661 13740 2706 9968 18352 4184 18059 5887 7433 16173 6885 12360 8615 3736 17682 17876 2065 14665 13157 6965 16436 16353 14944 7122 13036 9710 15510 9982 13313 11401 7297 11356 942 10970 %n340 33
2670 8004 3773 15027 9866 7442 10003 12807 9338 3969 4752 4462 13412 13063 3260 4715 795 15334 18398 5484 3654 4662 11137 7933 12472 10644 13159 12806 478 7454 7365 7719 1124 %n3389 32
5764 12730 10833 3862 17310 18678 15500 696 10785 1745 16045 15676 5274 3080 6592 13319 2286 8625 9429 12147 14461 14203 18043 9656 14448 13201 1838 15261 15065 11669 17200 1691 %n5491 33
6638 15156 17374 7693 5086 894 6143 6946 13493 14675 1996 13699 5514 13842 6971 3152 1967 11521 15467 18060 3036 7347 5081 3849 6531 3812 4286 17606 11071 4120 14185 5401 4749 %n7580 34
8896 14517 10095 16694 18005 10608 18110 3673 12571 8071 14977 13662 13262 10242 11620 9010 948 902 5157 13116 3125 17218 13324 11912 5338 16840 18029 4218 9311 4385 16574 2091 10511 413 %n5878 33
3994 5838 14288 7913 7824 3243 4943 16462 1583 5731 10733 9093 15644 7124 953 9263 2901 7120 13420 12701 1216 12458 1285 10598 13138 8467 5124 15938 13807 1432 9993 1331 6065 %n4687 34
17751 7318 17856 7177 13046 13376 1234 17758 784 2480 13234 15153 3526 16607 18244 12320 5502 8761 12685 18447 5469 17786 16651 3659 16682 1372 14901 16201 18775 3866 3120 4070 4430 644 %n5975 32
17549 14941 6132 6776 956 11289 924 8349 7627 17707 14067 14766 7955 6489 5374 2076 2883 13985 14343 9861 14277 17432 967 9941 13496 16546 12790 8282 3016 17655 5705 11191 %n4879 33
17858 950 7010 17258 248 12921 11374 14644 6570 14647 17003 9213 5800 3299 7465 15904 4598 13978 17910 7747 15018 4694 18014 12925 3669 1294 12252 17503 11485 18605 4037 3924 13147 %n5173 33
6739 8723 971 1924 7316 6740 4097 1143 18534 15384 16394 15868 12023 13176 15266 5406 11449 13186 8524 5656 6515 234 9211 5645 15241 10864 17797 11037 14744 10440 13210 7592 13802 %n3941 33
7896 5432 13960 13834 18342 8774 14172 9179 2176 8256 5734 2598 6568 1784 17207 10822 11757 17176 2424 11458 16668 7428 16326 3798 12463 17087 11047 1130 195 1711 15842 10784 3115 %n2338 32
10239 7307 2599 810 1301 3639 18130 13007 11059 9497 6324 18186 5906 17964 13471 5060 3591 7050 9388 4551 16567 17473 4654 12159 81 15986 1905 16943 9663 16809 3 954 %n4446 32
6465 18809 11699 2419 17243 13271 10734 15829 548 13694 13877 6536 144 11385 17300 17992 10730 10441 2058 14111 13690 11388 15344 15077 16404 3357 11176 11686 13332 5786 13911 8754 %n8691 34
10611 12686 5075 6226 6804 10638 17970 2462 1970 17552 8565 4622 5873 9610 17488 11251 18395 3058 9769 7634 9571 8141 16693 13786 16292 14406 8909 15989 8959 14129 17678 14276 6254 12900 %n345 34
6763 9482 10089 14747 235 8452 13348 173 11893 1555 7171 275 8228 1019 12080 17877 13359 9809 2971 17917 114 7778 7251 12808 16371 6450 8847 18546 14480 105 16041 12853 13708 6691 %n6497 34
4254 14827 16435 14935 2256 7362 12504 12133 9304 10539 7197 4670 10884 11489 8992 11559 10998 16518 8831 414 18481 7341 12524 16251 6007 12509 17839 11382 12446 12824 8559 257 5355 7545 %n3674 34
1263 14016 12371 15822 11412 12214 12389 18365 18086 5462 8795 13099 17985 582 15367 5832 1022 11921 16737 7554 4638 8053 18462 11800 2739 13769 13816 17101 5795 2923 9087 482 2288 13145 %n2488 32
5787 12517 17948 5408 10333 7831 13974 14321 15976 2697 4538 10916 8541 11569 3460 7394 4005 6411 18808 7838 9461 13041 757 16858 2566 2704 9623 13097 1630 9446 867 16077 %n5455 32
18284 9584 5096 18542 2170 1111 13771 4237 16252 4673 4202 18123 16433 12430 145 5822 5311 6312 5352 5627 10875 16509 7861 4380 13180 15682 9523 9047 944 2271 14618 7977 %n1536 34
8898 12927 13199 2626 4130 12253 4602 16597 12461 12603 18779 8438 15710 12211 5142 4540 3934 8112 7223 17229 5082 409 12419 12447 15190 705 5714 6529 18469 12530 4261 13205 10362 9532 %n6161 35
15662 9193 16139 3636 4566 12387 8361 8793 1024 16135 6071 8938 16491 12563 8240 5194 15288 6879 11848 2014 11616 14500 5957 10334 17197 12310 14040 17888 3785 6299 17000 5732 5809 13323 8690 %n6692 33
14588 6519 10599 14728 8960 13692 9570 11781 2086 788 1937 18767 16553 16136 8545 1753 15530 3424 1880 5271 13310 3140 1251 1196 14521 9945 7076 14207 3317 18751 14896 396 12859 %n954 33
9412 18795 12547 16647 2120 13677 16834 18049 2954 842 18210 525 3314 1454 14042 14682 7014 10686 11284 6457 15765 16482 10877 12869 5625 11110 15709 1437 13281 12129 7346 14379 13115 %n7717 33
4576 12866 17061 8537 14193 490 13942 1995 7654 5969 15067 14506 933 1997 5882 14823 18588 3590 13507 13478 10282 7064 12018 6418 14811 3276 3882 15744 14346 10276 15835 15169 17341 %n678 33
9669 5555 13075 1834 15360 1566 5093 12422 2411 15073 9123 13684 3154 8490 12788 18793 13576 690 10159 398 6857 2299 15154 18705 613 4820 10020 1072 9451 16271 401 697 1685 %n6581 34
8136 17921 11911 16142 5512 12961 5884 3599 3853 4055 3823 6830 3675 18479 8258 6797 6860 7798 9852 5846 12316 5098 10528 8048 5829 17339 5258 4771 16895 11780 10148 10994 5674 10781 %n4775 34
8170 8955 10231 16800 18822 15559 1878 18632 6521 2664 759 10522 666 18385 3770 16592 918 1713 4794 9195 13182 839 10335 16019 5970 6634 12614 713 16330 6972 15807 15609 13215 14816 %n3052 33
8520 18100 17680 3545 5564 6936 2562 116 4356 2620 2282 2135 5251 18040 14447 11535 10857 16537 13328 8100 14897 10359 1347 12053 5373 3679 15127 16471 13489 10184 7486 7384 5984 %n6196 32
6560 4156 18662 3042 11507 6381 10698 8038 6920 18121 10947 2676 13772 5831 5720 16969 15353 8905 17077 6430 10634 6677 17181 11904 17177 10588 8585 7095 13570 8005 13416 4216 %n4031 32
17689 11101 16487 15554 8115 573 518 17716 2602 17501 11373 13059 16870 6242 11611 9048 2168 11600 11608 9578 11778 15348 566 8818 1601 2849 2333 7337 14842 7160 2393 13026 %n2974 33
15297 16153 16261 13819 16293 9802 4140 4942 14679 6558 10162 14076 754 15795 1987 2452 12038 91 18785 8932 11477 9085 15800 3620 10801 14848 3205 6394 11614 16324 18541 13477 5503 %n1625 33
16001 9075 2350 8149 5419 3510 2303 17943 16528 10237 2967 8241 9056 2944 1673 6021 10873 5019 7748 14429 9902 17005 7711 10596 15196 11290 6311 17730 14695 6743 11697 8498 1939 %n5835 35
14875 2173 18486 9306 15267 7795 13968 10134 5761 5902 17805 10144 9732 7968 10085 18173 18840 4080 1159 8442 9243 4062 10653 17623 11984 5216 7557 11656 14478 7560 9184 7035 10023 1556 1363 %n923 33
14332 7558 14015 2692 11107 9032 8866 387 5877 1990 4374 16390 15206 2054 5287 2756 7467 9321 12469 18663 12863 2786 9038 13404 8656 13127 8904 3488 9963 7175 14724 4098 12003 %n8679 33
13044 12114 9576 2340 3052 1243 12537 16950 6929 16656 3515 49 7908 15486 3786 17504 5362 10248 8771 1315 2795 15088 13265 5632 8573 11293 10422 13953 10840 12095 8137 3400 13751 %n6711 34
13373 17859 11036 11779 16358 13557 16208 16734 11985 13505 13693 11786 1189 9477 198 9051 5239 10152 16576 15383 3100 8412 18225 11890 12733 11710 5929 17313 1015 3794 6092 14871 7448 3889 %n1520 33
6003 10553 8970 15390 12647 5854 6336 5763 15853 52 1506 4997 12464 8386 18457 7230 7511 18351 10605 729 7800 16636 18442 1223 14131 8171 297 11045 11238 6322 18113 1695 11317 %n583 33
7586 11467 17076 13888 7280 13950 6173 625 6819 15659 6684 1642 16856 11376 16029 14852 13513 17423 5643 11383 3350 4955 8139 11352 11498 10992 11473 5937 17072 3158 388 1329 12124 %n3799 33
14919 17569 1188 1829 14296 7522 2175 2830 8696 3664 14178 13912 1611 10123 14840 12503 6060 9115 5626 8972 11733 9357 4684 16269 14490 16265 13603 12864 12666 12130 8948 12539 15592 %n