145
4199 10
34824 42914 6880 33658 71861 54158 58959 44956 58657 48987 %n12632 8
3589 79843 24254 73858 14443 21675 47887 60754 %n4018 9
11868 58595 71988 63065 46855 66150 61766 3009 1919 %n11025 9
57156 26803 16345 5288 26825 35065 16391 72407 79772 %n3832 10
81426 44804 1932 4376 65715 10415 5740 57837 11067 68950 %n8023 8
37731 7787 28129 7541 18947 74497 52089 65620 %n5839 10
906 58685 78898 14669 39942 35997 38899 25933 80404 16896 %n3171 8
47416 52771 30390 56873 51303 33685 14881 79678 %n6821 9
9078 85148 7735 24756 82046 81102 49724 17064 8587 %n3804 6
44905 72795 68566 78272 21311 25051 %n12335 8
41312 63667 77550 84012 67745 51839 78999 45167 %n8620 7
81005 1271 58603 44176 12654 22145 59473 %n10353 6
26341 69691 54969 1905 43637 78555 %n8180 9
48039 15605 10360 55045 46891 61130 9233 23298 15149 %n14765 8
71185 33030 33275 34203 8523 65499 12966 3132 %n3442 6
43454 76934 48542 38115 6218 35818 %n9924 7
77687 14156 40866 18445 21462 43464 49635 %n4101 6
35100 52011 13496 21109 54688 6143 %n13130 6
8812 53111 3114 76762 48945 84593 %n3676 4
19481 70181 21510 49370 %n9002 6
16082 47259 75965 41982 77344 20850 %n3764 4
67573 52133 28914 11730 %n12431 6
67282 31416 28605 47322 31152 63106 %n3502 7
63493 47269 42388 20104 18748 60977 38408 %n410 7
30953 66284 18295 15643 56909 73387 53361 %n374 7
46999 46067 74990 47074 79612 8402 4824 %n14587 4
24896 63409 59690 25746 %n12832 4
82743 76615 19164 20364 %n12465 7
10968 39427 6099 39909 42274 53727 49858 %n802 6
83549 5705 45115 47568 44215 37517 %n6061 3
77726 65327 18914 %n4519 4
64224 34482 60173 39184 %n12694 5
31035 42637 16258 34404 57446 %n11694 8
52525 78945 60831 71943 73801 85076 28543 7487 %n12014 5
84489 41633 82576 71771 52820 %n857 4
70523 30046 85154 59804 %n10985 4
33332 81635 61172 34743 %n12390 3
12147 30931 12763 %n14766 3
76053 28177 70303 %n9371 6
71310 5094 59869 10349 43411 10476 %n98 7
74543 11990 15112 46710 83710 49126 77216 %n14509 4
41695 81486 43286 24664 %n12708 5
41207 75014 35554 72609 3330 %n1726 3
62766 82301 48419 %n1 2
46621 25843 %n1167 6
8796 52927 31075 68341 6714 19871 %n4284 3
31589 209 72709 %n11314 2
17162 52517 %n4020 5
5286 8449 83345 54607 58690 %n13292 4
62487 69394 58390 42073 %n4021 6
79673 11734 80396 83582 27744 60447 %n11550 5
16815 68820 8259 77650 73203 %n2764 3
34834 2192 77203 %n13337 4
79378 55545 1184 46460 %n2978 3
53107 33203 46624 %n13060 1
16601 %n13936 4
24019 42287 32061 83347 %n3965 3
72258 44749 32644 %n3491 2
81687 28592 %n621 1
13002 %n11538 2
7325 303 %n10159 2
66606 48881 %n13048 3
3833 52285 43444 %n145 2
70024 39081 %n766 4
22188 75652 76675 34285 %n11135 2
57209 69601 %n13908 3
7710 10889 81454 %n8110 3
34273 62821 14143 %n12153 0
%n9994 1
30194 %n7851 6
68353 32710 58163 48084 77400 43282 %n9277 1
52831 %n6363 1
26600 %n7211 3
75542 79012 13775 %n4562 5
48397 1728 56248 71306 6145 %n4574 2
23375 37784 %n2499 3
34218 1699 84529 %n4579 6
81317 11092 48773 33854 70337 39021 %n760 1
43760 %n13847 2
26898 34483 %n13887 2
35549 12132 %n6515 2
1996 66043 %n917 2
73513 29144 %n5304 1
70420 %n1944 0
%n13416 3
75487 58819 29159 %n8752 2
61287 10200 %n14421 0
%n3779 0
%n13761 2
32048 37467 %n3047 1
74944 %n238 0
%n6520 0
%n14561 0
%n4826 0
%n8334 1
83898 %n5105 1
13969 %n3598 1
28538 %n808 3
73239 14531 47549 %n11186 1
34193 %n13953 1
29035 %n13468 1
72377 %n2778 0
%n7807 0
%n4217 2
15429 12152 %n9829 2
24949 40298 %n12449 1
41716 %n8458 1
6176 %n8144 0
%n13986 3
71427 68399 54833 %n5175 0
%n14252 0
%n7784 1
39662 %n10995 2
45652 19063 %n10454 2
52486 74762 %n3657 1
68463 %n5953 0
%n372 0
%n12456 1
18889 %n12135 2
33280 51752 %n3551 1
76923 %n5323 2
66129 83696 %n7524 1
11579 %n9104 1
57011 %n342 1
53993 %n1198 1
47229 %n356 0
%n11371 1
69961 %n13789 0
%n3362 0
%n6216 0
%n13796 0
%n12242 0
%n12830 0
%n10807 0
%n3822 1
32378 %n2328 0
%n3026 0
%n14635 1
81114 %n6358 1
16762 %n4601 2
21994 75427 %n10450 0
%n9750 1
22677 %n4832 0
%n10639 2
6867 3309 %n