218
472 133
16228 90323 66957 7484 19834 87402 70033 62810 24282 65191 54278 21425 71658 34502 39310 64589 12232 87095 42884 21574 15653 48465 28253 10942 34788 39038 14791 67423 25704 81709 45754 84663 17253 55304 70307 18977 45215 93023 79844 96429 36978 30556 10952 47552 77692 29956 98735 54843 10339 66117 22815 89506 56766 19573 51117 52068 11226 49845 99420 20632 24904 68471 93353 81096 70692 41877 96609 20104 30345 66328 75328 33908 56031 68529 74307 15091 48241 43914 68828 21927 5582 6377 26126 11135 3973 33478 47399 62202 3984 97917 17361 12936 42011 82186 79820 42595 43934 14800 95512 37044 20978 17687 36070 17053 77185 7549 48221 13285 27778 8167 27203 94095 34681 69976 66336 19682 45321 71050 36425 93677 6008 68983 54639 70455 19049 68723 47562 496 24164 242 18507 39305 52326 %n812 111
43006 18831 93983 6558 39224 39156 66946 95909 55626 22391 88424 3076 31876 42696 39308 32044 96991 50546 85093 42412 82526 7497 97851 47021 38851 10212 57274 53389 31753 42822 38511 71721 98701 31168 97202 30119 19121 73488 83842 53330 54000 4079 1877 15600 40175 2510 54864 42728 66794 55952 77127 87866 77390 57404 51919 83950 71001 3878 2150 94884 3057 54146 74888 61799 53190 73196 53775 7013 14735 7573 113 6454 5753 21678 9133 5442 40397 18340 16677 8134 38130 87282 1579 56732 14964 66105 12831 94377 87806 44635 9628 70766 22439 22743 8429 33833 72135 71245 76333 53973 87562 24385 54608 5800 35354 72849 22905 32418 42146 27531 30080 %n863 76
77796 27883 74653 367 87861 5968 62408 52681 99788 6799 53583 37016 81993 31057 15071 11905 67679 58914 71294 45585 51100 30666 43755 294 24956 56151 26843 16897 39718 62940 78900 94302 19154 33736 54127 91761 80696 6613 11035 54992 58541 71153 46494 26399 50691 13356 54187 51084 58145 70364 6409 63442 69639 93678 3216 34414 5939 26819 11448 84107 23653 51263 62999 71779 10497 86128 40809 48527 59667 32249 57529 71838 36551 91722 5838 83068 %n585 71
59520 48230 27022 27525 52404 50087 9420 86463 42289 95934 92691 47852 37125 60454 97776 21714 58292 64708 416 53697 29862 31365 29551 88764 70740 70146 68946 87891 50848 83740 73432 56399 6905 9946 71209 39393 92260 8012 89687 86471 14458 29685 55181 67871 45726 34256 73770 16217 82831 28697 9332 8566 82175 66338 66485 35684 4256 29375 34886 23662 84012 31203 20018 50854 40319 91948 28964 20680 48641 76517 37639 %n364 54
50464 94861 72154 9251 58726 15973 5980 71185 24352 81779 549 90243 89608 87713 20737 65046 88434 43932 67832 67692 73625 38576 61598 89131 35008 86416 69387 82072 35263 73355 50720 1320 61565 32104 73337 47235 78257 2022 25136 29745 11376 70609 63057 44687 29600 92471 83456 42814 15821 94510 55081 17697 46865 92683 %n760 44
96730 51050 53137 25599 50564 78278 3462 22277 57328 96294 50071 66391 23407 86778 87132 47906 80254 25835 40537 98698 11962 99433 29316 58520 90065 64229 18656 75985 87102 78154 99695 61834 92348 98858 92936 58886 3692 25759 65784 13369 39091 97109 79440 34575 %n590 42
99432 19231 5780 25000 37493 60112 92987 98549 2393 69257 48325 72810 95283 58331 91448 3784 4220 15461 66942 110 63890 28769 68096 30265 2996 56429 60219 30806 75687 78407 16438 94 64311 15883 38768 42483 41008 11740 62432 1876 60983 58102 %n909 32
69848 95402 57359 75673 16746 46431 45262 33030 48700 82686 12510 87656 59661 74468 47756 36134 1054 21780 39380 80701 67443 62115 10396 65847 53656 35619 43701 89161 60027 6707 59529 8449 %n829 28
91323 51286 50413 16845 10668 45035 4263 47323 19296 87145 79670 69508 74728 40638 89719 23928 90512 50709 41574 6690 43466 74768 6260 79826 75034 18849 56116 76468 %n1030 14
73970 50088 79920 15165 37908 75037 67391 81475 1194 44069 9309 17101 21193 1544 %n1260 12
78697 94745 69041 16917 38189 53 28024 81323 4038 44384 910 42059 %n319 15
97809 5551 25543 8918 21353 55501 30953 90310 94509 19552 97832 1152 99650 92851 13349 %n1234 9
98933 10691 10464 51954 18991 11250 33031 68198 87232 %n674 8
35027 96564 97258 32568 66305 46478 560 43611 %n559 6
7579 18440 6148 83910 60552 82715 %n215 7
88340 57814 15058 30650 42873 86166 78425 %n561 3
69497 46091 74481 %n887 1
64391 %n611 2
53779 8409 %n102 5
56945 37946 56533 75015 21472 %n483 2
25707 60743 %n530 0
%n1374 0
%n629 0
%n630 2
83999 92836 %n657 0
%n1117 0
%n583 0
%n292 0
%n808 0
%n550 0
%n1168 0
%n574 0
%n88 0
%n1386 0
%n934 0
%n1201 0
%n53 0
%n758 0
%n1221 0
%n971 0
%n798 0
%n1038 0
%n1214 0
%n915 0
%n462 0
%n161 0
%n354 0
%n1111 0
%n1211 0
%n101 0
%n607 0
%n464 0
%n734 0
%n302 0
%n1252 0
%n430 0
%n845 0
%n1109 0
%n770 0
%n30 0
%n641 0
%n382 0
%n715 0
%n988 0
%n431 0
%n73 0
%n473 0
%n1197 0
%n1236 0
%n962 0
%n257 0
%n1031 0
%n74 0
%n1203 0
%n407 0
%n340 0
%n660 0
%n938 0
%n1043 0
%n1304 0
%n991 0
%n1225 0
%n789 0
%n535 0
%n124 0
%n553 0
%n229 0
%n747 0
%n924 0
%n122 0
%n282 0
%n139 0
%n85 0
%n1369 0
%n575 0
%n59 0
%n1213 0
%n791 0
%n251 0
%n269 0
%n883 0
%n147 0
%n949 0
%n174 0
%n869 0
%n679 0
%n656 0
%n1396 0
%n192 0
%n13 0
%n135 0
%n1328 0
%n1181 0
%n1160 0
%n383 0
%n1297 0
%n566 0
%n261 0
%n277 0
%n1000 0
%n1088 0
%n702 0
%n1249 0
%n592 0
%n1339 0
%n690 0
%n1060 0
%n683 0
%n865 0
%n577 0
%n792 0
%n1350 0
%n601 0
%n474 0
%n736 0
%n958 0
%n1287 0
%n1337 0
%n1300 0
%n387 0
%n838 0
%n1112 0
%n496 0
%n1384 0
%n851 0
%n730 0
%n1296 0
%n1346 0
%n332 0
%n1360 0
%n129 0
%n65 0
%n491 0
%n538 0
%n882 0
%n239 0
%n544 0
%n1093 0
%n1301 0
%n778 0
%n82 0
%n385 0
%n718 0
%n1250 0
%n294 0
%n58 0
%n284 0
%n1289 0
%n459 0
%n1218 0
%n1205 0
%n534 0
%n603 0
%n194 0
%n504 0
%n1341 0
%n1227 0
%n980 0
%n1065 0
%n461 0
%n416 0
%n1033 0
%n816 0
%n41 0
%n817 0
%n423 0
%n1113 0
%n582 0
%n914 0
%n1268 0
%n451 0
%n977 0
%n1145 0
%n301 0
%n1317 0
%n223 0
%n554 0
%n425 0
%n642 0
%n445 0
%n705 0
%n1208 0
%n786 0
%n556 0
%n907 0
%n787 0
%n539 0
%n1253 0
%n368 0
%n54 0
%n477 0
%n1330 0
%n1382 0
%n405 0
%n964 0
%n567 0
%n45 0
%n