41
7462 124
72101 64291 87010 62910 38030 90411 97551 45734 33079 11150 24906 40725 16164 63602 40892 29726 93647 55137 65826 23666 82778 57737 80138 95384 26995 37849 40037 24794 41917 77543 44781 28237 65736 94191 8404 44340 98224 82061 53345 36405 94806 43874 51008 84736 91037 49913 4988 88264 2218 24965 71976 16408 23123 70381 69100 9277 11427 78636 64061 13253 56219 54106 57094 74719 42838 69758 88722 28130 12360 30682 40248 45241 66413 50991 3950 3282 56740 65594 60519 48229 72237 4698 14694 6565 88076 84459 67852 17988 86468 42880 23221 75973 97899 44099 60801 23514 34061 15403 49409 22927 86519 79302 17340 59441 9056 93263 79373 22082 10748 95600 34683 28739 25212 91782 91428 41165 83711 83507 29090 82467 37132 57168 2798 71868 %n5224 125
25541 93598 63519 41504 57927 22516 12135 8400 43360 10270 26184 30963 28338 33220 23019 7909 93455 19929 80961 94462 58646 32471 12168 16411 18676 62573 43094 19951 82895 23585 81573 64290 63284 43242 88169 81692 806 96662 82310 16450 54735 29395 26361 8218 41584 63944 13644 39510 79401 76133 37255 24071 37048 19356 74502 15841 12523 69840 1190 74013 61608 26798 80974 99031 11422 73047 26773 80573 43776 58302 46633 53091 94782 74830 8956 63130 61592 72045 27215 60357 16471 84078 84797 13081 94160 9254 98356 2469 21569 32344 47987 77944 90582 36426 55681 86978 76380 62536 39382 74512 65370 63030 16702 3202 10583 88377 55206 29641 90801 53378 98801 78583 22551 693 75217 9075 83054 7152 53678 45091 4345 62848 93640 56415 96227 %n4842 125
14959 2854 26622 22709 65475 37820 41484 46421 39639 24983 37052 2475 98999 95726 59243 87027 41650 53748 57852 74269 65207 42205 27334 90623 29061 52806 15304 80458 91869 66397 30844 36439 1832 70190 50091 93035 44480 69724 65530 15517 78444 4053 89881 70614 68321 25685 58375 7009 87037 13558 94085 98024 97946 97 51184 19647 20773 32336 14268 64951 76913 89619 51043 31680 97387 15984 57819 13163 51499 86721 58447 83019 45853 5787 8205 7434 10499 42357 48291 5446 91991 27262 56034 86020 24829 59956 73591 7899 36801 56228 80948 16494 30969 97595 34813 5695 28383 9537 17645 23299 53342 9882 7230 39726 23586 65075 92168 82985 86306 71744 87089 79065 13149 91961 29458 7799 87875 83409 95883 67835 19307 89841 25330 23802 15788 %n7464 123
48197 16822 65532 29716 92741 10362 68639 3013 7338 6207 11701 96616 74644 6446 91533 67454 7926 88255 70911 87864 3684 51779 75413 87051 92671 18041 44403 35616 33763 14349 72579 90119 36411 4739 40787 79001 29404 37744 6993 49203 8538 40469 10052 83151 58068 3072 53034 8006 64969 22583 29902 80973 89673 38952 52171 45401 65046 10729 85740 60379 64503 44534 75608 27670 5842 11695 43627 75061 51282 38644 35998 6920 48805 20275 46644 81791 92163 55849 48206 97226 68915 7446 47199 64852 74806 2570 8699 66157 9526 30493 36963 61965 78483 49245 43701 76412 61406 82304 94600 69717 7974 27814 34363 49605 74911 845 49352 4907 14132 87719 2003 64758 28737 57267 1426 10610 92165 85323 73464 46492 40347 93391 58611 %n6086 124
91006 64823 21667 86893 55361 55104 49568 8808 68221 84067 6026 25404 93794 99146 94758 9931 6686 98883 71782 86045 44445 50203 14701 77397 41622 69601 22797 89940 51809 19527 80246 77115 10567 17231 46647 44178 50210 16012 32581 82654 56739 58446 31437 77724 72482 85139 78878 78226 47779 34810 70350 70562 98084 70072 55386 24603 50147 8252 12181 3841 62166 5862 10194 58040 27333 21197 18401 78863 89580 16992 60054 22049 5066 31007 59934 7869 20775 9475 44744 97987 88593 80830 6375 75184 68111 84167 16780 73175 3387 31253 29116 56366 63219 62546 68859 59145 43912 23785 45625 10669 95091 41610 49482 85281 77132 71915 6326 68716 98033 56961 10202 77341 62379 51435 99685 76619 64619 92777 84917 55304 89317 11848 23357 73977 %n7165 123
96420 84031 63049 68542 35252 78179 85366 4293 31652 80291 36847 60534 92575 58784 81677 52290 32546 37318 98370 28208 48517 39215 27124 11350 96910 52977 38250 22748 2610 31183 73981 12933 98120 42427 74564 84827 17035 81199 59924 34994 57318 53568 32549 16905 3430 86944 78839 40505 65831 98497 72757 36934 47271 40871 63448 25364 42550 31337 92853 74917 61941 68947 19698 29586 58926 89025 83062 58576 36350 96435 26279 5463 49230 38042 37616 91343 63332 88657 85444 60497 65637 8879 7058 69040 2809 36060 58398 28625 19521 45927 41871 17846 98659 96475 13509 16800 45153 34844 506 49918 13283 10967 40449 18759 36416 89488 83060 57930 34215 33796 48271 43730 99301 89356 18977 23745 94028 94842 8493 18931 17604 86503 89703 %n3552 125
62804 46657 39846 33829 8127 83883 58383 27168 21881 67576 180 21738 24034 18318 86756 75176 45431 34371 62247 92593 97343 12908 39982 18038 77467 84046 31828 21270 43838 36356 23498 80535 45572 79879 42866 89208 15670 89137 64288 48313 87277 4986 24041 61424 60301 40328 68140 30394 40845 25077 4727 72258 53293 2786 3433 82173 22019 47681 26098 22089 99753 89875 68835 67559 5910 41329 41752 67957 64410 28713 22658 55740 91316 59873 48566 48390 8499 50077 24994 90261 21986 99396 45785 2892 72152 41008 10918 17312 48086 70999 68742 42846 27316 28642 37906 33014 86975 84585 13315 95555 84640 93486 74152 45025 40256 33515 82777 88892 68530 76361 52376 51298 73979 27934 9060 1526 64086 32522 24664 44851 3655 82547 51652 77952 15089 %n4775 125
75955 33166 99036 50919 96335 59378 36110 47462 42618 62524 7934 31268 10497 36279 14372 58543 89979 17681 90448 58568 36438 10041 51237 82298 51519 89079 35072 8096 12854 55108 32414 6172 75393 37643 92068 86660 15694 79868 3443 49343 81383 97825 78228 70925 72048 73079 22197 26197 21419 81411 27537 83580 5628 44964 33911 75419 70849 99601 56557 91555 20149 5441 24042 60313 70210 19272 12581 60571 6816 77445 81038 70524 59257 47258 6249 32748 26121 3257 37987 50695 16801 85320 35515 90467 1902 82097 72931 43668 95663 28768 53501 93195 94535 7852 27530 54658 68725 96560 51859 58903 73355 77648 83478 55597 67546 56024 25889 36763 41280 60710 96925 55095 87910 60027 90144 64747 88560 51993 77652 19090 32685 78307 2572 46661 62549 %n1789 125
41762 49431 65866 41091 76274 11654 91033 28536 73241 92369 30229 82223 1890 87463 92733 31260 60531 48081 63056 4208 13928 62094 62851 14870 21105 50466 66966 72020 76997 7754 14346 96228 5513 4372 10574 37768 24591 53496 6241 27250 94610 70065 61031 67518 99841 53610 57474 44697 90914 12420 57054 46687 23551 11003 62501 96582 96402 40124 62709 113 98025 34428 5968 54129 56253 27232 51708 80592 69400 89934 74707 69582 50929 49061 69890 71515 83285 98594 58186 62692 26685 99780 96587 52021 51061 28983 45420 98910 42099 45403 48373 48827 32809 44426 47705 71723 30600 40286 10491 50047 87496 19841 61234 82387 96207 29338 91339 44639 36008 70529 67556 1463 24017 20360 40815 86133 5166 40584 95216 85316 50238 62733 91454 66854 24723 %n519 125
78032 72938 84893 33506 3881 74671 30517 67931 40261 67073 40105 87125 9385 97588 2077 48910 71648 88075 23483 77044 6086 67348 76933 36892 90575 96117 86321 16414 2963 13468 31698 40668 8293 43767 2022 81943 38080 4973 57173 92587 90316 38225 60103 26945 39371 51771 83810 6122 79237 90836 48120 96538 16869 49027 60579 34924 10648 14345 8559 36928 55910 9759 56924 8263 24216 14974 15326 68429 98007 26244 97273 33105 31953 27189 4397 55451 63209 22038 1519 30360 92574 32893 29334 70540 29042 71535 68860 74363 92792 26032 10588 50521 53815 81962 37029 15556 602 57014 17354 94065 91117 65141 66191 90096 41980 19661 29175 77964 9231 14859 11921 18145 44594 15572 72790 99923 76886 42689 31149 13240 40438 20045 74481 59403 80348 %n5997 125
63920 42218 20745 24688 78218 52684 34847 53693 63268 15200 36907 10012 56860 56480 42010 11522 97088 33477 85405 21221 20512 5943 96710 95125 32635 78175 211 18061 29526 14605 99167 38130 51853 4723 42776 24858 85321 52945 6743 85683 36927 20608 33048 68488 8462 91113 48653 86084 54184 58297 75441 58092 18817 39435 62009 59762 31499 6687 50041 89735 27155 476 57249 19810 61874 75473 2865 3364 95345 9387 99498 88546 19623 36938 80176 20558 73268 7451 10868 58441 11332 77966 28080 81329 19413 89141 90027 4809 25081 61175 39213 3167 22025 90508 9814 50400 65927 27536 62068 18394 27303 31647 63059 56792 85494 20251 56487 16040 38055 31404 68006 69391 35284 19215 44496 42296 83584 55575 95734 93350 96318 99412 30430 64148 58279 %n7184 123
16181 11804 78935 90978 42009 48983 29183 55066 96342 90674 30468 34056 3904 82000 28416 78739 35991 38723 43208 21568 65661 23504 38001 78011 99294 84282 42707 41128 13824 92734 74965 48788 45794 87733 58657 64011 23093 44587 98778 23494 30857 93650 9945 54143 48970 26498 78192 31887 20501 25168 96532 3697 24269 15306 91347 76830 76122 50983 27451 29981 49073 32076 38150 53397 73948 52658 64979 57246 86974 4603 11627 73961 96106 31459 63473 49196 73561 4529 10500 43518 18665 59080 85102 60184 98479 59511 80383 84102 43368 72874 18476 71437 32489 24115 80794 7845 82703 28748 35686 7354 11425 62945 16343 25751 56957 13816 68472 76822 77269 7339 31868 84288 29749 52867 77629 86997 69617 84631 49969 79565 44563 49501 50097 %n1812 125
47120 35785 44794 71414 41350 89373 73080 80591 19634 6753 55842 34999 94651 41612 41746 29344 2473 5040 75924 86219 58664 95468 24355 58382 48591 84524 9253 29225 79176 84015 77315 25034 72016 24497 76521 45762 23647 48906 97778 6141 44783 2863 15648 63321 89609 69953 63438 33622 73021 61532 4790 75003 19152 486 56764 95855 67046 69624 58129 37499 52610 82039 53459 4084 35744 54806 67042 47749 34222 18620 15525 52039 73421 18226 90196 24048 69032 38178 62635 76213 57334 64821 67918 73234 64962 79894 60799 70000 61431 42796 45869 47457 91734 22273 61235 44091 62627 85633 54564 65781 92831 82133 76745 46198 90322 15665 94035 90039 43224 28268 71542 48484 28751 90887 80257 62375 49403 63780 19598 3366 39161 52707 268 11080 6183 %n2753 124
40136 64289 3372 57845 12475 81911 8351 79772 14382 66788 40991 52908 73341 84874 432 5975 24740 19563 25278 79288 17618 51583 94426 95800 97408 71397 6426 65861 77482 75333 89806 32753 44921 15119 44163 67841 72462 90033 55959 16239 83512 38361 32381 73400 55585 50540 41619 9003 8371 62986 69558 74756 91865 59663 40821 91765 2594 67959 4260 33923 36465 54586 61038 4452 17827 77677 35547 10553 92655 9087 10671 39987 12501 7558 73517 78834 62444 17158 23267 32811 55235 78330 55336 64145 57568 4618 65198 16680 75306 77301 17717 84152 23539 32008 29133 18428 22076 24331 73897 11938 18744 22878 74177 62770 66863 19548 60126 30090 10836 9627 37912 70650 10612 83555 82901 39671 2920 43604 83481 46294 42108 10493 22400 91255 %n5694 125
32705 64325 76726 69811 61903 50051 6254 27781 92144 3843 37161 13465 95283 17498 84268 53284 78735 13128 36274 87433 4919 69738 90520 31575 17980 18976 63935 91099 91894 43269 97521 22464 39176 56418 47443 77651 81746 44878 88818 65950 90108 9045 90820 13685 28115 68508 33812 39185 34627 86354 16151 200 886 33984 38746 66253 76321 59817 17210 79669 55213 97652 56698 90743 5925 8901 29275 13302 1319 41517 72694 15565 30399 90048 69280 64207 7026 19817 81413 23224 76979 76331 90621 57647 72133 36407 55514 25981 76544 64867 32866 43499 42718 9968 27909 76279 47170 3303 32012 56656 43636 22802 77563 56661 80315 96148 96813 84938 98712 98291 63701 68051 74844 66056 58485 74073 65217 6428 42807 56400 16048 99235 76695 87676 17726 %n872 124
33245 65300 27662 11196 22743 362 58787 41609 94103 38043 87878 39070 18346 45515 34485 19102 32217 88565 58785 88814 11514 4150 55668 52584 38240 91695 17061 45503 91772 8295 59915 16137 74172 39603 91355 1454 1104 79867 73719 462 5777 80957 10983 29650 59270 79265 99026 65154 53782 22278 40318 50897 39945 64694 99166 60131 8721 34617 81278 56293 90436 65447 6840 85726 91176 80119 35967 34273 41423 42330 80810 70899 72727 71485 403 44548 99570 14915 79398 33153 2106 15862 26126 56009 95817 16901 10211 71788 82510 36525 40274 8555 33319 97046 43313 53449 990 46276 57234 9546 61117 71831 90309 58412 5809 61214 16595 37389 49213 97437 49026 29736 86915 12822 32741 48365 40947 22346 66711 75167 24452 42622 94446 21525 %n1913 124
77101 90434 61341 72474 22763 83719 43059 37177 69610 24068 45765 70101 70848 7919 30818 12126 36954 58637 13828 36245 19990 97573 35926 64650 31543 95303 80902 81171 38843 31242 42334 11488 44299 66006 24153 17311 67447 88446 26787 95476 5536 89352 88177 15904 17551 55809 92015 2856 41385 92955 62449 9238 72567 21696 56841 63587 902 56011 23767 93668 42742 62995 37761 74692 38785 53007 72823 56581 17332 85184 5276 78653 71606 54815 2166 59075 45565 50550 30147 47151 72822 99829 75064 26233 20471 95609 5043 43664 56818 74332 67766 90338 86716 15986 91019 88796 39604 76075 65276 94168 80920 33857 8813 92295 71611 73767 14711 67202 50361 37525 93458 64879 80297 66558 17714 17250 13494 84967 38915 32990 93945 71582 58243 32412 %n2136 124
12986 9224 86404 11718 85939 34343 51802 7897 58152 99735 6071 968 57675 39641 24037 88257 70979 31042 49317 85492 22735 17381 74532 19463 21870 61658 18314 45745 15588 9091 47412 41528 84436 35422 65895 48394 11746 91141 34440 55232 46978 48296 57956 9048 49980 14952 29278 32754 68551 57307 2126 9680 49581 8051 9549 80702 58461 29112 78063 34785 54388 18502 57971 1100 80232 80494 65864 10422 50234 3630 60387 78916 77707 19714 3771 65073 24669 48646 8998 57174 5637 47956 44664 87723 89020 65976 63405 96903 36655 43425 79892 58618 84430 21528 5623 95463 70091 40837 5875 37840 8060 76033 80554 54091 57381 73603 86247 97816 45914 66769 73381 41831 22415 510 35317 91937 15692 24927 50741 95905 74316 53045 42121 77411 %n4001 124
61487 61767 48020 98449 93250 77521 17 5429 62593 95097 76314 61803 81983 2318 25414 53835 75311 45141 88932 64632 99229 71812 37347 62255 49846 85830 54628 69011 13197 88417 14336 98261 78458 80717 1206 63582 54061 45212 60515 73608 21877 78989 1648 92158 9340 15047 6740 92416 81902 81307 47603 19335 39871 51523 74356 613 4468 35808 47629 66493 54199 69444 97980 48104 55568 25464 72525 20119 87781 89143 32053 7531 42261 11810 32655 5 27057 60899 43572 93994 21540 71794 93734 1156 28754 97685 40053 94854 31822 59864 66568 53687 13794 74740 63101 41899 89038 16505 12777 40776 51914 77959 12367 33843 53081 10276 11043 45666 85926 11760 93495 66649 62847 85469 24687 82020 23474 71327 2490 34658 5903 46960 78821 11121 %n1764 124
26289 36637 93106 67955 95755 49295 53374 26892 56474 30581 63155 73244 47560 29973 66375 86517 70585 33529 50930 54425 53886 98069 77796 50035 55730 61893 59336 6109 69128 82161 89725 92300 93831 29222 28594 70383 25444 15376 35080 68094 2512 62493 59449 27632 2578 47309 36543 56363 33405 53085 1600 72853 70429 55666 77478 60318 65697 60878 18868 88360 8379 12031 51053 74541 58975 34345 75622 71953 595 87385 50970 10984 71824 44859 54505 69004 84630 90721 78998 47690 11847 35626 58536 30567 44864 40895 36004 75443 53235 87022 19387 75664 82034 92153 66223 60356 9099 12296 17926 95458 94830 50423 49228 1662 69028 35430 36736 52293 16117 1670 62186 53230 25563 55670 36362 37669 23422 43697 11057 6680 37905 89233 36676 85938 %n7373 122
55382 52985 93135 49991 5784 38662 78674 68666 56814 78754 48450 86549 13451 92439 68174 19148 73806 4806 5427 49430 25398 46495 17092 9486 37235 18943 7760 84966 32565 97764 92902 92689 31493 37063 52542 25732 92756 43737 81291 21149 57328 27284 60778 78133 25121 1745 98960 27202 28072 51319 69713 70409 35935 84439 20597 19034 35445 75675 68881 90238 5947 93081 14929 48742 31121 88647 10303 84330 7526 23191 30934 93080 15652 38387 22513 93159 11832 55785 95059 41991 25897 57053 47248 70797 42781 34370 89443 67243 50470 38095 48098 47515 10750 53388 16656 31208 37163 70843 1174 9267 57894 14901 57861 41601 73187 84351 599 56149 56252 43805 91768 64961 65745 14050 16171 96633 32587 51957 72589 21566 66935 82966 %n7762 124
66358 17429 79375 31063 20859 50774 89900 34864 21744 10542 90138 13102 47750 46229 4138 98698 73274 74594 65602 2461 52145 53022 38497 73127 42580 18296 91126 2118 74042 91329 95679 42667 32337 82657 66888 86149 45416 23011 68308 83437 9565 90613 45040 89853 93523 54170 61609 24447 10548 52500 78197 84594 94245 72009 78118 86388 13977 68546 54876 73890 77027 1076 88620 50322 15666 83425 80146 89753 66309 41098 85155 46584 9796 25085 39737 78077 97065 57143 58503 10511 20475 91271 6696 40678 35134 93370 46026 32894 8275 4487 34555 24941 23865 47806 27450 11010 55830 93673 12738 11294 15041 67240 88245 62651 68838 45866 14359 57571 99495 8435 34851 34275 5196 17156 25221 14585 83129 72196 43437 25725 47353 70023 48820 73569 %n1961 123
73016 58123 58684 77143 27850 63029 75205 41381 8600 22232 31560 61963 27149 9332 51811 65049 58074 15051 84429 78862 36023 33161 71833 55951 90216 8433 77173 59445 86569 62333 33053 1134 79680 8036 21206 26073 82766 66187 13173 86575 4402 97039 89386 924 90246 12240 28313 64071 56313 41198 44038 75969 22477 14968 64500 68075 26628 75713 77941 97574 97194 51343 4889 44855 46725 3673 74854 49794 27638 90092 84160 11494 67146 40667 79762 78078 11501 45219 82429 60514 39387 93439 40745 29453 22599 20875 56899 90742 56000 8231 84807 81222 70352 69598 64228 34761 31871 15718 46234 45529 61722 33968 11564 68628 51548 33215 63749 53575 39583 66360 94971 18699 12069 69068 80688 68206 27206 42888 39947 48073 25966 19502 36230 %n6584 123
66542 37287 78353 30639 85667 85489 22610 62530 19248 59547 23184 11741 66870 10152 92061 39831 50716 30290 71619 95592 3232 27602 9696 56984 36359 85716 636 608 50906 39716 93127 61626 36071 80028 99281 76894 72035 26672 57965 41531 18429 55517 37615 18466 65557 10864 22330 45600 92415 22214 43482 87334 84504 99154 55691 93922 14455 52203 18149 22792 1372 21893 63788 13539 12842 53628 48369 59286 21059 90447 28615 76984 86347 73086 98161 4185 18291 59190 61249 97886 27499 96978 91794 55410 78915 86868 51610 37054 22134 46411 73358 24097 74727 41293 58257 2647 63716 81515 15651 63042 76299 68348 88583 29797 27948 17025 39678 15586 99076 40631 80339 3781 51093 11817 33953 22922 76883 509 54296 31976 56266 86483 37386 %n2575 121
91070 29931 46248 50724 57330 58327 11245 3745 71793 97538 35417 62901 46364 52924 67288 45498 72032 83120 57159 19002 91543 3913 49113 39667 50424 6302 27973 77919 11004 12661 78468 83213 95811 88112 71732 67811 28734 86588 24008 18489 33899 65797 7110 48215 50395 31401 63028 85314 55139 30424 66912 75977 90919 45192 8806 96451 51869 15701 58887 99209 9635 24249 27526 44266 41830 48230 20081 36463 95066 15045 42893 32689 44696 94461 92531 8002 35005 80962 80392 69980 51495 55424 91826 73238 10253 50988 63777 88188 44667 25075 60308 91990 70690 50923 91409 88185 96470 1920 90911 51980 9062 57252 888 79472 31233 96388 66284 32602 41439 21406 92495 40301 87143 23736 80569 11710 67486 12307 49135 88444 63544 %n5432 124
80171 70423 4121 91498 77087 96845 59266 76030 15659 6236 78587 10353 38605 524 13460 80814 16041 11319 25746 54835 79004 22275 61704 98925 28540 69882 61373 59741 72693 99470 12134 56143 13298 43921 54100 85347 91848 94552 25749 67021 36833 84270 41685 50986 16583 99237 63578 78335 11407 3247 12414 46311 37486 48947 21130 42432 96851 89500 21908 53730 50005 90958 5788 57091 87204 19773 54744 12761 53187 11156 27889 99655 17791 91760 15034 3235 95443 34831 30150 55025 96340 90214 45267 9850 5469 85991 98988 52820 87279 97784 72661 56615 75373 81842 7165 53520 30486 56546 76034 8313 27562 16172 62482 97664 33513 59007 82454 9373 11511 95340 90545 17116 866 24437 41025 53776 16154 35114 40502 69371 28240 39762 7452 51103 %n3731 123
50961 41324 71682 9610 31682 53946 38440 35465 93066 16078 30992 94107 14283 65284 31083 75103 80572 49054 42706 27733 16701 79040 79904 50334 68737 59726 27164 6463 644 77953 46336 57611 97131 39143 29908 79163 73600 88261 21286 26113 51477 75507 67605 34896 38427 5879 20769 41182 82421 99947 25654 48580 16375 8339 66401 65728 18652 72894 83407 54097 70117 71939 18716 77956 31894 21391 94603 55283 10945 92443 32512 53968 8204 23684 21722 61129 59280 31474 55220 58276 35540 1495 95818 48844 27501 18949 35603 30960 74293 66107 40077 5361 91046 65823 13739 35362 85496 51651 56573 10929 70043 26803 86617 73249 72959 22247 94376 20017 61723 33693 96945 98132 62368 4041 26735 23439 57813 52741 96803 70281 17256 96788 38855 %n2615 123
96661 65836 70792 12914 54778 10426 63581 27226 41640 45929 51170 31531 62818 51366 1486 84355 84880 65107 38035 81323 15872 33399 3476 76909 38162 20075 51635 80608 85799 31715 27158 50284 21906 71948 3191 8622 62343 58337 15394 33486 10088 78704 52131 12335 77307 92344 13009 95000 97358 71279 38896 98564 65453 3024 82114 21784 65911 8397 40532 17347 18797 87721 76743 5891 62771 5299 99269 66047 37078 97969 52298 45161 32136 10721 63331 37919 3113 80147 79994 38431 45455 92657 39250 98151 3867 56407 58044 69612 24381 31588 10246 35018 9603 6080 25550 47346 30053 4977 74587 52100 47783 79308 67110 49161 44351 39719 6784 74404 95539 78919 8641 18538 4974 82026 17873 27318 53495 97467 73441 73154 59667 77897 8350 %n7333 122
10881 86092 291 81021 83977 10743 28176 55333 68210 66474 86666 76448 73290 9704 82380 15106 26178 15248 19643 66484 78643 4155 50486 87633 92240 23615 55466 77778 5591 82991 64914 66716 8327 14473 80789 12574 41033 53919 29970 21299 26076 34019 80275 84085 6844 89393 49192 53209 61809 36781 50346 92112 85714 62491 7176 10625 67832 74540 90776 37385 20842 30020 18863 18796 23220 58379 70514 14079 43718 53290 2619 6083 91303 46555 72355 16649 45251 17048 65094 67588 91465 99909 60362 7105 82733 61219 77900 81497 12106 72064 28663 55964 29363 21361 73870 36851 75641 56777 39418 78700 4725 41124 21762 74026 98957 39805 87625 31640 11589 33208 98181 15552 90826 77139 57140 72597 35559 71721 23192 78029 3135 76612 %n4607 123
267 56891 59040 48105 26535 72849 96196 7208 34970 32897 64378 16864 56355 72042 59680 79433 49467 3463 7041 95852 23569 44304 67345 84051 55183 93959 16846 62949 12292 72140 21188 84231 87978 19081 28573 15279 54912 37213 95231 89169 98963 83401 54922 6149 34287 19907 87981 11363 14826 54092 15551 87025 57827 50557 43647 26028 76308 65853 41774 17578 65423 56608 6128 17555 2954 29879 76821 2832 19994 93390 80937 24121 8091 65873 69059 92836 54226 18806 68255 15782 33286 75929 21981 11623 75199 81707 82848 81341 77233 28290 51971 50910 72526 71379 81368 56272 39569 62580 580 55612 84317 78091 85350 79449 28691 25375 55309 79987 18777 71844 55602 25928 66934 94061 77 23860 98699 19330 72608 27865 87593 8105 74750 %n3480 122
87854 7521 18544 49337 68021 22149 65720 23046 89512 46424 73498 67427 57574 2243 85663 75055 77434 51333 4743 32647 67082 85410 8136 79063 83751 84906 28253 24619 89299 26667 98129 84657 29247 62306 69385 63294 79806 53152 23311 37800 39942 67991 77494 94498 31206 11752 49396 98339 48809 52616 96513 22294 23917 17169 39808 26867 17153 960 14489 6341 28911 6934 95666 52473 14108 56174 22129 82832 96265 44224 9479 18921 23056 67153 49032 55398 73874 86790 25664 45490 68142 3098 1166 11421 61991 27790 65072 90407 78703 84080 99960 93423 44822 63700 61536 30787 41094 98177 73327 5474 51258 50581 85488 39880 4526 69973 63293 12747 70493 40388 43098 48053 80311 36326 8391 27430 25761 31286 57264 50899 90253 76459 %n557 124
69750 45541 50220 43203 15173 76985 38462 9079 56234 92933 7850 6060 72238 23415 34878 96565 9283 1550 97888 20591 50207 21230 46500 21181 7912 6084 46160 76800 36471 38322 97033 31833 97580 41498 99395 7839 45032 23433 61229 56586 85866 38439 81660 17881 23656 19074 55010 8358 77359 48643 57706 23381 55484 77602 27782 91241 14080 80798 38917 63087 56837 73824 94953 63173 11700 18911 7918 69525 20181 30008 96405 31558 75301 54682 29107 20777 79925 96107 15122 13877 87744 99620 47662 88136 9977 41589 52378 13148 33508 70233 11798 66694 37587 5091 21648 39504 14247 91053 8525 64925 44086 85888 11026 67241 48235 44845 58953 85801 31328 95423 53699 15469 21875 25366 3393 60183 25855 50191 1472 73484 812 79054 95183 43125 %n850 120
39278 27093 30785 21129 53998 65443 61440 77345 86772 10780 63864 50630 60654 53556 38061 64398 75794 60931 29048 24698 49183 33665 52069 18932 44767 45655 14107 64468 29756 98913 82528 59097 1321 8291 28501 14580 54821 29100 61463 85079 79353 38853 39954 33187 30266 71113 95528 86754 81481 36384 55188 22295 48539 88839 39562 17892 93278 51580 59284 60347 59536 27148 63245 20059 20154 86934 8775 51821 4379 50626 53269 58188 22812 99553 60829 65035 19894 21671 48133 60824 62760 55906 51327 2753 52173 6987 47307 33345 91069 22653 79989 63567 73236 75249 13079 9068 2967 68099 84281 14492 42128 9146 57545 67827 17542 8968 33837 99672 26485 7566 4393 49671 75743 45237 22800 99671 42953 8432 84544 41741 %n2250 125
20923 92601 5871 49711 25872 81564 5225 59136 82317 49981 52621 74265 48595 97897 86076 44379 26754 50405 65723 56786 91050 64699 92327 5935 38316 1512 25775 76748 57996 22794 10447 22988 48368 54216 23746 23016 42408 96609 87585 6503 39383 43097 30050 14048 23826 27305 93576 65209 61076 70823 87347 87021 21156 87824 32350 76920 35734 34754 71288 9103 90258 14188 10797 3496 99728 81405 5273 64805 35314 19355 12955 18583 79078 83159 25210 32528 6250 83094 65840 88273 3060 49677 37144 90667 4556 56250 99418 30535 22851 29597 9212 89863 6036 79747 37451 76647 60132 89970 82873 36590 85186 43751 66246 28376 1749 3766 42249 71660 60444 95194 54528 28618 61724 21635 71987 31355 92876 76238 45556 96683 8918 75501 86917 26386 16007 %n6425 120
21265 79129 57829 56023 3743 40830 36158 29295 10934 29442 51374 13082 13513 63897 39326 52313 19181 8059 88827 69018 12159 82976 75620 5190 6449 36862 859 85082 92749 31465 30572 42269 89538 31669 8208 38227 25451 87160 87135 24641 37787 61136 69099 6442 58083 90297 51694 65507 25575 29543 4567 5670 91360 28188 92849 72240 17093 81797 61543 5355 68333 49510 29068 70326 59485 14021 99604 7826 92329 50274 1884 12486 61534 71111 53819 6836 82580 40027 8486 15308 73025 4288 90913 78984 75760 4791 47891 40990 13002 21200 83766 12013 25968 73426 27102 82977 83527 35413 32692 44104 24435 5117 4458 80208 31940 15503 36027 16883 70347 23339 9852 27371 34776 12403 35530 33680 12650 72773 92998 45616 %n2019 120
12788 51963 27161 30247 78194 79865 62839 88468 74997 67812 97970 24623 36090 55168 23949 32426 87489 42521 44391 82759 31005 58715 59988 60947 84244 77444 42045 68058 60642 10821 38535 14452 12787 60781 58685 69362 17655 42161 23453 7475 5586 56712 82598 65241 33957 83624 46659 71512 68122 20046 45068 34372 64404 20951 42788 49222 84490 22890 63754 93726 37703 21723 47820 57509 74346 40365 29697 33471 55253 93396 31015 13699 40781 71531 57250 2221 47864 85085 295 53875 87747 77163 51749 94819 90638 89742 42853 87514 12648 70790 84698 58985 16746 37369 50017 27673 61817 72441 854 7461 98004 62010 5281 540 75736 59211 95924 22833 55077 26294 46340 66618 83649 81226 33858 61859 63755 91720 41107 47973 %n6431 119
46025 2816 25511 84075 97125 72235 48873 65433 5652 31956 84735 67729 7220 67870 18708 28379 61763 70054 71553 99108 50363 62172 88602 47639 78220 77455 69786 49984 21672 43591 18295 74193 24837 85880 96436 37892 8463 2726 78577 35393 74077 44324 8356 75469 52161 41904 77220 70753 23399 1465 81364 82149 35254 85882 55442 74486 51514 56025 38525 68371 75552 39352 99582 3152 58704 94239 61310 77576 96524 67155 36853 15436 84885 87198 9308 98596 31534 92532 97254 42328 47191 4644 43138 89794 22020 10034 96191 99157 39674 79710 49729 87942 74204 73291 66570 8828 25440 78740 86583 50472 68029 94287 1474 51204 161 27120 18335 59022 8407 82085 78976 80393 71171 6458 490 588 52275 40340 83174 %n599 123
43659 51052 70230 27785 31937 86943 26919 74745 10924 89569 1816 50987 29376 7966 69875 85109 86198 59355 36306 3788 33259 22916 42984 33625 77481 75549 13477 23903 25295 40640 90885 53676 31172 56056 74765 87609 24573 7425 89864 49830 53555 68807 15756 68973 65126 89717 95268 26669 3134 46382 7857 9788 49193 2941 74406 50244 6175 69398 88990 89334 4855 31393 33847 38556 45806 26433 70749 32485 6087 78024 37272 7806 90047 33674 64997 43177 5349 92364 60738 97419 96169 25261 58445 93128 67937 46906 39792 9707 78242 64277 49076 91382 55580 81261 32157 80615 60098 28668 68141 59320 93234 17751 23673 43350 55125 51750 17455 68257 319 36499 23073 91334 60041 53447 25803 30267 72796 38955 31891 10159 17837 55332 21749 %n445 124
81166 47929 93670 36592 59554 30968 95965 16340 54257 58428 19746 40899 6551 13383 90489 16075 14256 64534 86593 83691 20496 86640 66136 14365 18825 32261 80562 74148 79960 59824 47118 98711 22602 67394 76825 22739 76892 29759 82327 66767 64004 86587 32982 12617 18359 3965 78520 6893 44707 34286 19374 33974 74967 50457 8770 75150 54384 40087 13687 34404 7959 25561 809 58660 69287 70722 99112 71032 23835 50095 12453 6320 44980 19764 93277 98927 84607 97077 51904 75400 28595 17432 4120 35920 8533 17880 40338 42662 21261 80047 13643 90509 76398 93992 28542 25607 8133 47074 42299 18900 42160 1193 63858 61 64535 42854 17612 74785 3992 15160 41181 94123 76778 10227 31763 71014 54789 44082 8113 77046 56517 69694 21907 65917 %n2873 121
15613 15898 32189 60343 2807 97840 30544 14666 28523 90602 76765 44146 54612 56592 47503 45014 71710 26305 46060 28654 60831 331 57313 25961 92311 65327 52136 17493 39432 68613 85027 3764 64547 18852 82619 35551 32807 57803 94206 31148 15367 26800 92822 16082 7657 76214 32153 84931 8419 93306 30740 33951 85077 77612 52974 37855 49028 16691 49438 80355 59347 4757 75665 2177 95973 31785 47894 48863 41357 9662 2973 88547 43123 36943 35305 27172 17096 94673 73735 87540 25441 86559 94691 12009 19861 80309 89405 89105 58151 17707 52351 3864 56800 70324 52182 6138 35353 46246 61416 76438 6831 54250 35677 99132 71057 10038 91078 95927 90998 70318 37947 4502 34760 21825 37667 78052 1538 74523 29643 58024 84147 %n675 117
56733 47800 10643 17046 86854 14754 34635 12041 96197 46010 11022 33408 76644 13339 48480 1652 59718 72027 8020 56633 51647 29096 64258 17114 55766 63198 25556 35048 41117 44535 20800 34779 97373 97898 68908 79155 15769 64599 24396 26757 83816 6896 14519 56937 27561 77772 88308 13862 14942 60648 1451 36610 57795 91017 27807 2810 48875 16056 46415 88026 40529 86012 89945 13791 74068 62555 4191 30142 75705 76454 92927 47251 17729 54755 43612 57197 72284 28468 60400 25512 2277 45004 24871 94832 67115 85896 58179 41125 98030 10846 2142 13029 86919 14271 34546 81239 28961 23360 86490 34817 86714 39939 92763 20877 41412 99131 94229 11598 89906 50135 85741 37439 67218 6401 87411 49694 60828 %n