85
2158 188
42878 37479 32538 11488 9193 89346 25014 45795 98020 56198 72659 75625 58410 81968 89658 9699 44216 38077 84320 31939 71784 32325 35877 76618 15236 68377 22730 15913 4819 17587 18434 71599 21855 45322 1085 94423 22070 94477 15335 427 37899 7995 40866 95105 7418 5469 10159 37813 49224 5004 71568 39268 7035 93681 23811 15768 61121 29427 24567 19115 71480 51037 98060 68008 14897 35728 9794 66806 65436 97399 56475 65043 29037 65720 97405 52093 21884 67952 92405 20357 94481 70412 32025 36358 65268 36942 49314 88496 9624 77978 65030 43961 2440 64224 95681 92067 11965 35114 36964 21535 77876 27010 34045 82034 55574 26954 68902 63235 91126 35171 32846 35987 60382 91811 68256 25443 4863 75036 26395 48658 66239 80893 49843 87725 85639 8487 95389 25532 62624 20823 15855 63562 35914 55395 74219 5916 40677 74365 34230 65738 18406 38503 37668 85239 95251 56124 74706 77914 98663 87900 46024 22584 64684 26833 99758 75163 63606 96695 93166 86301 35137 34558 99198 94153 10231 74563 38457 30026 45849 99849 36003 30736 50141 18152 84236 16017 79456 69724 93447 9803 30582 50003 69386 1812 43135 53903 6061 12725 %n1103 135
97620 16091 69055 49205 92568 77982 96162 24205 32493 58325 51832 11763 6520 86326 91051 93526 35695 7139 23319 34506 5973 37648 57835 31192 82132 87147 58930 42292 44925 51256 59742 47732 84495 14735 92862 95116 19759 56332 32772 70155 43594 34748 32699 48410 68618 29653 42577 30973 70374 26865 8287 71693 4566 15874 62778 50132 31648 32841 8806 41329 3954 75582 99956 10480 89445 131 18389 78896 85951 88253 27363 71912 84605 25914 45113 97616 8595 63600 85721 29973 43265 37043 97698 59030 26435 99995 14107 38731 16695 25211 54384 28923 45502 54492 33029 13305 76184 75377 16272 48715 91722 20181 26610 50337 13520 14530 30691 35805 53735 96805 47132 41186 22169 62647 6293 25337 9322 95766 65689 2551 46661 55622 24243 60804 16343 42438 67965 48644 97607 91563 87610 86955 61981 16970 99922 %n5290 86
54186 56394 37974 64037 88507 79947 18794 58783 93193 59881 34792 39854 13154 15309 50069 33276 52942 68286 85607 40313 87053 91353 27870 54771 81179 53710 90481 99026 98613 87080 27367 4087 91908 81160 85888 80288 1283 63068 72557 76786 61917 52347 95327 74094 63096 52886 87107 41226 61323 67334 53317 41441 52354 21234 87327 19661 33002 8156 89685 85960 81733 47250 68683 44390 8737 75466 52375 57958 98890 76213 82340 23219 88849 87358 55192 13804 38850 31877 92479 68729 68769 36024 77878 39666 35189 98019 %n2931 65
25360 31305 80027 75661 49194 65085 16093 95172 63294 46980 30002 64127 76357 92859 67805 30287 53171 93827 41809 32539 81272 88156 54971 24856 40184 7557 90960 34361 11970 63909 7293 34971 72442 77622 86698 83916 91910 27064 92888 13292 20487 16461 28746 28558 56240 95330 88919 17949 4936 9378 85666 77676 326 5727 84923 11389 37951 55057 63331 63191 33316 60843 17065 31497 87943 %n2882 36
93016 84730 88082 8989 43659 53031 31077 76740 81434 65992 37405 41067 40859 65146 94956 22506 82669 13237 32314 19530 26629 2173 31229 49735 90748 46222 90344 58119 73127 40480 7591 86649 69999 24277 35132 77315 %n4106 36
3116 99984 55120 92157 33257 35797 41300 38539 12344 58399 86827 76803 12902 24315 17428 46035 16946 84895 614 34810 33655 20062 62938 78715 94841 29328 75504 23150 2194 39415 28489 34734 57771 83852 27786 97654 %n5089 25
6343 21610 26463 27439 46649 73153 41426 43146 51369 31550 564 88591 90584 35991 58538 97029 79287 55967 96107 35408 61531 72420 79656 277 60100 %n4729 19
73213 41831 81260 52067 72707 37461 38285 32655 38304 72401 35 61940 79984 97479 65678 83155 12643 44877 49901 %n4923 13
36730 61837 95037 28577 24886 62579 19362 31126 20718 37081 13161 4962 5021 %n4067 7
27238 28468 551 36747 48907 47611 40877 %n594 4
9984 22899 78502 5799 %n70 5
6829 61786 44675 11814 85490 %n3448 0
%n1818 4
76667 71598 76738 45591 %n2678 0
%n5200 2
10568 17510 %n4150 0
%n5202 0
%n5228 0
%n122 0
%n2321 0
%n2556 0
%n4860 0
%n2537 0
%n3382 0
%n4548 0
%n1842 0
%n1017 0
%n2095 0
%n3862 0
%n4283 0
%n4203 0
%n1672 0
%n4605 0
%n4685 0
%n3069 0
%n4707 0
%n2490 0
%n3114 0
%n2375 0
%n4327 0
%n420 0
%n707 0
%n5284 0
%n5287 0
%n1731 0
%n2553 0
%n2585 0
%n1600 0
%n3837 0
%n3498 0
%n1870 0
%n1656 0
%n1799 0
%n2619 0
%n697 0
%n3346 0
%n2935 0
%n201 0
%n1808 0
%n471 0
%n3494 0
%n565 0
%n1390 0
%n871 0
%n1410 0
%n2982 0
%n553 0
%n2495 0
%n4041 0
%n4470 0
%n357 0
%n1364 0
%n4476 0
%n1930 0
%n5114 0
%n4788 0
%n4018 0
%n1266 0
%n4463 0
%n560 0
%n3502 0
%n2237 0
%n631 0
%n1746 0
%n