40
587 125
86651 86627 28029 11118 45276 58652 24412 76537 21136 59350 56147 29220 95619 82628 82167 44017 88098 17774 9048 32831 5949 98466 36989 57333 45246 49863 71302 79291 31552 93676 37432 55126 56657 36539 17610 56627 58681 3700 22740 51080 69038 55879 26580 44790 47319 74796 91865 17260 40713 5769 59194 86499 65469 70775 40207 51015 56600 74118 15506 28793 60393 79909 97421 86324 63198 82391 66308 33088 31497 19741 38027 54697 9775 27745 25305 72830 65565 83344 8706 58783 41200 54539 28523 69211 59600 78813 22113 98920 80247 83206 62634 14868 79984 81971 50738 71473 54867 31893 27330 25844 48593 85590 48169 46492 51536 14274 64891 84214 64346 95347 92302 16505 90580 81080 30782 95065 15953 39876 52028 19587 40870 57717 54662 17294 41522 %n288 101
2625 28729 91429 55903 73425 23844 13681 15642 79315 95478 51928 75753 22141 8458 57501 73804 91867 33844 21190 65383 3266 74726 35542 24244 67560 30130 18850 40552 48658 89064 26810 66388 67598 38565 84264 82215 50723 59141 73791 13243 82230 1308 63445 50855 74586 72318 78315 39581 17039 43024 49130 99916 94022 18887 46839 95368 7041 31620 46745 33206 43090 366 12520 77746 52596 51668 75597 5427 59633 89538 10292 53324 31682 31292 68752 44133 4505 50746 1880 29771 73934 4918 77128 68679 2352 6643 12277 80775 54393 64993 96654 27248 56375 95507 65274 41034 61061 41276 85512 62027 92332 %n118 79
71322 81073 35042 50285 21902 73693 49804 62939 43466 16580 74979 74478 54184 42881 78373 51504 62044 17725 16987 55983 83432 71583 20287 72154 35943 86912 29938 80163 10073 86232 36653 46050 79296 70309 19730 69612 11880 84916 23461 51905 45149 54855 77069 64200 68082 89359 72142 55062 78915 30869 8425 77146 85606 53941 69903 97773 43257 45040 80506 34952 82665 90834 68172 98930 30222 96659 82810 18694 28265 33739 25115 58828 1621 63653 50254 70378 30442 72579 46809 %n5379 48
97611 82646 36941 96390 79083 4809 66535 85457 65891 88572 54456 41529 83400 51109 51468 1115 37167 81473 36351 6135 26167 3786 2655 84684 12513 25993 18042 97958 10299 1378 2202 56789 45034 40200 96109 55335 21105 38117 7958 25444 96042 57727 1071 24915 50309 3565 4640 92435 %n2564 48
32565 96399 23162 53300 6690 7459 58648 58978 86530 32062 19850 89304 38180 71263 87070 82401 25168 88360 17195 7986 57453 2150 96295 20254 92318 25930 55026 86501 93393 87501 1943 53273 9608 46463 79319 58784 67259 5099 13310 66260 38969 73404 37446 13127 67502 50898 88513 48583 %n3894 39
44360 38156 52979 67520 40932 10881 27799 77270 76536 51404 32490 40360 95655 84001 33216 92434 88965 85679 10612 17826 68289 72933 29499 9377 97982 39554 28828 90743 61836 82412 88203 57997 63281 91703 54740 4714 48039 84770 38722 %n1649 23
42489 97035 7292 50547 98907 69960 78153 14924 57124 56167 32539 19802 91398 96506 30827 39882 95291 54448 99636 38693 59460 68383 57942 %n3571 25
81760 48004 9528 17533 76456 38852 58309 65898 39964 5010 74721 19203 89962 51990 49253 18066 31427 32447 52986 14564 23087 44823 36717 20766 57019 %n7205 21
87537 55163 53393 6339 1924 78210 25472 48195 65769 99179 30161 59542 47991 31734 95540 57760 46284 59953 42412 74527 88996 %n5711 10
24136 61874 1344 84262 41250 89438 5423 56810 88428 27715 %n1325 7
56591 97032 87244 59781 53008 70362 17732 %n3632 8
10589 325 55653 8640 35509 70111 86158 66382 %n6012 10
61903 27755 29347 84890 8375 46863 51190 46667 53815 26613 %n2673 5
62366 13306 59051 32629 79549 %n2137 6
64464 32065 34945 68534 71943 38209 %n2594 5
78560 93795 16719 12089 17838 %n7264 0
%n2024 0
%n5224 1
59893 %n997 1
75536 %n3917 0
%n3105 0
%n885 0
%n1236 0
%n352 1
57688 %n5752 0
%n2514 0
%n3241 0
%n6790 0
%n7163 0
%n936 0
%n5906 0
%n3993 0
%n2359 0
%n4755 0
%n1739 0
%n3365 0
%n3722 0
%n254 0
%n5921 0
%n