105
11706 13
71572 89255 10321 30963 26686 18041 69772 5745 96639 95038 49719 67480 43890 %n6762 12
89465 8929 29634 47256 45104 56509 4491 87662 20782 35484 47411 31151 %n7185 13
12145 49147 34969 12169 25491 41650 70607 59342 422 22562 69707 68500 74006 %n5524 13
94836 6646 69100 60744 57733 45312 72730 37576 30333 41307 39574 12797 12188 %n6868 13
52857 52080 32647 93897 68703 27606 36287 82159 16951 67074 53685 38779 51586 %n9778 13
70398 76888 42413 75209 50183 63087 71591 57310 36327 24302 37492 26531 96856 %n6199 11
79201 69636 8566 29662 81265 89012 85054 83706 71486 51149 66205 %n3505 10
79097 72237 82360 64270 50829 1410 35887 32764 22866 65143 %n4439 11
84436 68782 11351 27170 86360 36588 70803 76075 63239 42374 12561 %n18 11
7197 9884 5247 44191 6346 43010 21855 59246 52221 23896 29054 %n6368 12
80073 42622 25901 86599 34748 45032 3235 18492 57419 10218 2661 66232 %n3872 8
75114 80957 93785 50062 78480 72086 77456 6916 %n6778 12
59022 24054 42666 19289 82244 91965 78846 52428 21307 96736 88109 26687 %n4653 7
71083 13360 89175 53194 22222 28719 9284 %n5126 9
82641 45598 48937 9673 65048 88379 65928 67204 75672 %n2885 10
47024 78036 70048 81819 45650 17581 61092 33073 6466 69732 %n10760 12
62748 48407 52092 128 82674 58174 21730 75234 24492 85347 7542 20759 %n6209 9
73023 69728 36350 62556 93655 33770 17731 63875 64886 %n9332 5
75918 73845 74799 81852 57529 %n5620 5
62132 24751 3563 21949 37728 %n3889 8
27621 87998 71773 28600 48255 14782 30160 76124 %n269 10
77308 59860 70826 60858 64067 33137 31946 35353 73153 79340 %n2664 9
20168 64724 87775 93392 41807 81938 93962 12920 35209 %n12164 7
27785 74981 12464 85440 42426 65970 63131 %n1689 7
11074 4949 94063 52035 84446 50389 22991 %n2717 6
76703 11636 76101 722 1496 64667 %n9039 7
14320 7225 53583 94135 10649 54674 74072 %n10482 10
61628 42107 27932 22905 60573 94405 65797 34577 68653 45295 %n5525 8
73391 65136 82449 746 41968 59281 51061 25787 %n11527 6
30649 89303 53073 89450 31786 91624 %n6840 9
96663 19370 78250 25681 73116 25877 10020 86616 64032 %n2633 8
57548 91933 77649 58538 96144 60993 90131 5543 %n992 9
20075 23925 2219 82713 37730 62559 70577 63429 12924 %n9792 8
49875 31087 58961 85211 39359 95063 80528 33343 %n3 9
37869 87006 61441 71879 17137 19118 80850 22407 4195 %n3305 5
22028 6213 23083 35008 66166 %n7655 9
80406 48908 87442 95828 2386 43803 46632 95291 18394 %n8337 5
13577 12215 94995 51434 35181 %n4926 8
24450 71365 7171 48874 38650 8578 11004 59972 %n11103 7
48127 28329 40152 69857 15533 35877 76884 %n761 4
96513 7560 10608 24336 %n10433 4
76105 65886 4442 16868 %n833 8
53132 4676 34652 74431 28167 92080 23901 87361 %n6514 9
62688 53626 5309 95311 27731 19558 6263 46908 7194 %n7276 4
77873 11560 32116 14848 %n5227 6
62626 23388 26796 57069 87483 6602 %n4806 2
70307 78689 %n1452 5
8920 7131 37600 75622 44480 %n244 7
93895 88375 59024 57980 72957 64251 73646 %n1039 7
36016 48941 79199 44894 83975 73809 13605 %n7520 7
44289 30619 46374 73613 86603 32009 66902 %n693 6
16173 31338 54390 30478 47120 93166 %n3500 3
60660 93722 75781 %n1349 3
64668 93127 27489 %n394 3
75438 78156 18777 %n11107 2
94471 51988 %n10672 2
76208 16261 %n13505 2
61741 86053 %n11778 6
35474 81291 42268 40609 8773 87319 %n4633 5
79004 4553 45011 34359 86828 %n7574 6
47188 32233 4171 27286 23711 41207 %n7238 3
76956 59636 71561 %n11429 5
19451 95108 93442 17959 24199 %n10821 2
38427 33401 %n10828 4
78904 30658 13124 37664 %n3554 3
67138 31305 30875 %n11359 4
6375 79209 39650 7962 %n2474 2
8752 10239 %n4206 4
2717 9160 42313 11446 %n7141 3
36341 15952 11051 %n8240 3
104 75410 17746 %n3491 1
51934 %n10192 4
32543 58478 25829 39531 %n12093 3
56056 25415 55324 %n5986 3
61087 13929 12511 %n2977 3
45379 40591 38712 %n1149 2
90958 33993 %n12741 3
16801 40930 17372 %n7153 1
62646 %n9774 4
49961 36630 28190 16629 %n972 4
72696 7189 23373 56358 %n2037 1
27414 %n5407 1
78710 %n6194 3
15131 31079 90900 %n274 2
61847 53523 %n9395 3
42672 74423 28158 %n10464 2
94475 41189 %n3352 2
17151 93781 %n12305 1
88193 %n10696 2
62793 9837 %n8068 4
79893 44798 32251 44671 %n11156 4
89488 47962 2327 93059 %n9283 1
27210 %n10123 0
%n212 3
87925 39346 37540 %n11256 2
92998 13048 %n6789 2
66515 78209 %n9882 1
69095 %n3248 3
11803 40119 87345 %n2456 1
70899 %n12357 4
37429 85090 52533 21067 %n1766 0
%n10115 1
73572 %n10221 1
92475 %n9724 1
96668 %n