237
1330 167
34078 32149 46670 34499 84072 5910 85645 9986 13424 41736 91078 16141 44476 29971 31707 70646 37146 58935 37066 61998 60439 49266 616 46795 87504 87043 85237 78249 80421 91553 93297 10564 59346 35944 70865 38781 38020 84263 54094 10286 87605 1493 73925 25514 52915 1401 43031 74547 68064 37800 91975 77105 19156 972 91812 35980 47985 83089 12690 13577 11211 58780 94082 96355 22562 35677 26257 20043 53706 95121 49816 77204 94076 31015 61052 95899 76665 16404 82379 46401 95748 52564 71093 33509 98350 6073 99002 44930 82704 41011 22699 93123 22056 17940 99447 7000 2498 35339 71402 97243 58666 6446 67094 42171 17879 50731 54349 50134 75029 93284 79670 87776 50037 77858 62562 80593 84676 57856 59844 20125 80861 84322 71520 76198 14571 68255 23836 26823 67182 33133 13329 96313 1235 97443 49956 89772 42851 82534 18456 88268 82591 28492 23630 86000 98626 85019 90791 45155 56936 60312 63339 715 46972 65742 8489 85683 79870 50294 25846 49547 94492 83702 93542 74846 63027 17331 18937 %n4927 101
81438 23375 12611 51195 83682 80836 68666 47097 25372 83140 78717 97826 54014 42875 32502 67618 84418 54544 18880 96102 76947 75323 72241 37947 18552 71049 98920 10616 29010 78818 94676 68740 49725 8223 58670 76617 46687 25829 20544 64190 23027 29105 68975 55707 56152 75995 51984 96176 46558 31426 14975 11431 94601 93747 8916 23988 99249 78139 20339 92832 73170 99215 54770 95297 16216 52052 96365 47786 47386 24668 84805 45744 60866 43276 94871 20049 15132 38868 56303 91223 16265 99482 67487 27627 81038 97865 41107 35300 9764 33702 15954 80826 58128 72662 8597 31253 78473 3674 9391 73332 13713 %n5511 71
10770 43681 15967 86565 14733 19886 7963 77133 96315 91814 98545 10466 41267 29920 84827 68760 91958 85377 69536 1985 48218 5496 83799 94403 81519 55764 32496 59314 27524 27256 63762 49870 46244 6090 72510 86972 64012 63225 73822 36956 96063 90071 23891 20045 87144 64207 14878 56773 60177 86423 43339 3773 91334 90620 90875 75884 32788 60534 27015 19212 37635 47512 89706 82564 18259 662 5061 46537 14906 32510 82057 %n2438 53
20810 20926 52339 51986 28456 72593 73951 43869 77756 50168 43621 77011 82850 92424 14090 78224 33303 96437 48009 49879 18700 71223 40542 14429 96607 26981 83652 59434 5670 79566 66030 4774 78744 19441 57632 69446 77964 70557 59441 39861 23669 91779 11736 65224 42918 34728 45601 2760 11316 85879 59121 4018 37116 %n3543 35
32541 91365 54764 30674 44041 84411 97004 13750 20877 59900 19241 3505 48609 8095 12953 51014 23446 15740 87432 15205 4398 51251 40157 43044 19967 318 86170 31497 81766 8356 42676 88570 42172 92080 23854 %n295 18
40764 99191 26288 21170 76509 88230 19104 52524 36681 27839 71300 9727 39987 92411 87615 18044 31804 45027 %n2678 10
15121 31791 96491 34897 28488 43904 13855 14803 7039 24175 %n2400 6
84311 25410 63717 49612 85354 37327 %n4381 4
95546 46103 78880 30432 %n110 3
19096 20265 19354 %n6 3
95531 23940 24996 %n2988 5
22282 12602 84657 54071 19263 %n4978 0
%n3891 1
3566 %n5413 0
%n1431 0
%n3955 0
%n2667 0
%n5150 0
%n4063 0
%n5174 0
%n5501 0
%n246 0
%n3042 0
%n4182 0
%n140 0
%n4096 0
%n5226 0
%n3594 0
%n1835 0
%n3220 0
%n3401 0
%n316 0
%n583 0
%n4967 0
%n496 0
%n1432 0
%n2428 0
%n5528 0
%n3259 0
%n600 0
%n3580 0
%n3291 0
%n5594 0
%n3722 0
%n580 0
%n5972 0
%n166 0
%n1032 0
%n5163 0
%n2633 0
%n5620 0
%n2191 0
%n2459 0
%n1405 0
%n4224 0
%n1445 0
%n4897 0
%n5721 0
%n5449 0
%n2460 0
%n1241 0
%n5990 0
%n302 0
%n5544 0
%n4805 0
%n5077 0
%n4427 0
%n2580 0
%n2161 0
%n3069 0
%n3803 0
%n4322 0
%n5969 0
%n2175 0
%n5001 0
%n4963 0
%n4773 0
%n286 0
%n3645 0
%n2242 0
%n1998 0
%n5346 0
%n930 0
%n1734 0
%n5851 0
%n285 0
%n5139 0
%n4356 0
%n4261 0
%n173 0
%n5609 0
%n3560 0
%n5091 0
%n1264 0
%n3649 0
%n5971 0
%n4412 0
%n4080 0
%n1696 0
%n454 0
%n3408 0
%n3941 0
%n2840 0
%n915 0
%n3206 0
%n969 0
%n1506 0
%n656 0
%n1195 0
%n5353 0
%n4918 0
%n2055 0
%n4046 0
%n81 0
%n2056 0
%n2984 0
%n4974 0
%n2513 0
%n5178 0
%n3521 0
%n4039 0
%n1007 0
%n3587 0
%n183 0
%n244 0
%n4413 0
%n1680 0
%n2441 0
%n3468 0
%n99 0
%n4145 0
%n5149 0
%n1521 0
%n2288 0
%n1388 0
%n1572 0
%n5257 0
%n5968 0
%n1822 0
%n2549 0
%n4488 0
%n2286 0
%n4612 0
%n3204 0
%n4028 0
%n1990 0
%n1050 0
%n5167 0
%n5714 0
%n2131 0
%n5453 0
%n1703 0
%n5834 0
%n1659 0
%n3905 0
%n720 0
%n1412 0
%n4094 0
%n2266 0
%n4199 0
%n413 0
%n4475 0
%n2030 0
%n864 0
%n3842 0
%n4178 0
%n2101 0
%n4780 0
%n3654 0
%n80 0
%n4552 0
%n27 0
%n1393 0
%n2262 0
%n2501 0
%n2095 0
%n2211 0
%n3555 0
%n3230 0
%n1092 0
%n3294 0
%n4560 0
%n245 0
%n3812 0
%n5832 0
%n788 0
%n3742 0
%n2742 0
%n290 0
%n2709 0
%n743 0
%n933 0
%n1993 0
%n4876 0
%n3079 0
%n3187 0
%n2469 0
%n1619 0
%n936 0
%n326 0
%n4892 0
%n4040 0
%n1913 0
%n5175 0
%n4860 0
%n1839 0
%n973 0
%n3475 0
%n1935 0
%n881 0
%n5190 0
%n3328 0
%n5732 0
%n2227 0
%n1606 0
%n4888 0
%n4070 0
%n4425 0
%n685 0
%n5738 0
%n726 0
%n594 0
%n5516 0
%n3852 0
%n4421 0
%n313 0
%n3805 0
%n1309 0
%n4009 0
%n437 0
%n2139 0
%n82 0
%n1783 0
%n3648 0
%n1824 0
%n4740 0
%n