91
6296 37
95394 98996 12241 31237 41532 68365 23110 60440 82019 64643 62116 9196 83745 3238 50198 3226 54756 34648 73287 59738 19564 73312 86817 29771 38848 53554 15004 78513 99995 77969 42911 92649 66799 80721 16660 66480 84055 %n1827 38
46379 37063 44585 8148 27614 59169 35535 64937 12619 58191 7716 80818 36298 92568 83092 22516 47087 99016 2433 87211 33948 41109 53403 15291 6687 95809 21463 22134 95982 20521 71536 74862 35782 67293 14211 81324 49858 18109 %n5813 33
79964 38954 80940 414 79231 352 91742 51943 90411 65923 37223 80330 89694 10328 14078 19713 50091 1608 73446 55188 46262 4279 7888 5825 71734 67221 67420 94040 94616 60041 73872 91039 58418 %n583 30
16451 49768 4956 19104 29707 80032 61041 56920 826 81603 29002 29468 95300 97903 67411 20875 16898 90413 24001 22321 62532 53861 59161 34590 23864 24730 55800 4724 67972 58213 %n3932 28
82463 28210 98859 85094 36759 48719 88444 97897 25194 81765 64223 30670 42887 28957 1244 3780 80351 78530 68296 59189 47517 48046 6388 52019 74953 79127 74771 59458 %n723 30
72188 5048 68051 86893 5626 29217 9163 6248 58384 17027 70357 59827 38701 78268 49968 33918 27284 65778 49703 63752 49051 2494 53047 13824 58790 5620 64392 28844 70407 68046 %n1795 28
30875 56780 24833 33318 32536 10398 11231 75192 11291 17090 68964 27885 47148 4575 38216 9023 91903 48058 19680 70343 37816 24835 13002 63444 41700 2246 62048 21912 %n6448 30
39240 31673 73203 76177 18621 62359 37789 11989 2691 75999 62096 11563 68858 28456 71982 27934 96740 59572 61718 35486 16633 33169 10990 69204 67989 56056 33025 78234 99169 44957 %n2825 26
585 32912 17635 65639 89564 73989 85139 17671 52119 26633 57952 16129 96793 81158 49803 75132 95305 86674 9486 33015 17946 52232 33815 93915 68492 76137 %n706 22
99496 31158 33995 69306 8190 68597 5247 44732 12191 73717 88997 35879 58502 7847 75907 11243 99421 37424 12022 34530 2586 20434 %n2733 30
15995 32668 77427 5169 14300 60137 55310 97281 67617 59248 44471 23184 13282 96927 65376 45457 23160 79364 30149 82597 78595 5803 52976 87787 68373 69458 21471 53202 80077 59902 %n6117 20
62963 49031 38707 5012 91849 20774 37389 97950 64822 32198 91974 45370 54684 31652 86531 78817 89203 28211 67679 91567 %n4169 19
82977 6878 74091 73362 76149 1827 56288 79457 6889 79189 45936 27859 65451 45152 19794 60627 63532 38433 95762 %n144 26
96750 75203 80378 62429 89301 99652 64774 57079 43655 39829 21833 4820 83253 85780 53892 70140 68702 10898 3579 43841 36507 1326 34351 41631 88740 7304 %n4581 19
36406 19654 57393 38613 3569 19848 61635 35860 3765 99882 12282 55028 26506 16105 58186 46256 18682 41583 9306 %n722 16
93347 44004 79951 59255 1220 41437 86457 39438 81387 48669 33054 20884 84917 98079 87002 27609 %n3828 20
21082 7042 18049 90882 27306 88730 76334 36467 45024 33608 15332 57756 18958 30507 88373 34834 76266 24962 7146 10303 %n4309 15
4258 32127 23831 65002 59330 49823 62546 79660 70312 66807 91726 89804 80265 11792 17687 %n3797 10
5987 12242 95520 5695 22137 89316 17950 521 76008 75520 %n4871 15
54518 32174 63868 35779 86717 91615 53086 40249 90963 58302 5112 3481 25632 59346 84023 %n4636 10
98678 97582 60870 4742 36324 23086 90069 66108 86512 17895 %n4850 9
69162 86644 26457 13914 51893 73496 5737 11724 11409 %n5147 10
98027 14624 22267 11835 84715 44598 74168 38201 41410 40017 %n2983 13
13895 3468 80485 35042 49953 31113 63660 86474 63780 39470 50856 78772 62212 %n6952 10
24095 43325 14548 87507 28677 25922 59811 98750 84509 71667 %n9 8
16102 139 57959 36320 33594 24963 11076 28792 %n4344 13
77263 58151 59526 32399 25508 59160 42216 49425 36680 28899 11640 72013 21404 %n662 10
63560 81992 67714 78165 10593 98498 66836 80420 86293 9452 %n1695 11
57594 75743 39999 83642 94035 88951 62842 42455 8510 11219 4684 %n2759 8
39407 17772 81239 54829 72541 79741 49673 99657 %n7301 10
53677 64109 67806 86715 9681 33339 98834 48045 16087 59374 %n6937 9
48317 60833 45980 17416 19216 21716 31493 71951 9899 %n1182 5
86755 6343 29267 70067 7580 %n3743 5
2243 78897 1015 57279 91447 %n3075 8
36383 689 99987 88611 86905 92995 60614 49211 %n3379 4
98119 30508 47242 91932 %n3986 8
90049 86895 77867 84075 66478 63199 76336 69442 %n4823 7
93461 77315 4793 39410 19090 23025 28356 %n6562 7
23599 79888 77362 47767 3315 63717 20070 %n5594 9
2705 36246 79463 45166 25609 73460 41683 96593 31393 %n5355 8
72156 34378 16174 47828 20534 36279 99125 66231 %n2279 2
10781 45055 %n2298 2
29445 17210 %n3304 3
21911 93393 12590 %n6969 7
68192 59086 95389 73854 47658 5863 45662 %n2124 6
21251 25054 9872 99948 14059 32491 %n5222 4
64126 43580 14013 21291 %n7805 1
89420 %n4280 8
59298 62795 51124 12562 99184 70446 98288 53380 %n7281 6
50850 87764 89327 54618 27154 25090 %n2078 0
%n3089 4
30148 32841 91247 85526 %n6831 2
91833 77210 %n7615 4
83284 37601 77052 82089 %n1358 1
91103 %n5801 0
%n6241 3
83968 94802 45763 %n147 3
24016 49135 4873 %n3871 1
91694 %n6728 4
22640 87105 76984 46023 %n1213 2
84513 2583 %n409 0
%n3285 2
16871 60617 %n6640 0
%n6311 4
91245 43168 65685 66271 %n2525 0
%n6228 1
70349 %n2394 5
73035 38992 22007 91215 48712 %n2726 2
19376 65110 %n3435 0
%n526 0
%n3494 1
36348 %n4295 0
%n4882 1
94753 %n1032 0
%n7027 0
%n5805 1
12827 %n2988 2
40022 14770 %n1417 2
786 21187 %n1410 0
%n1968 0
%n5607 1
47484 %n2722 1
66245 %n1089 0
%n325 0
%n7322 0
%n6182 1
2151 %n5226 0
%n1483 2
42895 62670 %n7173 0
%n474 1
53142 %n