361
5636 113
10818 95636 42813 45232 99409 7546 54449 39210 99310 47603 53662 55223 4806 68305 84020 7127 19049 17188 84591 15363 9768 65773 79580 5505 38626 49386 32499 55891 31148 78283 71078 42318 60154 87079 60591 10624 6031 6156 46130 87902 74785 52124 74588 17870 29078 32789 17729 51187 96018 1130 22416 96640 68225 55104 49840 77126 63181 28574 57294 222 50989 35818 17037 90986 71530 2461 48653 97769 39723 24561 27459 6994 33738 29350 45787 92302 83956 94109 97359 3066 89570 92971 62896 21808 12705 57990 48043 86918 54120 67215 55426 9939 8743 89184 45909 82855 41605 96250 7216 99147 58311 30889 93313 66938 39488 83034 30050 23541 36684 59383 39517 13653 99347 %n2260 84
37302 27291 94545 47010 52793 86512 32566 43094 84114 17126 52132 63557 56267 1813 87311 60101 49932 86834 34479 66908 76817 10962 46554 38416 86121 28970 55079 8768 17283 98729 48533 64926 33227 7867 26698 36054 11601 51485 67879 47375 88044 80092 65897 64807 60936 55669 95040 39485 89996 57211 88614 34500 76113 10952 6922 2771 82267 30391 67800 38100 66597 10860 43333 84817 98222 41287 57023 63342 88806 69673 2688 60265 93759 54437 25245 48456 61440 93705 46581 60340 90652 35530 64949 68356 %n8406 64
40932 71318 51106 63929 27769 18903 73523 54219 54605 4006 47789 69781 90476 10740 87905 90786 41218 74087 13288 55462 82811 52352 99597 27372 39795 63897 24266 80802 27077 85761 68507 91050 7731 88342 55471 61079 75905 97858 92160 66454 49998 72488 79098 8601 47579 9066 52752 15451 67986 35913 19161 17600 92339 13229 73025 2437 71465 89972 87559 68050 1870 87885 94148 65349 %n4646 46
71814 79110 18573 65580 5219 67678 14248 67914 69759 32087 48980 4493 79676 67680 8958 30618 5792 78872 2974 45234 73619 36361 30019 97590 9995 73420 34231 68074 99940 10830 19985 72920 16007 35330 23890 57116 22822 38770 53775 49384 23817 14795 57487 67784 46120 70889 %n1246 38
45610 25073 63094 89525 29438 78784 60508 82273 24819 69402 88238 61100 24651 37645 52769 5477 15605 71824 20115 7560 51570 20467 19925 96724 78349 79393 55355 19594 53177 59397 76614 20738 22402 17649 36496 69009 11475 65796 %n4945 33
10023 86404 34848 93899 84278 7533 62780 55820 55340 99983 76490 5242 42498 73069 30409 55810 91326 83191 55259 45871 67129 12751 90073 92805 40845 36452 70116 89364 47702 58626 83480 94921 25485 %n5916 25
81408 82622 49882 64022 80108 93316 74131 538 6279 4580 23256 88800 16269 50999 60030 97177 55256 50488 16778 2284 30940 98273 74249 32122 49030 %n8428 23
60744 22821 63850 52089 58395 36623 78281 14718 22984 68539 38251 57839 92763 157 67820 74052 79251 41313 43305 75627 71320 97604 18054 %n6262 11
13231 83050 84608 62016 41211 52111 96084 73321 50875 65288 23261 %n1136 9
94157 62209 57765 7691 17332 55920 5214 41045 58687 %n6653 15
37576 19502 69256 14265 37408 38320 4944 26257 85817 32444 81119 86613 62473 3 74207 %n2107 10
78203 66581 18754 29337 11973 6587 42521 39017 96283 40911 %n3267 6
20920 18974 34079 97837 76554 42111 %n743 4
55477 10021 80169 72401 %n3158 1
2442 %n7185 4
57932 70239 65690 98759 %n3772 5
60214 25221 23794 34067 18496 %n4206 0
%n2324 2
29246 98335 %n8315 2
67200 70176 %n3831 0
%n6209 0
%n3304 1
71743 %n1955 0
%n4923 0
%n6073 0
%n4875 1
58618 %n3130 0
%n1626 0
%n4378 1
8267 %n4518 0
%n8778 0
%n3359 0
%n7803 0
%n5045 0
%n7829 0
%n7208 0
%n4734 0
%n8402 0
%n8393 0
%n5880 0
%n1792 0
%n1439 0
%n6059 0
%n5878 0
%n8049 0
%n2456 0
%n7348 0
%n6501 0
%n6455 0
%n124 0
%n3445 0
%n3624 0
%n554 0
%n5039 0
%n1619 0
%n859 0
%n3419 0
%n6859 0
%n7603 0
%n8464 0
%n149 0
%n1819 0
%n7777 0
%n8429 0
%n4216 0
%n5517 0
%n2246 0
%n2271 0
%n5681 0
%n4329 0
%n100 0
%n7496 0
%n2655 0
%n1978 0
%n7625 0
%n3032 0
%n6752 0
%n2761 0
%n4094 0
%n2195 0
%n3535 0
%n4343 0
%n8251 0
%n234 0
%n6274 0
%n7749 0
%n6784 0
%n908 0
%n7340 0
%n3771 0
%n1576 0
%n7732 0
%n3264 0
%n4371 0
%n4456 0
%n7660 0
%n3944 0
%n7167 0
%n7628 0
%n4071 0
%n2384 0
%n4407 0
%n8743 0
%n1000 0
%n2491 0
%n6826 0
%n692 0
%n1015 0
%n397 0
%n2947 0
%n3023 0
%n1778 0
%n955 0
%n6961 0
%n6964 0
%n4180 0
%n3252 0
%n7799 0
%n1078 0
%n2116 0
%n8003 0
%n4029 0
%n2933 0
%n332 0
%n4582 0
%n5295 0
%n4772 0
%n5722 0
%n8657 0
%n4463 0
%n1935 0
%n6571 0
%n7320 0
%n8397 0
%n1090 0
%n1463 0
%n2996 0
%n6034 0
%n6230 0
%n6796 0
%n184 0
%n8187 0
%n455 0
%n5798 0
%n2706 0
%n6049 0
%n1777 0
%n6670 0
%n618 0
%n2796 0
%n6368 0
%n763 0
%n3582 0
%n2965 0
%n6580 0
%n4436 0
%n8103 0
%n4217 0
%n7137 0
%n8371 0
%n339 0
%n4633 0
%n4131 0
%n4994 0
%n6634 0
%n3680 0
%n7850 0
%n1728 0
%n1933 0
%n8107 0
%n2236 0
%n6665 0
%n1295 0
%n2530 0
%n5208 0
%n8116 0
%n1077 0
%n1062 0
%n2745 0
%n28 0
%n5927 0
%n8135 0
%n8146 0
%n1002 0
%n8042 0
%n7939 0
%n8246 0
%n7888 0
%n6773 0
%n2654 0
%n7456 0
%n4932 0
%n669 0
%n3746 0
%n8193 0
%n1685 0
%n2455 0
%n7082 0
%n8424 0
%n3774 0
%n6775 0
%n1937 0
%n659 0
%n1875 0
%n2803 0
%n5777 0
%n7604 0
%n5840 0
%n8151 0
%n1482 0
%n1372 0
%n614 0
%n8388 0
%n8041 0
%n5472 0
%n8389 0
%n7701 0
%n1174 0
%n522 0
%n1844 0
%n2054 0
%n5189 0
%n4700 0
%n7019 0
%n7412 0
%n1249 0
%n3388 0
%n8373 0
%n1670 0
%n2713 0
%n7565 0
%n4154 0
%n6065 0
%n1754 0
%n576 0
%n3878 0
%n3652 0
%n3812 0
%n1868 0
%n5662 0
%n236 0
%n5244 0
%n313 0
%n199 0
%n6702 0
%n2454 0
%n3084 0
%n4075 0
%n4474 0
%n472 0
%n4458 0
%n4705 0
%n3479 0
%n7979 0
%n8788 0
%n8243 0
%n2559 0
%n7508 0
%n7728 0
%n1290 0
%n7331 0
%n5679 0
%n8658 0
%n6675 0
%n538 0
%n6441 0
%n3584 0
%n4580 0
%n8678 0
%n5255 0
%n6898 0
%n4410 0
%n2468 0
%n1725 0
%n5256 0
%n4798 0
%n5002 0
%n4137 0
%n2254 0
%n6297 0
%n3699 0
%n2722 0
%n1880 0
%n7984 0
%n1087 0
%n3563 0
%n4011 0
%n5348 0
%n8714 0
%n7516 0
%n7540 0
%n4210 0
%n2140 0
%n4721 0
%n7278 0
%n1156 0
%n2818 0
%n5919 0
%n6173 0
%n7638 0
%n1573 0
%n4367 0
%n1905 0
%n5220 0
%n6039 0
%n6788 0
%n4980 0
%n2873 0
%n230 0
%n282 0
%n1207 0
%n986 0
%n1169 0
%n5544 0
%n7296 0
%n2093 0
%n3816 0
%n3782 0
%n3476 0
%n5406 0
%n5404 0
%n3824 0
%n7897 0
%n5540 0
%n3323 0
%n4272 0
%n1432 0
%n8224 0
%n2704 0
%n7129 0
%n3905 0
%n5028 0
%n5994 0
%n5487 0
%n4794 0
%n3538 0
%n4765 0
%n5973 0
%n6349 0
%n564 0
%n7659 0
%n1560 0
%n1701 0
%n3825 0
%n4472 0
%n644 0
%n2911 0
%n7231 0
%n319 0
%n1191 0
%n8408 0
%n5549 0
%n5085 0
%n6960 0
%n2350 0
%n1094 0
%n495 0
%n1981 0
%n2811 0
%n4047 0
%n