81
2922 119
24352 62431 54292 34432 7530 28129 77853 37108 12705 18335 7778 91140 14953 62055 10371 21173 78056 90210 43624 27762 27984 2601 99299 64164 29358 7681 27518 16373 80272 94845 96989 69808 10356 53768 29685 44743 72304 82057 39270 1875 77103 62052 36007 93731 12301 53088 46751 89193 49578 18012 37175 88489 11060 70199 15018 64244 76114 5170 63555 18083 44471 73711 40465 75664 59074 60590 84402 68925 85383 73989 21219 80246 14801 95406 475 4659 46023 14277 39687 21244 21101 31226 35341 40742 78628 93459 24064 91254 45668 67835 9623 42287 53214 74045 1594 6807 95759 29535 11881 19500 58563 20855 77721 74911 76516 60969 4275 85029 21307 9505 83027 88262 61402 80532 56750 14407 24425 66455 12371 %n3694 104
86204 95464 54780 93284 68383 98562 83548 87023 9226 72894 82052 9476 76203 25022 71951 18762 94338 33600 63692 21507 68546 32972 60486 45614 92252 90161 75249 16651 43287 11226 48925 35690 34580 75532 99167 76192 45572 2525 50121 44988 61213 84658 54482 15874 34484 33504 37063 96478 76875 71661 18398 70416 37463 59328 75565 60485 39588 91690 40737 99862 85842 29651 4807 85559 31816 50670 33915 43440 65235 18360 73178 57450 24974 46663 4418 89795 53135 21500 76397 36891 64256 65329 37144 19648 77008 10578 22818 45820 72503 77711 10899 32001 12695 76556 601 94620 68246 81678 61252 20679 7413 47196 14732 62456 %n4437 90
41035 84584 14356 93263 12453 96251 5955 83911 66761 23868 28208 59011 74188 73932 56118 90470 22418 74909 86177 55330 10308 28621 53766 79196 20716 22165 8234 42504 35955 10851 86700 16591 41904 58493 40706 56009 55861 3884 9798 20795 31728 89162 71404 65083 71649 28587 17079 50073 25649 71938 2795 10377 1102 89850 85301 96276 63075 92555 52009 24846 47168 93359 90188 31946 28061 1470 94440 5621 50456 42889 52045 82408 23768 62617 49604 11457 25255 92527 87536 67300 44867 6606 28401 13440 97592 21040 20909 35821 12138 43679 %n1980 79
79770 64043 91120 98365 26371 79420 40190 85071 31017 66848 1660 35710 12235 67984 12227 68381 31896 23212 34691 19532 22023 95153 89543 61460 2879 36511 3446 20374 43936 63419 38786 72469 74981 71494 3082 12942 44933 33905 87455 99902 3713 55692 43380 42512 92038 29879 45634 65459 50270 21036 15223 78676 64069 85729 43914 87742 70909 69018 82999 7368 49589 65548 28550 9140 73874 96492 37211 13663 3199 74470 22381 11654 22077 93584 1992 53023 25289 1905 28449 %n4793 69
68729 43691 97328 7599 82463 32573 83788 65147 88760 86492 81179 3503 26238 16084 71816 80439 2843 70869 13156 82177 82679 65974 16521 12709 77179 18421 59897 76538 68460 8405 91776 14130 35702 23659 98861 30392 43777 69934 23433 32721 44137 35827 98230 37101 93649 6173 7288 80910 51978 80299 69344 9724 15390 6583 82163 36510 7574 24260 43474 55509 40909 66891 49984 94306 71146 52278 84582 6967 60922 %n921 60
91264 34011 21620 37299 34027 54181 61877 1141 29118 74365 92235 40460 41326 56680 69289 81118 87130 98960 12834 75342 59337 9710 5105 38026 42799 98758 18541 90965 34998 42907 22119 54464 31592 14946 84616 96640 96097 14542 69807 12402 95463 97816 79710 9457 29 52920 63976 39278 39274 66197 22085 9765 7290 25522 19896 35786 83360 82797 69523 19507 %n4865 52
14012 533 70184 73094 32998 92459 98817 98390 11925 23146 3564 73174 13006 71296 39497 46639 88295 91345 42733 32471 80762 13426 82114 45400 24 63081 70168 36221 23327 99507 76825 24267 39074 7909 22345 66290 83421 38803 95812 12059 17750 59545 92769 65204 8465 68543 52094 99722 88628 31800 52163 40367 %n4066 47
74878 12418 93885 42573 14070 25571 17610 72625 34492 14555 20181 64073 34898 17402 27361 96355 43664 62683 58235 11929 78719 23342 92260 81044 9983 9677 54853 98629 95723 91016 87663 28922 85361 36864 76150 28011 50306 42154 43234 45582 22743 31617 72521 40165 26309 13009 49184 %n5632 37
20346 28098 75586 91896 63063 2965 64662 75208 62613 8638 10986 40419 53379 83977 85423 22643 6333 62928 29900 18113 38910 70178 7486 29301 3499 27085 66085 5159 24893 94809 95314 70369 39559 52955 59081 46484 95369 %n1513 41
44512 82498 31265 23891 98407 98153 67439 96267 57241 64334 38880 15784 88340 79953 59585 311 80051 28158 14294 68711 51299 7181 72127 62192 68111 61670 36191 6930 48661 34584 13064 90862 65923 22923 67571 80347 99934 26800 44059 76851 85700 %n4245 27
88680 42674 16327 92351 76030 34662 8461 75048 50267 17261 54602 34033 10010 65388 43501 78439 27472 71892 18280 30902 38261 81550 45660 41543 59857 86279 83260 %n3997 17
49961 70805 94913 87696 71509 17830 78711 67174 38912 92566 83533 95025 92816 30358 303 20322 9650 %n4236 15
57605 36540 6697 69094 3828 19535 8028 67486 52651 7546 53951 58647 2309 74182 20430 %n3353 16
48611 68630 86385 24619 17175 72313 95779 43125 8669 94404 9500 50541 65402 60001 4486 37606 %n1690 18
37468 16293 54041 36267 73199 49572 9803 94168 67442 73037 5400 6074 53726 29165 11999 40370 66811 76629 %n3200 13
15208 61068 70497 63199 65586 36556 17645 33248 5529 9041 7459 63622 32601 %n3823 9
44360 2389 34485 59339 63633 86065 13762 49164 38677 %n4773 13
8907 78106 43369 37820 71098 58559 15141 90318 15434 86856 23737 72728 96557 %n3433 11
45687 27775 67980 90345 32993 76276 42877 48112 60464 73516 42424 %n4632 16
21382 56954 97936 61269 3896 12075 35852 42649 47096 67313 67303 37184 68242 41427 59052 29766 %n2233 11
48568 98417 90272 5555 44006 58362 531 86352 29554 12012 68098 %n4436 4
22913 15466 69183 18909 %n1117 3
95424 4448 49936 %n1694 10
66972 25694 84847 78443 7632 31419 45896 34727 24811 81358 %n415 2
89826 44802 %n1718 6
16213 68063 78797 88226 82212 62240 %n2398 1
48007 %n5089 5
92825 65986 24486 54351 68949 %n3642 3
51244 28479 76936 %n2339 2
69290 90449 %n1109 3
63357 90880 56870 %n5808 2
19903 18801 %n1435 1
20890 %n924 0
%n3749 2
58096 20107 %n6140 0
%n5971 2
89017 52148 %n5643 1
92811 %n233 1
18102 %n820 0
%n6032 1
88677 %n3295 1
91037 %n4923 0
%n5303 1
65563 %n5690 1
95163 %n3473 0
%n2340 0
%n939 0
%n3628 1
92635 %n4740 0
%n2892 1
26726 %n2349 0
%n1201 0
%n2544 0
%n57 0
%n2993 0
%n3220 0
%n6152 0
%n981 0
%n5997 0
%n239 0
%n2245 0
%n4816 0
%n2279 0
%n5325 1
72238 %n1731 0
%n3448 0
%n5553 0
%n1095 0
%n3324 0
%n1857 0
%n5217 0
%n2986 0
%n559 0
%n4993 0
%n3349 0
%n5576 0
%n1739 0
%n13 0
%n3389 0
%n1234 0
%n