112
2235 16
19075 40933 7810 48196 34366 5715 37032 40496 13684 29061 8248 16161 29005 39589 47958 49092 %n11806 15
48613 4792 6858 22332 34628 6229 40689 47472 32289 19009 3013 17864 889 24974 47551 %n2272 12
30318 50059 28099 18833 21185 31344 15326 49234 36560 7244 599 20200 %n11273 12
50678 14212 24683 16381 23909 12456 24709 50812 15797 49550 29339 52180 %n13147 8
45827 34206 33992 26548 32774 14137 7696 18706 %n4757 12
22595 27514 52172 16334 7484 33842 10374 41943 38243 3404 29443 17346 %n2946 11
6381 14878 45548 23767 10845 10486 33228 3254 6339 41332 40565 %n526 9
9087 37023 27279 31280 37685 41472 46640 11605 27729 %n12389 8
12120 27166 9257 26669 40371 20559 42741 10635 %n10409 10
14560 25918 8605 11032 25152 51125 35471 24529 3549 39007 %n6838 5
2448 40527 11200 44930 37550 %n4168 3
36064 42135 18541 %n3759 7
29667 27591 9908 20198 3442 16081 42980 %n11373 9
17584 26533 17718 5881 10949 2282 47818 39797 39398 %n3818 5
47925 27914 5990 40716 11908 %n9802 5
40698 14846 19223 25387 35139 %n12309 7
16434 4444 23407 3833 48774 27590 7826 %n8657 8
29225 27526 20651 51268 19392 31614 49626 12438 %n6285 5
28214 32710 6021 27146 803 %n12203 4
38128 18543 8735 28447 %n330 6
3882 6 30542 37479 10015 3199 %n9793 3
9004 13917 19512 %n2571 2
17675 48562 %n11457 3
6924 7285 35550 %n1279 3
15654 20360 34683 %n12214 0
%n3320 2
1082 24084 %n689 3
41209 14354 52182 %n12635 4
47299 39749 10144 43290 %n10464 1
36701 %n4568 5
7069 2624 14988 38564 19601 %n4836 3
12576 44195 47374 %n9151 2
12070 37427 %n3250 2
6383 16466 %n2248 1
19871 %n9196 0
%n4361 3
15305 16494 40520 %n8972 0
%n3070 2
50890 5947 %n12360 1
13678 %n11426 0
%n9642 2
48534 18312 %n2506 0
%n1641 1
42553 %n8516 0
%n8371 0
%n10691 0
%n12906 0
%n8029 1
12680 %n10107 0
%n11791 0
%n5158 1
31650 %n2427 0
%n5006 2
39761 49950 %n4693 0
%n11217 2
42588 20165 %n2023 0
%n5840 1
21263 %n4963 0
%n3951 0
%n2114 0
%n6662 0
%n10176 0
%n3633 0
%n4605 0
%n378 0
%n11416 2
39403 35358 %n7464 0
%n12249 0
%n5905 0
%n3092 0
%n1155 0
%n12340 0
%n10817 0
%n5903 0
%n6844 0
%n4509 0
%n2377 0
%n1779 0
%n11010 0
%n11845 0
%n11105 0
%n6685 0
%n7661 0
%n1276 0
%n12886 0
%n4259 0
%n12491 0
%n3015 0
%n3066 0
%n5828 0
%n10783 0
%n6965 0
%n4860 0
%n1836 0
%n10111 0
%n5117 0
%n12624 0
%n5793 0
%n10700 0
%n11312 0
%n4731 0
%n10871 0
%n3146 0
%n7443 0
%n7546 0
%n2408 0
%n5631 0
%n3596 0
%n6395 0
%n7434 0
%n3813 0
%n