264
18665 14
58218 16513 57378 57613 21561 52525 57022 9434 12907 54546 22119 75013 20306 37292 %n10855 14
94661 1525 18386 16453 43412 35127 79364 19042 60823 68228 20518 90036 51003 79970 %n13837 14
3499 2874 52193 6590 90998 35573 40207 74230 17470 60539 41771 42120 42876 13257 %n14479 14
73201 81669 37397 81474 71717 46397 8173 56799 28123 28831 39570 191 22864 43420 %n5863 14
84252 18373 81174 56649 56188 14454 86791 85957 17849 25434 59197 63401 27600 35331 %n1593 10
87210 43425 51774 37462 84569 17249 44756 57439 89778 70173 %n12058 12
22824 33058 6052 53076 20665 13945 27317 71560 19186 68442 88043 89651 %n9575 10
51609 51730 46344 80207 28884 3749 71311 10284 47443 33304 %n20733 10
57127 54125 28153 22563 36877 57612 29491 23790 39820 27853 %n17207 9
74902 85947 6150 79831 13329 55017 83847 22902 53359 %n5645 11
69516 46815 64320 6143 4074 10670 22677 59339 57600 6823 26644 %n21099 11
41002 52452 76138 81352 36102 55018 42897 64178 65188 10511 69490 %n9319 12
51467 50378 46385 22281 26974 19854 12343 14792 74369 64013 39225 62800 %n175 9
54451 80797 52017 60337 25745 50162 83104 76252 65890 %n20734 11
2753 34546 93402 63690 13554 40948 7601 92119 7214 41535 76882 %n7875 7
48192 91710 28338 65809 73063 58349 35057 %n25208 10
77041 1643 91430 33786 94203 63422 81118 78314 17805 34374 %n19380 8
48342 35315 35983 92894 35473 2671 94004 65306 %n14456 10
61115 79494 42121 56380 81099 79371 94544 87392 26400 10700 %n1116 8
36602 12435 34438 64826 76976 68243 75801 3772 %n16399 8
10167 25857 53898 28382 18364 63865 3797 44625 %n25435 8
39757 29142 52246 16291 37386 11712 40130 53274 %n7835 5
4778 1950 54465 13735 61505 %n12789 8
76151 59694 79644 81889 64895 88415 12771 54684 %n10440 5
9164 57169 17557 67151 27125 %n16268 6
91061 35208 13780 87523 42152 23303 %n10027 8
34627 81242 86071 40901 31478 89356 51175 50398 %n5442 7
35771 75877 91509 53056 37819 70709 36308 %n3046 7
26925 42173 18036 8328 69448 17915 87288 %n13898 6
14960 49929 69672 70292 30854 2249 %n17955 9
22111 49108 53805 19805 11902 11062 992 17147 12478 %n6263 5
5342 36 60400 64592 77634 %n3123 5
71678 93443 88187 43350 63662 %n9334 8
26766 26806 47150 4344 74762 74159 18600 12850 %n20960 3
60142 33664 35978 %n4735 5
32770 92571 90806 35283 18301 %n19275 4
77871 69191 19579 27149 %n9647 4
57711 49720 40040 79154 %n12852 2
91007 11612 %n25253 3
19344 73121 49214 %n12463 5
33009 27512 13591 82920 62942 %n9894 4
72414 68718 11196 59964 %n21847 1
61610 %n10118 8
12268 34056 61085 72142 58876 26487 83879 26315 %n21669 8
84908 55316 14218 6508 59554 48246 21522 89612 %n12468 3
40366 4573 11872 %n24004 2
71310 30193 %n20019 3
61243 62508 33849 %n14508 3
6457 72764 94629 %n3917 2
75263 15189 %n12237 3
92737 41922 81200 %n14264 0
%n14104 0
%n11973 3
82391 94308 18119 %n23432 2
82282 91696 %n12487 2
307 61571 %n15868 3
15749 88955 1656 %n11548 2
56196 52776 %n2407 3
45015 77988 93990 %n18844 4
92328 92815 15159 60589 %n12077 3
37002 42417 59896 %n7655 1
59155 %n20094 5
45577 67893 87526 15768 37805 %n11630 1
4721 %n23974 2
82267 44844 %n16107 3
14566 40651 71726 %n12580 5
32555 9935 91076 69741 12180 %n11041 4
46192 12485 24498 13944 %n11311 1
52217 %n14608 2
40150 5893 %n24371 2
92906 60520 %n901 2
70757 10728 %n20538 1
42025 %n20540 1
68147 %n13342 3
82847 52814 87630 %n3811 2
68627 63335 %n3491 3
59175 59586 69868 %n16117 1
22574 %n17546 1
61882 %n9021 1
4224 %n3915 0
%n4001 2
34081 67944 %n15736 0
%n167 1
38996 %n1664 0
%n12899 1
71291 %n15073 1
29416 %n7531 1
92646 %n17285 0
%n16469 2
62270 65236 %n20395 0
%n3633 1
67888 %n7301 1
77490 %n6126 1
85613 %n24450 1
8958 %n25167 1
15474 %n24640 2
37766 70280 %n19028 1
73552 %n1779 0
%n7777 0
%n4119 0
%n3630 0
%n11020 0
%n5072 1
23146 %n24194 0
%n10968 2
20611 6515 %n1692 1
23131 %n18432 0
%n7970 0
%n20155 1
80331 %n14643 1
38188 %n12827 0
%n16386 1
34758 %n13264 1
90118 %n25354 0
%n5312 1
26714 %n15135 0
%n8086 1
41926 %n19686 0
%n23618 0
%n11927 0
%n24690 0
%n20017 0
%n20143 0
%n18203 1
10425 %n7839 0
%n4208 1
79376 %n2387 0
%n23066 0
%n14475 0
%n4182 0
%n12117 0
%n21931 0
%n25288 1
68738 %n15450 0
%n17846 0
%n8700 0
%n7702 0
%n25221 1
22089 %n14245 1
53658 %n4774 1
38795 %n2361 0
%n24053 0
%n14134 0
%n16779 0
%n9941 0
%n1878 0
%n3913 0
%n21339 1
65947 %n6576 1
15304 %n15507 0
%n24338 0
%n14288 0
%n8443 0
%n10889 0
%n19845 0
%n3390 0
%n23768 0
%n23761 0
%n7546 0
%n19961 0
%n13287 0
%n24922 0
%n20366 0
%n14577 0
%n20746 0
%n9547 0
%n2772 0
%n19425 0
%n2989 0
%n23946 0
%n11918 0
%n13814 0
%n668 0
%n19199 0
%n20413 0
%n7629 0
%n22663 0
%n15594 0
%n13853 0
%n13069 0
%n5597 0
%n4174 0
%n20767 0
%n6929 0
%n19314 0
%n22842 0
%n8521 0
%n21239 0
%n21191 0
%n21645 0
%n3510 0
%n11893 0
%n14086 0
%n14559 0
%n19472 0
%n11289 0
%n22892 0
%n5327 0
%n1706 0
%n22941 0
%n23802 0
%n17017 0
%n24620 0
%n5929 0
%n16266 0
%n6952 0
%n19763 0
%n21308 0
%n17058 0
%n20154 0
%n11705 0
%n24754 0
%n5173 0
%n16896 0
%n21944 0
%n17518 0
%n21945 0
%n6942 0
%n24684 0
%n15378 0
%n11443 0
%n20046 0
%n7606 0
%n6112 0
%n12820 0
%n19385 0
%n25315 0
%n10459 0
%n9541 0
%n13403 0
%n13162 0
%n10035 0
%n9805 0
%n3153 0
%n11662 0
%n15466 0
%n9310 0
%n8179 0
%n25373 0
%n17307 0
%n1203 0
%n24003 0
%n5566 0
%n13327 0
%n14196 0
%n22986 0
%n19528 0
%n4216 0
%n20057 0
%n6968 0
%n13901 0
%n11515 0
%n3386 0
%n11291 0
%n10540 0
%n19259 0
%n4645 0
%n13936 0
%n4129 0
%n14146 0
%n22938 0
%n11989 0
%n25255 0
%n