325
2676 172
15390 62544 71206 42538 93733 55549 60933 70040 89655 45309 54417 99354 83198 13692 92795 6521 12824 4230 5897 36288 88411 79952 26054 91664 6794 60993 15293 11514 57233 24797 87213 18965 67802 61624 41325 90351 37822 8098 75364 10849 5020 12006 54215 47947 40210 2889 92057 75006 61352 3477 97788 45600 97168 89616 82710 12835 70875 16694 46574 85269 527 89920 57739 28207 9169 22796 41808 63657 29153 32987 39618 54804 83797 24419 31620 88569 94078 5071 21684 81132 30293 3810 33069 33402 13858 60026 61576 57016 5003 9349 47242 1766 37365 7946 44078 53613 96186 29004 78829 97942 16716 56442 96919 58513 72335 75628 93151 68775 27946 78492 20111 40631 8468 99892 10708 20808 95785 72529 94044 8329 44533 90212 58837 33758 36874 39687 90431 69145 33218 34871 14615 13637 27070 43968 36552 81041 18340 73127 83367 82271 2215 5785 61540 6051 94930 65421 51477 54462 3846 50858 79811 47978 92556 38441 10452 48057 40752 98813 33162 61632 58289 48976 81912 1123 41311 86974 85698 98170 12979 80951 99640 3080 %n1803 25
53889 3569 99647 95857 74391 53986 48290 71600 394 56638 66093 16055 53597 83501 73380 14308 42585 24165 82020 4510 86857 66961 34347 64178 65406 %n1139 25
56306 44821 74258 52232 72918 8678 46956 73223 42541 6000 34336 98047 55634 75916 56548 41632 74025 10039 83693 21565 80888 52320 56256 6520 88115 %n4851 25
16876 41230 45661 16387 35757 63140 6594 2454 67483 7237 14616 79416 48313 61741 23653 67808 57998 16484 75227 50227 73255 99822 30586 86201 52423 %n4972 25
93981 78358 74366 83599 15187 34777 96516 23207 71989 71224 83845 76329 93804 20742 94391 69470 19015 5714 43459 41125 65843 4269 86566 30888 17367 %n2545 25
92222 87351 10465 63412 21452 70232 41637 19408 31264 26564 20998 79060 16590 88892 79819 52422 13856 80915 11387 52787 77100 50880 45384 41159 59544 %n147 26
13968 52252 70126 14634 66547 42756 58832 26274 71470 40368 20599 51230 17709 4581 1941 39484 69574 33754 54326 67247 59966 43660 19581 72311 49779 674 %n186 26
42468 46701 32235 38501 52698 15948 57665 72982 23440 38917 73480 39465 79791 2813 18715 2959 22193 22221 24835 64997 6509 24866 81530 50257 13146 95069 %n201 26
46845 46512 3010 11754 1218 40757 45201 64562 28008 92321 51961 44953 69417 30820 70374 34568 45143 77128 17614 36272 24967 57265 25077 21576 713 44312 %n5497 25
56703 581 57853 50262 72156 18488 30555 85578 40253 4803 93778 7484 21240 84137 55887 65399 74049 91095 26946 70386 40923 82434 7491 99515 20342 %n4385 25
4149 50921 38143 53427 33292 80198 83253 63702 3599 54397 10285 54843 60718 42153 39200 12711 6722 99615 66943 36036 57491 30361 17965 11765 23904 %n4922 25
88718 38212 85229 56998 97867 81944 25188 53634 82691 16571 91618 60013 55461 14087 80282 38782 49796 86688 93946 74729 71361 81765 55039 80031 47076 %n2549 25
22222 21895 6112 55170 88087 54815 76356 11472 64764 75150 59935 68976 7951 72864 69596 95976 11990 53757 35221 14550 86699 75572 60648 16520 69372 %n4255 24
669 9043 11233 72911 44585 97132 98557 88128 90467 41126 15622 62258 6708 94512 87760 17498 45721 32667 43822 84524 45882 73465 12872 38196 %n5491 25
80883 47933 54622 74798 7135 65184 70833 95844 89216 87279 40485 31168 74340 258 20054 60089 98738 25984 78867 61098 12395 90315 49508 80984 5251 %n1959 25
89390 19604 44463 46405 31900 73405 15206 79810 35293 64416 12760 74756 6810 74298 90255 98119 47611 89168 10768 97549 23743 41882 36505 73090 71986 %n2057 25
46522 26322 58476 11328 41210 16626 96766 93195 10384 11312 67912 57187 96620 15325 63415 5495 2221 8483 17128 37524 98291 23050 35299 47952 82472 %n3218 25
26014 11175 68918 33329 61388 51761 38242 32491 94488 29007 41236 40854 75803 46506 88944 42210 33854 53642 33994 74260 52154 7590 94125 64210 54087 %n5130 25
50895 72471 99194 10613 54552 85773 34839 70478 92139 17137 50949 39828 65998 19369 69577 9829 33495 8915 98049 61075 498 8683 69770 68629 36805 %n1295 25
81955 14544 13629 90747 46621 81926 17123 50295 14479 27130 62037 72999 84145 53036 35115 6974 74348 985 64374 60340 14869 49122 7752 45991 17379 %n2208 25
30962 29477 84491 17492 61666 86991 7567 10440 43652 62421 27599 61711 87515 29761 30015 73426 10584 51860 17717 88945 96358 28434 52008 4776 12927 %n3931 25
98721 62149 19469 19659 82502 82656 27793 42127 70953 59882 20089 27960 96044 31982 21141 24125 625 73479 23444 45587 63176 94669 84771 88585 17236 %n4473 25
53788 73460 87916 5704 23759 79054 88567 64406 45548 76709 40072 91913 94362 17748 39462 9806 77730 17158 11376 31024 54046 67216 68625 56620 10226 %n3742 25
51102 85398 90803 99938 18489 24878 15492 98886 91170 72503 32172 91673 5621 69616 59552 36755 94747 99001 80131 184 69650 79583 3297 3521 10875 %n1543 25
99193 94667 17561 96918 44680 44121 71430 65024 48073 84007 89651 90518 5864 51865 71007 66284 40408 76327 38468 67084 84110 99877 43117 54582 99900 %n5586 25
31887 45765 84890 50993 37251 37729 16683 92309 99312 68349 57181 48724 35884 18532 13229 88367 76086 96067 48675 83855 31449 9509 29634 74497 55114 %n2780 25
86081 37443 74414 30179 99313 73365 97287 11357 49637 64578 40098 24080 48085 95292 49798 83109 8668 26017 66059 90784 87584 38636 3673 26606 603 %n4820 25
5642 35142 38798 94666 54869 52473 5817 83594 31341 32260 46162 69605 12332 7298 40053 34892 23735 39768 26146 12140 15586 99120 79895 72521 91168 %n2551 25
79875 65834 95407 66642 66286 59033 94309 2871 55037 53263 89079 67524 58271 22633 7268 17893 19356 23782 35128 50245 26855 8033 11216 43360 94197 %n5175 25
15831 49305 99826 62712 27886 5489 9106 90150 3668 65980 44301 65067 6877 98153 59474 98178 40572 31307 38513 91961 62347 68677 77390 28699 99657 %n3718 25
5944 82014 64667 36973 15443 18363 16708 41543 18687 68547 34697 96202 64688 42826 75347 15306 83824 83829 18611 78244 45759 38870 57592 90270 69149 %n2409 24
77559 3607 19373 19242 71953 23214 77719 48727 48794 10625 44925 88151 80562 29114 53340 78078 10492 66951 50284 15561 85684 87021 41335 91174 %n2974 25
99176 75683 29893 92095 15757 74243 1226 51872 67181 74583 39692 8654 18492 48797 26767 37745 84032 92661 59291 62527 28686 45261 92333 98444 82196 %n581 26
1884 59936 25097 76913 11305 59303 69753 95777 42354 83780 31637 76154 206 79571 3583 68553 91902 83027 10388 4819 22821 45929 7315 43012 13550 31948 %n1579 25
76021 24802 75044 87381 70935 32063 27729 30977 27333 68501 17084 70457 82388 82157 63958 2690 50652 85549 51349 40913 49542 31492 60231 10286 22934 %n4154 25
59116 599 95839 48472 31459 97179 78652 64881 42077 26447 56718 2990 92828 30913 29856 65689 21715 31605 50134 77926 87645 54544 4457 73828 12620 %n65 26
349 7330 62218 69938 59390 73041 57492 28077 15040 86430 16193 88740 40413 12136 42874 14911 11405 63553 45297 85442 79965 60020 55250 60452 39022 61961 %n1930 25
32384 5447 63039 47460 8453 67532 43684 61900 93709 45186 52483 15481 1567 48818 23847 42531 17675 42098 95354 29094 52805 83786 63031 10144 97594 %n1564 24
59078 62533 34621 33463 76216 23837 62948 97192 35897 33908 38283 88997 1973 88527 67445 22737 3338 2901 28635 45616 47841 80255 49330 5678 %n5557 25
60574 48424 50043 7223 25000 85234 52914 35799 19399 21440 45468 39502 65214 6197 25012 9265 35320 99987 74355 27285 57436 65945 25186 96622 47222 %n1827 25
50477 19914 24611 31591 2068 70011 93895 41498 63821 46463 84537 90435 94937 40965 96003 95714 56546 31216 92629 61497 22862 17930 76313 28868 67936 %n3192 25
95944 11469 61729 41850 15459 3015 84472 70196 85547 97037 10120 3972 70091 96022 32515 64686 8200 19683 26154 37614 74048 98574 91889 16647 1190 %n5390 25
57540 50618 20075 39685 11236 30343 49707 71390 33101 10063 93506 46440 22800 2280 93822 75520 59718 46392 40870 45177 64794 46210 28308 67199 12355 %n274 26
18146 43650 49507 78035 77712 83910 27582 86103 51979 81112 75315 59008 31876 15931 18121 34303 35975 11658 17830 4073 80297 82437 16905 48804 7036 20913 %n4907 25
1428 58947 73023 58180 34953 17437 94260 56497 43626 50514 15689 64079 69534 30727 73595 53067 75160 88031 77906 46000 77294 71864 28064 28708 64652 %n2773 24
61619 10913 51911 29506 43251 17363 23119 2170 34788 70313 84532 58293 21344 79877 35556 81815 52155 5144 74930 39411 15716 16274 64469 54726 %n517 26
81263 72506 58433 74268 60677 56799 9139 77223 42879 86183 90760 23149 52875 84501 20382 58560 72470 61494 12180 37244 46061 41667 85223 28991 23833 91788 %n4250 25
80707 36807 69617 90080 77799 61646 82040 46839 55062 21872 39554 19415 76995 13832 76739 10981 95838 85696 5640 80682 16314 75052 7787 11910 93230 %n765 25
49630 89897 14858 89312 18752 30624 42722 48706 76661 21104 45470 81144 35174 69906 36344 47602 16333 10300 4 20514 12652 47770 60532 78321 71680 %n2985 23
59316 49197 33713 63862 2008 96148 84223 67254 16756 54646 79756 39751 88981 24928 68075 84809 55610 73752 64193 56855 2427 4894 21311 %n806 25
6791 53978 39795 63120 5078 81783 23135 82217 61263 15045 6301 89074 25489 80345 45044 96556 12103 2814 19234 14639 52569 77116 98152 35859 9100 %n2272 25
75426 14545 38650 87290 39628 90537 71876 44012 63846 29208 16901 64065 25846 39016 13619 14675 70215 65795 50604 16203 27126 14927 26666 25927 73928 %n497 26
52947 14976 76417 17421 16453 80918 83586 35072 93274 22668 24602 1013 6089 34262 43942 54445 79403 87742 29322 95086 98339 16176 62572 96247 8937 5132 %n271 24
11610 77927 65711 76723 40749 97766 73810 58578 89162 36924 230 97736 28630 55747 9907 27499 25886 98859 18789 58167 97538 42891 43957 45842 %n4501 25
11745 54368 12953 32146 5416 13143 90100 25747 10490 53506 33902 56004 77659 85589 56784 29483 26741 2916 98649 79076 91820 3985 67255 33476 19879 %n5644 25
67108 90661 92490 23809 80742 33972 41901 4847 1771 98233 94179 8181 65535 8758 48210 57903 72628 82427 34682 16255 51179 12029 72526 23613 47541 %n3 25
91998 58622 88321 72820 43181 23559 59348 89037 66443 48399 66830 38385 39090 6942 65961 1054 59916 17423 62541 80652 80762 76498 59819 32432 30886 %n173 26
5739 40173 78330 98463 92002 75408 74319 4597 65077 73424 15304 4325 27691 78947 23272 8695 41197 67931 25572 20283 91012 19352 13094 72718 4409 47551 %n5803 25
62427 12194 72687 33861 46756 49718 3286 61276 48745 27480 10166 26136 46077 66427 18243 94971 55672 73876 45687 98526 46205 37905 76239 42771 58435 %n2970 25
41664 65512 46685 58032 87518 45304 70849 16927 73496 68002 93805 27918 32711 97844 47965 80439 94254 67017 14944 4628 3638 87491 97468 44590 65570 %n1909 24
72014 71929 56130 62022 61179 25131 98063 70213 54192 98934 85371 95961 24119 61539 94103 39703 68066 18391 99665 55106 32728 9731 362 73655 %n2732 25
69518 87110 38856 98815 18681 82278 50041 60106 23368 36570 67592 67797 32282 48064 11585 11718 32897 94114 66468 85302 48762 85891 21972 97877 95144 %n3947 25
24202 14895 33553 65881 89851 88462 30991 45826 74699 86312 65498 95502 64964 91914 77606 80695 86491 79547 14838 76824 4963 74578 9078 44188 28349 %n1350 24
96755 29672 62293 78408 58849 86287 69142 92842 77460 6399 21173 43946 38434 9287 42152 20488 83313 70600 91723 78996 28003 77037 86870 55278 %n5047 24
27318 62697 41304 43654 24532 50655 3585 57053 63404 22526 70824 39567 31905 51549 71020 26716 80037 12436 49627 60529 97858 48688 30539 57954 %n631 26
11400 2862 99138 34853 38748 1799 34224 42044 60000 87056 48201 70548 91520 51996 79053 55027 16031 15949 68985 69334 64501 7279 71324 55591 5382 18484 %n1832 25
60316 98572 72554 4030 79105 60581 24471 56053 66167 40498 49222 17010 54199 47024 35049 49125 7515 37783 83545 94144 11031 62007 89212 50960 58477 %n222 26
74311 52228 35234 27668 6769 7814 25755 93339 85065 27066 30697 46541 95539 25937 93863 181 57722 54774 38701 9623 82354 82777 12841 78116 35510 21701 %n3969 25
37041 27313 67167 71669 93905 37257 3020 56441 23805 13036 9089 52562 95558 98190 20702 86464 84861 97094 25189 66813 59427 84553 39478 71968 12615 %n471 26
40229 80346 4919 61602 83487 32658 73755 29177 61752 10172 13719 98698 88001 64976 55291 63336 34136 72872 30105 80548 70546 87188 96911 91528 40630 50904 %n4173 25
88056 64201 52339 15903 20657 38443 60397 84398 61173 24603 47285 14120 68636 6154 74881 3601 82034 60834 75517 5853 27560 63985 89770 80018 38320 %n2193 25
30643 7930 17890 67918 95306 63491 54179 89044 32109 83412 63578 96203 8362 97900 38237 31608 84870 40398 67844 23069 58973 53791 11893 78497 10716 %n2079 25
37028 95917 60814 24819 71760 12754 31009 55952 35184 69213 53705 33123 99566 25729 31783 54613 16468 59847 994 94034 54551 84442 31646 4939 71921 %n3353 25
62179 61586 45210 56259 90549 64044 59755 19580 2359 84415 37885 39265 7974 84503 94602 96038 30510 39408 20544 77445 95356 22672 38595 67299 2213 %n280 25
48374 72618 14416 64728 58311 80757 38905 64543 45091 30558 16961 58341 43116 6630 80307 28891 34846 36883 23224 79111 72921 80387 42717 94947 8204 %n4435 25
47772 51659 35702 48334 94789 57119 67197 70216 33543 10446 99131 52687 42404 97127 11751 97504 50357 87626 10146 91099 21665 90250 80211 68937 53829 %n4606 25
11413 8529 46116 53789 17444 12379 37024 51712 23920 91248 82027 40590 28204 36801 27674 51160 95332 20019 38118 99057 88731 16270 53771 82700 61028 %n5637 25
76551 24820 31544 17764 47499 76117 17020 3899 42350 34974 3945 71701 89042 90974 11011 9597 24731 42904 36611 86176 4103 88272 90787 12391 36031 %n4025 24
2117 20491 60536 75887 78284 88337 64758 66997 81601 13754 68751 78551 575 80021 92048 3656 16813 26847 83360 81270 5167 8992 81612 1620 %n1220 23
91253 76307 77740 20520 74974 83565 8187 9996 75228 71859 81618 52887 98910 18812 83449 93523 32933 2410 22890 44662 81827 92105 46577 %n159 26
60140 53146 43272 49452 59433 67106 44638 62325 55869 34418 68142 99608 92060 19146 822 95861 7625 42075 25228 84685 37021 89957 62751 1638 32197 19871 %n2274 25
58469 63108 92706 87160 53387 8680 34485 82375 72551 16671 30074 7868 43083 44222 28595 25314 11539 70706 38954 84286 27826 37435 8418 52516 30464 %n733 26
92946 67284 78447 85638 57933 88107 70540 97011 2026 38844 1976 14210 45087 7774 33407 56358 52392 45725 65663 50143 36670 49994 82899 19208 61006 28664 %n3370 25
49092 84234 26298 50072 49320 87588 96428 68889 35721 53724 21756 89946 39506 83175 49479 82705 53515 61645 87063 21660 81860 64128 96273 36501 24292 %n374 24
77492 87087 4468 85214 82265 11231 80036 20142 68862 82692 55796 97226 14194 96494 59268 48582 77871 49893 14360 25386 77919 64743 28627 58350 %n2220 23
48725 48277 81864 11404 26711 6738 63238 27730 8989 12262 52485 93359 8117 62489 59280 77334 43918 12299 11528 2368 47827 14267 10513 %n2118 25
40882 92908 44099 58624 49802 82479 92089 91241 54456 30527 83408 77738 96065 74600 71992 95363 5519 76020 25404 61262 52900 66606 35334 12828 68441 %n975 25
10265 72363 48044 87948 96169 33650 18679 63478 24145 56416 88570 47722 84519 74178 60386 94407 39195 68014 1602 77696 34398 58676 54717 75874 61018 %n1779 24
2909 2043 72303 14686 98678 21728 32674 73507 71084 72374 25201 22649 90640 59775 42352 73192 82337 57447 52048 95143 67117 2953 59356 65252 %n2434 24
3002 52125 47286 72324 5726 99706 20591 71022 83266 66407 63424 44752 90610 2738 917 45834 42625 49698 14281 76921 26508 64701 92161 32347 %n3660 24
31584 13520 98843 73250 75756 86706 35901 74131 36516 3237 26200 32104 47150 11394 89119 74060 71668 60880 53195 18576 74378 34688 84679 62813 %n554 24
91778 26546 30426 19220 17613 82762 43182 68821 26917 2925 81003 23172 34027 31987 88359 60338 43054 93769 99680 17519 47760 44169 56722 6233 %n4487 24
82583 31103 82339 66659 51449 2204 48497 47836 1362 37747 29841 63461 21876 53318 20748 65179 85190 7741 29287 35568 30790 59736 23778 67548 %n945 24
8821 55977 62674 29172 93285 93409 60875 60184 12353 62625 35356 75246 69763 65525 15786 96235 38295 56273 53060 92849 82031 15617 72919 72159 %n4324 25
89599 84185 53135 94759 52783 55657 26649 71976 75964 86242 5017 34014 60102 6032 86415 13153 67259 22483 4915 53956 73309 42492 51377 22571 29681 %n5538 24
29502 63769 86841 43241 14649 37297 70910 14791 56536 45060 51476 66377 8541 16759 48555 31684 7059 93363 42939 23956 81909 99433 40715 65177 %n2554 24
87670 96831 54868 56209 82782 1872 92354 40134 77441 89786 97748 84967 56161 32801 90418 13193 13401 15452 18199 29124 27815 91387 84880 19747 %n5771 23
13038 81157 64704 20635 63124 49917 28297 5250 17217 35685 56134 73604 80632 72950 93770 65728 99794 3044 18468 54350 69732 24871 32682 %n3704 24
86488 56153 99094 47030 49991 87814 61011 66397 90535 28371 69980 68684 49898 10874 58212 10990 8863 7935 82380 29573 33530 75291 57523 82503 %n930 25
32057 69462 89762 8270 68160 3079 93969 69467 75761 93865 73208 47834 5431 82540 70008 54727 17590 68679 41245 42707 77788 69957 50588 40705 42129 %n4493 24
79387 1780 66448 39914 72433 37563 67183 13467 48457 87266 85029 57454 44102 93991 58777 92278 20796 61165 30730 15404 56747 98055 39341 60982 %n3371 24
57283 76411 65688 34156 20022 10924 32996 38860 92170 72123 26080 68562 98059 84523 50814 59200 43709 2735 18298 54331 83024 15478 51228 49194 %n135 26
75831 75327 67096 1383 65991 59637 38140 23974 99175 29305 50087 2808 97472 5388 76937 94679 53580 61846 71377 83877 9510 38671 89147 78237 56605 94416 %n373 25
70389 94496 22197 69852 59739 5632 37957 44659 97165 85811 71057 97471 64116 18038 12727 27343 56962 75232 92874 39695 57351 91067 9541 139 68554 %n20 26
19960 19749 2191 68357 22807 38797 27468 83889 75258 37192 25788 41406 11735 58088 18184 39890 1587 73193 96884 46958 39007 91279 12574 98442 31257 89829 %n2119 25
39125 73166 89909 38663 36709 23701 7222 52574 41272 11678 8793 76869 53685 27903 90289 95055 60152 14096 37018 34563 97826 6561 12925 95533 35487 %n3631 25
66157 84075 11697 3560 93855 31679 25727 4405 44992 87791 60380 49616 60886 11852 41779 48408 82162 44973 24644 26463 7192 25437 12440 58002 83143 %n3220 25
64946 15457 42416 65531 48465 37698 70727 91988 99422 51955 22726 73712 65965 13228 286 25792 46366 39958 48705 46093 85899 44654 59659 43186 37049 %n1812 24
90353 79411 80745 84730 4717 5283 50035 34275 9313 10174 12983 92568 6913 19985 65275 69834 3582 22281 1650 60191 84674 10319 70967 20453 %n2586 25
42684 71697 96986 76485 92478 17644 44351 35309 15064 5564 29969 26889 13527 95823 78501 57573 6132 80402 17005 21093 92733 20834 60153 45941 60451 %n3511 24
91856 43913 87608 69308 17712 67351 92901 90564 84178 44081 97010 53880 94903 92734 97629 50237 57776 5916 96601 31144 34067 4120 162 14051 %n2853 24
51917 33440 91364 85287 14176 63308 34431 19476 87074 94295 67015 25564 11070 18986 44281 58749 86422 53298 93689 52832 99525 83684 31592 85168 %n3285 25
97689 79501 23413 5830 79556 51499 26289 12554 11989 72560 45551 58967 23476 32268 82104 73888 35605 69594 25082 33014 81186 50982 24763 93382 7967 %n1849 25
49201 11174 16132 11540 67565 12434 87159 12867 18149 42799 71394 8205 25639 49155 63814 40859 40396 25159 36899 75742 93574 64120 17834 82918 16930 %n1249 24
60173 51725 8067 41247 21611 27869 75444 34558 26951 45778 96947 17016 707 24070 38328 62738 439 57109 18916 28338 72296 11493 44642 41437 %n4711 23
6698 49105 95499 57871 27129 74139 57459 31206 65571 47093 520 87868 953 65942 62190 34679 26036 15410 76252 87692 64795 56668 43160 %n2793 25
84469 2799 77593 62862 95684 8595 5497 55239 84237 41812 80313 79361 57629 29744 12567 38668 34243 34844 94136 4687 35192 72814 74328 24187 56986 %n4824 25
65611 41289 31625 32395 17832 48139 70175 30952 49913 33973 14292 63938 28553 59258 3279 59934 98760 36277 46326 24997 85374 15274 73686 17418 6256 %n4808 25
63319 82333 49571 72396 39205 37386 98073 6505 64570 48309 90799 98308 97610 43124 6202 6035 15487 34387 95783 98345 77790 19837 6226 56950 18957 %n328 26
21658 45575 60967 85872 20587 81586 15049 84334 76964 9000 62855 65452 84432 57749 94523 25893 62410 34494 9502 92135 45964 37442 95659 45343 29226 26913 %n5172 25
96924 45581 58398 15775 81957 21450 20897 91490 18320 50689 86779 41273 23725 43390 11682 4188 27046 46292 22019 40444 66822 43089 20397 53250 10043 %n2983 24
74693 58401 22306 87970 46857 56615 48889 60001 77402 19464 59543 82996 10571 90527 32349 84601 70624 41369 90875 16027 50496 96877 2314 65464 %n38 26
46672 47786 95249 36481 35563 47008 91043 19287 17989 75193 38585 91573 55057 13061 11177 69167 68632 23800 14031 14737 54048 54984 67491 31132 39782 17885 %n1577 25
48938 91697 52517 16143 49348 32773 35468 34103 59198 32637 53499 43931 16624 87473 92684 88386 31061 27339 36298 25047 92562 32522 86801 96992 5618 %n750 26
59747 74201 83757 55829 32750 87926 34653 8194 46088 49031 65839 70687 62373 12861 60099 7601 14706 9425 38560 84367 55786 48164 87677 12036 39797 35405 %n1549 25
28144 42552 93710 93396 48646 20773 55006 27550 63973 71784 92803 66086 35616 6069 8446 9465 40793 91225 22020 65273 20375 10392 65166 39728 82852 %n5416 24
53388 16988 37637 72924 31312 87458 26282 83683 56924 51745 65503 15215 57487 22108 56817 80860 67799 85568 66317 86622 175 56721 61555 74372 %n4799 25
21247 22788 53867 31194 60335 29155 68506 31245 7751 52979 68646 60931 39095 17308 26271 60194 18155 20016 46117 1146 48295 84385 92190 71851 47936 %n3404 24
84874 62413 26349 31881 53411 85719 5719 66485 62927 32918 14989 75016 15853 42911 88145 54231 6485 53020 46172 98634 36285 64834 31548 28671 %n479 25
9853 70637 10828 72715 16709 66837 30794 19863 7052 57598 34026 36554 15501 47141 2622 41078 7565 15519 35564 81837 22170 22299 4674 15729 56509 %n1692 25
19782 81557 37206 97532 78295 37446 82742 51601 71746 96913 29799 65675 31687 87113 26270 82644 40062 81674 23065 64299 40739 897 40636 47979 97598 %n607 26
43932 201 92432 93950 61205 36050 32866 81477 29451 97321 53279 56706 6151 19221 22909 61199 25734 33763 77383 47363 12698 80517 90979 52909 58876 4855 %n429 26
15574 97631 22075 77949 35001 4648 12281 15817 66586 56798 32699 6571 50857 46331 29786 31754 14826 40289 86018 63580 36459 88995 45870 20466 62683 572 %n248 26
3025 51394 52578 85496 77531 52501 77745 19341 6395 92777 35640 10178 40410 4185 49080 23917 94152 69367 76695 90618 92468 12791 46686 35017 61614 53754 %n1639 25
94276 30090 2286 77976 79240 42989 30520 76092 51444 59075 10870 72622 61710 84610 48684 35984 94102 93264 17011 74641 10494 23600 34480 12333 53484 %n3426 25
89348 16891 29723 14041 17896 27030 18770 39545 32808 3393 8569 74007 35671 61505 40029 66856 1892 19342 58052 62839 77669 83647 91572 28300 24648 %n3737 23
37004 21187 85558 63047 62574 44871 39606 8243 25524 44171 94967 8214 25931 36381 9929 10894 28907 25566 3250 52332 36182 22697 23384 %n862 24
18561 95535 71886 94460 93961 75541 42004 46388 25760 99024 46394 43552 80566 88042 62807 14151 42102 62358 42417 92254 1026 23616 93332 65628 %n1994 24
45400 95561 40934 99451 19019 39050 50156 88658 35543 76025 24492 48739 99755 41749 96513 17794 81214 62796 43170 19343 20978 39886 46157 95615 %n521 24
21592 85376 69731 24264 66599 67111 2339 19023 66193 72690 31027 70885 21302 67086 21708 8078 88173 11385 43956 90118 4822 99032 78032 37548 %n3820 25
83858 44957 62561 3849 85978 14453 10953 74711 38426 67218 87027 8423 52988 99586 91252 27470 71181 38083 23170 34266 3226 4961 50622 50816 62942 %n3180 25
83590 98418 50316 60313 25236 91157 71622 98781 81565 13443 51842 73758 33996 87419 91792 15600 94586 4895 36835 64101 36846 90584 4918 81779 76911 %n2811 25
51264 25828 43041 98224 92038 15367 61419 51668 67471 22592 29535 65589 43749 57474 81604 73120 22071 83463 38258 47600 72318 64597 31374 30085 37989 %n4467 24
68449 16684 61484 81134 19794 57011 15821 98223 22224 59439 40457 79351 46115 78623 60216 51045 48863 22851 17451 51008 24884 40519 48444 97006 %n503 25
18232 92040 38572 50404 16703 40961 35362 37902 58646 9503 43538 10480 90576 9533 91828 42272 65015 44294 12701 72001 33924 66527 70262 68901 44482 %n742 26
80274 51336 64451 93562 2155 27428 50225 7875 80782 68362 40596 98547 22439 38390 86070 95129 81126 9897 59518 27200 97952 10755 37350 4452 31729 11856 %n1935 25
70806 98453 19398 48635 53349 48749 17301 87549 16665 95314 28966 40480 78132 95985 83125 5439 620 12740 21810 52858 79704 39407 9162 19077 43330 %n456 26
44327 83335 95444 71899 16861 99935 57512 89695 99350 8703 79199 60705 13578 80810 29773 83464 41986 91112 28883 43000 81118 47991 13505 61237 54467 64869 %n4508 25
8617 69551 13330 17913 74661 71843 69492 842 69280 11120 68291 63968 17609 59561 23682 10721 41088 85817 63980 10615 73949 55596 82669 54654 5065 %n1913 25
2075 11708 57399 54877 92725 84643 58444 57696 27400 63664 75338 6711 56140 79267 27369 18787 46375 59772 91952 99998 13333 47566 66507 71148 93974 %n2816 25
75229 56386 23770 80458 88650 61694 88784 72313 34654 73200 53048 84338 52352 90426 78966 68534 3281 24610 55760 22732 25019 44817 50494 23919 87228 %n5626 24
92952 2332 5731 34686 79233 38052 42520 32895 87652 67077 5238 90840 59897 97018 58269 12357 66155 47543 53763 39161 61239 38177 5197 30732 %n4502 24
43282 44467 23668 91749 99732 45406 38561 39694 29833 70641 90870 66289 62316 72021 78924 74119 55014 84628 34284 85885 92001 61306 55958 75644 %n2085 23
99532 97581 55189 10118 90055 43106 81646 29865 17648 44859 70109 57426 2430 62704 33243 36422 44372 91300 17142 66416 38623 49142 20767 %n818 24
66047 46528 28125 28769 59738 50294 10763 65505 25840 59259 28257 60774 58194 83343 90024 81063 20517 35889 68557 44909 97615 74063 89025 71702 %n769 25
10358 86770 95636 26465 35313 72599 76691 37011 8437 34565 83697 94338 85043 88398 41402 1494 78338 91440 63275 94482 1739 81036 87870 812 68979 %n1413 25
34031 96522 43948 60700 78108 61595 69452 24306 7103 20868 95657 79120 55677 88014 6980 62220 10663 11480 71432 85133 54084 96149 29802 21521 93309 %n3728 25
47330 87907 34656 2997 68237 22515 11426 65040 22720 76744 18179 36680 77022 88152 53649 81120 65943 74280 31877 44063 2398 79393 3549 78264 73798 %n5499 24
67039 99379 99441 67647 61126 18315 58615 58074 73209 82956 19047 45325 11071 28672 41960 15914 94149 1873 85854 85612 84783 76130 89171 57996 %n2994 24
24204 26560 15701 38386 28219 25959 90924 23585 36397 14998 94329 31274 14877 61083 81658 62111 72306 65734 90188 25095 97464 17395 81962 89026 %n4890 25
49850 62672 89150 15580 25593 57307 99628 9105 70842 1878 8180 94583 48789 67780 65836 99171 56304 70223 49370 59349 78143 53633 94190 15627 96216 %n4268 24
88125 54950 64125 51326 88226 32742 17990 33192 51224 40942 45866 72752 38430 14867 75914 38815 59776 93033 4746 2692 2768 6555 80207 98711 %n2004 24
1656 79619 4078 53116 99792 94775 30542 65472 90970 99910 67974 43858 26425 60031 45264 47025 56132 29771 56146 82489 34368 5353 65677 3992 %n387 25
9669 62817 33683 59665 82963 55222 19902 32825 10393 61716 46432 84988 53493 18098 74098 2264 20851 66660 85172 53614 75202 70746 41843 20461 27700 %n3917 25
49703 55827 21080 24834 52760 33206 28185 82358 89980 52115 19150 92663 96464 58583 13375 85444 58978 44479 56963 48060 17840 61307 73505 49752 64717 %n856 24
56246 14300 241 29074 44435 44198 67406 71964 63668 10863 6176 71840 15719 96719 18223 82425 73998 5475 58117 47810 66559 6863 90607 46500 %n276 26
91886 72092 48473 76454 11142 36829 22552 33303 44458 20986 25555 20029 15244 21651 53938 85750 46226 98189 93238 65292 50851 75428 53871 39614 45971 55469 %n1210 24
95653 89528 71216 3604 19796 57463 73865 53591 51133 76431 71509 17166 24817 28636 35553 58566 96651 46787 17322 91647 62310 87040 33424 88533 %n4202 24
3101 54195 8775 91872 60560 63313 95041 8103 22041 6251 30058 7587 66914 56241 57009 58705 46487 78849 85224 25004 36547 96734 10682 15619 %n1674 23
58028 77510 10835 77888 58146 9644 16960 97409 24960 65138 80308 86354 16999 47985 44541 72942 30928 340 10267 61486 56888 34922 87200 %n2503 25
18580 99324 43346 95348 7085 34283 1001 45589 39739 76866 92685 6484 44274 22601 31380 43787 55218 62214 40536 45392 93587 23599 52111 17589 5041 %n2981 23
92577 71972 78384 34330 88891 56510 110 87811 46026 17788 16376 30933 1460 38724 43156 80555 62790 21578 41360 87371 61766 88640 62720 %n4968 23
96683 41163 3142 67824 8093 27806 13982 19844 72276 96618 1515 79101 65107 8810 22872 63346 8813 44110 78935 86698 12312 57294 30007 %n3272 25
33367 51859 24498 70933 74173 52013 48026 6258 26197 52463 67113 59922 62906 71483 36066 24049 58512 98431 75697 3724 78773 54980 58492 33448 93137 %n5365 25
2957 89103 53610 88844 72070 7917 5137 71195 14525 92487 42399 36315 41593 46267 37544 22481 16266 27429 42588 53728 21327 50629 36836 777 14429 %n1837 25
89824 34487 69734 25815 44543 21557 7996 99835 63742 79815 72375 89006 11882 56705 21922 77610 33826 53281 14100 54968 37229 76377 3131 59311 53544 %n5604 25
22232 40986 45125 16396 19561 31351 63306 22714 14239 35746 45090 50694 77269 47478 88966 92928 54529 80553 24605 53452 25378 88416 64812 57991 95043 %n217 26
86536 86972 21675 89257 98845 69806 77838 66580 67538 4267 16165 85268 66270 94273 135 86633 74866 24547 18074 14692 30650 25006 80859 87304 77008 79083 %n4853 23
35591 27035 95322 60851 78688 490 83618 41696 4971 63195 4804 1248 43991 72688 34716 54511 92193 97560 70527 16205 21894 14323 9759 %n1099 25
32509 78006 79914 68382 4636 49210 13977 39367 11756 35572 69922 51140 85243 11884 19601 14425 25940 84013 29390 80667 78731 95626 35111 93200 56487 %n3402 23
6569 80815 57416 54901 15214 90243 1809 78020 57172 54098 37318 94685 9102 60624 16785 83151 60887 13078 81585 61503 60837 36602 74998 %n712 26
878 3298 20831 22160 85513 34116 86532 41802 33323 25466 19160 26086 48583 2746 90037 9194 55322 89225 42230 37180 8107 19279 35162 79191 76957 57178 %n4566 24
72746 37685 85115 93696 83900 51757 41162 56669 12386 44153 19054 70162 73316 63215 8978 29470 36666 31758 12337 21832 72486 88429 95368 5136 %n1407 24
12692 81905 14696 74626 73751 42639 83983 19505 95381 43976 731 25430 84182 79230 39441 7238 36342 16043 23869 49466 81740 57922 15348 88974 %n240 26
59393 59437 79707 28497 10741 41586 67460 1252 23350 50244 35852 70801 56912 83998 9871 76602 638 20571 64591 47709 73055 24955 97647 15520 88839 96667 %n2947 24
46473 11007 42560 8307 98922 51619 49445 44750 68100 34134 95679 57568 93532 67638 54734 60559 44266 1086 73511 11941 48626 36438 55332 53027 %n3050 25
61890 24459 2045 40609 29081 30406 1470 56512 74393 78413 32592 79072 5760 8994 44844 74871 14507 85587 29274 83133 16608 35335 72402 66672 67457 %n4301 25
20485 76798 83588 44277 11103 12426 61572 98473 43585 22861 70594 97402 9184 16733 27950 59652 33410 9386 45639 12957 45001 96659 87838 54477 62753 %n917 23
65798 89986 18609 66174 18326 1603 39719 87765 54849 73900 75001 84569 95118 50781 26818 87690 48203 69642 25133 28243 46120 32269 33546 %n108 25
79626 57509 76702 37612 43717 8239 53378 2241 4061 97659 90667 88078 98474 73644 30000 630 52027 20522 14818 92811 74541 21075 37071 57301 68143 %n5024 23
46141 39990 65783 58786 64915 62231 11112 81820 55357 41322 40299 96294 16021 10003 34873 94344 44114 79691 45599 58883 34768 21498 53776 %n590 26
87326 80518 72749 15350 80326 98539 54007 98110 74085 9427 8508 94894 65518 83737 87746 44362 49408 66531 17541 79913 11289 52675 2693 76839 71240 72455 %n3976 24
32499 22669 24362 81848 81617 49946 5426 81579 43730 28375 5796 43549 64200 41739 39651 80394 590 51924 30874 9710 70654 29702 71374 91204 %n670 25
24653 67840 33781 23312 88159 21782 6862 40028 25831 91548 63059 50788 3474 31962 84061 58157 8770 32755 99527 19182 19206 30091 53103 72238 41904 %n2356 24
26589 8837 12877 4522 18641 25989 14252 10499 36401 98220 89198 15259 58927 31395 59105 76161 48944 43176 39002 16400 64730 32611 25068 88973 %n375 26
58336 12173 60039 74607 34683 818 50145 82142 48056 42847 94824 41054 79684 52649 84780 34503 37850 63833 60143 99705 23581 34135 30062 87662 30670 68097 %n2923 25
12757 99366 36598 71434 57226 89615 610 20492 52437 89058 8264 5271 70793 70014 66632 29316 54030 67505 86976 43555 7307 51683 77130 19466 24360 %n4981 25
47451 54444 99685 21945 82103 96756 59381 28302 39516 59840 83783 54294 41846 50876 42753 90101 38213 19065 14474 29082 88160 17178 33987 60980 63053 %n4718 25
50556 5461 12047 81661 87785 81893 58005 30722 26091 90378 82494 1761 54792 65769 37642 41872 81441 8966 76246 76001 68069 3121 66933 62727 99620 %n2217 23
92159 49812 46206 11019 85904 2487 92970 75293 13068 44137 41405 60519 95560 61105 14886 88728 40148 74572 21648 50523 43019 55905 66505 %n1899 24
16786 19857 37667 49880 13316 66610 35926 70021 95875 75475 71440 99334 84945 15743 62576 19900 52364 32639 15631 37122 29148 6421 32433 41590 %n905 25
45150 51547 96015 16220 70634 77126 54761 75463 45389 1630 68567 75722 23618 7615 88094 38537 13872 51244 77627 12418 54780 5207 85324 86509 66796 %n131 25
96465 12382 89549 9004 1120 67896 81445 42783 48391 43398 72682 55076 53121 99894 86021 29961 59328 639 3767 45800 54566 99583 15528 68922 70405 %n3681 25
97530 94288 54133 82389 86727 41964 19455 84249 27666 86170 93174 47115 24003 11730 29106 20840 71063 74867 49699 34944 39271 13792 60445 25554 43489 %n550 26
71504 13079 46656 69324 32143 20398 43828 94195 91814 91486 87236 22310 2064 42742 18568 62944 31527 16595 62910 9061 37909 3072 43246 72886 44116 35958 %n252 26
75785 32516 40264 55982 70356 11201 85320 1838 3835 69146 4714 18153 36692 52602 31150 79533 47118 23191 93584 21119 79031 37848 84052 65148 76538 90617 %n717 26
92526 56808 54073 50951 58945 1446 90748 95735 84293 87792 70792 90350 13956 36710 19106 86621 31657 20226 29139 50445 81324 81824 99158 17336 68897 29898 %n192 24
18761 16485 48999 30709 84748 6388 80501 52932 59227 38908 30982 29711 78101 4551 29440 76249 87317 76292 8974 94133 31725 84209 28621 1085 %n2040 25
32367 71647 39834 83819 77469 90224 79600 81020 26743 6266 37373 46439 80531 53160 12102 33526 69542 3856 52443 49417 33750 63976 96399 39152 28432 %n1291 25
29519 53848 29384 62830 46509 15813 43288 5868 44858 86752 37869 15738 49430 54365 16794 718 74309 55412 95655 23996 51199 25730 43130 86284 9719 %n5271 24
55081 56569 10316 55810 31974 43972 45501 85056 75749 6381 20344 40022 30538 35426 27163 11574 30267 22757 67101 78783 85604 28603 60441 21430 %n2639 24
51596 89430 85418 43002 92083 65653 1185 97447 78582 56660 51678 20769 87094 11933 70312 79861 49279 81083 6373 94682 1302 39314 51015 25295 %n927 24
76740 65785 66768 67204 63008 20009 53375 3715 2838 80094 46294 797 81050 8985 95988 90860 52766 26709 39132 6671 70677 56622 29510 24269 %n3169 23
32439 61749 64138 80511 22287 58812 42892 51046 29036 50255 74977 20068 67612 93125 14883 36251 11712 71521 93795 79009 71917 60964 46525 %n1207 25
25649 93513 61679 49100 6536 28081 9269 24621 89464 59079 29188 33465 36001 78795 22243 92934 78946 59884 42413 26581 84310 58079 6344 85508 27277 %n4943 23
30080 3683 37293 94665 61432 64640 89469 33098 75530 74185 89267 27377 86128 2936 33821 66794 1200 28964 70742 72435 94897 46204 91840 %n859 23
98744 15065 49807 96754 3319 86728 18731 12618 60842 83696 98875 94818 40110 67625 85501 66569 10891 86980 79020 93547 44516 96182 2323 %n3804 25
795 54896 95849 7007 43168 20395 11650 42137 91593 29396 78737 51093 90791 37880 72893 63727 34569 18106 49619 43726 3509 97478 95967 94739 13342 %n3332 24
37056 59234 47683 17565 4244 1258 54670 58702 72527 24700 92046 98583 58423 57406 9535 62158 26919 27569 57100 19663 68272 29962 83822 79388 %n762 25
30881 2522 80982 73101 67227 32724 33044 20247 13493 86842 34876 44714 5435 74108 6596 47069 13558 83922 54019 35952 85112 57089 8722 39785 99899 %n4786 24
72460 22892 80120 5407 11509 60429 53448 550 92918 4713 52594 47448 43278 28730 80668 845 9943 70601 45064 85864 60602 83283 58895 28685 %n3266 25
86590 16066 53983 31049 8864 86967 91200 24828 39360 81587 56436 36882 16469 50302 25441 55079 20946 89146 84931 79340 26166 11217 6925 20647 25461 %n4482 24
95663 87741 16171 68214 86611 68491 88940 92475 44041 55302 92467 41688 86211 83831 36629 33605 52216 68987 8720 39210 35906 17023 13728 14653 %n3870 23
80141 38965 88334 64912 60751 35863 17422 2581 26079 37151 88537 86388 3792 57339 14840 30799 93076 97681 24927 32657 17726 52880 63521 %n1953 25
66706 13060 49962 35242 4279 67057 79336 61688 54748 60406 87898 37153 83372 85004 85692 22607 57305 24402 112 66528 25343 22996 65051 42575 66977 %n1919 25
11152 59574 11386 57090 59638 23116 97785 71134 10414 38223 82814 57730 89864 17861 58358 48642 82054 16238 69380 11224 25447 37879 38208 30989 77576 %n3918 24
74415 7786 42342 26101 64565 88089 99465 43248 75554 74452 61392 77166 94188 51594 57928 63368 4009 91210 88861 64359 67000 13772 81340 70166 %n3574 24
78196 64191 20305 47536 97816 83168 3924 13280 9150 82948 76352 80162 92899 90547 87178 19959 22128 13447 67715 53045 87561 10529 54427 26663 %n4609 25
65444 98617 63409 28969 71252 97926 87311 24804 86772 93497 5995 64732 15339 59484 86123 1723 93571 20624 12241 36279 20541 98962 47369 73748 59341 %n763 25
21589 55134 37294 54800 40587 73940 61601 6875 24052 32325 79064 4106 33663 60635 89816 11277 93347 40707 90390 34320 10611 26537 36208 25642 53693 %n5147 24
48784 55720 70827 34623 73154 47455 34762 13976 61657 59500 16594 88649 7342 18705 65622 57143 67201 79202 21274 41181 79838 69303 40085 7211 %n5336 24
17286 30610 86695 92125 2743 851 3470 53248 13871 72202 77171 12734 72667 38393 29414 95591 33479 26837 28578 95458 12570 12531 18229 69593 %n478 26
74160 83041 36374 98403 18745 42962 58043 99724 93325 66239 91837 33653 88481 78841 75205 78842 33360 91117 17735 59491 5614 40691 77444 23464 704 69495 %n5567 25
11886 73589 41279 33449 17579 51604 25590 74132 270 62713 79102 10724 67740 53548 80425 2252 1219 78383 70510 41060 66354 53186 48655 64378 32422 %n3624 25
37884 21819 10833 52132 64889 35070 45533 31688 27018 24120 48561 76006 68401 76098 69653 76296 69634 35760 32603 30841 68630 22529 86129 65373 80905 %n2558 25
19504 61086 18247 21276 5545 76129 34960 78208 31464 29288 96638 2923 8028 6880 5326 74442 73276 43338 18250 19807 6517 32337 11898 71488 51856 %n3048 24
74017 90739 6107 63151 5044 8838 47970 71105 37284 44475 51063 17769 65254 51256 18928 69487 484 15585 19575 66209 91817 51951 67347 79420 %n1858 24
42586 93179 33435 14409 75094 8121 64074 82120 56812 16982 73108 15756 70434 19805 91102 44870 63756 1841 8618 76623 46412 99953 31786 85877 %n139 26
62380 28745 61888 51597 45982 60094 243 84577 84855 31156 19671 15883 53352 17037 53500 52295 41483 22678 2185 23892 88923 67732 75133 9414 79203 85541 %n1083 25
38412 95916 57175 78546 48409 92443 93921 49856 72312 88712 21956 84186 50418 51841 30138 53999 20128 37784 51118 36742 89955 15941 91923 91582 69373 %n2658 25
10506 19781 9892 15193 17251 59358 5273 38788 32069 51243 94289 47094 39096 30984 45477 32438 98354 41116 89004 30338 72355 96153 45095 49536 14081 %n2413 24
59367 11022 84092 37716 7783 85279 76770 71926 85717 76648 18865 34764 99052 31043 90046 50827 31384 8141 48788 56105 8006 62636 28016 65176 %n2294 24
24195 65321 56083 36032 67118 98708 60264 90218 69950 5669 18648 66313 36420 44162 28189 48719 80899 71014 6989 20576 69562 97761 65977 31707 %n111 25
77709 77900 53583 52810 79723 85782 1570 55410 89715 12473 57673 85258 84560 37355 15829 45371 14232 70954 75368 57290 7776 58904 71666 21899 21517 %n5393 22
65934 84067 84341 41617 56608 9715 20583 51968 98674 31590 65420 39318 49191 6765 74845 37695 27405 94556 25067 37534 18778 71758 %n3658 23
57259 40017 10495 51614 57156 65110 10553 67014 58101 476 17393 17705 94720 60573 38932 44224 23114 6626 70256 73370 85499 92555 37032 %n149 26
52158 28876 97428 6624 12156 89116 80300 73398 78514 56535 79366 79620 92781 62016 21676 92461 20876 48716 95438 22895 90690 33216 27057 582 54718 56264 %n1622 25
42647 6362 8032 78601 24699 79160 39569 23420 58841 51971 56651 55930 40637 63188 31129 94184 67131 70441 26804 75314 71695 74900 43915 34835 27335 %n3662 23
81165 55329 19942 43999 85154 66678 31621 85637 2218 13170 16750 6441 61045 21476 13543 62243 57911 91845 87569 97417 19025 53670 20776 %n1060 25
78940 48975 59651 95371 35523 67826 67277 98736 60083 84060 1637 59223 18829 4759 43283 65297 59492 16513 34440 46224 26990 39652 57057 99940 82812 %n4342 25
11627 41123 98752 54321 1968 24044 75306 37490 85653 22684 37188 21698 78738 39012 18211 6593 70411 49470 9879 84682 66799 55432 97540 64042 4762 %n5429 24
71496 78763 87922 37424 2805 16863 47421 76592 55473 12310 28388 8953 64919 33337 94615 3504 16439 68121 7948 56687 8467 27396 27205 73767 %n4098 23
4881 70068 7376 68966 53005 41174 36608 19264 89796 52306 14373 28258 42093 70451 72825 94399 11790 75567 53934 54860 89376 58420 74513 %n5496 24
99210 39551 87441 61767 90014 78281 3882 30996 55855 75772 48602 21509 9205 51147 21763 56159 3539 78427 15640 97575 55444 44815 96473 68539 %n3830 25
7200 79514 49109 83368 59171 28997 59180 35251 3218 758 59017 36028 40825 93758 30213 43440 44943 73116 80053 61029 58245 15392 58377 85353 9969 %n5603 22
37367 87334 7205 94232 5879 30515 33213 81175 87451 94322 72120 43935 74596 53134 87336 44192 54803 14093 8883 98336 63174 39419 %n203 25
47902 84500 57183 65366 70447 44095 95325 22150 65037 80418 57608 27930 55071 71152 13364 87629 24791 36178 39242 45498 22182 16758 98309 73659 44374 %n2942 23
53525 34423 79740 36073 76033 98366 52709 834 18891 65726 74336 67723 38657 28795 40149 41564 2382 37714 70288 11192 24450 43232 39915 %n4773 25
27587 92707 5538 94595 90534 14761 86290 82793 13545 45671 96334 33322 80231 63908 87372 70252 78686 93519 30030 28103 23891 17447 91989 32908 35241 %n1588 25
29130 79957 20905 77049 56897 90686 81915 83706 44688 53128 46589 44394 7638 33161 78717 93848 88991 42056 85198 79272 64559 61437 25669 53106 2414 %n3282 24
39625 84862 96004 5491 95073 80295 16479 93311 32762 844 42738 35979 56413 89620 65666 65665 7338 44460 65046 96853 62482 18082 70608 47355 %n3813 24
45040 71868 25842 84768 94227 20086 56340 2661 23112 50673 28726 23723 73274 64310 5259 61920 15176 21858 58126 9720 30231 63211 75752 71858 %n4881 25
84919 27284 65875 95031 66084 92832 22880 68402 68219 67083 58942 99264 79276 93394 60353 59520 81695 89264 33642 94173 34921 61524 62446 90663 96571 %n4307 24
81189 63738 75349 16344 98513 57180 9129 82093 29987 51585 70599 24720 43680 12923 31183 35929 5504 44302 75435 95357 23889 26083 96437 72892 %n3971 23
47049 57010 40172 42184 12763 52476 1238 99602 4095 57789 11810 61060 601 60612 19072 68595 48373 72005 4032 84608 27710 52608 46895 %n5669 25
42149 29753 93937 21377 99221 75175 1805 5122 48957 5902 6508 18851 26364 85511 97252 2144 36743 94663 4158 6443 53527 38734 79319 26335 26361 %n2800 25
83216 25897 95548 35777 52736 82773 72339 95480 16391 40701 50504 190 31073 59205 46940 10973 5602 88080 2060 83388 41967 47501 84840 63121 14287 %n90 24
96335 74733 31007 18303 22850 27008 43187 3486 44186 68289 44104 26239 63094 74262 96905 79667 67985 39897 25328 39190 33923 64363 94569 32994 %n260 25
1580 60170 54576 89389 26312 11309 84406 35596 16909 86518 97277 27607 57895 35283 297 42587 95690 17954 38720 7713 65211 43573 67785 62262 95738 %n1240 25
55785 91775 41599 60493 70409 8536 54680 89754 72531 7128 63927 96809 48697 11134 86188 95 77761 96141 6339 10533 27827 75825 10509 40325 65135 %n5330 24
98669 27747 17410 26117 16013 13311 71785 1633 54116 5346 81770 116 70669 2883 25777 93641 87466 56742 40014 2541 87495 34484 81172 45672 %n1440 25
68808 78786 14860 75411 91069 99339 4518 3024 88741 58563 99374 73593 63713 54176 98746 62353 7291 45289 95337 15544 73905 17592 60325 26517 32240 %n1205 23
58922 80778 61913 29377 34313 23288 63171 64045 77218 35988 11748 61477 73339 52910 24981 21590 87834 32159 81318 23586 21837 98807 60212 %n1481 24
24374 28534 4886 48596 92740 23330 57514 84360 29989 29388 23200 69870 12556 89711 39748 42204 6492 66050 51774 96218 53193 32246 63178 63735 %n1911 25
31083 94821 4333 48622 5278 16924 83626 28862 55813 83159 51732 98307 137 4668 2435 21177 30687 94122 45277 44598 28301 53639 75303 44514 61162 %n828 23
72903 78531 55876 85128 67805 68550 73413 57155 93760 8705 68429 54604 88767 18439 93206 14587 68489 38380 6897 26911 47433 7142 66880 %n2261 23
35816 55845 42905 3960 43853 48663 31736 58010 90902 26310 72038 45393 93643 43477 39786 44763 31053 9029 52315 23902 25036 48875 64564 %n2935 23
97487 42923 77990 91087 72086 61908 40081 88099 25495 74669 89869 33829 38228 5455 16921 59168 88423 32185 5844 53471 79916 47447 22435 %n3504 24
50837 13631 26810 30485 31634 99991 90629 23313 98493 79618 4653 47986 98575 32190 91821 85682 59408 32710 40606 10298 15253 59895 70620 26437 %n4267 21
61639 44606 88251 89647 86246 90843 12514 72958 42973 68514 58121 82851 22876 36767 93766 20159 53172 16160 8632 86769 50900 %n2881 25
14228 89665 30795 207 58465 92077 67385 82737 22142 9566 73485 2629 94203 76224 44130 90507 87023 19932 34956 56744 61937 94882 875 19538 84753 %n2820 25
52785 62781 15714 28200 18418 49030 28284 46134 69122 62816 30429 71898 63088 38927 31802 30037 49369 13547 92347 36019 46071 41239 64528 87558 82524 %n3406 25
20729 33060 23506 54100 27543 71912 81901 57405 68145 84642 93538 53521 29033 92259 75723 87026 85219 44223 33607 16853 98830 54354 41962 43601 4907 %n2431 24
65262 18482 59720 14430 61650 54602 82134 85967 12314 89788 24139 2102 37124 33067 67852 37832 1137 52438 67888 65272 50684 21214 21613 81933 %n1118 25
60919 31419 97775 24298 27338 92041 8685 73794 18486 11220 98848 80391 3789 92750 73252 10905 90269 11 25894 46387 43151 55318 85210 94213 6312 %n2727 22
25790 26479 60525 92070 93263 19180 46386 44328 39222 26290 65873 36944 19979 19377 4928 81865 65478 38694 91447 46991 51151 82893 %n4884 24
74385 74152 47309 39617 9893 23108 76201 94279 12392 38437 70330 64721 66702 13461 41879 14969 41318 45550 95268 81780 22357 86663 8510 99842 %n4131 24
33511 26768 21414 64337 75397 723 40423 63497 46146 71635 77399 4663 32277 69787 46743 53159 66864 29383 35880 62017 19130 13924 79890 58046 %n1341 24
38544 71065 54885 38099 18039 32812 1999 73330 9632 70200 64951 94294 10801 19697 23534 78944 73326 68211 3908 56275 29088 71870 31788 84456 %n5257 25
76353 81241 15368 16674 18139 95799 65759 59011 82725 54369 81898 39740 70990 17599 86774 82723 67246 38688 62875 73894 84057 63567 72351 66454 83191 %n788 25
77466 46005 54533 80726 27022 13162 37871 73579 41705 88207 9956 25620 93067 83186 24434 77359 20871 70145 75674 10306 11595 57785 76966 64257 31654 %n1941 24
52318 54884 96765 52291 36258 98082 93747 76078 44582 6187 23813 21525 65053 89612 78670 60783 12388 98914 43157 88617 69898 92141 90202 58879 %n2938 22
22926 95630 77822 92142 8246 91258 38930 43916 52415 24923 81095 94422 87537 95278 83826 30039 22188 58059 30053 48216 18327 18383 %n547 26
38495 69659 66405 85596 82012 79973 73782 10843 54749 14135 32157 89863 65409 47916 99328 37149 90734 32425 34123 71017 45818 33897 4882 24474 45803 23358 %n2897 24
20855 12271 21322 9189 95170 57966 99291 59400 94129 31963 58552 75355 71585 15030 26029 67070 84529 30140 76080 85472 7572 36041 34998 69967 %n335 26
62317 18433 99719 27477 89288 70402 88934 1089 36477 87012 92593 49724 78136 59267 40797 70772 28618 99357 9980 90490 51367 7668 50925 41938 99348 35287 %n5780 24
27115 16935 4811 55019 8080 20030 17369 92433 44414 86915 75313 31565 99288 16508 16511 74676 87288 93109 48771 36966 55192 45636 16349 3749 %n3839 24
46639 86620 76358 47588 34373 46230 48977 27639 26530 52175 13885 71102 42719 57768 38260 45267 5337 99367 82731 24207 9794 98500 43733 61626 %n1426 25
12149 10788 6895 77848 2001 56566 83402 74266 30252 11604 97500 93059 83205 7672 50136 21765 32766 72020 68843 4312 7866 90998 99110 63863 80800 %n1527 25
73103 13979 74948 29619 59924 5533 46154 90129 74918 23703 54251 84827 95980 19154 29892 22975 80325 43843 20566 57306 793 94088 74938 8687 74412 %n3133 24
89844 58743 1241 83299 14661 14524 51011 79022 11325 98483 25274 88562 98829 35920 68924 25263 32121 34147 49224 90085 18462 15892 37387 33171 %n4375 25
94804 63131 88762 1935 67579 22951 80799 8738 62536 87338 13783 32174 76535 26637 37661 67794 68875 79758 72160 85097 15279 17287 23058 17745 48462 %n5764 23
68151 54555 77356 57477 22173 73031 86280 24836 86861 36707 50843 140 96264 56493 83529 41142 28836 56312 87177 74161 39866 90191 22857 %n2246 23
4384 77070 53139 70460 34608 27576 53611 50769 8644 16312 73821 92090 97753 39234 62647 55021 14008 66671 48466 93582 64 52107 23038 %n3014 22
96675 69138 64411 96336 81104 15186 65964 24129 95035 89705 51888 38227 74507 53127 95509 67845 72126 6678 41558 81636 801 3816 %n4967 24
2311 74969 30266 32723 40607 45812 85215 69216 93960 52503 3755 72822 31737 22348 43580 30431 24082 66941 77195 92185 22288 75385 24845 91677 %n4317 24
557 12256 28011 3004 63246 69056 14197 81025 37051 66102 47639 29558 95122 52247 83374 77331 16887 98137 90174 3771 81200 46825 3160 46827 %n2308 22
61120 48248 71387 25256 90533 74684 43463 66361 90065 39861 2978 84982 44420 59692 93286 68051 1524 34878 19772 94046 93000 75810 %n3481 24
37657 37707 50616 96825 45070 45124 82757 45142 98862 81346 53511 41049 22459 51779 72573 59963 68115 33985 24963 48350 41833 28759 48821 2846 %n3468 24
81580 9508 18022 19569 59529 42435 25499 11227 71026 91089 52436 91637 12447 58638 43291 76450 84555 40839 7427 56349 42315 43175 76019 24176 %n3532 24
37722 69437 87590 80698 85173 14643 33316 3277 94206 45315 45105 69729 55177 89952 96939 36204 7419 62999 72193 48838 29624 72662 96040 78536 %n4731 23
84955 61294 24291 67422 40604 96391 47929 91703 86672 14885 58920 13740 85233 8478 93441 55307 9367 21100 25174 14452 66848 97383 86047 %n2855 22
95416 68520 90901 63929 34140 17035 30712 95271 92391 93896 15316 43353 25881 87109 70291 22894 25412 75261 70887 70354 43100 33154 %n1306 23
56820 91281 56184 45123 48440 54897 15833 60241 45129 13764 40996 39653 9938 54782 44073 44342 20243 3216 96820 18312 80940 33838 5142 %n3649 25
40511 55320 62001 67331 87625 18275 62221 31610 95918 78475 13730 27042 54434 14501 22809 7593 95218 3046 22676 9171 78756 27 17359 49746 18614 %n345 26
16109 25157 92916 21213 15942 51782 88547 77558 69665 45222 6124 852 31330 45783 11061 55820 67833 88984 57603 55973 74398 89191 58557 70881 88806 45850 %n1257 24
85253 93108 53792 93853 71905 12509 13424 30462 47250 71154 69768 73627 60520 90929 39280 24660 34763 90928 6286 40195 65119 51348 2726 60593 %n148 21
71596 18698 81663 34205 62014 21831 70225 94546 13972 39036 53118 7849 81164 16074 41350 12143 36245 70080 5599 91621 70372 %n4476 23
16925 71562 72291 74209 31523 21479 64602 64146 18166 31344 29275 22948 95013 84596 97563 36268 34039 78872 49302 10703 85556 24847 73961 %n1528 21
39906 34556 56683 74087 96641 99495 31499 71573 94534 79911 96505 39929 30112 68420 48122 55059 84251 93628 88812 35887 87103 %n5186 24
48907 82385 4591 45316 22445 13093 22815 25334 75620 47078 1676 78831 78218 6041 46695 71088 71452 79685 65702 71688 8335 83623 72477 33710 %n98 24
78992 76337 36423 65302 1212 90665 41878 9527 57908 55492 90702 49665 33377 4594 31778 97719 79759 25397 44724 94390 45078 54349 29562 67006 %n61 25
47273 39655 98209 24268 1387 3590 89876 55305 39298 17013 72451 52555 96948 94823 8158 52054 65486 29957 82833 58827 53327 90002 23385 30904 47869 %n3594 25
60003 39017 29110 23456 80533 7939 97274 85775 68185 26432 21579 65304 8284 26757 3254 35096 63834 28983 5229 24002 98921 94965 30178 19668 80454 %n2720 23
19903 44703 9750 53964 70711 93980 8797 50518 23029 15324 77056 63640 17455 15095 22512 86322 44440 36956 21034 16679 50349 5689 35496 %n