129
1731 188
5744 38022 79498 19830 17721 55242 7323 54632 42207 26117 31402 9842 1810 98420 54678 75157 16999 36615 69556 88844 20257 64752 18087 36408 35255 76264 35529 35265 77404 38124 36485 774 95185 52753 76911 81223 62595 80902 21750 42278 41133 27362 89317 66007 45030 8903 78811 61473 21141 3655 49238 31885 60262 79756 19689 41061 63343 48097 8578 88839 75965 2765 16931 91084 96151 11628 30795 63683 40614 52864 57404 60847 22106 68800 70112 32048 19559 64314 6119 13575 7769 4734 56191 22478 28460 94790 97978 76294 9892 10896 66370 77997 82860 15278 37634 54261 18652 74407 23312 540 85601 75793 46794 22564 6183 18322 42178 91127 78518 14175 24508 63038 20177 11842 37758 20207 80702 22048 9017 97825 64669 37527 34764 54883 59178 46168 2635 44694 45221 72109 98151 12459 26826 18674 87089 68337 39831 31054 30616 12192 8019 83692 48199 7270 7848 34750 57059 74526 39081 48710 2431 13341 52614 75134 84261 26345 60784 35652 57826 6712 28309 92790 96509 46513 68509 93272 71482 94078 87547 63618 67415 68373 28122 77352 70631 73280 47020 21738 73876 84752 12879 58006 28528 48846 71250 82042 8818 17565 %n4697 136
59034 93280 69644 33664 2241 41619 92817 96978 83928 21095 22388 9048 37461 72455 11455 82355 20571 26477 37943 81079 51285 23038 64482 87845 89131 88094 1336 60688 76828 22638 89774 74845 17502 52910 47431 73229 35981 92062 27200 5986 63889 54569 19725 44092 16347 45366 6704 66477 77090 72459 48842 89981 601 24683 59771 53563 77409 99481 59716 46649 34668 9081 3515 81122 309 41852 83783 35696 12640 29852 47677 85291 3316 60598 19105 42600 97342 91961 71603 3383 25089 89487 77116 94936 80906 31208 2503 86216 4683 1487 55173 34880 52113 27356 18444 92824 51882 5785 25346 7359 3434 66402 17576 55309 11079 15386 63494 9041 20271 76234 93281 96952 45758 39952 39185 42952 84079 36831 4900 31566 4762 49921 79132 50356 13567 94002 98095 60967 36010 48957 53132 29419 85962 70439 60740 53670 %n2061 85
20402 50353 32822 62501 35990 48026 3568 77812 81110 53845 82964 20269 64406 48720 95134 69719 87633 54056 71672 43714 54802 71864 58555 84649 34692 11560 22458 98535 4660 51906 27124 69974 3343 19415 27347 72606 7234 9448 17861 44312 77083 38534 34871 31082 5166 30212 78835 20814 79510 85978 63894 69920 36438 10398 30040 53118 3019 83564 34458 82214 66321 39737 26768 23948 55328 36132 47858 97494 56645 43180 90606 87732 58035 12016 635 52355 22987 96144 56178 98947 83753 19653 16160 5411 32747 %n5056 76
8263 52464 31197 702 43022 1178 17631 9744 93610 49409 80042 96799 55919 15436 98452 56997 53877 17436 89428 92699 19663 59948 61732 99120 99264 62154 22039 66050 42721 74922 36094 29572 39189 23868 52876 28057 70932 89894 12885 31785 46674 52888 24325 6549 58584 32237 67681 2384 98419 22592 79159 70486 54273 93100 4976 45071 19526 82730 62899 71043 71124 44689 14579 71449 2248 37368 38393 51084 91702 3465 86903 43490 61016 9644 7980 76406 %n2151 55
16671 86394 93725 38766 97563 81871 24463 50288 65740 31771 96602 22757 95190 64495 93351 80141 69623 64892 25247 83268 94285 88626 59159 95525 65569 78308 37902 13939 82838 36857 68799 17405 86180 96479 26312 32392 57102 68214 75941 41588 50081 3924 87030 81295 1220 20742 24553 93914 49981 71799 26168 32430 81457 68563 19805 %n1197 37
30161 87183 12010 57626 20625 99458 62782 21311 79604 43564 50285 97080 47361 75942 93362 52710 85760 46975 58360 70504 80696 18024 67554 14477 52948 33964 18158 63048 68833 70973 90079 35164 56585 69147 86598 28149 96283 %n4227 24
51582 87258 62717 24864 72355 84186 18434 5090 87627 3635 7763 2920 69714 71813 73955 79423 91040 86108 25833 42408 69947 94276 6343 19142 %n3331 19
8380 25761 71905 23443 92725 13899 61079 32808 24672 76168 12765 91557 56210 87024 52834 29135 76208 47305 98112 %n3025 10
8351 78113 22178 82405 2125 58243 10916 98472 33806 33741 %n2521 7
34968 23554 62514 82318 10762 3692 76073 %n3752 4
78246 69188 10464 10687 %n1233 9
66691 37795 78126 67900 38814 50208 27247 9591 34273 %n404 2
58434 31906 %n4812 4
70622 5858 794 27490 %n4981 3
38221 29645 493 %n3404 1
17053 %n3828 1
48203 %n585 0
%n369 1
37763 %n4934 0
%n4213 0
%n3236 0
%n2919 0
%n1846 0
%n3146 0
%n1363 0
%n2862 0
%n4945 0
%n81 0
%n3667 0
%n2431 0
%n1655 0
%n538 0
%n1523 0
%n4579 0
%n2508 0
%n4133 0
%n1235 0
%n5304 0
%n5270 0
%n2629 0
%n282 0
%n3792 0
%n4206 0
%n4214 0
%n809 0
%n1246 0
%n4143 0
%n22 0
%n1314 0
%n3256 0
%n2475 0
%n1009 0
%n1965 0
%n277 0
%n4534 0
%n2468 0
%n2812 0
%n3394 0
%n2114 0
%n4781 0
%n2484 0
%n144 0
%n486 0
%n258 0
%n428 0
%n1927 0
%n628 0
%n4640 0
%n3975 0
%n929 0
%n4560 0
%n2903 0
%n173 0
%n3453 0
%n1615 0
%n4449 0
%n2095 0
%n491 0
%n5009 0
%n2882 0
%n5190 0
%n4777 0
%n3468 0
%n710 0
%n3516 0
%n1445 0
%n2266 0
%n4728 0
%n1375 0
%n2237 0
%n1812 0
%n4535 0
%n4516 0
%n2682 0
%n3890 0
%n248 0
%n3494 0
%n5230 0
%n4881 0
%n4941 0
%n5010 0
%n4606 0
%n4921 0
%n2681 0
%n1719 0
%n999 0
%n1470 0
%n158 0
%n2906 0
%n3334 0
%n1191 0
%n1361 0
%n2680 0
%n1217 0
%n4368 0
%n2147 0
%n1892 0
%n4261 0
%n914 0
%n2302 0
%n4654 0
%n3210 0
%n182 0
%n2657 0
%n4505 0
%n3381 0
%n2372 0
%n864 0
%n