205
2481 132
7650 82072 10249 91904 47561 12257 43216 84106 47040 28511 47202 52290 22914 72928 83743 46981 95595 7540 84468 78186 15501 53803 56266 38527 18515 70501 37064 37704 2387 30854 9990 20105 16604 88324 58004 5741 24054 48762 52868 38929 57512 63848 95381 66795 78398 15457 9969 22850 23016 64191 15629 46282 63229 29584 97467 45014 77629 95761 7510 13431 77854 13756 49233 44672 60553 12595 80163 21270 16932 94679 89330 18543 13135 31198 99128 20325 11339 70861 6248 47025 41915 31807 14039 40036 20873 49666 12294 52142 18054 79671 57671 46639 84790 13163 50914 20421 79467 9431 3718 53264 95766 23840 95171 19500 79445 28180 55357 43055 78771 68709 1636 70713 82074 19683 6461 73699 56554 63449 63288 57751 54484 68372 64467 62779 36519 62129 99140 74776 80495 87316 63775 99023 %n3670 4
52597 38892 64833 50227 %n4897 4
78373 35488 18885 60099 %n4699 4
75260 51308 98929 59152 %n770 4
29527 85486 49283 7134 %n6392 4
59187 72495 84100 49490 %n6018 4
97030 32109 14482 76375 %n2028 4
6549 20244 95689 20438 %n3500 4
24351 15723 56438 8035 %n4806 4
37267 47443 41343 73328 %n4927 4
64123 51832 59616 58290 %n5910 4
88854 30352 28040 83550 %n3248 4
47564 90911 21318 51423 %n3400 4
43282 37186 2955 4182 %n1194 4
20106 47456 83573 28837 %n5815 4
8930 62619 80711 51626 %n483 4
95673 28819 11421 55084 %n4008 4
67689 88257 35342 84825 %n6272 4
65030 52922 66896 62905 %n6947 4
96198 60932 58188 22957 %n3951 4
6268 33593 54863 80652 %n5144 4
13106 58217 42559 76971 %n1512 4
64138 48805 21926 56806 %n5730 4
77982 3243 39115 79245 %n1584 4
57477 31507 11007 76444 %n6861 4
80884 22229 47845 39985 %n3851 4
29071 93177 92113 74040 %n6440 4
46988 58660 29002 78499 %n3334 4
26228 31493 67428 35150 %n3210 4
84093 56360 25286 78738 %n1419 4
37243 51256 44936 23651 %n6442 4
24333 17628 66459 18015 %n2463 4
73736 51744 45874 8055 %n4128 4
27636 16709 60958 69630 %n1879 4
62182 30489 14409 59710 %n490 4
79907 99757 8190 67118 %n1025 4
38553 61803 15836 6073 %n3677 4
23068 13472 94296 53860 %n6371 4
81622 46228 79351 170 %n6860 4
962 21824 98400 41346 %n818 4
62972 14607 70112 93818 %n719 4
97562 53285 41035 86467 %n6350 4
10665 8108 50132 80509 %n5378 4
86596 59036 14567 60758 %n8 4
1082 73824 51703 87381 %n1691 4
778 12275 20892 3510 %n76 4
97536 20828 14431 28858 %n2682 4
38188 2009 25435 9165 %n6236 4
50651 68356 32757 18896 %n1955 4
82757 13895 950 96674 %n2201 4
69679 93727 38766 11657 %n1516 4
22310 74126 13607 78877 %n2066 4
20617 89114 92929 31387 %n5157 4
49464 69907 37115 73373 %n5250 4
958 70844 47444 65975 %n6312 4
26524 63216 51039 44458 %n6994 4
20137 68939 35257 31607 %n6800 4
70680 847 8545 20726 %n2718 4
60641 44205 39269 30997 %n2208 4
65712 78501 8748 88742 %n5400 4
3723 94050 32006 9049 %n4793 4
5956 88333 18055 59908 %n3628 4
53073 44572 58570 31742 %n2856 4
5526 70235 15918 60468 %n3731 4
29768 18746 23934 23013 %n4564 4
92446 29158 13900 24500 %n5341 4
48413 42781 63015 12403 %n2569 4
39001 29898 11162 89479 %n6709 4
80060 33249 27594 75964 %n388 4
52830 70955 95209 42269 %n5875 4
70363 77956 58405 91733 %n6777 4
11008 48952 87905 13426 %n5633 4
2686 45287 12328 39217 %n2519 4
76241 86674 97097 89974 %n4437 4
70183 80978 19992 78569 %n4445 4
66505 44191 67166 9333 %n1996 4
11990 64766 80287 77546 %n4383 4
3951 95401 49854 52109 %n1030 4
14768 50518 94618 87017 %n1676 4
68533 90263 41979 4273 %n4349 4
89855 78633 37830 51107 %n286 4
32407 33369 77246 519 %n6474 4
37681 10844 18070 43926 %n969 4
83483 28621 21152 90182 %n2455 4
65506 99450 28331 69399 %n2907 4
56185 89350 22140 28154 %n404 4
99947 5838 81010 97677 %n3783 4
10235 68526 23848 94185 %n1407 4
68830 63696 54186 84184 %n4681 4
12552 33538 48741 48080 %n6822 4
52362 43141 28420 36423 %n886 4
42266 9803 77484 92429 %n2817 4
34392 11513 91327 29466 %n1044 4
77041 19027 82832 53878 %n3577 4
66128 73077 36057 30942 %n3660 4
19682 42361 71505 12468 %n109 4
41607 99257 32648 91351 %n30 4
64963 2958 98368 70569 %n6276 4
38908 51252 84753 44145 %n6446 4
85130 3362 29370 316 %n449 4
70272 7354 86655 17796 %n5937 4
4118 20868 69733 72595 %n2893 4
55540 45185 20388 28848 %n5866 4
49958 78510 12979 88869 %n5141 4
62960 34525 82328 71210 %n42 4
12198 79809 9367 92154 %n6251 4
70879 1383 37695 41292 %n5818 4
17331 91569 89147 93270 %n4232 4
54149 48637 28637 15687 %n6663 4
66735 98143 50728 5766 %n3259 4
89195 99544 35729 30445 %n270 4
33723 2713 3907 43797 %n1168 4
27732 51820 29725 26925 %n1582 4
23996 60300 71433 20782 %n5307 4
50210 93363 2725 25559 %n4114 4
63835 3336 35701 60607 %n3269 4
2610 37858 36762 28610 %n2176 4
57364 45106 47567 73160 %n1014 4
6195 94151 54320 75137 %n1331 4
38985 31988 4772 42305 %n6937 4
33572 1168 35911 70495 %n4112 4
41614 40883 15783 10469 %n4323 4
65467 68248 59373 81293 %n1912 4
9898 33367 62013 82910 %n2746 4
21585 24695 2177 54554 %n6799 4
88610 28186 95903 32397 %n5877 4
19631 22423 87284 88953 %n2050 4
31781 57446 70035 13177 %n2969 4
99216 69187 96495 79923 %n1950 4
52417 60632 61732 52403 %n4828 4
81020 25909 9436 76097 %n1296 4
97414 58723 18019 70808 %n6139 4
86187 65676 5934 36281 %n558 4
3057 24996 16945 9462 %n5003 4
39994 67892 30286 87062 %n2886 4
43108 34120 81634 24953 %n5751 4
61740 50654 82241 64168 %n6687 4
97484 21597 19162 93782 %n106 4
38943 62154 85336 33373 %n2257 4
23882 45732 79022 9177 %n1659 4
93017 48094 99285 25693 %n5702 4
83897 76323 52510 20451 %n3243 4
76276 76809 5995 91749 %n4572 4
49546 18731 20163 46043 %n3173 4
68597 36573 36790 96813 %n283 4
56145 29167 55928 51358 %n1952 4
19840 68142 25574 9064 %n2014 4
36580 36680 72829 7465 %n2768 4
81358 49483 25295 94305 %n3297 4
20489 81126 25789 76859 %n3574 4
17491 44050 42827 67387 %n725 4
55602 32470 33412 42193 %n2963 4
87510 6832 79645 58435 %n2105 4
98059 29089 89251 59058 %n2489 4
27415 20783 62987 3372 %n3732 4
55745 4622 68711 39796 %n5589 4
3915 26852 94393 54583 %n4859 4
50065 89155 88318 18438 %n1265 4
98373 78351 78592 29660 %n6741 4
12088 64008 81522 24049 %n3449 4
90744 47719 1704 79831 %n1627 4
1956 7343 39858 27876 %n6571 4
11475 57930 95831 85232 %n6823 4
7926 10533 49432 70181 %n5516 4
19143 54962 56720 69333 %n1956 4
37162 53632 17921 26840 %n1141 4
89044 20812 21485 18047 %n330 4
97282 63530 37051 47085 %n6782 4
52506 81094 55753 56970 %n6494 4
8767 69214 81238 13584 %n6597 4
72432 83768 81114 32585 %n287 4
55887 19884 24827 86146 %n6154 4
77759 42777 50328 24845 %n2314 4
34586 94573 21448 65651 %n4272 4
98783 34257 32229 19807 %n5662 4
46996 44334 54705 55363 %n3420 4
77523 98266 7262 59157 %n7391 3
77536 62920 18293 %n5822 4
36761 22856 17120 18924 %n1111 4
60331 60511 16297 61445 %n1231 4
89941 77105 81187 9337 %n3224 4
14629 90345 86758 62356 %n6487 4
19999 93097 46603 49708 %n1312 4
1207 87013 69419 14886 %n6831 4
56199 97255 81683 93650 %n2999 4
72992 61800 65859 40373 %n5776 4
16418 68515 89211 43536 %n4510 4
75663 97144 37836 45791 %n4121 4
20665 10773 2914 81350 %n4754 4
9678 17211 49219 18050 %n6983 4
55423 6905 7766 69897 %n3589 4
13081 39376 54890 52525 %n1144 4
37050 47332 23596 78170 %n327 4
28315 20779 26970 39742 %n1011 4
14395 28143 11912 7777 %n6524 4
82592 48697 84458 22382 %n724 4
34449 82559 69676 56782 %n1164 4
7456 71510 98997 50498 %n5554 4
37723 34223 51767 2464 %n1997 4
32033 26571 9393 2085 %n2059 4
86489 65060 4559 86789 %n4152 4
25913 26328 88281 22516 %n6640 4
79125 20542 7130 9616 %n1455 4
29153 93418 19673 55921 %n5252 4
35363 55717 95750 50856 %n