37
4396 30
69650 35732 12850 13939 23509 55643 10713 26672 91804 79178 71928 50217 10947 24711 73310 10832 30048 22724 14718 44211 50277 40183 32385 75004 85314 19527 29305 24816 86510 54803 %n309 29
74992 56165 63716 4233 58966 93710 99239 28020 25422 3636 65958 12888 83065 24439 51229 70258 94051 85981 76709 69955 34741 88535 64658 17511 71209 70355 86928 96491 98570 %n5809 27
7258 56252 81325 43252 80746 44326 8716 99640 97943 14627 16387 16961 71473 13346 34352 98298 475 37649 77261 55142 47482 11556 44368 84853 60020 78389 72120 %n459 24
9499 37070 85760 56654 380 74159 50583 20420 90768 71401 7607 96776 4430 94378 71562 65462 96036 11505 80537 12378 12847 62385 73309 25834 %n5550 28
90541 67749 55743 57419 2655 89568 94719 37600 75928 19886 54647 98868 79375 24907 50315 75466 25820 24807 41885 76233 60468 7518 80695 37428 75163 16478 84813 40250 %n144 28
47928 56014 40406 21430 90282 67597 39772 53829 69018 76468 68779 14974 7542 49194 73009 1544 9388 23024 37583 98150 385 34492 49339 10129 3611 73317 85635 46601 %n117 28
93505 82596 72093 58323 68921 14695 6731 87871 53485 97910 34545 60507 24035 71178 40287 96187 26056 63123 24240 15309 74115 67577 33231 33755 91635 42259 66563 63680 %n3284 24
94898 44800 74739 93797 84711 71868 82242 32005 20939 59034 94384 94595 58642 70177 81843 92934 97591 41741 40732 34374 76036 3519 83226 21106 %n1671 24
36777 57868 90413 37414 20924 21212 15858 54174 46276 68766 9047 1730 46390 54506 89722 95342 90889 1699 4801 77197 78727 42746 82285 46202 %n1480 22
74121 11258 21904 95920 80901 42599 53833 5661 73992 91001 88227 31040 9134 7797 40280 21140 39938 38829 74848 45713 58579 58429 %n2428 23
41067 28835 50989 78273 64038 66382 12727 82680 19750 21262 12932 13328 72279 8712 29632 59638 98913 48792 6513 70317 69247 22961 84564 %n1109 20
87205 98674 19622 49314 48335 40790 31143 19399 36037 32460 48732 69451 86608 70836 29503 8340 7193 32547 11567 72176 %n573 21
39446 91756 58868 65283 13845 15339 70883 42161 28708 88294 8269 63012 84301 39261 37119 65911 94054 52206 83271 57185 59039 %n4889 14
2690 21104 75160 78659 91331 60405 11266 1975 47889 18932 44158 39890 34888 77108 %n5067 15
52701 72245 85605 28477 88609 73023 54674 123 63769 21036 29795 36762 97219 69578 77878 %n4482 19
89394 4961 68739 70938 20529 59283 91998 7326 95901 12546 90002 9556 87100 60628 32750 7179 42430 70609 13065 %n1481 22
59733 57978 37582 78187 62372 61691 505 72983 30814 72039 91025 97363 14177 52012 64219 44186 84365 48256 29895 90988 50196 82201 %n1227 18
91653 97447 61776 11246 68417 37454 7495 7537 57194 76998 96368 86894 24071 25581 51765 63579 56997 74603 %n2150 16
60466 29685 45058 26728 98533 13680 8050 98830 29676 17917 85469 2975 40354 12680 83800 76558 %n1564 18
69832 83548 61545 92632 34472 45168 8035 55772 48839 43966 75803 45430 16753 21902 31745 12524 14616 23064 %n896 15
97397 46982 97088 65635 77758 16010 15055 12843 79734 62371 6498 62520 88600 31491 5508 %n2687 13
4634 15031 97022 39128 79146 13355 45887 95017 22361 69608 34720 28773 46532 %n3621 20
33884 87364 29847 39477 18583 20952 17664 58712 80048 72657 69582 34962 34185 96499 98536 75010 42634 91161 73184 54849 %n691 16
2563 90470 88621 92714 87127 15913 52129 64020 34319 71797 31909 91301 92876 57507 35438 41954 %n5793 12
44399 77501 32559 37000 43890 10133 97842 99816 59085 43941 97542 9309 %n3884 19
95653 78828 61694 28051 40443 49342 19141 10560 13449 30506 63083 33737 92942 18060 56791 24238 10165 77305 731 %n2834 16
17311 26573 64585 55191 79551 65522 40110 57612 23460 76487 3710 71279 98896 76555 54396 44990 %n1356 12
38481 99838 59229 36693 25966 32760 55624 9885 52474 47644 64782 93415 %n2861 11
25313 72843 38374 95988 32362 37276 17497 97419 57600 95546 31396 %n421 14
4499 45286 49651 8610 76286 19728 35784 86996 22145 24128 87736 25887 69552 12655 %n1116 18
96690 89331 70806 7522 18211 28469 34251 98134 67878 85138 73430 50967 5629 61424 94560 65446 51835 76841 %n5541 10
43667 34871 41369 91039 89867 74969 87836 28386 26913 21549 %n3784 11
51453 90950 24289 92905 35672 36554 43341 30692 48580 21033 76908 %n2809 12
67652 51936 11513 48961 33594 17536 26765 16361 71864 81660 60542 30536 %n5097 8
24624 75590 39219 37715 35450 62316 72480 27230 %n4686 12
20047 62176 65318 47151 32891 11089 71355 89267 28620 47587 33009 727 %n3448 14
34792 79009 49388 26423 47209 47551 33990 94453 83201 66697 37810 56464 99452 40312 %n