221
7188 113
10506 22076 31260 17957 13031 83839 21883 41247 10089 54410 46634 65207 11629 73761 22645 58457 88552 31542 42129 34587 74476 9103 88841 79685 10872 90620 6027 52593 86995 31661 28887 79714 15310 23451 9519 44227 37656 22760 30442 23420 46200 38283 35580 15525 32790 65896 22877 6194 32016 7706 11685 1606 81350 82274 13393 11409 30997 8656 88443 76825 4394 56520 88804 17332 8612 86567 81506 625 45104 47407 2037 29203 20174 60425 90773 78235 28518 41822 77885 77911 60000 62263 2185 90767 66336 89616 4536 65368 61446 41484 70170 25960 91032 57923 88619 5064 57712 26574 20561 491 49843 1204 32286 9588 20903 77902 24586 1387 47855 53415 46723 50773 71647 %n4631 82
41631 44620 41793 68402 24395 18736 66639 34014 15247 72698 49573 64098 14377 55980 5781 46825 17067 50941 80563 22731 22911 76063 79152 69327 37600 10265 13876 8901 48202 19610 25714 77192 35941 29778 32227 75146 53582 20157 71034 76309 28552 88702 52679 31517 9687 44289 58799 5271 39944 60243 23523 61264 73074 75501 65838 27801 47065 83157 14726 56005 38250 25505 55506 78994 6197 62279 112 29857 60918 67659 44767 62647 83647 31465 7780 49627 54973 52510 47563 90246 18817 10513 %n6044 51
39113 72528 77789 1071 51911 19852 12027 50886 77599 782 2724 88359 31942 69383 71253 50020 40206 16538 55890 45467 23501 82604 3544 49551 44480 64978 36288 70500 16096 52074 86818 37713 15991 42195 36035 23890 43143 14092 11895 67218 39885 53498 6508 84847 31229 65154 5961 83681 88123 17172 81964 %n8382 37
10496 90148 64913 50582 4441 26570 16723 43733 11118 35068 68314 25858 8387 23005 25287 4275 13139 40566 52494 48804 6286 21948 61335 3535 54298 27587 37690 23747 73142 47192 38944 45855 18017 41336 63800 90435 2792 %n2240 27
53175 80015 80632 46292 87808 50426 51391 60721 47371 58274 19877 22231 40354 15160 32925 28789 85451 38559 77722 42168 6055 32975 50579 42909 36282 26634 40793 %n2769 14
84212 78499 15733 71769 40867 65251 30357 90330 2854 17826 31572 66899 16813 63479 %n6637 11
65424 47288 7324 84540 25349 87935 64319 69087 23848 17262 62088 %n2788 14
90566 43217 83902 13669 23160 65281 12207 69255 72935 11 55711 39473 23519 33814 %n1721 7
50825 42716 91179 68276 44542 44645 70998 %n816 0
%n5017 5
52771 30955 56081 6034 74742 %n3329 0
%n7901 0
%n2510 1
1875 %n3370 1
89911 %n1317 1
6674 %n2169 0
%n5160 0
%n6178 0
%n3586 0
%n5757 0
%n1903 0
%n4258 0
%n3454 0
%n5056 0
%n2988 0
%n6225 0
%n4275 0
%n1552 0
%n6927 0
%n7069 0
%n6273 0
%n7026 0
%n1342 0
%n5993 0
%n5007 0
%n4672 0
%n5471 0
%n451 0
%n8121 0
%n3784 0
%n1739 0
%n2332 0
%n6472 0
%n1168 0
%n3901 0
%n5987 0
%n6817 0
%n1464 0
%n8799 0
%n247 0
%n513 0
%n2732 0
%n1134 0
%n3951 0
%n4710 0
%n3453 0
%n8041 0
%n1972 0
%n3866 0
%n5508 0
%n6189 0
%n3656 0
%n8574 0
%n1728 0
%n4334 0
%n528 0
%n3104 0
%n7522 0
%n7761 0
%n2814 0
%n2760 0
%n174 0
%n4349 0
%n3903 0
%n7483 0
%n8573 0
%n8263 0
%n4883 0
%n6495 0
%n1696 0
%n2126 0
%n8759 0
%n205 0
%n7628 0
%n6142 0
%n1889 0
%n801 0
%n195 0
%n2266 0
%n6254 0
%n7515 0
%n2782 0
%n1468 0
%n3164 0
%n6779 0
%n7713 0
%n1687 0
%n529 0
%n8410 0
%n8509 0
%n7947 0
%n461 0
%n8709 0
%n7114 0
%n170 0
%n2005 0
%n2759 0
%n7716 0
%n1671 0
%n5905 0
%n8724 0
%n8454 0
%n6394 0
%n1410 0
%n8629 0
%n8368 0
%n493 0
%n6685 0
%n3261 0
%n2459 0
%n2257 0
%n8171 0
%n5992 0
%n1603 0
%n4276 0
%n6000 0
%n8262 0
%n234 0
%n6129 0
%n6039 0
%n1091 0
%n7428 0
%n7795 0
%n1459 0
%n8570 0
%n4087 0
%n4248 0
%n1872 0
%n5082 0
%n7046 0
%n6745 0
%n4802 0
%n7376 0
%n7045 0
%n5745 0
%n5044 0
%n2346 0
%n3726 0
%n7397 0
%n4459 0
%n8761 0
%n2185 0
%n3380 0
%n7282 0
%n5696 0
%n8777 0
%n8488 0
%n2614 0
%n8813 0
%n643 0
%n5892 0
%n6958 0
%n3580 0
%n5598 0
%n7547 0
%n3906 0
%n7120 0
%n5556 0
%n1125 0
%n6876 0
%n4354 0
%n7597 0
%n6755 0
%n2364 0
%n114 0
%n2512 0
%n2632 0
%n4654 0
%n5891 0
%n7350 0
%n6468 0
%n3333 0
%n7922 0
%n5071 0
%n103 0
%n5298 0
%n6972 0
%n2198 0
%n8458 0
%n7743 0
%n3999 0
%n7070 0
%n3730 0
%n3089 0
%n1500 0
%n6973 0
%n8251 0
%n5702 0
%n3813 0
%n1814 0
%n3204 0
%n8719 0
%n5443 0
%n5425 0
%n6172 0
%n1612 0
%n3557 0
%n2953 0
%n1063 0
%n4486 0
%n292 0
%n7246 0
%n6888 0
%n7250 0
%n452 0
%n5631 0
%n3623 0
%n5906 0
%n6840 0
%n8295 0
%n