392
17282 12
35164 32792 64304 72960 73200 25115 73423 29968 11081 60688 77983 3906 %n5928 13
55993 66179 6082 35735 6124 54436 74452 65692 74844 56909 52481 47691 19331 %n3056 12
63620 69287 63235 38550 10330 3592 50698 63209 785 1518 14549 53939 %n1438 12
76966 72964 70610 18113 3942 80494 27276 41955 61505 53554 73949 22837 %n12876 13
60935 54337 72166 31422 46253 38108 4664 61691 48926 54370 53866 56197 5152 %n1172 13
46422 34795 16612 35175 46491 66076 13782 54786 60431 41168 50068 52390 22356 %n17693 9
1723 43132 72427 40496 5579 45015 11190 77846 32600 %n15861 9
4436 63433 70998 35780 62400 4774 37848 48859 21833 %n12939 8
36409 47208 57355 15542 58285 59010 80169 52569 %n2836 13
66542 30731 12626 41666 41540 35798 28770 48969 48251 47570 53673 19714 57427 %n9218 10
21990 11776 6612 55355 56929 52025 34152 24160 11922 73863 %n8795 11
72145 58462 54383 1089 56788 9613 109 33017 75269 28999 55736 %n16795 9
29890 58162 75040 56902 12343 71052 24337 76633 75352 %n12087 12
41317 70337 34591 39020 5798 5610 36970 15093 44019 13999 1476 26106 %n1132 11
42733 6106 30317 38934 78234 57374 37806 55405 61794 60570 1286 %n19106 10
14907 41447 51923 44356 66462 20327 69132 3008 29175 31850 %n6284 10
4439 20526 34636 46973 76245 8065 9726 2546 2418 23968 %n17015 6
64710 55938 36617 19453 51568 264 %n19409 7
22462 79058 55715 72719 45476 46087 72560 %n11750 10
78070 74742 23884 17544 41651 70764 53610 634 41020 52600 %n5772 11
72293 36512 64527 79521 59210 44115 14657 21804 31018 5717 49570 %n10594 10
25698 17333 9633 25590 51548 76265 34554 29918 20340 64292 %n6034 10
74684 41140 68784 38313 311 36358 33794 29112 30953 34855 %n7381 6
80295 80566 35036 35143 54384 60670 %n11008 6
69396 38607 8687 27407 10906 46209 %n11689 9
40246 77234 59708 12788 12050 23363 28493 3654 38555 %n12819 7
65578 18894 11020 40024 39467 35330 27523 %n17744 7
69237 1164 45304 21698 29241 79254 13752 %n4985 8
70302 5985 26135 78801 26768 72283 43220 73615 %n19325 5
12559 71631 8519 48174 4206 %n7560 9
32889 8318 7504 51383 77922 78573 33622 15120 29971 %n5128 9
54909 28603 41522 36953 21808 12713 20880 51031 38299 %n10488 4
54222 28282 14382 9694 %n8302 4
48976 32004 72843 68048 %n10538 7
70178 15353 43285 78854 4856 29955 42492 %n11369 9
30222 38853 40454 18301 80719 62269 66513 2260 15911 %n17803 6
13255 58159 70409 14347 26695 18193 %n12772 5
51537 48617 46106 42863 12125 %n5233 8
18921 49292 44564 13367 30724 25724 70589 20724 %n12036 2
18080 29892 %n17556 6
67099 62317 2858 2254 19770 36949 %n4269 7
17806 33621 59726 22315 72574 9645 9117 %n5462 5
46418 44232 43521 38001 31829 %n1958 6
40901 32082 62766 36499 11877 8301 %n7710 8
3962 39356 35956 75575 13286 14140 31786 74434 %n17622 4
32084 3405 56604 44027 %n8879 5
77613 31525 64299 77097 80015 %n17714 4
63957 71956 59624 4116 %n179 4
50869 63610 61835 54372 %n12695 3
40404 62681 32184 %n2294 5
74533 60698 51215 51455 47735 %n9756 2
37692 28986 %n12832 5
52618 77387 52220 5442 21518 %n10178 5
13276 11969 62744 25446 43188 %n4908 5
3863 74133 48461 68714 8652 %n17034 5
50992 8754 78533 7068 51279 %n7204 8
37773 15914 54730 60527 62115 11131 73904 75460 %n4511 7
4745 19007 18733 28621 36849 6452 61636 %n16600 5
3785 35387 76530 74239 70739 %n7227 4
70092 36493 9793 32042 %n13036 3
76950 62949 30027 %n19813 6
13488 18562 3111 75305 6312 43796 %n14413 3
6835 1098 72191 %n10933 3
6463 11299 66558 %n18947 3
1896 53599 71260 %n4414 3
81034 62798 9208 %n7902 5
54408 46008 48391 49904 9693 %n11237 5
75284 43517 8852 65287 11687 %n337 4
9999 32589 23944 40300 %n7473 4
67017 17693 65337 37827 %n18031 3
74324 31767 76692 %n4128 2
816 62031 %n3309 3
59548 31630 31660 %n2229 4
65336 57076 49221 18770 %n16006 4
39841 43703 52522 48775 %n15896 1
9010 %n3669 3
69704 20942 12742 %n17033 1
73302 %n19630 3
51833 30888 16746 %n15433 2
56709 2419 %n4614 2
21365 79720 %n8465 2
51564 34244 %n2178 1
32111 %n4210 3
9515 30052 8583 %n16723 3
6192 21949 69052 %n17871 4
58220 53441 10664 27911 %n16769 3
2121 38508 10837 %n4544 0
%n3618 2
65771 13957 %n14909 1
5665 %n9493 1
17970 %n7712 2
32080 17013 %n6311 2
20166 26413 %n17627 1
55790 %n1437 0
%n12730 1
16582 %n8627 1
65728 %n5303 1
69454 %n16286 2
31267 40373 %n154 1
15303 %n19165 2
56740 51634 %n13760 0
%n5761 2
40640 20155 %n6979 1
17558 %n10777 1
41649 %n10864 2
40233 23749 %n16147 1
5694 %n4680 2
10841 2108 %n4612 2
78073 16231 %n344 2
78379 4954 %n18359 1
16909 %n13335 0
%n3074 1
14856 %n9467 4
50322 34896 43748 77412 %n4940 1
39601 %n16530 1
35206 %n8646 1
67287 %n19839 1
50085 %n17909 1
63344 %n15578 0
%n4125 2
20030 45308 %n11960 3
42344 60551 55370 %n17756 1
22786 %n161 1
12955 %n3994 1
40484 %n18043 1
72673 %n5609 0
%n9647 3
56121 20533 671 %n12561 2
38792 66362 %n1476 2
45585 64567 %n13205 1
41324 %n19220 1
11082 %n12012 2
53248 41134 %n18055 0
%n6481 2
39202 23130 %n3806 0
%n7128 2
61365 49003 %n13503 2
79357 36028 %n12363 1
77306 %n5747 1
38610 %n6342 2
1719 76228 %n2491 2
61488 58440 %n18792 0
%n6058 1
63887 %n7376 0
%n7064 1
40606 %n11097 0
%n18871 1
21196 %n707 1
34845 %n4959 1
78427 %n8675 0
%n19519 0
%n4749 2
66706 67405 %n5113 1
20083 %n12412 0
%n10157 1
40426 %n16059 1
42625 %n9348 0
%n4801 0
%n15656 1
38570 %n15587 1
32328 %n12184 3
8783 53693 47276 %n14974 0
%n19421 1
11085 %n3783 2
69144 48696 %n4293 0
%n9843 0
%n17273 0
%n375 0
%n7193 0
%n11672 0
%n9076 0
%n516 0
%n14326 1
33812 %n8258 0
%n7505 0
%n10878 0
%n15504 0
%n17031 0
%n17576 0
%n11688 0
%n16796 0
%n9863 0
%n16113 0
%n15591 0
%n9959 1
25463 %n17730 0
%n19395 0
%n5547 1
7968 %n2246 0
%n12538 0
%n6546 1
37361 %n12195 0
%n4740 0
%n16392 0
%n6647 0
%n1013 0
%n12811 0
%n8289 0
%n16097 0
%n14103 2
51838 17490 %n19042 0
%n9213 1
67726 %n10717 0
%n11976 0
%n10061 0
%n7523 0
%n2702 0
%n426 0
%n4865 0
%n14740 0
%n9002 0
%n988 0
%n8966 0
%n476 0
%n19091 0
%n4519 0
%n19809 0
%n9946 0
%n12666 0
%n11130 0
%n1561 0
%n5015 0
%n19808 0
%n3912 0
%n18650 0
%n12398 0
%n1773 0
%n10161 0
%n10414 0
%n2777 0
%n1939 0
%n11091 0
%n15654 0
%n13730 0
%n16855 1
50722 %n5295 0
%n16262 0
%n13623 0
%n10730 0
%n9742 0
%n13466 0
%n19433 0
%n6454 1
32350 %n19747 0
%n8684 0
%n9673 0
%n376 0
%n7255 0
%n13319 0
%n4592 0
%n7120 0
%n18466 0
%n8485 0
%n1428 0
%n3670 1
74635 %n2109 0
%n14657 0
%n12979 0
%n970 0
%n16700 0
%n6758 0
%n9634 0
%n6892 1
59491 %n16885 0
%n10555 0
%n3062 0
%n4554 0
%n13013 1
20535 %n2648 0
%n18131 0
%n16815 0
%n861 0
%n16076 0
%n15268 0
%n10581 0
%n6079 0
%n18810 0
%n13107 0
%n9255 0
%n10125 0
%n5851 1
70718 %n13978 0
%n16409 0
%n17882 0
%n17589 0
%n5983 0
%n11683 1
71504 %n13743 0
%n4822 0
%n1405 0
%n10883 0
%n14012 0
%n16862 0
%n15889 0
%n18734 0
%n7651 0
%n961 0
%n18764 0
%n6957 0
%n11561 0
%n6008 0
%n8961 0
%n14706 0
%n6840 0
%n18670 0
%n18711 0
%n5908 0
%n4410 0
%n8743 0
%n9192 0
%n9612 0
%n17875 0
%n17250 0
%n19041 0
%n2753 0
%n12124 0
%n14079 0
%n18234 0
%n3789 0
%n593 1
57358 %n19823 0
%n8861 0
%n14658 0
%n19622 0
%n0 0
%n172 0
%n17077 0
%n14389 0
%n6821 0
%n8715 0
%n14857 1
4949 %n9703 0
%n1298 0
%n3469 0
%n8399 0
%n19633 0
%n153 0
%n4653 0
%n4190 0
%n11702 0
%n16212 0
%n1026 0
%n18066 0
%n10839 0
%n12091 0
%n18740 0
%n9888 0
%n9102 0
%n18351 0
%n2408 0
%n3344 0
%n2145 0
%n17633 0
%n14383 0
%n17594 0
%n5656 0
%n13306 0
%n18424 0
%n1549 1
21976 %n3461 0
%n11080 0
%n8475 0
%n1287 0
%n14476 0
%n7814 0
%n18025 0
%n15060 0
%n10295 0
%n5458 0
%n1449 0
%n7183 0
%n9198 0
%n16456 0
%n8564 0
%n8657 0
%n12716 0
%n7891 0
%n2583 0
%n19842 0
%n8248 0
%n16562 0
%n4971 0
%n2874 0
%n10173 0
%n13124 0
%n6273 0
%n3791 0
%n2262 0
%n19283 0
%n2306 0
%n16607 0
%n