81
3318 182
43879 8832 19685 28293 8608 81398 41527 64701 91205 91693 15248 74418 67674 40066 48503 61589 96384 58817 39224 47598 84023 22098 33063 73798 62900 52213 16164 57763 57612 97440 90349 79639 18170 18194 42477 57935 85749 64218 2067 32906 43790 95175 40358 78373 55608 43667 76489 86984 58151 34676 69665 31232 76057 51705 37742 84349 74281 3595 97041 60193 12975 97693 19365 32375 85281 62457 37608 79868 62381 60951 84400 86309 40005 52680 22460 40173 85093 17569 19730 60629 12405 5646 3113 15465 91109 12307 24685 93138 91449 90517 16279 90436 60088 67333 13764 53583 60282 5022 15704 50076 70491 67235 54140 8932 69700 52795 88640 95119 9325 81727 84695 67893 71440 6511 94230 16005 83784 98459 46620 54942 42226 60185 90878 78302 72988 7008 33573 77442 61216 42321 78353 53327 35511 28724 77578 8198 49241 7148 725 79528 86046 81699 62466 78581 30437 61576 67901 14880 17182 25671 36452 34847 8921 71653 69832 42146 56113 83953 57673 24827 74380 89361 63774 37531 33668 39414 14581 89315 77279 8910 25780 64031 22474 302 1977 77693 53866 16449 33009 63898 66101 31871 %n980 145
38643 10148 91245 54795 60976 74879 8346 60932 74197 68733 16206 35879 34188 78715 46362 24088 67069 7395 18412 32298 1974 34868 87311 36256 79298 75767 78903 16075 4539 60835 60974 31201 21833 38188 1636 16579 95748 49377 24945 95068 16611 83845 19422 80196 14699 56950 48731 63816 41364 31870 83505 72187 7413 94430 7663 845 72021 65117 15793 26190 49886 38842 23796 38841 6392 40569 43632 24509 92209 90217 49904 95557 62062 30788 53727 68903 91343 66620 81590 35022 104 17712 94391 24449 48979 36449 58371 19407 62715 78190 27583 43980 28339 89044 96499 89442 45910 77428 73621 46561 89900 19078 40593 24091 63398 12863 76900 58329 97388 59747 20532 81989 69781 31171 50091 84255 66235 5703 23063 72065 14373 58970 59523 33533 83805 87499 36194 59703 72705 31744 48630 9484 34738 45737 31952 55894 61209 83290 86993 27513 42959 86288 98486 93080 86021 %n1277 106
62048 76260 85999 62540 14304 13711 14486 22064 28557 87357 46660 18846 66756 63098 85148 53658 28712 97812 51199 88558 43847 64681 61596 31571 54470 58685 71732 85598 23842 39126 88226 77805 56319 18771 59422 64264 64792 90703 31499 64774 22533 58357 79808 65244 71783 63119 14988 66053 75580 87765 3665 24388 95675 15824 63047 74640 33667 3016 22284 956 43486 10625 54053 18818 70833 19008 5408 29737 92672 3529 50098 29412 58195 58380 58524 93358 88374 96157 4248 14747 53574 6342 66377 68830 97606 45053 18105 89187 67798 26070 27198 62748 39555 91242 18626 87989 8992 93939 40080 17341 12874 17326 58907 85358 84253 58282 %n954 86
18451 48657 31285 7039 61536 54207 31527 10611 79360 85107 40491 60727 99129 64422 16437 7044 20245 18703 31635 78486 75778 7640 496 90326 82084 89386 66267 37269 46166 54883 15382 42183 50060 33866 35185 17691 99122 40063 95264 84672 4367 7388 13081 95398 58619 94910 63187 34562 78463 68739 67404 39920 82850 39949 74326 37596 56594 13914 57795 9001 2667 31716 9349 65527 44394 43434 66414 69810 97406 48844 89818 41918 53912 61648 12406 18640 85780 46747 89700 89191 1896 74606 29471 89847 70574 53579 %n1498 65
23137 1928 28992 21629 10199 98646 98705 70619 36915 43798 87434 54614 20986 24620 80942 25786 73679 51904 41488 79582 68367 56226 86417 18996 21114 9294 61893 62847 14997 37617 7001 18436 12318 30896 42960 98853 20358 6635 49327 99468 5728 72991 13679 38451 63105 63585 4427 63605 47157 73795 84803 59519 62001 69929 35528 90986 88007 26729 79489 10885 15260 30476 79152 81034 35206 %n4920 53
72587 97896 83878 29170 96867 1053 30257 38164 73271 78529 59537 73253 23046 15399 13354 42276 1419 6494 84128 42253 62237 46259 34714 93491 66859 93347 34610 48682 94120 62812 69693 2856 67109 6492 27798 35859 3316 89433 25290 94123 19793 48276 10870 16939 99562 26939 16861 25968 75857 5533 5810 31252 93729 %n4119 40
16214 31042 52821 9032 76654 36122 7714 86782 60318 65534 41382 9610 19185 53213 85011 87190 52579 25730 24742 22515 98501 31554 15720 80882 48416 35886 46519 65775 30820 78842 97451 77905 32423 47314 99445 93919 20438 48593 66726 43936 %n4772 39
49441 47905 92117 60823 78890 55387 53225 38507 84592 96951 73887 83271 3234 33416 99381 88126 57312 3201 6808 73747 41960 84555 14698 51023 80277 57869 52676 7996 28867 89147 67380 5325 54087 23868 18472 91889 69363 17629 32089 %n325 24
45156 16638 69150 79075 76553 82096 60297 86124 84230 57111 93015 23261 24434 85211 50139 77970 51657 7198 33058 91491 73797 96641 39811 74348 %n2563 29
61057 83788 37819 4726 99035 63368 95071 50903 87902 31642 53264 64680 81126 5139 81480 99201 2248 23539 53703 17794 89932 34076 24368 51861 80967 23624 40055 39563 32717 %n4747 14
54939 68691 59698 82693 72813 8634 40031 22231 3104 65357 9631 34039 39111 41278 %n5100 9
4009 89574 8430 88120 45599 99937 72155 1184 89649 %n4370 6
72216 38346 21289 4495 98342 71901 %n4711 8
44614 70987 74282 46860 10919 63824 33355 77240 %n4042 8
86006 54511 40560 76019 87316 60311 27541 19174 %n428 11
53575 42091 6255 26966 85864 15561 46972 67015 98073 51658 60470 %n550 4
77893 94840 70881 73990 %n1365 3
89948 85897 96454 %n843 2
89335 63449 %n1888 2
99133 62852 %n3401 0
%n2946 1
1594 %n299 2
49421 6004 %n4941 2
27731 63379 %n3690 0
%n2051 0
%n4154 0
%n984 1
35192 %n1054 0
%n5181 0
%n3753 0
%n1668 0
%n502 0
%n4187 0
%n189 0
%n3921 0
%n1699 0
%n5330 0
%n5373 0
%n4975 0
%n2500 0
%n2823 0
%n3390 0
%n5078 0
%n3830 0
%n1514 0
%n847 0
%n3727 0
%n140 0
%n1301 0
%n5180 0
%n5489 0
%n348 0
%n3801 0
%n2527 0
%n1916 0
%n2870 0
%n873 0
%n544 0
%n3540 0
%n850 0
%n3849 0
%n4965 0
%n270 0
%n4578 0
%n4700 0
%n2585 0
%n3216 0
%n2180 0
%n1645 0
%n1794 0
%n3229 0
%n5484 0
%n3561 0
%n4364 0
%n515 0
%n1444 0
%n844 0
%n985 0
%n5010 0
%n2840 0
%n