253
8608 16
7515 8224 30188 61486 77569 93640 63778 32369 44474 5638 7391 63918 11972 30523 32898 81587 %n6220 15
81267 56417 2493 84868 30149 27265 773 34229 29976 54694 24470 63659 87324 88994 32103 %n7000 16
3860 35149 32541 69579 32483 79893 48350 6575 11322 91916 77183 52116 93371 67191 45685 59067 %n7549 15
56338 73817 75303 13468 93451 32379 52013 76723 61480 74898 15773 58374 17975 57236 97332 %n9365 14
90600 23414 13665 77103 78902 86964 8007 32543 55260 58414 87866 92491 6181 83950 %n2541 16
16178 17198 31424 29525 93178 38616 19529 1070 15855 49545 12599 92400 11910 11351 87344 74893 %n4308 16
9785 31430 93327 53903 7818 36738 43903 67033 24577 21710 69859 90433 59461 29108 98504 25501 %n9234 13
23204 14050 42282 2203 92352 84280 7180 30736 62600 80572 27682 7706 66997 %n8323 12
46333 22163 74065 60144 35716 38947 63728 71167 2285 3479 32032 95537 %n6843 11
29085 56909 4613 68026 29546 3724 25550 29072 43122 50643 28100 %n7823 13
34569 87769 72296 80554 40533 50156 90752 73464 41063 86043 23186 61281 59202 %n2627 13
67019 75497 94624 79228 87743 42281 36808 75197 33965 44429 40423 76673 19898 %n292 12
72203 40694 40398 19209 12886 42100 92232 40629 17762 13015 8278 21587 %n7073 12
97170 90390 42169 96566 32994 96900 88019 26903 74327 68503 13274 4669 %n2767 10
46646 5459 41490 63505 10069 82523 49615 8196 2452 88650 %n1137 9
98753 52490 15313 39282 14435 24536 94875 18274 63290 %n633 11
59419 36959 17472 81619 22034 57771 44338 39535 35996 98710 1952 %n4874 8
80989 43944 94884 46325 66909 3502 68935 38403 %n772 6
89268 76366 46406 42523 12559 47717 %n6734 7
31106 51285 49298 51556 57216 68273 5466 %n7338 11
27813 70575 3981 69179 63456 32958 61444 66652 6337 53106 35602 %n3204 6
86550 8659 55951 70475 47730 63959 %n6786 10
50827 23586 61196 50832 30160 44658 38893 13046 96052 57954 %n7385 7
31149 48315 245 26265 94135 66153 64003 %n5877 8
10302 93109 31244 45624 5829 84637 89603 35178 %n4969 10
28446 59696 89894 7379 79495 51171 85734 95167 22903 61708 %n2273 13
5479 34107 97567 50724 93476 16529 7813 91979 60044 52177 21693 22284 91804 %n8823 7
98084 80510 86537 40794 25964 51634 72580 %n2827 7
49943 54934 41771 39226 28676 18111 81775 %n9673 5
59308 7575 29660 35003 91107 %n8240 8
91692 52214 72920 59420 51329 79330 4631 27268 %n3446 6
15325 10259 56082 76328 61722 77962 %n7384 9
18841 68174 41045 75590 80242 2603 81737 28336 59022 %n6517 6
40193 39922 4600 16231 64430 76819 %n7786 7
33873 82230 32192 1243 38526 79804 75755 %n8163 4
39764 39799 9328 94260 %n2899 3
71422 4730 49191 %n3876 6
24140 53601 28688 19890 69850 3030 %n3866 5
19605 18410 14752 37554 54841 %n4859 7
56703 3928 62751 4041 44657 88059 26818 %n709 3
67142 27074 66273 %n8316 3
64968 51740 22091 %n5581 6
25405 39214 79641 98020 80981 51873 %n9881 5
15213 12035 17216 96454 50501 %n5103 5
36363 30090 75128 61102 36485 %n7224 4
33995 50120 73438 22204 %n9122 5
14049 53715 69068 86695 48338 %n705 3
83092 8451 61163 %n4135 3
97158 9865 75082 %n7555 1
70202 %n3584 3
47553 18599 19437 %n9300 3
5279 36417 16528 %n2363 1
55095 %n5550 5
62047 56320 16270 88098 45928 %n1846 1
50011 %n4886 1
18911 %n2001 2
21128 11020 %n1393 2
26430 86050 %n5188 2
64384 21506 %n1192 7
98499 26318 32220 61543 20548 8709 55177 %n1331 1
4778 %n519 0
%n9560 2
16259 1099 %n7238 0
%n6794 4
34684 36630 70174 18378 %n4797 2
78144 6937 %n9683 2
20804 67199 %n6010 0
%n6748 2
86762 76479 %n4454 3
34624 84717 71307 %n4164 3
79845 59016 2758 %n5971 1
67028 %n1757 3
58746 59513 3264 %n4187 1
15470 %n3292 2
70289 55519 %n7993 3
36661 60803 40810 %n4792 1
97483 %n3590 2
27601 47986 %n6887 0
%n8294 0
%n5354 1
74207 %n7565 0
%n4789 1
35385 %n1825 0
%n3378 1
81052 %n5966 2
14907 32587 %n2252 0
%n9150 2
44861 86528 %n6673 2
18054 6667 %n4636 1
38777 %n1546 0
%n8856 1
64659 %n1750 2
59977 43158 %n2644 1
20133 %n4128 0
%n5205 0
%n8808 0
%n2994 1
76862 %n5668 1
84212 %n3893 1
9871 %n5152 1
77225 %n8367 0
%n5522 1
7394 %n4897 0
%n5443 0
%n4195 1
448 %n5723 0
%n4268 0
%n3316 1
30301 %n6349 1
60361 %n6698 0
%n1908 0
%n3441 1
21265 %n7718 0
%n6022 2
77172 67541 %n8838 0
%n3902 2
45886 74578 %n2566 0
%n6647 0
%n5221 1
91868 %n2091 0
%n6456 0
%n4962 0
%n1383 0
%n3974 0
%n4548 1
48081 %n7126 0
%n1378 0
%n1138 0
%n1314 0
%n5479 0
%n4448 1
6255 %n6446 0
%n3186 0
%n7479 0
%n6272 0
%n3128 0
%n8586 0
%n9006 0
%n8603 1
90411 %n7162 0
%n6620 0
%n8385 0
%n700 0
%n1725 0
%n9903 0
%n9745 0
%n5756 0
%n1635 0
%n3114 1
37564 %n6116 0
%n7186 0
%n958 0
%n4245 0
%n9689 0
%n5283 0
%n5332 0
%n8906 0
%n1969 0
%n1578 0
%n4609 0
%n1890 0
%n1624 0
%n8506 0
%n1686 0
%n7858 0
%n5084 0
%n2062 0
%n1632 0
%n1950 0
%n8925 0
%n8275 0
%n1709 0
%n9890 0
%n9652 0
%n3213 1
68526 %n7924 0
%n7779 0
%n9073 0
%n1926 0
%n4551 0
%n3895 0
%n8897 0
%n518 0
%n8218 0
%n4058 0
%n6605 0
%n757 0
%n109 0
%n468 0
%n2559 0
%n3220 0
%n744 0
%n9123 0
%n8640 0
%n107 0
%n7948 0
%n8767 0
%n6261 0
%n5737 0
%n4170 0
%n7664 0
%n5337 0
%n1073 0
%n8691 0
%n2916 0
%n775 0
%n474 0
%n4 0
%n7263 0
%n6598 0
%n2597 0
%n7138 0
%n1242 0
%n2575 0
%n741 0
%n8343 0
%n2262 0
%n5396 0
%n2551 0
%n5278 0
%n6961 0
%n2681 0
%n8824 0
%n3762 0
%n7895 0
%n7277 0
%n819 0
%n4476 0
%n2373 0
%n263 0
%n1112 0
%n4570 0
%n1972 0
%n8044 0
%n42 0
%n1247 0
%n9275 0
%n6383 0
%n7422 0
%n6675 0
%n501 0
%n1909 0
%n754 0
%n9821 0
%n7104 0
%n4294 0
%n8389 0
%n985 0
%n7713 0
%n2447 0
%n6470 0
%n2421 0
%n