23
7534 124
14841 17967 52693 51945 39445 19879 15916 11106 9753 49997 19446 29095 39588 16546 29403 8389 31988 56327 21659 55114 1408 4139 30139 30126 38865 20825 6149 47490 19725 52560 47871 8262 42031 25940 46205 12234 20679 26223 55044 50855 31120 31742 14819 6468 40322 42159 11659 35215 31509 4582 1123 8570 12512 32434 22276 48543 18727 33583 36337 17588 52407 822 49097 49579 12997 7457 48823 41865 56931 41480 52680 39282 43817 21384 3793 22210 14270 2249 50950 35727 20876 25738 49156 43476 11724 16229 33053 52463 20612 25538 30387 18333 45785 44317 35620 24398 11862 26622 20047 18007 7427 1023 42985 43134 27146 2557 41510 24989 16277 14810 3250 53850 32250 3252 55572 27832 51382 5691 47530 56563 13493 22595 45001 41860 %n511 60
33212 29764 37721 26832 18219 24196 13855 47205 27242 21739 33621 9148 49623 55411 13764 41854 14300 40774 249 47194 7977 46201 18858 39122 32205 21445 24812 20377 20145 52183 36320 3304 7351 54546 21660 25172 44312 18979 13137 55023 49981 173 15179 4200 14807 44461 29946 45699 25981 29035 32113 35176 29336 29120 30111 6645 42658 10150 55087 55716 %n123 19
16580 2820 43457 19375 1337 6535 55378 34365 40395 33675 19882 43936 47404 6623 41331 39897 43763 5753 52962 %n6168 5
23885 17261 42713 55477 19174 %n7938 6
38760 41839 26576 12371 37205 41656 %n7318 2
36311 21723 %n2266 2
48962 5040 %n3414 1
49686 %n820 0
%n4582 0
%n6382 0
%n5248 0
%n4943 0
%n7715 0
%n5228 0
%n6139 0
%n7429 0
%n736 0
%n7889 0
%n2969 0
%n7216 0
%n2703 0
%n7831 0
%n