124
1241 13
78484 70643 43695 84633 36001 64501 80440 40688 61880 57608 59738 21203 48525 %n2770 13
80540 29226 54661 13374 75867 87972 83390 34821 39667 36224 28913 506 97012 %n5460 11
58871 88390 33751 77465 60836 21111 46560 64692 17171 59536 65816 %n6482 10
79896 97449 21744 46036 79777 86586 12062 61181 84196 24111 %n2212 10
11189 50684 96711 90044 22072 67806 64455 80337 52076 86970 %n7013 9
17038 93911 42959 60291 52706 24206 66105 29203 99999 %n8132 10
30778 84138 17659 46760 28868 83310 66317 73975 59444 53050 %n8267 8
26500 37950 70027 17007 2531 57959 20441 25553 %n9714 11
94774 36793 24285 58815 52425 47567 98923 71598 91191 90395 37915 %n10007 9
39173 95126 64378 92938 85018 67593 28725 96525 42364 %n7731 7
85341 56330 60977 92168 46744 68351 33932 %n2769 5
95172 85156 14038 22041 90216 %n3861 10
91653 99211 90664 81895 32895 14160 26167 2704 37293 81607 %n2915 6
93357 5155 6736 823 88078 70237 %n9927 5
18001 32604 27873 75497 65266 %n6601 10
98954 60417 91300 16383 97100 61459 58753 62674 15410 94571 %n2107 8
84822 91573 2436 48271 9854 73869 79117 20905 %n6751 7
72381 8656 13463 74136 13065 64514 69683 %n4629 8
21044 83704 88455 18936 54902 19063 77241 35986 %n10093 5
33844 42225 61605 89452 51624 %n4163 3
55177 99099 71943 %n1408 7
89512 64416 52208 42421 16177 26795 719 %n9247 4
5007 17884 73293 58535 %n1421 9
2629 19412 74409 86833 81151 34325 6835 91557 65570 %n9475 8
79615 84496 28903 58637 74942 54959 8217 50026 %n2745 5
296 12014 15248 56588 73169 %n1364 2
91121 25492 %n2491 5
99176 85893 55638 29232 28587 %n5004 3
75835 57157 44957 %n7504 3
98623 56182 8075 %n8825 1
21627 %n2868 8
20778 50696 28464 28580 11520 85817 38261 77085 %n7877 2
67613 39967 %n10762 3
77896 2174 40008 %n9102 4
99712 1590 53083 53353 %n2672 1
45213 %n5177 4
50353 84328 45197 76237 %n6202 5
70640 19385 88648 8389 22291 %n4702 3
28715 61570 84173 %n4248 5
32695 63474 83503 32464 67005 %n6529 1
54772 %n9493 1
44160 %n9099 3
66388 64774 63590 %n2994 1
10026 %n9672 3
78947 17300 32995 %n5485 3
21628 20234 15834 %n5338 2
7252 5138 %n3244 2
61529 60884 %n955 3
48684 85661 85541 %n11092 0
%n10475 4
61502 96350 69178 61588 %n6187 3
10382 66549 60457 %n2561 3
5885 23417 17310 %n8753 3
10286 44074 96703 %n4607 3
7243 22705 25755 %n8812 3
62665 71363 19673 %n10590 1
11631 %n2611 1
68199 %n1454 1
42089 %n4781 2
68841 51826 %n1757 1
71716 %n5441 1
61677 %n1787 1
10202 %n994 2
9652 57571 %n9477 2
77046 75114 %n6231 0
%n2220 2
43238 72499 %n4403 2
81604 16262 %n3818 0
%n558 0
%n4756 0
%n3183 1
25959 %n10422 0
%n3377 2
94107 55369 %n3335 2
60659 44631 %n686 0
%n1981 2
45674 57926 %n6115 1
75572 %n7630 0
%n8775 0
%n3628 0
%n2477 0
%n1059 2
21076 41634 %n10124 3
59392 26608 11086 %n598 2
57253 35024 %n10515 1
34369 %n5063 0
%n6397 0
%n9004 0
%n6780 1
31308 %n4453 0
%n6772 0
%n9017 0
%n3400 0
%n4851 1
29487 %n8204 0
%n6598 0
%n8962 0
%n10122 0
%n7463 1
44327 %n296 1
90563 %n10076 0
%n288 0
%n2665 0
%n412 0
%n8906 0
%n8292 0
%n1061 0
%n7656 0
%n10016 0
%n9140 0
%n9548 0
%n11085 0
%n10654 0
%n6059 0
%n3062 0
%n9791 0
%n10098 0
%n5438 0
%n314 0
%n2047 0
%n4237 0
%n7703 0
%n4984 1
83197 %n