136
6299 22
13353 6801 20072 16653 56107 13885 18978 28806 53718 49193 50702 15742 78114 6899 23169 50636 37843 23060 67949 7288 3499 1114 %n7373 20
69691 58833 26672 1670 16233 33096 55780 63914 51208 45154 57262 17576 30424 73000 8346 28381 53614 35053 21124 58421 %n6089 20
31441 3351 65395 23915 69226 46761 17983 58552 17145 37831 57306 39236 24521 49049 61693 58134 1865 58276 29226 45859 %n6549 18
63674 58191 27706 12987 76763 3985 69890 15774 56838 66035 59199 8338 8115 57964 20029 65811 49113 16225 %n245 21
15425 6226 39156 22966 40604 1637 43472 30922 324 3512 32937 28816 65245 29461 4535 49128 14749 61108 44440 20614 6425 %n2726 19
70328 10887 64803 2472 38282 8024 44572 27279 29491 68418 43018 20050 32364 41588 17909 44846 44904 22472 20230 %n767 16
35172 76814 27534 28418 12553 5597 60136 75606 46302 53605 3762 65350 73163 76591 71916 46863 %n4674 14
65204 27467 56067 41786 33906 39672 39051 5377 61934 53131 63292 9792 63937 20723 %n3605 12
35993 39510 18132 59262 25162 61813 1123 48767 34470 13764 57138 45180 %n7293 12
67139 559 44237 18119 48070 66634 19030 34399 35226 9034 71358 33582 %n7682 17
23068 46602 73241 44327 62496 14338 37064 26690 77907 61153 20372 22515 69707 775 31374 43342 17013 %n6303 15
46866 50020 64426 13169 42001 14126 61316 65891 74048 53484 10793 22262 44508 47108 56894 %n3334 5
2126 48494 19320 49539 34472 %n145 14
75877 39876 11584 69762 26941 68256 51527 58871 74874 41489 49291 45385 53997 67741 %n6795 12
55923 34758 36636 41830 32657 30221 16555 5875 24304 68668 62401 34154 %n4556 10
40479 34421 66181 2268 67604 7571 11704 16789 59049 18920 %n4307 11
8581 13747 64067 36306 48025 67521 21565 25949 23558 70356 35887 %n351 6
39528 69479 43351 46175 40664 42535 %n6129 9
60801 76134 16170 63733 36579 25864 64640 15095 69897 %n787 7
25773 15309 67170 12697 71649 32968 44462 %n559 16
37268 16865 67129 37194 64603 62349 77616 52928 43150 73159 2363 73530 9044 24199 71605 18059 %n1920 9
53309 75749 73091 25123 58713 57682 42276 71973 49170 %n7010 9
14877 73088 63908 71545 58719 32080 32444 53401 74188 %n2325 4
49474 28241 30117 57812 %n1866 2
76207 31769 %n3858 5
22399 18498 30406 27956 16934 %n4467 8
2712 35291 8008 12938 71381 56302 64826 3480 %n4218 7
58664 25102 59274 36880 47733 50428 59327 %n5034 3
28356 64053 76998 %n206 9
36214 48746 63577 51333 60347 29886 66477 26351 51503 %n629 5
40023 60786 47411 14297 28375 %n4333 7
39483 47537 36670 47119 71249 26549 3357 %n1835 3
46194 51591 78213 %n4699 3
61751 22174 2872 %n6688 9
66126 63542 16948 52681 54830 59381 51148 34676 8663 %n7255 3
4124 33200 10665 %n1290 3
51415 9806 66922 %n7784 3
16148 63767 19487 %n4285 4
58497 29388 47281 771 %n693 5
1619 64193 57168 33459 22714 %n1977 4
6290 38894 54650 726 %n6539 2
47415 69077 %n7062 6
54062 42054 484 25557 66193 71210 %n4941 3
43986 10103 68549 %n839 1
62831 %n5597 1
34448 %n5396 0
%n897 2
64565 20115 %n4870 3
12059 54767 43456 %n4216 0
%n3175 2
67627 3039 %n2660 1
71904 %n2232 2
1474 67088 %n664 1
26421 %n3284 1
77317 %n7667 5
59723 67557 36618 54398 20268 %n106 1
34634 %n3970 4
31840 69140 48118 72066 %n6616 2
52027 43610 %n608 1
36293 %n5574 0
%n3045 0
%n499 2
14659 30799 %n5141 0
%n1064 2
46735 34632 %n3501 0
%n2060 1
9988 %n7320 0
%n1893 1
25913 %n1609 1
45030 %n1053 0
%n7900 0
%n155 1
71648 %n7773 0
%n6743 1
38809 %n1381 0
%n544 0
%n53 0
%n975 0
%n4643 1
17050 %n4276 0
%n4927 0
%n7758 0
%n5750 0
%n1938 1
28150 %n5107 1
25247 %n2088 0
%n3693 0
%n2870 1
13481 %n1055 2
38399 72858 %n5791 0
%n7069 0
%n4987 0
%n2375 0
%n2071 0
%n7238 1
10513 %n1180 0
%n6442 0
%n3303 0
%n3277 0
%n5802 0
%n5360 0
%n3684 1
23674 %n5647 0
%n1084 0
%n3000 0
%n2977 0
%n6011 0
%n3477 0
%n6455 0
%n721 0
%n5881 0
%n7495 0
%n6018 1
40952 %n1706 0
%n1869 0
%n6869 0
%n5553 0
%n5772 0
%n1201 0
%n683 0
%n333 0
%n5712 0
%n2492 0
%n7899 0
%n6623 0
%n6682 0
%n913 0
%n3222 0
%n3193 0
%n3026 0
%n7073 0
%n7249 0
%n4383 0
%n1584 0
%n2334 0
%n