48
89 98
37604 69779 29450 97448 62518 84816 29772 86654 79518 95149 27752 70856 40280 21413 23608 13127 63402 75104 87363 70748 19970 91088 94574 41860 5631 13498 40843 92217 56379 76985 99803 77059 55555 69827 94261 84302 84082 44773 73029 82372 1691 22353 40611 25776 83493 11626 53805 6324 61699 88750 59150 7555 93966 89763 86928 61085 53440 50219 99927 57882 30281 50312 7473 55731 36456 75735 16263 70377 10464 65017 72887 9001 31503 78852 14086 61126 18831 22480 9588 61394 75251 77197 86154 27553 16088 71602 35062 95588 74854 59336 66008 37964 59242 71074 54569 6225 30736 76747 %n1168 88
25244 94496 628 93773 41351 48400 55458 27103 90734 92133 72575 37603 41436 13470 32745 30198 32937 73390 18296 93999 68880 88162 91111 32128 59794 13478 5380 15092 30622 25254 24845 74507 63208 74088 12340 53896 59974 70923 83526 13873 91898 87205 56994 6383 55659 38560 4796 64571 22533 11040 46909 97110 53691 51054 99578 78683 17423 34185 19931 91354 22058 22210 93858 25187 98263 26727 45790 16546 44016 7125 17719 80755 19738 12659 50115 97833 54279 82443 54936 8804 33141 69139 77089 29801 56398 29509 99184 37479 %n5256 75
65194 35494 12562 23159 77333 7492 20814 78015 77912 62471 81486 23955 10652 98403 47841 11400 68115 96495 89273 6984 57784 39970 76873 75724 71969 2809 62926 27886 61823 8994 11357 94820 14986 71882 15978 10866 88533 82424 80674 18878 59296 26030 80466 33462 40494 52444 3406 41190 27804 65731 85461 65644 57342 87461 52640 3376 71727 94219 97662 44757 88174 12543 89097 88054 93254 46115 91008 3283 71625 15859 76848 23710 96932 66487 57953 %n1615 62
34255 85280 86151 70908 16845 5083 42638 59295 89629 36308 20725 55062 80292 18770 48244 32694 76087 9213 13122 69470 72112 58982 23723 99457 92250 46189 8963 65970 26564 50868 24352 22510 13321 13583 73382 96084 12645 91447 67617 57526 64438 1260 51427 6664 47283 76164 11089 55502 93465 84782 77781 46288 51623 32028 98275 52175 88929 93300 18567 94378 63276 68753 %n4363 43
96259 45353 89737 75633 39631 45686 47335 14161 9537 81147 94064 83884 23584 41529 21986 53302 86056 93165 80518 10683 1569 38781 75946 11074 14800 79300 99872 58036 6326 54232 74482 51317 39842 14279 18349 66723 11699 84338 37175 22478 70162 22447 99056 %n6536 39
55423 35811 18631 58498 10509 35700 51497 7502 61528 65694 52478 42664 7440 4142 89931 58456 81455 59541 4666 94942 99550 95768 50459 11726 73480 31456 10264 99581 47629 3289 67015 9867 39537 72863 65603 5461 25575 14728 75334 %n958 40
77745 83586 54426 2370 56668 71617 34527 41530 86818 91330 98824 1036 16831 83587 86891 44153 86293 81286 45412 78405 61338 34264 65253 98329 51292 99019 43534 23614 9566 48973 85986 73275 49213 84617 20419 46504 82673 26431 98432 93335 %n3318 29
41223 21826 27265 99259 70634 16970 58796 89503 82540 60860 47404 90972 39041 96828 48255 82194 41133 22808 78557 15355 53313 89450 79188 38579 64874 28 13055 44801 49925 %n1472 38
73821 92278 42143 56855 25460 90232 5087 71581 43623 78850 52777 95071 98206 81066 65486 50013 48367 95993 88207 20835 18013 52679 3643 45217 86100 99851 64043 4825 25285 33664 2849 99026 35361 28041 23233 71636 39212 38592 %n2875 16
35601 17003 98571 75247 44839 36639 48157 80403 1733 8071 19781 68078 62817 81558 26594 8158 %n603 13
83936 51175 32458 9458 77865 44428 19994 46480 90757 37390 46503 15198 68044 %n1234 22
83337 7822 61237 56861 66488 84425 25420 53289 94114 97805 37002 17226 957 91784 80822 24355 4232 39752 67970 12871 76421 63381 %n4274 16
13435 49087 649 10981 7562 84642 4466 40691 53912 53232 19109 87270 28081 41682 64469 79817 %n227 11
92944 34581 89462 72744 4041 2873 86416 7573 96609 85071 46586 %n2547 18
53686 36109 18007 35165 70233 57498 24270 12957 97217 1513 87581 6587 64205 10488 87845 96108 26112 70360 %n5291 9
48540 77695 52823 10974 44746 45893 10819 93603 53678 %n5827 7
15247 12277 49726 72956 30683 32045 97127 %n4583 2
32177 55901 %n1105 6
36519 26094 46607 98587 55640 60734 %n4974 3
22300 79714 6239 %n5264 6
36450 93132 24945 54779 48164 58896 %n5966 5
16000 55841 74230 75933 87021 %n4217 2
81000 91153 %n3723 1
67006 %n3519 4
56760 43227 37762 80511 %n5408 2
77317 3956 %n5098 1
36122 %n3980 1
65892 %n6557 0
%n286 2
38208 67280 %n5754 1
58543 %n1142 1
80283 %n769 0
%n243 1
95081 %n2517 1
89988 %n711 1
39649 %n2419 0
%n195 0
%n1209 0
%n4228 0
%n4448 1
71804 %n825 0
%n5574 0
%n5581 0
%n6319 0
%n2212 0
%n4118 0
%n1184 0
%n