304
1532 108
19508 173 6543 9989 22873 25462 14470 8422 3468 1373 9622 24957 14416 15926 8007 23169 23292 2330 8286 22029 13175 7610 20657 14642 11995 15078 23463 11473 8230 15499 16120 22454 13202 7037 25367 985 22426 1230 13550 9396 25621 6320 25270 23665 5832 1608 9103 12838 13557 25485 12486 483 1960 10329 25734 16409 11144 18725 23192 15734 22322 21335 21881 1031 12099 24118 12044 2737 3317 24315 15637 4850 5203 21822 21028 23109 17384 17645 8262 20095 22241 25470 24432 24245 12026 5467 14245 7991 24111 20041 8671 15133 16044 8477 23066 22640 20375 9253 5357 842 23785 21972 2591 12729 17325 10806 22504 12182 %n1101 5
4196 16647 3770 5626 9158 %n1754 5
2754 23477 12246 16144 18417 %n2510 5
20598 22049 10478 23578 5172 %n2384 5
2935 25451 6001 22379 14034 %n1653 5
23844 25789 19830 7143 23500 %n1207 5
17997 19376 1800 16495 17246 %n674 5
24330 8746 15270 5843 25620 %n1731 5
267 15406 1378 9876 24139 %n561 5
23060 2180 2879 15996 23465 %n6023 4
5926 21943 6091 7508 %n1063 5
2288 24022 19681 8193 8902 %n7731 4
7299 10051 13153 14977 %n2669 5
15017 9597 20158 15937 11229 %n870 5
18281 20189 6087 7970 14192 %n2194 5
17274 10589 3010 11202 2502 %n2116 5
24125 19259 19032 19000 19279 %n2658 5
18119 16744 20504 9521 16680 %n2977 5
18108 4681 16382 14652 8445 %n2665 5
24922 18506 12922 10542 5833 %n1011 5
7368 9398 5859 7455 9576 %n479 5
23393 3088 8132 18221 22725 %n1793 5
12805 591 7309 5286 15437 %n236 5
10721 24910 13377 2644 10608 %n7324 4
2121 20837 20436 6793 %n5629 4
24401 20647 12732 25160 %n1386 5
11457 8536 18006 4265 23293 %n4076 5
15330 11293 16262 6220 2499 %n4087 5
4461 15134 22495 24973 9454 %n2792 5
3038 19745 15764 19379 9278 %n316 5
10217 7501 23094 25580 12011 %n1548 5
23602 9549 24492 22243 6905 %n778 5
17230 13673 13812 1765 21248 %n3867 5
21377 23542 9788 695 12632 %n1735 5
9062 829 7819 3225 20199 %n3036 5
18782 14794 3545 6090 7342 %n3127 5
6399 11710 17250 11383 15396 %n2446 5
8051 3351 9222 19307 5519 %n2009 5
14983 12396 8140 24712 11657 %n2264 5
3429 4314 23569 12900 23555 %n529 5
6965 18447 25645 15040 17259 %n1314 5
13910 7812 25619 18854 14299 %n2385 5
23706 66 19974 4256 20126 %n3834 5
13292 10242 5587 3085 1263 %n3780 5
14593 4129 6398 164 23814 %n8884 4
23680 21264 23466 16087 %n467 5
14064 13015 25733 7230 17641 %n1845 5
10247 18614 407 18835 2144 %n2609 5
8932 3500 19970 21818 15560 %n1590 5
6728 16950 24615 17270 18857 %n660 5
16923 4961 15035 18239 21336 %n1226 5
22492 6267 25549 14727 11051 %n1917 5
1147 19351 16053 21728 23437 %n3856 5
11586 13635 3343 15441 10684 %n892 5
5868 3367 14283 4639 22202 %n5510 4
14625 17938 2798 6797 %n17 5
308 9792 14875 14203 24273 %n524 5
24349 10891 18909 20550 15399 %n1988 5
11546 8375 18426 22978 14496 %n191 5
6617 10893 6414 4295 16150 %n3917 5
8527 11930 9991 2741 445 %n2579 5
24310 1153 21842 11453 14677 %n3577 5
7952 11261 17803 15409 3595 %n1033 5
24832 6880 7496 24550 4159 %n2481 5
5000 9637 9810 16368 2844 %n3247 5
10006 1278 18128 1901 22784 %n3493 5
1199 8959 4030 12931 7494 %n2046 5
2239 23774 21138 5856 18344 %n302 5
279 20933 21744 7558 6060 %n2987 5
16765 25004 2796 2374 14251 %n1076 5
11427 25272 17612 3045 8668 %n7502 4
1020 12061 6169 22138 %n3122 5
16218 13331 21597 12830 17890 %n4126 5
2572 21781 11009 11957 21428 %n2344 5
1350 23960 7076 12411 2182 %n2260 5
17476 7070 21406 11765 23993 %n617 5
9881 3731 15569 15211 3200 %n2247 5
5673 6941 18824 579 7596 %n1892 5
8266 13946 23353 20252 8145 %n2355 5
21684 3187 23748 6815 16898 %n1923 5
19280 15252 15626 13468 21341 %n2213 5
15218 18250 2997 7386 1495 %n662 5
3596 23637 13166 16433 4330 %n1311 5
20766 9484 22673 5341 19575 %n1918 5
7498 7924 8667 3705 11195 %n1303 5
14130 21364 2507 21730 24301 %n2582 5
13817 23451 16524 2377 18959 %n1550 5
12200 15251 15866 16349 1428 %n2679 5
14370 10002 6401 8766 16529 %n3531 5
7110 410 12197 23377 19146 %n3694 5
16448 2079 12101 6491 15894 %n180 5
3111 18205 12673 909 2783 %n573 5
7377 13651 13100 2836 6198 %n533 5
19552 23590 23454 11800 4435 %n1071 5
5628 1056 5790 1626 11583 %n1433 5
21817 18255 17816 10995 24383 %n2747 5
20058 2475 25166 15553 23467 %n2202 5
23529 21020 8144 16432 10586 %n1097 5
16521 19964 2745 11680 25752 %n1492 5
5421 18333 2327 4122 10205 %n4075 5
7578 21349 7546 7146 21924 %n3003 5
4813 21955 13255 20132 15698 %n325 5
13141 18619 13108 4642 18626 %n1484 5
9000 20993 3005 16403 21177 %n1869 5
25494 16457 25069 11968 4603 %n311 5
1972 11364 12321 12230 9963 %n1856 5
18227 24895 18313 6465 7320 %n77 5
13903 13262 22096 7758 20964 %n6517 4
25648 20327 22069 16203 %n437 5
5566 19321 23238 678 21376 %n3293 5
1505 24913 18880 2605 24331 %n3101 5
19829 22756 22089 14088 2991 %n1853 5
1066 11068 22045 4973 14923 %n1340 5
2622 15993 7937 3658 9753 %n4018 5
4737 24559 592 18398 8552 %n2678 5
22203 18410 6325 2983 8467 %n3274 5
9906 21303 17734 23055 19926 %n3951 5
7734 23266 3391 10618 13741 %n2954 5
20280 3028 9483 24506 3433 %n1512 5
9239 11242 12308 18957 1044 %n2063 5
13120 14534 16056 20585 10980 %n3269 5
25134 1374 22556 16347 11748 %n3948 5
11578 17738 13025 5499 12448 %n429 5
7953 14572 9699 6428 366 %n496 5
19152 5061 25218 15721 14435 %n1540 5
17877 23691 24773 21161 11975 %n1270 5
6217 3686 6037 23081 13734 %n1054 5
11500 18231 1145 22914 10294 %n3272 5
5062 5106 14315 10785 7807 %n841 5
4387 4962 17490 9608 215 %n499 5
7702 19170 16372 13963 8730 %n1824 5
6609 8135 23261 8400 9593 %n2313 5
12558 15798 22741 20943 21267 %n1818 5
17951 23179 608 24103 13396 %n1200 5
13536 16258 12479 9461 14438 %n60 5
6836 9816 5396 18 9696 %n2231 5
21134 15930 20655 16377 196 %n650 5
7211 11147 2221 1005 3917 %n1192 5
25095 20679 13911 4505 24386 %n3375 5
22164 3943 20063 10517 23351 %n546 5
20096 3839 24382 4315 11686 %n2998 5
18681 3406 4767 2011 14221 %n623 5
22902 24452 792 16891 6042 %n3350 5
1525 13367 15408 20272 17482 %n3441 5
24418 12541 90 21396 24426 %n1424 5
10232 20602 3011 21890 16121 %n3019 5
22314 17093 12881 24005 23700 %n1525 5
15628 7799 7282 1098 18097 %n2361 5
17115 13026 11773 3450 24892 %n2555 5
1885 25224 6215 6834 20918 %n37 5
10613 554 24074 23526 17854 %n1896 5
6125 19199 2948 2014 13959 %n1334 5
23270 14234 25659 10672 22000 %n3228 5
25063 24695 5103 18251 25111 %n534 5
20750 23098 6536 8893 16276 %n3210 5
9534 1071 22659 25142 2921 %n6664 4
19653 3932 20386 2366 %n2935 5
15013 25552 25710 248 13560 %n4128 5
3166 13398 12649 4218 23064 %n2746 5
16922 8263 22491 8257 12763 %n3777 5
13636 7638 15701 14016 25008 %n775 5
17241 23250 24936 9943 9493 %n3820 5
10013 15263 9657 15074 15899 %n4116 5
10957 9505 6958 1879 17628 %n2697 5
22221 6555 18922 14453 16418 %n159 5
13316 20521 810 4352 8232 %n2650 5
21414 17727 4917 11907 1539 %n3114 5
12203 673 12157 16908 4361 %n3071 5
14254 1756 22751 7468 20897 %n1866 5
18364 10848 12808 10405 3576 %n2040 5
25438 705 14219 22276 3901 %n177 5
5684 454 15604 11197 19854 %n1280 5
7556 21733 7515 14303 12397 %n1619 5
15213 1466 10873 14072 22566 %n6266 4
21591 3657 23544 18553 %n3367 5
9733 8795 24854 24928 3850 %n664 5
12422 11896 7024 19342 24775 %n706 5
9021 10556 4047 25738 5548 %n225 5
18582 15677 9288 3056 25060 %n1779 5
24455 25165 1209 13886 18185 %n16 5
2068 2072 14511 1021 24605 %n2699 5
25401 11910 16527 2806 1192 %n1556 5
21 18397 11059 16965 22913 %n1775 5
4744 20833 7172 24964 25138 %n2884 5
21484 15273 17124 11035 20296 %n1747 5
1488 22256 19217 8845 8907 %n2488 5
7058 24269 12654 17499 18570 %n2829 5
7448 22021 19688 24573 20380 %n1008 5
6188 6391 12116 682 3752 %n958 5
1104 15071 15364 12292 7698 %n2229 5
23482 14751 25344 11225 25685 %n2621 5
10699 12460 20021 24442 412 %n3732 5
24661 13984 15170 18684 2353 %n197 5
18054 10042 1004 25681 1918 %n89 5
11097 21806 20483 25391 19284 %n137 5
2379 25786 18496 19316 20815 %n741 5
4009 167 14028 6427 7958 %n3387 5
21538 11417 19680 5691 5331 %n2291 5
12017 2172 12241 20090 3047 %n269 5
20972 22291 20099 15595 22890 %n3788 5
13583 11003 15984 736 109 %n635 5
13836 16833 13995 19549 5360 %n3932 5
21849 10469 11604 24549 14523 %n624 5
19697 23096 23206 8181 18201 %n2022 5
24758 1184 24569 24574 24960 %n646 5
6422 13455 13088 18234 5940 %n2246 5
20849 12202 21525 8403 19619 %n875 5
17956 24785 23304 12294 18855 %n2338 5
3084 20445 4127 6347 12290 %n4122 5
14217 404 15880 6947 7405 %n282 5
5990 23956 22714 24641 6033 %n3668 5
3603 11290 595 23743 614 %n400 5
19430 10188 7914 23828 21151 %n2333 5
3836 4133 6681 5998 7943 %n2822 5
2629 11474 8294 22409 16947 %n3659 5
6482 10429 4080 23435 18709 %n2672 5
2939 19469 15506 8309 8292 %n315 5
15756 17805 12184 14656 18706 %n694 5
5647 14304 14872 15138 16065 %n2879 5
9387 9015 14740 13630 23770 %n353 5
23501 14544 9143 17928 17237 %n4121 5
15955 15163 11148 2692 11396 %n991 5
4468 8541 5818 2843 22953 %n209 5
13170 7039 20415 9611 4486 %n495 5
12304 13406 8546 1267 16865 %n3500 5
22926 6381 1340 19613 14042 %n7178 4
7982 7551 18307 2590 %n3708 5
11806 20905 25855 9945 7171 %n47 5
17600 21642 9842 4735 3979 %n2445 5
13465 10216 3334 14353 3169 %n3584 5
4316 12339 15643 2474 17073 %n3762 5
4549 2346 18202 23619 11855 %n324 5
1187 20352 10200 8468 7170 %n3139 5
15009 14931 11559 9701 23574 %n1146 5
8052 13896 20175 18422 21493 %n2974 5
622 111 6126 11166 25857 %n3468 5
14591 17118 12898 10112 24222 %n1249 5
21437 20516 21867 17035 6083 %n2513 5
13383 24121 16115 23894 186 %n761 5
16421 12544 1322 12825 22055 %n2541 5
19754 15493 22826 12102 17310 %n1913 5
22998 25179 7470 275 3266 %n1036 5
5823 15918 12837 2285 25802 %n1222 5
885 23853 9909 7180 15435 %n3904 5
4647 3903 15558 11541 4836 %n1835 5
10074 17279 2813 4470 11888 %n219 5
6929 15121 7789 13242 14400 %n2760 5
19627 17514 2252 5289 23782 %n1549 5
3331 23658 2469 7319 25140 %n4004 5
23942 16818 1097 15679 22416 %n3620 5
888 15332 14264 14481 11952 %n153 5
8372 2146 8169 22990 3388 %n938 5
12721 1804 7245 103 9626 %n2117 5
21401 15343 20965 20489 2883 %n2659 5
3727 5275 17318 14084 9497 %n1737 5
1009 25407 11882 1103 19110 %n3501 5
6668 23045 16682 13765 1387 %n3271 5
13220 7003 3102 19402 513 %n2033 5
20365 20895 18466 9729 14282 %n2599 5
17505 22070 22109 11532 18891 %n5334 4
11493 4672 12835 2 %n207 5
8781 22763 25601 713 4136 %n2782 5
1886 11993 25649 12483 13053 %n3941 5
9822 17950 21453 24677 2038 %n2809 5
11601 22851 1482 20484 3030 %n6378 4
21075 18608 16408 22879 %n377 5
13681 4723 24812 6627 17780 %n2225 5
22564 7033 6574 24107 1456 %n3289 5
16497 22428 19992 4725 8591 %n1680 5
14757 9868 21340 5576 4521 %n7401 4
22796 13703 10077 6584 %n657 5
21918 23663 12441 2090 15449 %n3488 5
2547 6239 17338 18093 24047 %n3053 5
24820 19329 16889 16995 18760 %n2909 5
10008 19841 24499 208 271 %n1310 5
6611 13225 11315 12667 6864 %n1131 5
24358 14731 18979 7866 908 %n1074 5
13549 8953 16597 17979 1952 %n2210 5
3315 9309 3234 24231 2167 %n985 5
9979 7393 20373 24672 8116 %n1974 5
11596 21607 22263 13888 2183 %n1211 5
12288 6975 11161 24781 6893 %n3986 5
21495 21180 13448 25413 22794 %n2405 5
14533 12663 24321 12806 206 %n1186 5
21754 25576 4689 22480 22582 %n84 5
3350 14793 7422 10573 22015 %n1547 5
23882 18416 4116 12636 22537 %n1834 5
8957 21144 10635 20423 292 %n2064 5
4020 4728 6802 8566 9031 %n3321 5
25434 1794 21385 22609 5648 %n1321 5
20951 16885 17740 12993 21693 %n2949 5
7526 24143 1739 7187 20314 %n5520 4
23724 20956 18776 16 %n3998 5
23099 19816 18259 18248 11026 %n3882 5
4872 9694 22506 21841 6751 %n7266 4
1477 6306 20004 4317 %n721 5
2025 6477 7932 16461 24357 %n1902 5
2264 1579 10527 5897 10611 %n3056 5
8621 23215 3046 21200 22646 %n1096 5
3513 12145 24987 25162 9815 %n1705 5
14081 7710 15088 5747 25646 %n1165 5
494 19236 25701 12135 8421 %n3880 5
6023 24688 84 7066 9360 %n2084 5
9496 16268 10376 18476 22342 %n