300
5890 13
49086 28521 30662 83904 73898 3666 32734 68784 39352 92023 11995 77344 86526 %n16079 12
62849 23336 425 82318 29930 1892 43869 73396 11470 70130 42055 37418 %n10359 12
83363 26414 49878 91861 68436 60348 7448 34814 5110 14263 91146 31278 %n2198 11
22154 28856 66633 58427 37397 57684 7422 179 96427 1417 11007 %n10827 13
46003 2394 70244 37015 69801 44430 9464 43273 14259 42333 59748 43192 20857 %n5732 13
50247 10734 20035 49522 12329 29224 33358 62053 33733 38832 78657 38097 43338 %n21006 9
78152 88561 31862 79690 21498 86775 74104 64999 46387 %n1748 12
90374 56929 94345 67824 70523 87004 83127 65648 20805 89635 31169 86394 %n19188 12
54894 31315 51016 21668 2978 32064 13137 58056 45090 36302 70473 72783 %n11590 11
94479 34756 90989 76517 51896 2199 68568 34586 48770 20903 588 %n21725 11
68040 77936 87327 71166 75618 46205 8507 22856 36053 64282 5450 %n21582 12
60087 47185 39035 38111 2384 26887 28599 7090 85338 13370 20020 54029 %n9914 8
1047 26584 123 32975 43920 85671 51485 4925 %n9344 11
81107 43937 85726 6456 6435 44878 38806 12738 63226 39175 35737 %n17179 9
57915 92542 59495 58223 3946 29481 993 73902 16524 %n18615 8
27967 79007 21280 90263 31957 71105 64780 42929 %n14229 8
75562 29471 74492 51268 46315 1902 81248 74171 %n21507 9
95871 56709 2842 43752 15117 41572 42572 22077 31354 %n17205 6
78318 58813 47298 12162 95076 67486 %n19077 8
91743 61571 24891 37518 87693 87017 67711 50139 %n15531 9
22431 72859 46371 63292 44210 14478 69997 74639 55559 %n21233 7
38246 66282 46999 43813 69303 13392 68862 %n7194 6
91223 40150 34831 55534 39662 21275 %n19428 6
61158 90437 19443 41183 9371 73610 %n6233 5
15935 59867 56993 40225 56623 %n18509 9
10629 67288 93772 41135 70626 57964 39710 42194 80470 %n19344 6
54969 49102 39267 78278 81811 8734 %n6500 9
17861 11174 88900 76676 33882 74628 16893 5367 84989 %n5208 4
64620 33429 20443 57275 %n15679 3
79198 1413 3530 %n21821 9
94168 23258 31502 91232 47494 48539 37618 60702 19750 %n17839 5
62868 52112 3893 26873 13530 %n13509 8
5473 47972 14197 69157 22819 31196 50900 29402 %n11026 7
95421 56939 77559 49070 26751 13207 54036 %n8337 6
68347 80404 94656 30711 49652 25373 %n9027 5
44690 16031 24185 48296 40484 %n20813 4
55095 56216 45329 13378 %n8784 6
42297 85047 4090 81217 45817 58944 %n9315 4
88173 39953 84651 4012 %n4370 5
11578 29980 26945 45134 43179 %n2899 5
79207 64356 40693 84497 66077 %n5306 5
67221 8236 41080 6189 87120 %n13464 2
57375 10051 %n19296 4
79663 27184 75784 88522 %n9182 3
3013 88527 80605 %n18034 1
30003 %n14508 3
62071 69441 40972 %n17172 3
55505 61457 2819 %n18694 4
23617 34641 45822 49074 %n14759 2
34550 72476 %n2046 4
11816 62716 14940 25022 %n365 4
84634 82310 64439 52642 %n4399 6
55917 48757 7607 94536 51815 7975 %n12603 3
45853 70991 53276 %n7062 4
53315 79180 53591 29343 %n15265 2
90173 31104 %n16639 1
21341 %n18838 1
71228 %n16032 2
60998 81462 %n14929 0
%n7447 1
46117 %n499 2
94470 43169 %n1733 2
77347 30018 %n4544 3
51289 35721 61950 %n11895 6
88395 73580 78161 41166 15862 70503 %n10022 0
%n2150 1
70378 %n12076 2
30136 56360 %n21172 4
36770 55683 52328 5439 %n16428 1
13813 %n14397 5
15127 72920 5112 71763 58891 %n4626 1
70758 %n1080 4
9536 31608 95724 10226 %n7818 2
61315 9591 %n6732 5
26301 1784 44389 68988 59010 %n15189 1
31852 %n16131 0
%n3967 5
61520 94310 26774 70463 13360 %n7648 1
3752 %n7822 1
58835 %n1739 1
33691 %n15598 1
9279 %n12937 2
56908 55461 %n7250 1
45267 %n21940 1
94633 %n13833 1
80197 %n9645 1
5673 %n8211 1
5133 %n20823 2
83347 15017 %n7087 0
%n11859 2
49814 24302 %n8729 2
66304 82150 %n17876 0
%n20969 1
74099 %n8079 2
30742 83915 %n4444 1
59827 %n14659 1
26889 %n4797 1
59653 %n7924 1
38638 %n13487 0
%n13982 0
%n13184 0
%n4186 0
%n18914 0
%n2949 0
%n15967 1
72696 %n15854 1
8915 %n4665 0
%n12697 0
%n1905 0
%n17589 1
38363 %n17147 2
24687 88858 %n21366 0
%n20196 0
%n4719 2
86656 55610 %n12626 0
%n130 1
34952 %n18575 1
11991 %n17778 0
%n18500 1
47915 %n2377 1
85318 %n21792 1
87230 %n2912 1
44263 %n12357 1
8418 %n8945 0
%n8943 0
%n12891 1
34595 %n18531 0
%n14255 0
%n4928 0
%n16518 1
32438 %n11256 0
%n14349 0
%n15661 0
%n16946 0
%n3383 1
40617 %n2457 0
%n10411 1
4758 %n9370 1
71381 %n200 0
%n19689 0
%n1774 1
23620 %n12157 0
%n1685 0
%n7081 0
%n15295 0
%n1761 0
%n21728 0
%n4965 1
70467 %n6870 0
%n9130 0
%n16536 0
%n3631 0
%n8129 1
53117 %n2077 0
%n7314 0
%n9250 1
19450 %n19383 0
%n16010 1
17992 %n10937 0
%n18506 0
%n11432 0
%n1895 0
%n1151 0
%n21626 0
%n5293 0
%n18428 0
%n7749 0
%n17214 0
%n5569 0
%n14122 0
%n4127 0
%n17167 0
%n12917 1
63874 %n9192 0
%n4128 0
%n19988 0
%n6980 0
%n15636 0
%n20627 0
%n1528 0
%n2126 0
%n12783 0
%n18977 0
%n17790 0
%n11320 0
%n2939 0
%n8849 0
%n7044 0
%n10542 0
%n6956 0
%n3393 0
%n376 0
%n7264 0
%n12435 0
%n5150 0
%n3692 0
%n3423 0
%n3089 0
%n18953 0
%n9855 0
%n7334 0
%n18037 0
%n2819 0
%n11910 0
%n3968 0
%n13083 0
%n20552 0
%n19306 0
%n21446 0
%n7654 0
%n10681 0
%n14986 0
%n18607 0
%n14492 0
%n11465 0
%n477 0
%n7245 0
%n12989 0
%n12565 0
%n14157 0
%n12210 0
%n17232 0
%n22084 0
%n2630 0
%n616 0
%n10157 0
%n16920 0
%n4024 0
%n3804 0
%n18167 0
%n3733 0
%n3396 0
%n21957 0
%n10872 0
%n13968 0
%n21637 0
%n18614 0
%n2093 0
%n19033 0
%n1996 0
%n19948 0
%n16228 0
%n13035 0
%n2492 0
%n5666 0
%n5669 0
%n21423 0
%n8527 0
%n14704 0
%n4062 0
%n17788 0
%n20359 0
%n7195 0
%n13349 0
%n5810 0
%n4340 0
%n6883 0
%n12810 0
%n21220 0
%n17539 0
%n14876 0
%n15078 0
%n3857 0
%n13318 0
%n5283 0
%n10117 0
%n16469 0
%n17277 0
%n14966 0
%n7799 0
%n10112 0
%n4821 0
%n11377 0
%n13898 0
%n19418 0
%n4846 0
%n14783 0
%n3328 0
%n1691 0
%n8919 0
%n12255 0
%n9595 0
%n20740 0
%n15087 0
%n18302 0
%n7729 0
%n4985 0
%n17241 0
%n21935 0
%n16093 0
%n6718 0
%n20343 0
%n5392 0
%n11266 0
%n14190 0
%n11617 0
%n7210 0
%n3407 0
%n15270 0
%n