344
22626 9
75841 64763 10816 47873 2122 44697 33875 88820 37409 %n7966 8
14532 77071 57248 2512 68400 46262 94081 37938 %n17429 9
92957 92600 29653 7380 74208 41096 93383 63642 92319 %n7001 9
47428 92106 91533 28657 47878 2414 92482 90744 655 %n22202 9
36968 74402 70454 93909 6315 14019 51708 36482 3007 %n8107 7
27579 92486 79759 23275 11422 89114 20717 %n18218 9
57403 44339 41741 80046 20357 95171 26912 72768 34996 %n20586 7
33838 61860 78952 26866 59817 8278 43510 %n19268 8
4503 66819 31938 26789 42335 60913 44341 54045 %n1602 7
8613 2799 7156 34022 33628 40964 55599 %n3348 8
17356 26540 4845 59780 41902 61867 21786 64913 %n6153 8
48216 52492 12464 53043 72572 91536 48152 44602 %n6241 7
41737 65797 82625 64437 1386 20266 53346 %n5990 7
87161 63291 75380 53518 44997 86001 29621 %n17344 7
72320 83670 89736 72361 25006 79338 53148 %n21454 8
74107 34911 7790 89024 26293 55270 64261 8581 %n5350 8
28017 3366 5483 50380 4761 76732 73958 41555 %n9039 7
14224 50210 89712 36963 34754 22235 36385 %n9577 7
26577 43205 81864 53513 19245 17270 42040 %n23768 7
8432 4222 636 14979 90475 43158 19149 %n7372 6
48839 64181 17390 5852 41257 93411 %n16397 6
54610 52682 21763 79382 74502 61608 %n23428 8
48731 82385 86030 69487 11333 50816 68962 91087 %n7279 7
22881 19277 39910 23119 59647 38731 38405 %n16398 8
66410 36420 38049 30564 18110 19611 86989 31787 %n22021 6
74777 52259 30794 66458 69909 81424 %n8608 6
60307 50461 64315 24780 64447 40336 %n9438 6
940 90269 26982 30667 46624 30279 %n3042 6
31791 89507 67276 40955 42301 60112 %n2628 5
78177 20849 18918 71153 80435 %n11607 6
24291 32841 94062 53845 64903 46339 %n22575 5
48504 92763 73994 67965 59762 %n910 4
34472 64582 25242 7989 %n2562 6
93782 63332 65890 7634 43407 42015 %n13297 5
79899 39444 34158 94049 80743 %n2557 5
26218 45776 46101 45827 88100 %n9552 5
4972 54442 67739 68511 4398 %n17208 8
41573 31500 37913 88401 78819 10817 27923 42428 %n14957 3
48515 74423 47101 %n8215 6
12345 44464 27684 71300 37661 51606 %n17444 5
17720 73629 48810 387 13434 %n22146 7
83869 34987 90822 78809 21042 53125 7290 %n15375 3
62374 59689 86248 %n8245 5
80955 37601 93448 15271 75132 %n14801 4
84404 19448 8529 339 %n21889 6
601 18353 58575 61479 5851 17864 %n1663 2
22214 25939 %n3041 6
24737 37293 92460 52423 38465 83748 %n4804 3
4001 35593 76456 %n13271 5
71755 73061 44965 93685 66380 %n12531 4
42867 16488 24043 18444 %n10973 4
37268 1495 12153 59207 %n21807 3
69308 82606 46243 %n7517 4
36821 29956 91301 53921 %n5896 5
42632 28090 69123 8237 5156 %n5911 5
42543 57506 8182 15487 75853 %n20316 1
53813 %n11757 6
74923 65823 35284 58513 48998 69764 %n6420 2
89262 63200 %n23901 5
39575 31244 9585 44065 26257 %n5704 3
64425 35225 91025 %n19780 4
83756 36017 66527 11036 %n2676 5
52134 71835 4136 70740 6659 %n21771 1
4266 %n15233 3
59640 11028 71397 %n21305 6
73640 47909 58069 20803 32782 4648 %n6751 4
70701 10612 52687 80666 %n15646 3
69697 34431 86358 %n10585 5
57996 71833 62070 10187 37329 %n1110 3
32443 59230 49627 %n13749 1
86745 %n19190 3
50657 90488 72848 %n12619 4
64307 25 78030 52287 %n13288 3
20750 49221 86431 %n21132 4
87080 5668 63273 81250 %n14625 2
50007 88566 %n15904 3
38866 21559 84048 %n15930 4
8497 20747 43537 36634 %n15740 1
49097 %n11784 1
30395 %n20421 1
26452 %n7142 4
25117 45982 3381 92672 %n7760 2
88619 58382 %n7308 2
23514 14519 %n18243 1
75910 %n18422 1
15170 %n1837 2
83909 4897 %n908 5
59693 13536 13048 3821 94002 %n5897 1
89414 %n3131 3
12221 92620 44502 %n17171 1
58349 %n22937 3
68291 44475 32137 %n23860 0
%n23320 4
41171 72550 27421 29827 %n5314 0
%n22470 2
38295 51252 %n19979 1
72118 %n19746 1
62978 %n11897 0
%n11622 2
49467 44692 %n23539 1
2068 %n698 1
21919 %n16282 5
85692 6128 26778 78078 95272 %n8399 1
13101 %n8624 1
85361 %n9521 1
28295 %n24480 1
5609 %n5665 2
61928 95221 %n24628 2
46088 21702 %n7416 2
6552 16141 %n5518 1
72744 %n21327 2
38818 94260 %n8925 2
31988 78476 %n12201 1
62890 %n15660 2
14792 80278 %n21912 1
65052 %n18861 2
43089 77177 %n2663 2
23092 81620 %n13766 2
12678 17918 %n3747 0
%n14167 1
86470 %n9052 1
78945 %n10238 1
42547 %n6590 2
68977 85865 %n4722 0
%n15322 2
56890 44016 %n18036 0
%n12015 1
16751 %n294 4
53178 76950 92177 13226 %n55 2
89897 57384 %n2232 1
90439 %n17957 3
57014 57106 23255 %n4885 1
13521 %n6065 0
%n18242 1
70292 %n20882 1
64924 %n13696 2
4154 23139 %n1236 1
68771 %n24815 2
66433 49734 %n8006 0
%n7777 0
%n20763 5
54391 40731 80333 62491 60787 %n23992 0
%n23057 1
73079 %n7915 1
41193 %n14185 0
%n13774 1
95158 %n14197 1
2812 %n4274 1
57993 %n20516 1
43865 %n10715 2
22268 6695 %n8772 1
36041 %n16266 0
%n10840 2
19011 29625 %n16205 1
53004 %n11532 2
21408 78018 %n22053 3
473 12823 28179 %n18184 0
%n1641 1
37178 %n6814 1
31257 %n11223 1
87679 %n10721 1
32159 %n15670 0
%n8635 0
%n14921 2
49736 33933 %n19037 2
28905 48055 %n16705 1
71849 %n10960 1
27614 %n19787 0
%n11891 0
%n17384 1
42903 %n20003 1
53438 %n10456 0
%n14933 1
26904 %n4162 0
%n8394 1
12726 %n8799 0
%n14335 1
19587 %n9393 0
%n7003 1
23494 %n19998 0
%n13778 0
%n18521 0
%n3721 0
%n20885 1
36362 %n10542 1
26163 %n13440 0
%n3331 0
%n6616 0
%n24172 0
%n18598 0
%n14336 0
%n8614 0
%n16874 1
13469 %n18392 1
64920 %n13988 0
%n15689 0
%n20282 0
%n20417 0
%n582 0
%n11543 1
83089 %n24326 0
%n8741 0
%n6500 0
%n14934 0
%n2893 1
91182 %n13368 0
%n296 3
57810 40959 2611 %n7431 0
%n5507 0
%n708 0
%n19484 1
31113 %n6174 2
73801 71437 %n2369 2
56887 68431 %n19020 0
%n24695 1
81251 %n2700 0
%n17217 0
%n20204 1
69477 %n7852 0
%n14654 1
22810 %n19837 0
%n17151 0
%n22798 1
87884 %n21499 0
%n15902 0
%n11852 0
%n11678 1
83936 %n17046 1
75813 %n23032 0
%n11942 0
%n4661 0
%n7151 0
%n8265 0
%n21868 0
%n15724 0
%n19709 0
%n15809 0
%n21694 1
8997 %n15576 1
91282 %n24698 0
%n17164 0
%n3483 0
%n16970 0
%n12104 0
%n10455 0
%n1061 1
57921 %n15578 0
%n7816 1
89759 %n3947 1
90969 %n2528 0
%n17677 0
%n7956 0
%n19784 0
%n8872 0
%n3164 0
%n15461 0
%n22603 0
%n23859 0
%n18933 1
9340 %n14693 0
%n18865 0
%n20959 0
%n16488 0
%n1825 0
%n1048 0
%n14116 0
%n853 0
%n8238 0
%n20496 0
%n10653 0
%n21974 1
28283 %n6203 0
%n12814 0
%n17764 0
%n6515 1
90009 %n22657 0
%n4192 0
%n4075 0
%n21929 0
%n2532 0
%n3745 0
%n6285 0
%n8501 0
%n15183 0
%n11037 0
%n1951 0
%n15387 0
%n12954 0
%n11424 0
%n8452 0
%n19732 0
%n42 1
89894 %n3064 0
%n8011 0
%n1153 0
%n19972 0
%n21893 0
%n19729 0
%n20878 0
%n22546 0
%n8864 0
%n1982 0
%n5028 0
%n13821 0
%n4734 0
%n8366 0
%n3160 0
%n19854 0
%n11782 0
%n23941 0
%n4171 0
%n20574 0
%n17039 0
%n1470 0
%n6364 0
%n346 0
%n12592 0
%n15085 0
%n7541 0
%n7739 1
7564 %n17746 0
%n7432 0
%n7116 0
%n17577 0
%n10270 0
%n7842 0
%n12178 0
%n5123 0
%n19834 0
%n23983 0
%n20059 0
%n6844 0
%n5026 0
%n15610 0
%n493 0
%n15241 0
%n14518 0
%n24079 0
%n8068 0
%n14130 0
%n22563 0
%n9970 0
%n14098 0
%n