183
5956 141
38815 90125 15075 4237 2277 86532 78522 81670 31340 57477 56634 84067 53072 13336 68870 16133 98014 67890 82813 13461 26002 36565 45510 77535 19351 70987 27131 91918 52879 68782 22040 89888 89838 93515 84549 63598 54764 74638 74380 31296 78779 81430 87528 7444 57944 7987 44485 42055 43902 99080 97123 34142 96862 13815 93446 8585 3668 99666 91493 97237 82853 72676 93313 17060 61299 48556 9060 37073 52283 19582 82827 55416 7977 73513 11400 98443 29738 21254 30857 40559 89997 41408 68819 6500 78983 85417 11599 20071 61233 19793 56438 51929 54057 51517 16844 52646 28324 71265 87930 53233 16033 35066 65003 89840 51515 70064 48254 79567 78552 78489 62943 78045 74198 35931 68047 19319 54577 60148 94623 32368 6265 4167 23313 70210 74588 90613 85524 39658 92898 19448 50018 19536 48849 50148 80661 10135 35425 33235 21801 93712 18545 %n3594 115
20543 33524 33972 66764 71383 70833 45060 70096 1466 50520 26181 41882 14025 39799 12493 72649 82745 80916 23317 4697 54020 26509 85001 33267 41285 76642 63307 15455 74652 81109 47061 76797 98127 42657 96466 63393 90084 97892 13128 15457 36751 38714 43641 70637 27290 78874 31359 72344 39894 31222 68285 60273 77925 80417 61902 62770 15399 62451 9086 34675 7445 57228 35027 83197 16990 86932 1037 51812 35248 94664 95717 24710 73561 4202 45150 7265 44675 74645 75695 47653 54469 67295 42896 15327 67582 66226 60322 24926 96483 32266 64414 13014 73584 1260 13617 74884 54006 81864 57513 85241 67356 9524 36913 29159 10387 16468 26922 53060 54781 37609 40184 26607 51735 17343 30232 %n5729 104
88666 97161 49534 17549 29195 3602 71550 72733 58838 33790 79818 77090 61565 29460 33004 59445 27031 13008 63960 59841 74188 74733 79161 82993 1312 86562 39748 78770 64967 36600 9271 54612 47206 15950 33605 43930 29269 38020 40140 25897 87505 97001 57021 83235 64031 27539 77583 71741 46628 2084 24647 63083 13055 30931 19329 62796 24232 71259 34640 31354 16838 83056 15307 46442 8855 66454 70839 92249 92116 81787 65132 1642 2785 65219 86934 54894 84276 39193 81634 46809 90694 18359 96969 64664 57263 15267 30550 60529 11931 53546 5705 40479 8076 30486 4622 13954 85450 69694 51828 66105 58651 191 47449 65814 %n44 81
61976 6863 86653 44236 77946 2581 94346 82965 43880 61186 63414 16014 51637 54833 88125 53127 51968 36701 83063 69927 90627 69034 11197 79617 66977 22950 9719 89456 44530 81213 60073 38232 23290 68705 76623 1559 19717 8160 33150 77889 15430 41568 1398 20110 55543 88493 37413 76525 70269 10267 12040 63654 36653 68084 66118 26390 57414 82657 11794 75008 6688 69720 921 53258 21941 38011 80845 99298 86537 9368 75332 26069 61815 61545 9841 76589 62293 57185 65069 79363 87317 %n1455 62
49943 60399 94544 24572 56938 97921 77325 30669 45040 64835 12614 82594 5335 49023 38321 16847 93722 57294 75623 33238 5601 91788 97154 33874 65996 53216 57784 97761 69743 17651 56660 59110 48717 38384 52192 35052 2886 19447 72533 64339 24524 94086 33697 6268 79500 31312 77332 56692 62950 38095 52177 10654 82247 74541 51705 32053 47737 84213 56700 98945 88028 59819 %n5171 51
24097 18108 13405 93881 78176 19238 52062 69104 21155 91545 5558 82860 97698 83092 67494 96949 48375 46712 95518 93826 58368 81316 65111 63240 15363 55876 85160 11803 64934 92197 36458 97864 93381 92119 50187 28946 41008 27607 45398 11166 90975 14477 72629 36293 41754 94854 991 28353 53661 9544 70767 %n6849 47
39038 88444 27639 23461 49098 2111 83158 42736 7095 17181 60372 56649 77922 43251 54482 96765 93730 12565 16527 67496 27939 38894 6052 15251 47798 60385 55629 40914 19206 52240 30326 13326 54964 2551 71786 84062 1197 76444 19914 52165 80116 82774 79155 34021 78504 4152 27371 %n6752 39
37224 25322 32363 83750 39364 4571 75940 37895 94993 77542 42469 13698 39710 17677 58775 94654 84646 67567 93038 63790 33001 59448 10155 362 34198 46837 52623 43527 67209 36012 11473 83190 33434 94723 73899 78062 89669 41337 12793 %n5967 36
31724 65026 89062 73250 75498 72962 68041 43974 75618 51855 33241 27853 78500 61231 41372 39444 96570 30313 55183 98097 93519 17829 45934 66132 72010 49746 11854 32097 77906 6454 88535 99322 853 67056 89833 76606 %n5350 19
73607 54768 24019 28537 95143 4546 32158 54717 48845 54712 45012 79844 72300 42603 65151 88500 60183 31358 59602 %n3083 15
65513 70816 11027 62287 47451 54596 81181 22991 29532 98153 35189 49670 92709 4990 60238 %n2883 13
88648 37553 65712 601 56447 55362 77744 61030 58799 5498 51628 64651 91395 %n1134 11
38782 71347 48627 20745 35067 70747 22030 29848 66957 70845 4414 %n4317 14
68840 57140 29660 77446 65582 26414 35393 57896 62715 23465 28446 69625 92740 61748 %n2416 10
35882 90448 57560 65752 29809 33832 4957 91734 38763 11040 %n2747 8
9906 99904 94258 96477 45237 92838 46135 41625 %n3231 6
15653 87693 40082 97321 58603 23713 %n1182 1
52135 %n5947 7
98426 70707 69246 26191 88308 12875 86218 %n3937 4
74598 34152 51982 11891 %n3274 3
63102 93164 86026 %n2114 3
86367 72183 80792 %n6800 1
99086 %n4992 1
89473 %n2194 5
17010 4133 95835 30091 41422 %n164 3
47307 53765 83179 %n4808 2
80672 43528 %n6738 1
81294 %n2439 1
93717 %n6414 0
%n1241 0
%n566 0
%n4262 1
76912 %n5902 0
%n3009 0
%n6439 0
%n3082 0
%n3527 0
%n4664 0
%n701 0
%n2560 0
%n5789 1
78150 %n3552 0
%n2274 0
%n3238 0
%n4701 0
%n4978 0
%n6190 0
%n2077 0
%n3084 0
%n2229 0
%n233 0
%n4105 0
%n5136 0
%n4337 0
%n697 0
%n922 0
%n5222 0
%n5202 0
%n230 0
%n4466 0
%n2579 0
%n5317 0
%n1567 0
%n888 0
%n3700 0
%n5059 0
%n4344 0
%n6205 0
%n2575 0
%n3905 0
%n437 0
%n5915 0
%n2255 0
%n1853 0
%n6479 0
%n3519 0
%n2175 0
%n644 0
%n2906 0
%n6927 0
%n5706 0
%n6361 0
%n3787 0
%n5793 0
%n4255 0
%n2424 0
%n6837 0
%n2788 0
%n6433 0
%n295 0
%n2551 0
%n3155 0
%n5591 0
%n2162 0
%n1914 0
%n6123 0
%n6650 0
%n2872 0
%n2454 0
%n2605 0
%n6810 0
%n6644 0
%n1731 0
%n5765 0
%n4464 0
%n3797 0
%n5845 0
%n179 0
%n5534 0
%n6158 0
%n3985 0
%n5497 0
%n515 0
%n792 0
%n2003 0
%n5949 0
%n3435 0
%n4696 0
%n2925 0
%n4475 0
%n3817 0
%n1817 0
%n6603 0
%n1041 0
%n702 0
%n945 0
%n3163 0
%n2791 0
%n4508 0
%n6704 0
%n2542 0
%n4741 0
%n1272 0
%n5324 0
%n2477 0
%n4111 0
%n4744 0
%n6373 0
%n6661 0
%n5779 0
%n502 0
%n4272 0
%n3736 0
%n516 0
%n1635 0
%n2282 0
%n2568 0
%n285 0
%n1857 0
%n1910 0
%n4384 0
%n810 0
%n1612 0
%n1512 0
%n6814 0
%n3164 0
%n1345 0
%n598 0
%n1271 0
%n6529 0
%n5372 0
%n3174 0
%n194 0
%n3584 0
%n3010 0
%n6446 0
%n3888 0
%n1237 0
%n3295 0
%n372 0
%n6196 0
%n552 0
%n1643 0
%n3360 0
%n3864 0
%n3693 0
%n959 0
%n5858 0
%n4653 0
%n618 0
%n3283 0
%n4933 0
%n