290
1021 116
83124 66056 77997 41809 78504 79612 36342 39754 78418 76970 95699 80274 78882 22067 88308 86528 47662 24916 47697 43850 61572 53739 75899 44228 38171 4106 23472 13219 67138 11982 2679 76926 21729 82259 96158 13434 51168 76535 44069 19865 85138 17469 60711 283 67806 56174 24413 82880 72199 77588 82107 53430 12405 88310 77399 61933 76100 7726 11095 47230 29417 1150 83152 37412 7332 63311 63984 80779 77620 65687 39898 54954 70562 38970 43118 13781 36145 88537 8424 81131 6315 69465 72459 50327 18227 14299 99521 61469 58797 23684 8370 97316 76968 68599 90678 4586 42106 41576 36850 80589 47785 84833 87119 69326 37361 72403 36529 15352 67346 40772 11376 30641 98606 3520 8061 91117 %n3194 95
31025 60896 5152 42445 7240 80519 21343 15165 72155 66225 17012 22964 51926 39067 95258 3948 65134 33719 65173 73930 64861 37666 88493 17181 84854 61117 92029 8266 47208 17436 38934 97568 50663 13473 96140 33353 90153 21865 15497 49603 4860 77228 46560 20036 532 56899 71155 11239 64481 47894 74171 86975 61989 91949 57888 9060 40864 33280 67658 44477 85822 40800 65615 2081 98061 353 85337 8589 45235 7970 29055 14719 66325 49910 24322 75391 85739 69663 20492 38068 402 64463 53880 17038 33643 69355 34391 44596 54209 20444 44883 87262 5165 60472 59523 %n3096 64
94702 72877 9994 21273 31119 96690 56651 4463 42109 58094 44557 85037 97691 50887 30363 29801 15559 1561 59308 4522 79244 80766 13090 75105 10045 83502 90551 30271 4652 36040 84128 13049 91987 13047 73199 74286 26122 70372 67628 63048 12071 16851 45407 65020 74230 26911 80860 54075 51736 50794 52713 13680 41829 15770 1009 71367 95632 90500 4436 62747 28554 99113 63875 62190 %n7422 49
97454 96797 56121 99218 5998 44787 67339 21282 30870 3865 27516 26448 45588 69747 30356 31337 97035 60229 31049 24187 9186 45656 67251 37827 97673 90583 83734 63381 49949 13037 74620 82683 79195 29955 7615 15013 30547 89382 25466 19735 7494 77435 88593 33268 69178 35014 48552 12881 13260 %n896 53
76213 36604 78306 25942 9752 17367 84374 39911 71499 360 33617 38075 96538 1826 89637 26290 81080 58504 83765 87824 26240 32877 44986 82949 94158 75263 45456 460 67043 13673 32627 73493 94911 58619 47669 19382 42248 79712 3054 24345 41457 90324 25107 88352 97790 68007 64618 30191 29779 35281 52957 86504 3477 %n2533 35
9546 56719 55170 30098 60632 7048 8690 82978 44036 40259 85047 24195 68684 78566 18232 44117 60355 95937 40071 27943 560 68119 42503 10374 63595 20981 13525 93676 19655 99579 87956 93275 45349 65713 19707 %n6495 24
8430 28418 95229 56930 40475 91109 52497 84822 49313 67250 6697 33269 34179 76921 44092 1291 67034 78373 18016 8312 51866 39050 80343 85543 %n3484 25
2468 17842 35234 40439 11283 57605 84748 40982 2134 86156 4382 26858 71944 59181 25900 56194 10338 93643 70509 47977 48465 13421 81439 53355 53929 %n8590 15
71055 54256 58690 26895 34266 15356 92886 26640 11312 22984 6644 64210 96470 56270 97929 %n5995 7
2245 6291 91455 64033 10267 46172 44713 %n8404 9
71183 65999 65204 34047 35216 97220 520 63883 19027 %n6832 4
57775 99031 9801 67377 %n1287 10
31877 84228 8127 76352 68979 83526 95858 12465 81266 11981 %n1471 5
98844 52089 58580 52046 22585 %n6267 2
53250 21450 %n6729 0
%n2294 2
53320 26734 %n1953 1
76337 %n3879 0
%n824 2
3837 70110 %n118 0
%n6796 3
82154 29278 59863 %n7647 0
%n6896 0
%n3888 0
%n1300 1
37880 %n8609 0
%n964 0
%n6811 0
%n3099 0
%n6732 0
%n1333 0
%n1815 1
98175 %n2338 0
%n3105 0
%n2288 0
%n154 0
%n912 0
%n4005 0
%n3256 0
%n5701 0
%n7909 0
%n8591 0
%n3760 0
%n5378 0
%n3881 0
%n1331 0
%n7531 0
%n4751 0
%n3727 0
%n8552 0
%n6498 0
%n8340 0
%n7145 0
%n7806 0
%n7820 0
%n6635 0
%n2562 0
%n6032 0
%n7275 0
%n3174 0
%n5438 0
%n4371 0
%n7232 0
%n8377 0
%n2948 0
%n7592 0
%n5825 0
%n5984 0
%n949 0
%n1361 0
%n6103 0
%n3459 0
%n7389 0
%n701 0
%n4296 0
%n10 0
%n6578 0
%n599 0
%n5155 0
%n3101 0
%n5842 0
%n5654 0
%n3215 0
%n3104 0
%n5526 0
%n3163 0
%n2352 0
%n7301 0
%n1871 0
%n3594 0
%n7346 0
%n6326 0
%n5795 0
%n4310 0
%n5159 0
%n6025 0
%n6309 0
%n192 0
%n6385 0
%n3175 0
%n7508 0
%n3299 0
%n4082 0
%n1489 0
%n648 0
%n4767 0
%n1257 0
%n700 0
%n3798 0
%n5083 0
%n4940 0
%n1839 0
%n4794 0
%n205 0
%n4443 0
%n6533 0
%n3052 0
%n4120 0
%n5474 0
%n4863 0
%n1590 0
%n1658 0
%n8392 0
%n2552 0
%n6813 0
%n3019 0
%n3568 0
%n5697 0
%n4101 0
%n4825 0
%n5466 0
%n3784 0
%n3310 0
%n7136 0
%n646 0
%n4107 0
%n2208 0
%n5385 0
%n3955 0
%n3401 0
%n4488 0
%n6855 0
%n590 0
%n4095 0
%n4017 0
%n4779 0
%n6140 0
%n4973 0
%n2464 0
%n4373 0
%n785 0
%n868 0
%n4538 0
%n7654 0
%n5184 0
%n370 0
%n2495 0
%n2028 0
%n473 0
%n2582 0
%n6115 0
%n6615 0
%n4570 0
%n4175 0
%n2701 0
%n7633 0
%n2127 0
%n8201 0
%n1643 0
%n5239 0
%n1339 0
%n7506 0
%n8057 0
%n491 0
%n840 0
%n4530 0
%n5471 0
%n7103 0
%n6756 0
%n5909 0
%n2332 0
%n2388 0
%n3830 0
%n6517 0
%n8217 0
%n4243 0
%n1693 0
%n6678 0
%n5496 0
%n4846 0
%n7102 0
%n5985 0
%n3975 0
%n7887 0
%n4353 0
%n1788 0
%n420 0
%n8309 0
%n632 0
%n1412 0
%n6170 0
%n1035 0
%n1846 0
%n2321 0
%n2841 0
%n4468 0
%n3507 0
%n3894 0
%n5313 0
%n3873 0
%n985 0
%n3595 0
%n7036 0
%n8127 0
%n555 0
%n5928 0
%n8060 0
%n8619 0
%n451 0
%n486 0
%n126 0
%n1014 0
%n2091 0
%n5953 0
%n521 0
%n5002 0
%n5780 0
%n3693 0
%n2515 0
%n4735 0
%n5923 0
%n2328 0
%n1858 0
%n6224 0
%n5623 0
%n4055 0
%n1610 0
%n3657 0
%n7797 0
%n7490 0
%n3883 0
%n4578 0
%n1467 0
%n1864 0
%n7135 0
%n6531 0
%n4098 0
%n4721 0
%n1913 0
%n3232 0
%n6333 0
%n5683 0
%n7434 0
%n791 0
%n861 0
%n4579 0
%n6792 0
%n5024 0
%n6548 0
%n7343 0
%n8219 0
%n8030 0
%n2910 0
%n1841 0
%n3600 0
%n3149 0
%n609 0
%n5693 0
%n405 0
%n2988 0
%n6945 0
%n6904 0
%n2684 0
%n6769 0
%n2726 0
%n3737 0
%n7373 0
%n5379 0
%n5431 0
%n624 0
%n6763 0
%n8389 0
%n7357 0
%n330 0
%n5983 0
%n5832 0
%n3306 0
%n2833 0
%n2951 0
%n