109
8672 21
53507 71373 52921 46795 40250 11498 1604 8272 18752 33809 22157 4373 46278 2993 13545 63368 1878 46755 35600 63145 10247 %n2567 20
38007 62604 3195 28493 33551 36511 26117 32699 5903 31111 32897 50231 51244 38728 50362 65758 52947 4294 11447 40500 %n6273 19
42190 2533 15179 18300 24876 38324 44503 57219 67135 72512 57909 69164 58310 28197 58318 73347 60058 68962 39203 %n2488 16
28614 5872 75049 34598 9705 64608 22667 37032 11094 65440 12388 38385 66709 37747 71202 20486 %n6195 18
21019 61860 47096 37442 32986 57583 54574 70874 52494 15629 26427 23887 49370 40338 28187 68364 24192 25526 %n5197 15
14662 5745 7475 74054 39902 26768 33991 50994 58122 66928 57247 16500 28336 71461 5501 %n1887 14
42836 28338 42401 23451 66446 42222 34021 59643 14671 22537 47458 22153 29041 72458 %n10230 15
71627 51070 27154 4365 49780 19936 4643 40033 61675 28139 55025 41348 36673 43353 53967 %n3309 12
6611 33263 56631 17311 18960 62117 31437 70405 72076 21215 54599 38724 %n271 11
25396 51727 8913 47178 39320 25867 56297 20323 46860 35255 51042 %n10250 9
60813 59416 13184 22627 11407 19019 18367 14692 57999 %n1663 6
19553 33213 13243 39430 74208 17077 %n4973 9
39431 64626 632 4103 20023 24443 3997 23537 23458 %n8903 6
73306 9200 60221 49904 58784 7832 %n6970 10
64653 70000 18928 1861 73758 3873 56452 11968 273 60805 %n11702 8
56376 62166 69501 45543 33117 19363 743 73555 %n5809 4
8479 40481 67692 9288 %n2545 5
54280 61877 47954 31921 68647 %n11548 7
40291 21356 1872 61820 60144 20682 65126 %n2276 6
23667 35959 32212 16184 16287 66252 %n11557 6
21663 33811 55124 53654 68408 34650 %n9374 5
15812 57246 61836 6415 4465 %n11393 6
46383 36015 41711 66676 38354 53192 %n5018 4
10216 69097 19641 32746 %n9012 6
35746 72824 31345 46901 55562 50418 %n7427 3
37506 72034 63331 %n4833 3
61243 39675 69715 %n5432 3
63462 61250 33907 %n9946 2
20988 29633 %n9594 2
38071 60573 %n7806 0
%n8771 4
14674 16392 35830 44117 %n11391 2
26743 55936 %n9924 1
43802 %n9350 2
50650 4909 %n8124 2
68354 29632 %n5165 1
29912 %n6038 1
68698 %n6676 4
2523 43938 55510 16411 %n5088 1
41509 %n2013 2
17448 62046 %n2548 3
35328 39003 58492 %n1491 1
70040 %n9114 1
60509 %n8186 1
42221 %n7743 1
67894 %n10315 1
70115 %n8532 3
29063 15366 28173 %n11402 2
28615 55484 %n11028 0
%n203 0
%n8331 1
5364 %n4875 1
13951 %n3785 0
%n6426 0
%n2379 2
16073 67006 %n2773 1
29242 %n5498 0
%n6232 1
21447 %n1202 1
71762 %n7984 0
%n3076 1
51573 %n5062 0
%n5838 0
%n2292 1
35735 %n7992 0
%n6804 0
%n10996 0
%n5423 0
%n435 1
592 %n7795 1
62403 %n2043 0
%n7713 0
%n4576 1
30781 %n619 0
%n7109 0
%n4269 1
23581 %n1118 0
%n4687 0
%n7162 0
%n634 0
%n10474 0
%n10231 0
%n3787 0
%n765 0
%n10240 0
%n8890 0
%n6001 0
%n7674 0
%n6969 0
%n8809 0
%n4055 0
%n5424 0
%n3050 0
%n1024 0
%n2037 0
%n8741 0
%n10400 0
%n10457 1
41404 %n5433 1
34962 %n10670 0
%n11264 0
%n3842 0
%n431 1
57203 %n10769 0
%n812 0
%n1540 0
%n5932 0
%n607 0
%n