207
500 198
82278 69956 12220 5809 29877 97023 4568 73526 16799 3163 53552 36944 33722 4615 90002 81302 38670 40182 9615 9451 27871 35108 52737 18458 80290 67368 93995 11186 73499 47232 20690 63320 87403 48962 28629 65579 29164 88236 94960 52652 33623 93073 64833 24558 74992 32682 50128 50278 24775 85731 88102 12023 27617 28048 4231 82858 85755 85088 55993 44498 85026 45279 98785 32774 56346 34677 86450 20634 57155 47115 20312 97826 50704 76543 9306 88607 77992 87960 20878 1273 23169 98516 86601 72769 60929 40999 57556 67637 65984 81381 68942 75280 59437 58869 34108 35749 56284 57039 63110 75429 30976 739 23494 90280 60003 45940 74606 82111 85971 11866 68512 22841 76926 44070 47390 27321 97951 43229 52971 39417 30185 53054 95037 76895 8980 83677 6307 70481 90242 93525 42326 83355 459 29929 83321 2231 22019 98298 40129 91512 74045 56582 38967 76723 6111 45999 41487 73852 94397 91937 68319 95493 35286 35926 38284 79823 22606 92268 8891 50471 81387 41145 21585 61223 21482 89161 476 44364 39991 54650 4803 51122 80671 99506 76748 1467 32476 15302 44320 30892 42848 78662 25902 75861 91536 65167 10532 88638 72476 14922 1340 80679 13336 25107 63594 90733 77026 99915 %n1481 128
26566 80776 35412 69010 35841 18734 88629 7941 53248 5043 49808 44048 54024 42303 53353 61516 98338 16 79476 88503 96781 99006 99897 55777 63022 59544 82543 15039 65139 47240 3321 98187 28472 14386 90179 50995 99892 72193 14907 52813 37527 14123 33442 25634 38118 68674 21149 12 35264 1886 46314 85003 3457 33423 22341 87207 94297 96709 33466 31691 33917 78972 14775 22535 86333 75597 76971 50624 51791 22233 57576 48987 60424 45951 11840 48996 7532 70000 82302 64984 75278 57343 80346 55300 32074 20334 93528 28580 89409 27438 61822 62075 46776 25895 28133 22888 36720 92319 20446 88289 79493 66320 63021 92421 61182 36788 37123 61308 92460 21384 86743 59502 20502 50354 48957 69307 65426 84079 52402 17413 21945 40521 4438 5384 19057 98296 60097 62406 %n3026 82
3551 46600 54554 34205 64055 5229 68404 70896 33517 8253 39110 71150 68870 494 96251 80285 55464 91559 10819 53315 54088 65522 13055 39129 14746 12659 43020 18604 13724 49446 4160 82770 50674 95446 21170 33799 14418 88671 18839 23282 47931 86 27540 20085 85703 51938 84048 82446 71462 87426 4394 67285 69550 13697 5309 803 72668 33717 48501 77391 86642 39853 25756 43193 4450 81551 43808 1454 71466 72209 75060 54553 11690 76096 23286 5967 65506 30574 95267 74445 31876 95095 %n2881 55
23468 89301 24718 66834 11510 93587 88589 90210 4561 26880 46132 6914 59999 29841 13550 71854 66012 7860 43219 30992 13609 47662 60423 90862 32247 94365 86103 89626 21244 97248 48639 25101 49636 36153 62297 20688 19248 33869 41239 6640 48723 72932 57479 12918 90461 39887 74931 10159 28091 87935 22216 26501 30798 9739 49048 %n465 40
94558 47761 39209 77800 30902 69096 41534 51039 36810 64654 169 5599 75720 70081 81811 89580 12087 71233 96495 70183 47090 18282 95818 89497 64701 98930 19227 25898 86307 24823 51765 82029 72136 951 12713 41453 39301 97618 46860 2311 %n3081 36
22466 41967 24258 26432 94526 2235 9020 26633 55783 41012 37400 68828 9607 54263 84425 14060 89247 47574 79592 37430 7459 88062 86662 36464 34753 33728 42208 89806 32638 92005 79112 19834 28381 11152 49338 94647 %n3188 22
11974 55185 87985 9915 12187 32336 76995 17506 76265 20760 88841 53061 77966 5064 93867 35148 89464 88762 7124 3120 41046 51883 %n4498 10
29754 19332 78035 87857 21290 67909 9528 72124 61574 287 %n1070 13
9869 81620 92403 84464 28090 75075 95004 81321 13075 96886 38920 72601 18394 %n3989 4
75739 82098 30204 46916 %n992 3
9745 15203 76340 %n1130 4
98237 62106 38074 74602 %n343 3
31261 38638 81398 %n2279 1
43499 %n1205 1
71507 %n64 2
98496 57149 %n4901 1
23944 %n2738 0
%n2784 0
%n354 0
%n2460 1
43217 %n4077 0
%n2327 0
%n43 0
%n3635 0
%n163 0
%n1565 0
%n2592 0
%n4715 0
%n2863 0
%n2599 0
%n760 0
%n2124 0
%n1805 0
%n1348 0
%n3265 0
%n4173 0
%n171 0
%n236 0
%n1693 0
%n1940 0
%n3977 0
%n3137 0
%n2239 0
%n89 0
%n3191 0
%n1922 0
%n2037 0
%n1139 0
%n693 0
%n2713 0
%n3444 0
%n286 0
%n751 0
%n2806 0
%n1319 0
%n1646 0
%n1347 0
%n2382 0
%n2955 0
%n1727 0
%n1252 0
%n3479 0
%n3345 0
%n1163 0
%n888 0
%n1316 0
%n2894 0
%n3009 0
%n4559 0
%n1421 0
%n4130 0
%n635 0
%n3641 0
%n2045 0
%n2860 0
%n4745 0
%n573 0
%n912 0
%n4265 0
%n675 0
%n1031 0
%n1611 0
%n1943 0
%n2601 0
%n2767 0
%n832 0
%n2263 0
%n554 0
%n4233 0
%n2781 0
%n2453 0
%n4228 0
%n335 0
%n4553 0
%n1469 0
%n2485 0
%n2557 0
%n1718 0
%n516 0
%n4977 0
%n1756 0
%n1002 0
%n4040 0
%n995 0
%n4785 0
%n1535 0
%n229 0
%n2021 0
%n601 0
%n88 0
%n3561 0
%n4688 0
%n1696 0
%n526 0
%n72 0
%n2515 0
%n1877 0
%n1737 0
%n3194 0
%n83 0
%n1959 0
%n4660 0
%n2089 0
%n4499 0
%n4695 0
%n3906 0
%n4756 0
%n4616 0
%n524 0
%n3243 0
%n2325 0
%n2922 0
%n3106 0
%n3771 0
%n2183 0
%n4293 0
%n2748 0
%n2082 0
%n3225 0
%n2293 0
%n1364 0
%n1956 0
%n110 0
%n2866 0
%n4909 0
%n4050 0
%n3405 0
%n2477 0
%n4844 0
%n2198 0
%n4526 0
%n1204 0
%n872 0
%n45 0
%n727 0
%n899 0
%n293 0
%n1830 0
%n1564 0
%n5000 0
%n1122 0
%n4392 0
%n2991 0
%n2963 0
%n3496 0
%n1232 0
%n4493 0
%n4249 0
%n4104 0
%n2161 0
%n2266 0
%n3971 0
%n1708 0
%n27 0
%n1259 0
%n1056 0
%n1799 0
%n3710 0
%n3916 0
%n3235 0
%n1879 0
%n4359 0
%n1178 0
%n1326 0
%n2932 0
%n2764 0
%n2975 0
%n1580 0
%n1210 0
%n1913 0
%n436 0
%n936 0
%n750 0
%n1132 0
%n656 0
%n1706 0
%n2526 0
%n493 0
%n1910 0
%n2953 0
%n2197 0
%n1175 0
%n4894 0
%n1058 0
%n4717 0
%n1645 0
%n