26
104 325
22271 42480 47979 41535 61394 59709 73337 78645 58056 5276 69068 91430 91610 67854 11693 46101 47650 28220 2601 27294 39372 76618 2103 16217 77565 31749 90312 36063 11422 65240 6254 2187 85835 5189 86434 42050 3627 34212 37947 25376 12635 54609 64982 73798 90774 19082 86647 75812 19462 36676 51221 14088 66434 82476 1141 73408 29499 15228 9864 26587 17444 97946 93494 42688 82140 5289 90633 19138 67154 56839 23314 69169 15022 93891 12376 53003 88051 66681 17112 76104 48806 83144 63498 2842 65905 94180 63983 74531 58762 60680 28288 37748 93322 73505 335 43021 26614 20082 74854 58100 3560 81556 48938 13377 33985 31368 20819 3127 10347 3817 72760 73896 94121 86867 85417 36279 50410 23074 44412 18017 57464 86320 42005 36977 88737 6325 36517 35492 27747 23053 30187 51116 52052 69760 60553 40629 92311 89738 90495 17769 37212 56584 50344 45805 62728 35001 60769 61825 98974 21226 92142 9441 79574 567 77232 50387 76219 35397 68407 96401 89048 89773 27640 5320 44079 29557 81198 14323 1152 11809 3969 29932 33737 12549 83365 37857 72161 92471 77764 56996 48227 89098 57234 83501 89864 83864 45977 52277 680 18158 35601 93328 57757 49683 82317 88557 19824 11837 24272 77194 53624 78151 1699 1406 64492 30107 93338 4244 45928 26509 68777 99541 54356 94490 62726 50912 53543 6757 63005 35095 49688 64442 16769 74195 65246 75498 79450 56667 20772 86512 77513 21873 75084 54510 15969 75036 18164 39091 67155 55925 99013 1428 39640 80898 82646 63673 7057 56828 90416 43615 66241 35862 20636 20912 80038 37423 64620 69024 98575 32437 57228 15339 83915 52032 59278 83180 95358 81522 17962 8042 45064 44081 9425 88640 78896 90338 35246 80176 65821 15602 58859 6781 54192 10046 31880 58144 45470 51704 41458 8787 84740 6754 59083 9335 95217 30335 72091 27295 54729 14586 40904 33912 33454 37886 65182 62593 27335 18825 32344 2147 94897 17556 90795 51482 98183 49165 50790 83530 82645 26378 95440 81190 77065 27002 12485 %n547 176
75548 27176 39291 9283 34433 87350 45753 79589 62362 48246 23702 82573 37684 89869 34376 67875 60692 28455 6690 30998 41688 8759 8068 80219 20362 4666 64599 22802 7417 84041 8913 67119 58155 45512 10158 88458 20412 56435 7894 44071 55661 98039 26487 15362 42227 69053 70649 60747 96606 6646 95588 8729 27026 66036 83812 78355 12297 34905 81532 90467 22335 50815 90472 26328 52054 71861 95452 72209 62475 32155 43142 76357 33670 95017 37207 22638 22836 65337 53473 61137 49055 70180 95617 97567 73214 26909 29308 97392 3763 7231 76401 95966 67361 90554 88979 33539 75887 37798 63491 50826 22716 52944 59670 91108 26017 76272 7455 93357 64531 65563 38131 19557 40637 18487 16937 54366 98988 85324 53285 46030 12431 36669 95076 74003 21052 62367 28248 88097 53610 54976 80433 42730 69025 27665 41775 84239 37520 96111 20651 97072 31742 59514 5206 10300 23735 34713 42564 65589 69671 85118 48272 86038 27582 63747 60102 33217 69445 52651 10308 28498 90641 59345 81624 82480 86787 10480 22755 54017 39747 36017 74490 30943 80725 92219 55333 62346 %n1168 101
47882 40649 30077 81325 26733 82607 63875 99122 39675 12146 37778 96288 66279 83496 61853 22560 21804 66644 90147 67063 26174 65127 44981 70552 38932 52345 40896 26522 63311 45138 28484 3776 57441 84320 77317 96396 82779 87095 23060 94764 5380 25618 53756 58501 56604 6929 64805 12829 54569 22255 62281 91971 7555 65706 37425 72130 2367 55189 15717 39232 93392 13807 3505 33631 1411 88981 40130 63199 81571 89933 15872 39693 68192 93209 18814 71990 58189 48202 4176 38396 87303 20924 6222 48051 47489 3038 95187 20477 49351 20066 58868 57581 97656 1247 59529 22916 12954 9815 70492 42740 53043 %n114 50
24240 308 36271 80013 82613 14850 72328 62217 98670 79129 10740 38856 90444 20546 18820 67567 78927 6714 42694 68439 90818 54036 42673 66133 69608 98928 35109 10403 8292 77524 91856 56495 26135 68804 1159 96091 58757 91790 64054 28507 14665 9433 17574 38998 86911 5662 60713 21932 27499 77639 %n589 31
128 12594 26128 12573 73794 77667 37054 47031 52321 79175 86779 77818 98970 40148 67256 6086 88796 27394 17284 74061 2839 83684 29870 22381 38390 38021 63086 22144 76615 77555 56837 %n1485 23
46930 46860 1940 52740 54913 26759 59359 19729 22938 83934 70363 41761 22763 90172 20417 43996 75485 17578 93600 57772 21883 98803 99171 %n1058 8
67772 66768 62146 76088 27443 64543 60038 31008 %n242 5
88576 33853 96013 84282 39302 %n755 3
70441 20138 36746 %n400 1
73393 %n1026 2
80678 40761 %n1340 1
36348 %n940 0
%n1510 0
%n331 0
%n1004 0
%n133 0
%n332 0
%n310 0
%n322 0
%n430 0
%n1171 0
%n1154 0
%n301 0
%n910 0
%n479 0
%n