44
6852 100
34398 88657 13426 34135 55540 19293 12627 46971 1339 7648 53388 21801 97785 40629 76175 35286 6672 20889 41883 44877 54062 88058 52557 42630 3500 43194 59462 20098 64945 33551 76043 81793 43958 96878 65374 24934 39399 42858 84790 59373 81420 80691 17563 63896 44845 88917 67260 5375 15643 17731 65526 39509 24116 831 64580 68733 11088 25082 79158 56784 65855 53604 43474 2227 91492 68912 68997 93486 83570 4207 50053 45813 88870 17931 48483 57886 66839 8946 68246 95342 69137 79428 39286 54956 10178 36817 56706 39250 41411 982 68927 27796 60778 32177 90765 55172 38747 43392 57252 10660 %n5257 87
3585 72604 20696 54752 21880 48022 12040 8277 87278 87547 34370 96672 53625 90355 45655 54978 54975 38734 23003 52165 39097 80330 16632 7947 82259 87379 42243 34895 65291 10343 1648 30614 85276 82407 41511 69632 55122 42345 86884 96964 72534 69560 65609 72685 24687 13021 22967 43801 83241 5348 88488 20385 86844 45333 81602 20641 33499 45242 30012 80070 87093 51024 17044 24811 90683 26629 44697 3977 41831 79038 71118 99847 33312 16679 48456 9831 73403 33843 73861 6340 77571 49215 90334 88158 67282 81499 93541 %n2820 55
66914 48288 83404 79819 26264 84255 27817 24821 42349 69290 75716 58556 93259 59688 6584 76779 50131 2602 68320 14494 21172 51405 29424 79094 95089 19536 45441 87220 95954 23565 90134 74043 93871 1690 50341 76118 30493 52514 3741 56197 91095 51358 42004 72219 76568 41959 60269 15738 88375 31741 98999 73781 89164 61902 36533 %n3267 54
79296 67963 26636 25153 24451 31418 849 51108 76409 66031 87915 75484 7222 25008 91418 83309 70792 91562 31194 97396 22646 37852 58408 78494 28876 34976 44254 76297 26260 20416 50114 24201 44243 17326 76065 61184 58451 19571 33493 31096 13419 45796 57646 83142 93012 89943 85825 92419 32933 15331 67746 20070 41684 63628 %n8439 51
57731 78616 9834 40037 28666 43634 31972 54216 55972 66405 83392 31064 99023 5401 32361 3061 48537 8362 72553 76636 72601 95671 37845 70306 60648 55481 40250 60126 28038 61546 64195 75845 63583 53250 56472 88856 27174 81905 47731 73159 37727 61506 5848 67012 65159 8967 17878 66444 67250 41037 66219 %n8135 29
87376 21250 81603 61558 26543 93128 5091 26096 94082 34349 93538 41347 87235 49352 23204 34563 32248 23670 94598 87651 73527 60847 44019 1590 11811 423 24137 96534 41192 %n8728 22
24671 83285 83565 41303 90000 71014 92101 12318 46195 4371 92259 8522 11874 17938 4097 77071 99165 51878 84720 93759 15892 2712 %n8413 33
1083 98306 18581 50511 41956 52737 72752 5412 63450 62462 70233 48044 72611 69400 50860 69951 16182 76716 92908 95035 74480 98871 32234 73511 68763 48983 4271 32388 51605 47218 71561 3057 70946 %n7140 17
77991 67742 92989 5650 90629 79955 9399 79457 12180 16976 88597 71709 76767 58986 2491 28743 32633 %n6095 20
46951 31244 28584 98400 576 28638 53829 94145 55896 44404 47837 50859 34691 30619 19355 85716 99779 52333 73032 54398 %n4940 13
24076 34662 58621 32982 63853 53149 39483 36410 87822 51040 40270 82698 35154 %n7362 16
47237 12922 77381 64490 94995 42189 28285 7864 61978 87544 12798 29457 82551 19278 45190 63683 %n4784 10
87618 50892 11559 38574 1517 12422 71504 46934 81825 67444 %n6771 6
76610 72998 86992 19011 81489 24506 %n2105 2
79227 24541 %n5949 3
24248 69115 4860 %n5055 3
97905 4067 39911 %n1603 4
70789 40247 43456 99171 %n5260 3
56980 55588 60813 %n37 0
%n4545 2
56262 92918 %n607 0
%n3192 0
%n8329 0
%n7370 3
50770 88282 43569 %n126 0
%n1557 1
55760 %n3530 0
%n8750 0
%n6942 1
75879 %n5599 0
%n1714 0
%n981 0
%n1045 0
%n2587 0
%n6466 0
%n3724 0
%n4110 0
%n4087 0
%n4440 0
%n2829 0
%n6667 0
%n3603 0
%n8794 0
%n