290
5473 115
83124 9546 78504 55170 80519 15165 72155 71183 66225 96690 22964 30098 39067 95258 88308 57775 5998 43850 85037 65173 50887 30363 76352 3865 40439 57605 29801 91109 88493 40259 83526 84822 23472 84374 6697 13090 30356 76926 97568 360 50663 13434 85047 51168 6291 34266 83502 96140 24195 21865 38075 19865 77228 60711 26640 82154 44092 67034 78566 18232 53430 10267 11095 87824 1150 70372 59181 67251 61989 37412 37827 80779 25900 12071 94158 40864 460 49949 69465 72459 50327 79195 82683 47669 19382 353 12465 54075 51736 15013 20981 41829 80343 13525 19655 68599 95632 36850 69663 38068 402 4436 69326 88593 13421 69178 33268 36529 97929 45349 67346 62190 44883 5165 52957 %n6279 90
5152 42445 94702 72877 96797 8430 36342 78418 95699 35234 80274 17012 51926 58690 4463 42109 99218 99031 40475 64861 9752 1561 38171 61117 13219 79244 26895 33617 2245 86156 33269 36040 44069 98844 85138 15356 31049 52089 1291 82880 1826 72199 77588 78373 58504 64481 95858 77399 76100 29417 83152 60355 8312 63311 97673 67628 57888 44986 82949 45456 22984 67043 44477 36145 27943 63381 39050 2081 47977 26911 85337 45235 81266 58797 50794 63595 24345 49910 25107 25466 85739 4586 7494 21450 87119 19027 72403 69355 67377 15352 %n282 67
76213 66056 41809 21343 56121 79612 71055 76970 17842 78882 22067 36604 65134 24916 33719 95229 98175 7048 3837 21282 11283 37666 59308 17367 53320 96158 2134 30271 90153 91455 97035 68684 13049 71944 97220 56899 12405 26290 64033 61933 26240 18016 93643 90583 43118 32627 18227 14299 7970 66325 3054 93676 76968 88352 20492 93275 77435 62747 17038 48552 29779 40772 11376 30641 59523 91117 19707 %n3291 49
31025 56719 39754 31119 53250 26448 17181 75899 67138 35216 71499 75105 21729 13473 49603 4860 84128 283 76921 91987 13047 71155 73199 91949 65687 13673 8424 40800 63883 58619 74230 74620 64210 23684 14719 11981 15770 56270 24322 41576 87956 53880 37361 64618 34391 65713 60472 3477 8061 %n5058 43
60896 31877 54256 25942 97691 65204 15559 84854 92029 4106 4522 45588 11982 33353 76535 4652 34179 89637 74286 74171 86975 520 10338 75263 9060 52046 38970 67658 83734 81131 6315 13037 30547 89382 90324 97790 85543 68007 53355 54209 12881 98606 87262 %n5686 38
7240 21273 56651 47662 86528 78306 60632 61572 73930 68979 44228 34047 67250 2679 82259 76337 17469 92886 60229 24187 532 83765 77620 16851 70562 40071 65020 80860 99521 22585 8370 41457 75391 81439 63875 44713 44596 13260 %n3546 31
97454 65999 58094 49313 17436 90551 4382 15497 9801 26858 56174 26122 11312 45656 7332 63048 39898 45407 13781 560 73493 65615 59863 42248 29055 97316 71367 90678 64463 33643 53929 %n5311 19
28418 44557 30870 44036 52497 8266 69747 81080 47894 29278 47230 63984 51866 6644 68119 42503 79712 61469 20444 %n4169 14
2468 44787 31337 37880 58580 32877 33280 70509 7615 8589 96470 26734 30191 35014 %n563 11
47697 82978 80766 20036 24413 56194 80589 90500 47785 35281 3520 %n6608 12
9994 84228 27516 53739 40982 46560 96538 11239 88310 48465 13680 99579 %n8338 9
77997 8127 10045 7726 10374 98061 29955 42106 99113 %n5047 7
56930 39911 67806 9186 88537 85822 19735 %n5962 2
67339 28554 %n5197 3
44117 46172 86504 %n8345 3
8690 95937 1009 %n6875 4
3948 54954 94911 84833 %n2010 1
47208 %n6897 1
52713 %n545 1
70110 %n3961 0
%n3295 1
38934 %n3898 0
%n7746 1
82107 %n2159 1
84748 %n6766 0
%n2784 0
%n3237 0
%n3817 0
%n8584 0
%n793 0
%n6161 0
%n241 0
%n2972 0
%n8603 0
%n3149 0
%n6572 0
%n3001 0
%n2651 0
%n5288 0
%n8434 0
%n2529 0
%n1364 0
%n1845 0
%n6906 0
%n5915 0
%n4510 0
%n1212 0
%n7445 0
%n8073 0
%n2425 0
%n6545 0
%n8475 0
%n1571 0
%n1853 0
%n2137 0
%n4395 0
%n415 0
%n3075 0
%n4486 0
%n7215 0
%n8014 0
%n6583 0
%n2472 0
%n8302 0
%n2188 0
%n7855 0
%n4153 0
%n6988 0
%n4368 0
%n6341 0
%n1826 0
%n6442 0
%n6845 0
%n202 0
%n6381 0
%n2201 0
%n1191 0
%n4019 0
%n3639 0
%n53 0
%n345 0
%n2732 0
%n3955 0
%n7079 0
%n5170 0
%n7530 0
%n4595 0
%n5019 0
%n887 0
%n7494 0
%n548 0
%n4238 0
%n1176 0
%n4468 0
%n2708 0
%n7813 0
%n6821 0
%n8453 0
%n769 0
%n4646 0
%n7871 0
%n2191 0
%n6921 0
%n427 0
%n4547 0
%n7256 0
%n8130 0
%n7183 0
%n326 0
%n34 0
%n6804 0
%n2149 0
%n3067 0
%n8216 0
%n5338 0
%n7912 0
%n5534 0
%n8100 0
%n4113 0
%n5760 0
%n7902 0
%n5574 0
%n4462 0
%n7439 0
%n2797 0
%n4209 0
%n4810 0
%n5247 0
%n6242 0
%n255 0
%n4429 0
%n6796 0
%n857 0
%n7913 0
%n6433 0
%n7258 0
%n1918 0
%n5040 0
%n1528 0
%n1171 0
%n7883 0
%n8178 0
%n6758 0
%n5202 0
%n2899 0
%n4799 0
%n1168 0
%n2245 0
%n3644 0
%n7413 0
%n5358 0
%n8116 0
%n5363 0
%n51 0
%n5751 0
%n646 0
%n6464 0
%n3545 0
%n1634 0
%n5783 0
%n6223 0
%n1202 0
%n4596 0
%n3502 0
%n2174 0
%n6383 0
%n7342 0
%n1590 0
%n4536 0
%n876 0
%n6959 0
%n8550 0
%n4214 0
%n3193 0
%n1256 0
%n3266 0
%n2362 0
%n5643 0
%n5234 0
%n5948 0
%n1488 0
%n6361 0
%n8198 0
%n2065 0
%n2950 0
%n8589 0
%n5354 0
%n1459 0
%n2902 0
%n4024 0
%n8334 0
%n4288 0
%n6023 0
%n6971 0
%n3868 0
%n5388 0
%n7841 0
%n2605 0
%n80 0
%n1816 0
%n1158 0
%n5926 0
%n2918 0
%n6060 0
%n3524 0
%n5733 0
%n3241 0
%n4801 0
%n701 0
%n7339 0
%n823 0
%n670 0
%n5016 0
%n6649 0
%n8177 0
%n1847 0
%n4880 0
%n2081 0
%n6745 0
%n2933 0
%n7259 0
%n101 0
%n5162 0
%n6327 0
%n4659 0
%n931 0
%n4251 0
%n137 0
%n6286 0
%n1620 0
%n913 0
%n2112 0
%n2726 0
%n2211 0
%n7732 0
%n2315 0
%n2913 0
%n3496 0
%n7309 0
%n3410 0
%n7892 0
%n7426 0
%n6956 0
%n885 0
%n4669 0
%n7798 0
%n803 0
%n502 0
%n6823 0
%n5859 0
%n8427 0
%n2487 0
%n7505 0
%n787 0
%n5941 0
%n682 0
%n6090 0
%n5805 0
%n8618 0
%n7645 0
%n7013 0
%n3014 0
%n7825 0
%n6844 0
%n6001 0
%n3597 0
%n630 0
%n7180 0
%n7361 0
%n1271 0
%n3718 0
%n2283 0
%n2046 0
%n2224 0
%n7977 0
%n4806 0
%n2758 0
%n5370 0
%n7071 0
%n2289 0
%n8576 0
%n42 0
%n537 0
%n898 0
%n3664 0
%n3023 0
%n3670 0
%n5168 0
%n1237 0
%n