392
18319 12
32889 38313 11776 27276 48251 52220 54436 8852 14347 11687 41020 17558 %n6237 13
74533 55790 50085 32350 65771 60698 11969 35780 58285 36028 14140 29918 46209 %n19055 12
55938 38792 75284 49292 22315 55355 31018 23749 60688 18770 3906 27523 %n4552 12
74684 51923 56709 10664 31267 15542 66362 311 15911 9694 61794 6312 %n12920 13
25698 41540 54383 48969 39020 12788 12343 51215 9793 47735 1476 40300 63887 %n2997 12
37773 39202 79521 32080 62317 53693 51833 72673 77922 18562 60670 38001 %n14166 11
38934 59491 67017 1719 11082 20166 8065 30724 15093 59010 8301 %n1814 11
58220 20083 4954 18894 44564 62115 31767 35143 36949 72191 16582 %n12090 12
1723 76228 71956 64567 57374 65578 75040 72574 54370 32589 61636 2419 %n18113 7
40246 77613 4664 11131 27407 70739 66513 %n8807 13
48976 44115 67405 61365 63235 30888 61505 6192 74452 72719 24337 25724 75460 %n1414 9
46422 40606 17806 1089 70409 32600 29241 13752 30027 %n4199 9
53599 19770 75269 32042 13957 73615 5152 57358 1286 %n18318 10
12559 76966 12626 10841 7968 36499 48859 2418 5442 62031 %n6284 10
4439 20526 34636 46973 76245 9726 2546 19714 73863 23968 %n4935 12
15303 41317 21990 48461 3942 36953 47208 76692 74635 14856 12742 44027 %n9909 10
4745 31525 4949 9613 20880 54786 31660 29112 43796 57427 %n18992 8
38508 59210 17490 6835 14657 43220 9693 55736 %n6551 9
41447 70092 73200 17013 41649 46106 65692 1098 37827 %n5230 8
38853 70610 36409 61691 28986 78427 46418 76265 %n18454 6
64527 59548 74239 21804 62798 10837 %n10359 8
54337 5985 35735 63433 33621 42863 48391 9117 %n428 7
72145 64299 41522 65728 38570 49221 49570 %n4057 9
9999 45585 53554 78073 59624 31850 51031 23944 73949 %n8244 6
77387 8583 56929 55715 60431 63610 %n2867 5
77234 46008 5798 62949 43521 %n1778 9
54730 50992 2121 38607 29968 43517 21196 19331 28999 %n9566 8
71631 51564 40454 11081 28621 11299 2260 54372 %n13176 10
29890 70302 8783 37361 40496 2108 7068 60551 40404 63344 %n3576 4
21365 12050 78854 47691 %n4060 8
32792 18921 28603 40426 51568 16231 22786 60570 %n10291 8
39841 18301 58162 56121 37806 46491 66076 671 %n11218 9
39356 70337 41955 34896 62744 11190 79254 80169 42492 %n18926 6
78234 70998 48174 48775 16746 66558 %n15938 8
69704 22462 80295 43703 41134 69132 75575 40024 %n8710 4
66542 21976 32084 64292 %n17225 4
14907 46253 56902 21833 %n18718 6
72427 41651 34152 54384 22837 74434 %n12638 7
54408 19453 59726 39467 29955 53610 79720 %n16266 8
40640 48617 71052 43285 52025 47570 46087 26413 %n9596 5
69396 816 56740 80719 5717 %n11443 4
34795 51537 109 36358 %n19488 7
64710 3863 17970 62766 13367 57355 52390 %n12291 6
71504 41666 53248 4774 52481 11085 %n1429 3
51634 23363 70589 %n6483 4
6082 26768 1164 40484 %n1105 3
20327 78379 67726 %n19339 4
58462 38550 61835 32111 %n16265 8
64304 61488 4206 78573 3654 77983 53673 69454 %n13440 4
43132 12125 24160 69052 %n11333 4
35798 39601 53866 30953 %n19688 7
63620 78070 3785 40373 25446 20340 55405 %n826 8
60935 69144 34591 80494 20942 73904 81034 74844 %n8631 4
8318 11922 634 20535 %n5576 8
17333 54222 6463 50869 28282 12713 13286 32328 %n4597 5
63957 62400 34554 77846 28493 %n10216 5
23884 29175 13782 11877 56197 %n18607 3
50322 1896 14549 %n5307 2
40901 26135 %n15086 4
25463 74133 52522 51279 %n12313 2
42625 45308 %n3528 1
76530 %n12236 4
11020 44232 9208 29971 %n18695 4
30222 28770 65287 52600 %n7855 2
69237 16612 %n10732 3
35956 18113 47276 %n17360 4
65336 18733 65337 38610 %n9369 3
44356 9645 18193 %n2627 3
42733 2254 23130 %n8606 6
42344 31630 44019 32184 20724 75305 %n9147 4
60527 31422 72960 2858 %n10697 1
4436 %n14974 2
30731 31786 %n8523 0
%n14457 5
35387 15353 72283 17544 20533 %n14023 1
57076 %n13230 4
7504 6612 37848 4856 %n7811 2
36617 80015 %n11978 2
54909 264 %n18726 6
6106 78533 56788 14382 34244 26106 %n18861 3
5694 80566 36849 %n7199 4
70178 32082 3405 52569 %n16895 0
%n16984 2
72293 22356 %n6869 2
1518 53939 %n17894 4
66179 66462 62681 76633 %n14771 1
67099 %n11793 4
52618 72843 21518 31829 %n12104 2
30317 35175 %n14433 1
43188 %n562 1
38299 %n10887 3
49003 8687 75352 %n15716 0
%n4799 5
73423 30052 38108 10330 45015 %n9769 0
%n3380 2
63209 38555 %n19352 0
%n9249 2
18080 58440 %n12524 3
15914 9633 17693 %n6576 3
5579 62269 35330 %n8439 3
34845 45304 33622 %n9796 1
3592 %n14050 2
21808 41168 %n19851 2
40233 72166 %n18182 0
%n18703 1
3111 %n8430 0
%n1222 2
59708 25590 %n9471 0
%n2766 0
%n9128 0
%n15916 3
68714 36970 70718 %n4788 1
21698 %n4310 3
41140 26695 785 %n14591 1
51383 %n14060 1
77412 %n19388 3
3008 33794 4116 %n15271 1
13999 %n4807 0
%n18971 3
43748 21949 55370 %n2791 1
72560 %n17195 1
53441 %n3399 2
20030 20155 %n16588 2
58159 79357 %n11262 1
72964 %n11952 3
13276 13488 15120 %n1811 2
8754 32004 %n17445 3
50698 56604 41324 %n15482 0
%n16109 1
35036 %n75 0
%n1487 1
33017 %n2224 1
34855 %n10747 0
%n11767 3
51838 74324 36493 %n11648 1
37692 %n3985 0
%n17209 2
55993 70764 %n1753 0
%n3597 0
%n13175 1
33812 %n19156 0
%n15708 1
50068 %n3820 2
69287 29892 %n13881 0
%n8549 0
%n92 2
68784 49904 %n17318 1
10906 %n14183 2
9515 66706 %n3295 0
%n5425 1
79058 %n15069 0
%n17346 2
3962 36512 %n19297 0
%n9495 1
35206 %n8746 1
9010 %n10979 2
77306 5610 %n9996 1
76950 %n1729 0
%n9981 2
73302 27911 %n19143 1
77097 %n774 0
%n7201 0
%n12785 0
%n12449 1
19007 %n5820 0
%n6364 1
50722 %n1235 0
%n5395 0
%n13873 0
%n18643 0
%n12188 0
%n4956 0
%n10605 0
%n16458 0
%n17864 1
48926 %n3432 0
%n15695 0
%n13916 0
%n19190 0
%n1325 0
%n7949 0
%n4795 1
71260 %n14228 1
8652 %n10127 0
%n342 0
%n10790 0
%n8318 1
12955 %n6068 1
6124 %n2222 0
%n15858 1
8519 %n8729 0
%n15731 0
%n14489 0
%n5954 0
%n2920 0
%n13568 0
%n17053 0
%n18606 1
25115 %n5742 0
%n6482 1
16909 %n18623 0
%n17368 0
%n4063 0
%n16413 0
%n6957 0
%n14360 0
%n15461 0
%n3085 0
%n14710 0
%n4737 0
%n11477 0
%n14758 0
%n16033 0
%n3444 0
%n5116 0
%n363 1
67287 %n10818 1
45476 %n7317 0
%n106 1
6452 %n16535 1
13255 %n100 0
%n11815 0
%n3547 0
%n17354 0
%n1428 0
%n19642 0
%n18831 0
%n957 0
%n10897 0
%n4589 0
%n9567 0
%n17555 0
%n15411 0
%n7652 0
%n6593 0
%n99 0
%n13703 0
%n1251 1
68048 %n2399 0
%n6643 0
%n8211 0
%n17317 0
%n13051 0
%n9207 0
%n8389 0
%n19212 0
%n16733 0
%n5468 0
%n15450 0
%n12344 0
%n4676 0
%n12256 0
%n19373 2
5665 56909 %n4977 1
51455 %n15547 0
%n1376 0
%n17128 0
%n18492 0
%n19355 0
%n1797 0
%n1416 0
%n3713 0
%n2718 0
%n17686 0
%n2692 1
35164 %n12031 0
%n2697 0
%n17740 1
78801 %n17620 0
%n7939 0
%n12608 0
%n2759 0
%n17413 0
%n8375 0
%n18316 0
%n5812 0
%n11107 0
%n12228 0
%n16722 0
%n10769 0
%n13048 0
%n9902 0
%n5537 1
48696 %n18731 0
%n419 0
%n11368 0
%n12257 0
%n2743 0
%n1050 0
%n16097 0
%n8701 0
%n17265 0
%n16243 0
%n14910 0
%n13391 1
51548 %n6384 0
%n7700 0
%n14824 0
%n18551 0
%n6901 0
%n14427 0
%n14234 0
%n17598 0
%n2203 0
%n6857 0
%n14583 0
%n5449 0
%n2029 0
%n8127 0
%n17539 0
%n12606 0
%n12662 0
%n19377 0
%n4769 0
%n6061 0
%n9982 0
%n2967 0
%n3105 0
%n13306 0
%n5571 0
%n9312 0
%n10619 0
%n8859 0
%n6359 0
%n4690 0
%n17818 0
%n11659 0
%n15144 0
%n10049 0
%n14253 0
%n15618 0
%n11515 0
%n4616 0
%n10189 0
%n15464 0
%n13369 0
%n3192 0
%n4182 0
%n4245 0
%n5634 0
%n15533 0
%n1583 0
%n7920 0
%n14103 0
%n18571 0
%n12372 0
%n14788 0
%n2586 0
%n19132 0
%n13562 0
%n12649 0
%n12319 0
%n10733 0
%n1616 0
%n14783 0
%n13023 0
%n4069 0
%n17952 0
%n17644 0
%n11853 0
%n11892 0
%n1943 0
%n17752 1
74742 %n6185 0
%n414 0
%n4432 0
%n15052 0
%n11553 0
%n6117 0
%n16853 0
%n3559 0
%n5780 0
%n9950 0
%n3102 0
%n660 0
%n17887 0
%n4231 0
%n14611 0
%n2159 0
%n11542 0
%n15467 0
%n14432 0
%n15859 0
%n5970 0
%n15453 0
%n17691 0
%n3074 0
%n6246 0
%n15528 0
%n12380 0
%n12704 0
%n