41
2300 125
87562 66541 94125 78822 40105 93745 97085 90562 84194 37197 26024 83031 33084 72826 80366 91404 43746 32152 36100 44655 14186 90519 55523 10407 25601 87235 89226 30844 54103 25599 38823 72104 34458 38558 10052 90222 90932 76442 4734 57156 35255 55318 24047 67420 37267 76045 90775 58941 87485 35439 84562 66300 37075 65643 10902 25247 46529 79422 54600 56576 32384 88996 22544 22534 31778 71305 81405 12408 98485 95587 77523 47514 6460 88663 40578 21505 71716 97265 11184 82189 43821 42980 79929 88465 75760 60478 6525 62508 60450 16842 38084 78769 42127 86912 51246 71502 77485 4625 27509 71338 55665 728 69137 55544 27974 94284 1325 76226 55825 5130 32725 86848 34392 52035 82571 76846 3948 2350 96404 49055 3172 2716 69408 15023 53236 %n2575 125
64325 91070 29931 46248 50724 57330 58327 11245 3745 42618 71793 97538 35417 62901 46364 52924 67288 45498 72032 83120 57159 19002 91543 3913 49113 39667 50424 6302 27973 77919 11004 12661 78468 83213 95811 88112 71732 67811 28734 86588 24008 18489 33899 65797 7110 48215 50395 31401 63028 85314 75441 55139 30424 66912 75977 90919 45192 8806 96451 51869 15701 58887 99209 9635 24249 27526 44266 41830 48230 20081 36463 95066 15045 42893 32689 44696 94461 92531 8002 35005 80962 80392 69980 51495 55424 91826 73238 10253 50988 63777 88188 44667 25075 60308 91990 70690 50923 91409 88185 96470 1920 90911 51980 9062 57252 888 79472 31233 37389 96388 66284 32602 41439 21406 92495 40301 87143 23736 80569 11710 67486 12307 49135 88444 63544 %n1789 125
41762 49431 65866 41091 76274 11654 91033 28536 73241 92369 30229 82223 1890 87463 92733 31260 60531 48081 63056 4208 13928 62094 62851 14870 21105 50466 66966 72020 76997 7754 14346 96228 5513 4372 10574 37768 24591 53496 6241 27250 94610 70065 61031 67518 99841 53610 57474 44697 90914 12420 57054 46687 23551 11003 62501 96582 96402 40124 62709 113 98025 34428 5968 54129 56253 27232 51708 80592 69400 89934 74707 69582 50929 49061 69890 71515 83285 98594 58186 62692 26685 99780 96587 52021 51061 28983 45420 98910 42099 45403 48373 48827 32809 44426 47705 71723 30600 40286 10491 50047 87496 19841 61234 82387 96207 29338 91339 44639 36008 70529 67556 1463 24017 20360 40815 86133 5166 40584 95216 85316 50238 62733 91454 66854 24723 %n599 125
43659 51052 70230 27785 31937 86943 26919 74745 10924 89569 1816 50987 95726 29376 7966 69875 85109 86198 59355 82298 36306 3788 33259 22916 42984 33625 77481 75549 13477 23903 25295 40640 90885 53676 31172 56056 74765 87609 24573 7425 89864 49830 53555 68807 15756 68973 65126 89717 95268 26669 3134 46382 7857 9788 49193 2941 74406 50244 6175 69398 88990 89334 4855 31393 33847 38556 45806 26433 70749 32485 6087 78024 37272 7806 90047 33674 64997 43177 5349 92364 60738 97419 96169 25261 58445 93128 67937 46906 39792 9707 78242 64277 49076 91382 55580 81261 32157 80615 60098 28668 68141 59320 93234 17751 23673 43350 55125 51750 17455 68257 319 36499 23073 91334 60041 53447 25803 30267 72796 38955 31891 10159 17837 55332 21749 %n4001 125
61487 61767 48020 98449 93250 77521 17 5429 62593 95097 76314 61803 81983 2318 25414 53835 75311 45141 88932 64632 99229 71812 37347 62255 49846 85830 54628 69011 13197 88417 14336 98261 78458 80717 1206 63582 54061 45212 60515 73608 21877 78989 1648 92158 9340 15047 6740 92416 81902 81307 47603 19335 39871 51523 74356 613 4468 35808 47629 66493 54199 69444 97980 48104 51282 55568 25464 72525 20119 87781 89143 32053 7531 42261 11810 32655 5 27057 60899 43572 93994 21540 71794 93734 1156 28754 97685 40053 94854 31822 59864 66568 53687 13794 74740 63101 41899 89038 16505 12777 40776 51914 77959 12367 33843 53081 10276 11043 45666 85926 11760 93495 66649 62847 85469 24687 82020 23474 71327 2490 34658 5903 46960 78821 11121 %n5321 125
59906 75343 31008 82243 6511 22678 30544 49127 82468 85180 73737 88926 18596 49478 20449 33458 95153 51666 92795 89916 43455 99665 7412 34193 85705 39734 26337 68267 68147 14349 95977 71506 81440 10798 94059 13057 35338 1613 35078 32040 43799 66100 40034 25314 86305 16569 57926 25454 63308 90655 64878 10874 59236 79886 84835 91553 75222 90103 75324 82529 74505 68670 61944 8740 85658 33357 665 87260 73113 79211 85506 26829 39541 16806 31371 23939 63102 11959 88501 9469 36339 74855 39688 54810 12427 88682 67411 71792 76461 76001 97084 94494 84316 66345 42987 5458 32560 51472 2160 65170 96847 39949 3173 99213 4701 66713 29644 15062 83731 47081 18701 22318 94286 98601 23977 77742 54164 39826 60183 74902 90907 31697 6942 43076 37622 %n2364 125
78235 2076 44057 55218 43093 99107 34331 18584 18447 98304 97423 17120 65004 28208 27776 19014 79754 51139 65986 86560 44234 35919 65902 19106 44602 40746 39869 42025 95689 8001 32147 90413 88124 52478 63387 99047 90083 52241 92714 76472 46918 6261 78177 22589 83590 952 7576 13598 75114 36226 61541 5663 70411 97283 76129 77474 98783 9862 42743 61230 3357 20007 55646 67393 68293 24896 32707 69982 90320 97745 42030 69730 92097 75568 2111 85713 79520 82580 59944 84007 57719 79719 4884 58583 82185 4483 34000 2581 92425 72540 23790 21613 81273 11712 34938 5109 52743 21169 42914 36974 66165 76006 38630 6424 63610 38880 66784 44366 64845 24157 90439 65512 43704 50228 24510 57531 21060 80658 95734 49476 48050 19464 57066 83073 5338 %n1476 125
56691 67639 76182 58537 11826 44719 64100 77645 94744 52113 85166 16425 47123 29480 4308 91298 10335 68705 29944 85641 16046 53923 17742 24910 32451 41000 62228 6977 53567 70316 73502 73489 78572 44687 67373 68218 85753 41421 71769 21311 82092 82115 16012 81181 70768 59183 53214 61591 87053 80302 81748 59886 61720 67832 97652 17346 18282 47911 57108 59939 78892 93839 30198 42283 65123 32937 88957 2315 89036 75786 89946 90581 10024 29796 16497 8139 69189 22309 26411 86328 22555 72925 32677 57848 98070 57762 66947 49591 77301 81498 50391 38799 81907 47609 31647 80630 11096 95712 40628 77452 57545 30492 21447 55890 66279 39539 31839 14135 42434 40007 93023 9799 6542 81055 62521 37101 6976 3313 91612 6789 36506 78147 86791 767 48672 %n5677 125
87854 5889 46542 12475 65532 43114 50560 82416 50464 75392 17002 47234 1591 25858 15949 23050 59035 93154 9832 19463 12449 87558 75381 72485 72792 58373 87149 17029 88017 72803 3685 49587 97708 45702 21797 72205 50001 9666 8572 72499 90927 67841 80386 2812 83269 54163 94705 82608 64874 92893 95585 45473 12215 87251 66507 21732 67674 14644 10138 30566 2756 24327 38619 35127 38650 50327 83784 72761 7188 94739 22117 98214 81560 11843 8726 21123 62303 94481 14243 33485 55697 94827 42738 38524 8421 23431 10154 47819 59303 15806 87100 30271 93524 45897 87200 84047 44791 98514 2557 16860 75498 12968 46778 90757 95522 74974 66325 78437 84041 32717 65951 14470 34982 28040 11641 23860 60558 70494 48686 67850 31118 68493 97164 47353 96787 %n754 123
66358 83852 46956 67313 518 35832 87901 79726 29653 68612 961 69228 34579 39398 71024 16148 32454 99785 57704 73274 57179 31829 32479 97060 15948 53189 32262 67530 75029 4635 84118 64548 62019 29469 1116 29732 69912 52141 38025 42514 67366 8010 12153 14852 51816 93605 52381 40422 57911 77994 30397 3615 40393 22837 32339 96048 93286 88703 75271 26048 80172 37614 82057 15507 49899 4612 45659 7254 94110 46156 85932 90917 97204 16270 56303 83467 98948 36564 35128 12712 2753 99247 92127 98121 50471 92245 12720 80614 1628 37966 49225 23807 55013 6278 75519 59921 48540 19372 39116 95003 94292 17913 69567 71359 2091 80411 28401 26204 36881 61308 85867 23991 40886 75855 43465 70937 2659 2261 88029 65777 32990 31264 85103 %n850 123
39278 27093 30785 21129 53998 65443 61440 77345 86772 10780 63864 50630 60654 53556 38061 64398 75794 60931 29048 3684 24698 49183 33665 52069 18932 44767 45655 14107 64468 29756 98913 82528 59097 1321 8291 28501 14580 54821 29100 53152 61463 85079 79353 38853 39954 33187 30266 71113 95528 86754 81481 36384 55188 22295 48539 88839 39562 17892 93278 51580 59284 60347 59536 27148 63245 20059 20154 86934 8775 51821 4379 6341 50626 53269 58188 22812 99553 60829 65035 19894 21671 48133 60824 62760 55906 51327 52173 6987 47307 33345 91069 22653 79989 74727 63567 73236 75249 13079 9068 2967 68099 84281 14492 42128 9146 67827 17542 8968 33837 99672 91782 26485 7566 4393 49671 75743 45237 22800 99671 42953 8432 84544 41741 %n550 125
92372 12282 68430 84252 65043 45248 77935 88869 20217 89512 66017 48613 18616 43488 87664 63312 94403 20591 31000 22810 82132 38244 95940 89662 86289 17627 63040 66791 49670 16950 13904 41630 46362 39199 91898 68121 97705 959 44399 90243 64259 47049 81030 25733 77152 46480 12035 40229 44713 70900 20361 15963 39519 23323 52496 98849 4913 30022 25931 47140 9168 80267 46633 88712 15786 4132 87396 83770 21114 59129 76538 15803 39423 35282 20399 71435 45911 72355 28318 93910 95296 81279 92553 17273 14744 56394 55752 25681 46269 33493 76017 49075 66033 62925 54026 59861 1468 78811 74167 57407 30887 69209 30509 11211 61819 74351 92211 62185 74004 1719 60550 61015 48175 80740 94780 9321 47704 62721 82916 12300 682 25764 97636 1764 95970 %n1053 124
85343 97544 15645 92572 78840 80422 39744 23478 92600 83989 20661 9859 39470 53239 63952 5376 48601 50761 71810 32545 3180 23947 69149 57555 21097 32096 69796 23783 50203 18457 20879 22472 70732 25421 10490 60734 97728 90303 54868 99192 95953 39285 12217 17118 39265 742 36513 11091 67717 61483 66917 75158 63460 46913 64639 1653 75799 11352 66011 67783 60878 86871 8527 70257 27668 69707 66015 67734 96486 95299 7149 95725 66894 14752 30065 93356 10875 20115 32984 96354 20685 62528 91909 84287 57084 73455 47311 72816 83822 55861 79810 90190 92660 9930 51244 12191 23909 44603 9814 12766 37801 26417 86235 7048 91819 14485 5643 16354 80838 15566 51861 98819 46234 25971 81946 8516 20560 31495 11875 66501 35712 13207 71478 84817 %n575 125
76738 20487 878 63688 59141 35588 27168 76282 52179 66039 62954 60991 59847 42536 9503 95866 59398 28854 8074 91719 86200 69965 72702 37990 11262 91253 72828 46506 66626 71805 20142 70033 32581 8809 70385 2238 77281 55978 89007 70362 2663 61875 40857 49725 37601 20183 49523 5178 76167 63380 48783 29068 41199 43376 18138 70018 51609 48331 50081 27140 80 23251 70069 47466 83871 61948 51798 51625 47427 51136 13296 55271 71485 40234 43856 43087 42616 7507 12 95046 21656 43872 34659 4287 1940 44973 68851 21754 17909 89068 66146 94832 75731 23101 27188 88122 58125 14856 976 42454 9066 74823 71704 23197 75435 8359 9382 35520 85706 17868 28091 24602 74174 21693 4974 47414 7624 73152 42981 57019 49788 56382 70023 83800 76612 %n6573 124
53265 35581 89811 74370 72532 84028 89805 35014 96636 85090 51273 2044 61982 31272 66289 26517 39749 44276 56553 51636 82334 3568 8950 71756 3849 99415 65771 82457 9222 66755 82309 11222 34890 99426 18803 42592 21019 74419 99898 76859 52538 17597 39698 12942 8857 62786 87382 6503 5146 29554 90680 13454 50479 66680 41425 62251 51110 62248 87730 19773 1667 19317 5279 97345 94488 65805 61176 17376 61093 48993 51451 47264 48727 74121 68750 23064 3423 96527 89119 7002 3354 9416 31223 90584 10417 778 39098 53664 19110 94878 97145 95382 34327 64556 1966 43972 75827 48617 74985 85833 58254 75805 65806 42133 8279 47224 68518 40988 67333 45035 69267 96892 30116 68268 35327 39933 18593 19909 30223 97923 25682 94926 5229 55477 %n7333 121
10881 86092 291 81021 83977 10743 28176 55333 68210 66474 86666 76448 73290 9704 82380 15106 26178 15248 19643 66484 78643 4155 50486 87633 92240 23615 55466 77778 5591 82991 64914 66716 38497 8327 14473 80789 12574 41033 53919 29970 21299 26076 34019 80275 84085 6844 89393 49192 53209 61809 36781 50346 92112 85714 62491 7176 10625 74540 90776 37385 20842 30020 18863 18796 23220 58379 70514 14079 43718 53290 2619 6083 91303 46555 16649 45251 17048 65094 67588 91465 99909 60362 48390 7105 82733 61219 77900 81497 12106 72064 28663 55964 29363 21361 73870 36851 75641 56777 39418 78700 4725 41124 21762 74026 98957 39805 87625 31640 11589 33208 98181 15552 90826 77139 57140 72597 35559 71721 23192 78029 3135 %n7540 123
73522 75921 36621 38736 47570 9551 41203 37820 98835 42865 66832 24149 74659 83140 30448 8452 49569 75853 52133 1714 27418 39992 96357 32223 84995 72293 23797 13440 17895 30483 1573 85344 81843 67594 74239 45572 23746 11210 57344 54647 41514 66988 60955 93779 3505 74502 69291 83992 40368 61299 84499 62092 28749 50960 85127 25037 20370 38372 26156 29267 86726 31471 41524 42236 76652 39338 43858 26723 52348 30084 44569 87114 98277 17789 30620 63615 26758 95434 13763 67146 23292 71140 17885 18838 10442 51705 84910 6691 44187 82200 69057 17829 90982 75784 84294 29180 90510 34976 97624 92302 43290 69154 35614 19786 71724 73401 11359 43832 77223 71282 75843 35689 22755 19363 28751 91554 87574 12560 41075 92876 97865 74971 49637 %n7165 123
96420 84031 63049 68542 35252 78179 85366 4293 31652 80291 36847 60534 92575 58784 81677 52290 32546 37318 98370 48517 39215 27124 11350 96910 52977 38250 22748 2610 31183 73981 12933 98120 42427 74564 84827 17035 81199 59924 34994 57318 53568 32549 16905 3430 86944 78839 40505 65831 98497 72757 36934 47271 40871 63448 25364 42550 31337 92853 74917 61941 68947 19698 29586 58926 89025 83062 58576 36350 96435 26279 5463 49230 38042 37616 91343 63332 88657 91991 85444 60497 65637 8879 7058 69040 2809 36060 58398 28625 19521 45927 41871 17846 98659 96475 13509 16800 45153 34844 506 49918 13283 10967 40449 18759 36416 89488 83060 57930 34215 33796 48271 43730 99301 89356 18977 23745 94028 94842 8493 18931 17604 86503 89703 %n2880 124
40819 36939 40924 65836 52296 76881 27723 12131 18327 97250 62217 1049 82897 42746 61209 3635 92840 55030 3463 53364 89166 18354 42858 41279 8255 44922 80647 66450 73127 99130 94670 69169 50253 36321 17242 99758 36154 1690 6466 73351 35377 24946 73035 44449 98421 4162 90768 58446 87783 76636 49958 54963 83434 65855 71654 75487 38203 93428 39535 79830 5013 29698 1319 99674 76423 44231 33844 3586 17128 14777 2595 44898 19385 41261 85274 61721 57765 51794 75960 63744 79407 15289 55710 97997 63575 26777 42923 70114 7695 87766 87353 62511 30601 97237 61727 5532 86425 49053 92147 62067 64450 31724 69841 4134 85736 3472 18487 82212 47787 22284 98585 38748 36620 16762 39081 50830 66340 66294 48521 40403 43244 67864 86835 32933 %n5603 123
29925 53020 74892 86836 92816 30125 15925 58560 58407 82602 93093 74945 9385 5690 65892 21195 33758 41596 25674 36295 41724 87439 8366 1981 14429 42220 33972 25584 31249 17888 79187 85171 21577 59435 18585 20638 93413 14745 17566 72600 40209 15410 64298 34646 44347 29430 7932 20660 73943 29735 68704 93915 27056 93967 30777 2517 35850 94166 24611 46782 98321 75527 26102 96543 70830 16266 93844 7026 34346 91486 88779 49458 88547 35859 99337 86021 47341 59834 59258 83231 43666 20032 45309 15139 3307 79339 8079 80780 16746 19065 53569 86779 26953 23897 61067 97395 79734 19959 83209 92360 56198 36191 4087 31166 87255 64915 65545 4440 90608 56409 33112 8660 93220 9854 48035 86704 88200 33415 72840 42685 30074 77731 15036 %n3731 123
50961 41324 71682 9610 31682 53946 38440 35465 93066 16078 30992 94107 14283 65284 31083 75103 80572 49054 42706 27733 16701 79040 79904 50334 68737 59726 27164 6463 644 77953 46336 57611 97131 39143 29908 79163 73600 88261 21286 26113 51477 75507 67605 34896 38427 5879 20769 41182 82421 99947 25654 48580 16375 8339 66401 65728 18652 72894 83407 54097 70117 71939 18716 77956 31894 21391 94603 55283 10945 92443 32512 53968 8204 23684 21722 61129 59280 31474 55220 58276 35540 1495 95818 48844 27501 18949 35603 30960 74293 66107 40077 5361 91046 65823 13739 35362 85496 51651 56573 10929 70043 26803 86617 73249 72959 22247 94376 20017 61723 33693 96945 98132 62368 4041 26735 23439 57813 52741 96803 70281 17256 96788 38855 %n1388 122
50465 52246 29724 49765 94886 60794 55225 92933 48285 80065 14010 84043 5823 25712 18955 24182 14864 21160 57302 38503 36143 80011 15409 50959 53747 5954 98026 49479 61634 10890 54311 87890 2100 87940 13298 42235 40759 10110 60103 95032 82567 67221 71683 91986 65623 4581 40030 29993 52255 38200 13389 44582 48660 79877 15087 29593 40898 99837 87310 45493 60568 1660 13359 91025 14153 70363 5924 58861 70696 45525 55834 63184 59570 21281 48637 99034 87319 15271 91771 60043 5758 47160 53816 27875 41796 95047 40098 62588 22115 59221 83314 58393 28948 19387 37317 32490 34136 58770 15006 69754 16811 6277 82668 6415 74122 61974 42242 50039 60710 36028 96970 50144 79816 11793 8505 9019 30253 44343 5171 38486 5414 11691 %n3008 124
86767 49099 33245 34329 49538 5353 28466 82824 59261 58401 49190 19925 97565 49873 30 27604 94629 34009 67354 24928 10968 25909 8939 84149 23676 1210 78042 17989 36300 58893 79177 48675 24050 50843 2345 40952 36190 25582 42093 88177 82551 57599 30334 28382 30024 66529 17102 71630 53565 51873 14518 30611 56738 18122 72067 75696 29714 66623 18101 26847 5503 87774 53805 2683 90298 78959 6725 10303 29648 14085 12114 37987 37387 86450 20152 14990 19103 19737 86399 42321 41797 70509 54060 9 49624 63156 97612 43719 52025 64188 24719 35371 36957 31086 96266 18186 15463 3584 36328 35330 23021 1504 36221 44881 60461 57311 85821 73518 57305 79603 52337 77260 13837 21339 41701 26393 16216 60448 86636 30891 28340 65164 95787 29609 %n675 124
56733 47800 10643 17046 86854 14754 34635 12041 96197 46010 11022 33408 76644 13339 48480 1652 59718 72027 8020 56633 51647 29096 64258 38322 17114 55766 63198 25556 35048 84966 41117 44535 20800 34779 97373 97898 68908 79155 15769 64599 24396 26757 83816 6896 14519 56937 27561 77772 88308 13862 14942 60648 1451 36610 57795 91017 27807 2810 48875 16056 46415 88026 40529 86012 89945 2126 13791 74068 62555 4191 30142 75705 76454 92927 47251 17729 54755 43612 57197 72284 28468 60400 25512 2277 47151 45004 24871 76398 67115 85896 58179 41125 98030 16680 10846 2142 43313 13029 86919 14271 34546 81239 28961 23360 86490 34817 86714 39939 92763 20877 41412 99131 76361 94229 11598 89906 50135 85741 37439 67218 6401 87411 49694 60828 %n2622 124
46501 73318 15844 64204 42388 14533 18970 50656 57180 30554 48444 34863 39287 10162 940 17954 63768 29248 69940 31511 37972 95488 69076 47674 38607 33673 49262 84030 87521 48306 79795 60896 25721 43591 58124 51815 38522 39856 54242 19707 11188 51308 55648 64063 4684 6151 40600 44621 86531 33294 52454 1855 64071 74499 57578 87919 31222 9468 68842 39142 17228 31865 16481 16031 84192 5520 32386 11596 75795 78681 59428 11957 59755 90447 3664 69052 4920 97448 38844 47575 90515 24208 64103 77970 56483 7784 10035 89408 4715 55228 44026 58754 78478 89928 67609 81718 11465 33434 15890 23128 70304 20286 32335 22662 43837 65482 76301 76446 25105 28479 1794 5984 61949 9852 75809 24485 45443 18821 11547 85903 8530 16575 66219 74485 %n5165 124
40473 65475 87430 15199 92815 42625 62398 20486 95517 57356 11046 67236 54448 98702 82343 81635 28953 72983 19715 58865 87433 90623 414 98437 5606 54414 65856 39111 40330 85254 64816 30303 78625 34054 65884 59048 1516 88949 55502 12005 18625 57096 87068 90566 67180 61865 27137 73759 87055 89037 93383 63643 88627 53788 57071 45347 10795 51456 78239 47212 15741 88223 92791 54340 32035 37450 37692 45994 11399 54422 98064 71935 12748 31370 37694 42886 43275 60180 81707 17682 59387 29904 12893 38129 93403 10310 2634 62078 8576 29478 81624 72906 74204 79803 17717 74011 3953 94537 96105 87743 659 29642 83820 16434 98186 75872 59784 49074 33533 5481 63749 96256 49708 7336 73387 811 34661 44636 57875 84604 53311 84249 9518 67983 %n971 123
10042 3372 20785 9492 47919 43203 22610 17074 12516 71621 86844 83318 69752 43179 38625 95975 78491 53758 12551 17992 61284 58785 97964 62196 59552 85280 23139 31607 19654 80861 68385 79910 24101 6248 88145 58802 24122 58685 9609 14851 86406 18966 27044 52185 34558 43268 15900 21278 7712 19206 60778 82205 26477 75644 99944 88346 96705 7245 69501 96756 20610 53549 64917 2601 59578 22289 23406 66047 68823 92817 6486 12501 20143 56353 37794 897 16715 43318 29921 81318 39501 60495 13198 38642 72526 67307 79757 63338 31918 59089 71066 68266 89344 18258 20345 74889 99860 13031 66502 39958 51954 86319 64448 34814 30558 28995 90998 52142 21812 81639 84023 45610 39916 76238 14267 26979 54149 91470 19200 68458 29475 10356 35641 %n5269 121
93294 2478 41365 38798 15619 11281 69134 14666 72265 7305 26521 39358 97765 30750 55137 12350 9342 55749 73307 87992 51551 42227 64394 47116 62492 63373 37526 56693 82131 3764 93624 81581 42776 37719 294 75957 82446 41274 75886 16793 83017 15213 81025 79006 64969 51694 99614 64158 50481 663 37651 3581 54641 85407 65647 22694 97656 14065 86590 87316 64709 31999 60355 29482 87134 2828 81924 30546 7776 23200 71574 25 86089 4073 92653 6350 40207 75902 6245 45941 86054 98628 62932 77237 5126 63778 24045 2362 27792 82087 42546 1951 97402 36358 84826 82386 63384 27538 41271 25425 54037 62984 30295 26286 74185 11321 36397 92035 7328 6451 24888 24967 73381 93326 59137 1493 22820 96498 25341 71065 10493 %n328 121
15888 60361 40954 53456 10193 21881 16184 53064 67116 84892 66882 47640 60504 50513 90674 6026 89452 95646 7411 37687 72945 32516 13842 58141 95468 50714 77147 47599 57997 52712 21134 72865 65385 37928 48055 55094 63194 63498 93161 49250 55639 49571 17220 99215 30137 36606 43811 76133 43761 6713 80474 56538 50138 15876 30654 55358 55492 26905 7741 73856 42000 96697 67332 49730 75682 87054 49448 63298 99773 85977 50408 99328 65971 64502 18177 89954 6015 71722 22932 63636 84972 82429 63051 36234 76391 85754 22352 46432 32098 28353 94334 58618 13021 51700 63687 37396 28090 43031 73547 40940 94547 21807 69006 14116 79016 29064 64943 99068 18989 50880 52002 56958 33191 27945 77547 83538 69935 46274 14251 37106 62436 %n4374 124
86893 69240 5741 21939 27781 51882 6370 4063 83680 6378 15468 8387 27532 69522 69303 90781 72916 10939 8233 78735 31077 35541 12673 67939 49526 45297 65445 93393 39450 68505 32487 755 67323 1163 60122 9689 46291 16903 6559 84204 3600 75014 49266 25178 22782 21800 64750 37767 33104 78200 18123 79237 51812 42067 90858 89167 17541 80306 56643 8119 59719 44777 1877 92152 66145 83141 67001 25483 35309 52090 26642 95209 99041 93159 65508 52208 73561 52228 64395 32024 52498 65245 85854 30893 44826 39674 63414 80726 73337 49219 50731 44888 93905 11966 14971 19778 38755 61988 17818 42130 68258 47475 41069 92080 51090 97206 19202 42991 43625 16637 18404 40616 14467 33775 57410 81283 67555 97122 87960 32403 35624 62976 53736 38758 %n4918 123
46657 22012 47025 88087 35549 13382 34343 90332 45748 67651 41722 10597 27149 23493 67292 9905 17367 9440 58838 43653 59354 10150 49837 71363 92616 94999 64606 99220 46081 33571 41264 45510 56568 34251 58511 77884 74115 21340 94310 60551 40510 47410 96382 70752 86720 47450 67954 72343 76484 45451 20130 51336 46405 71411 92990 43830 56990 69201 2574 15361 35223 52530 61002 30389 88120 62563 31123 52885 53936 97676 56940 65746 96085 10775 84945 865 99236 59967 41474 1182 26624 80633 62374 93454 52336 31023 64050 7863 461 96660 74650 25832 61206 86119 63646 2981 10544 30471 82279 47722 57899 44429 33243 2130 69010 12293 49199 18663 4589 24051 47218 69299 67535 1144 19388 3808 15771 81288 18705 68644 49077 79287 689 %n2889 123
27662 55522 75888 18968 32941 21118 16804 66153 26119 85220 88681 51929 68770 63541 25587 54150 16498 66496 76239 55167 99116 23582 59894 23362 72025 35767 57628 54847 68184 34250 64571 2597 21057 96376 83687 64912 93588 60885 30559 73650 35234 78799 57099 54054 38361 56416 48950 35466 58516 87324 49586 68373 93987 5009 60967 45841 40833 65506 62874 9663 42255 93338 54379 80604 7877 34205 47127 91679 997 72416 3562 9482 33175 91977 12828 43852 94377 63357 76582 42565 77852 98992 14816 58789 34769 23067 30304 25052 8188 54122 73983 55638 77393 60090 41873 65795 2917 57297 10095 15556 23338 11362 28251 59582 81322 63474 9377 47718 193 20510 15340 80043 32531 52003 97818 13213 39779 25092 50060 96730 3880 20762 18433 %n133 124
5118 38000 60165 67156 50555 93520 36896 93920 48925 35395 64423 58456 22868 77487 3886 57960 92449 35300 68714 83882 60954 16028 69786 23590 6457 71725 68081 9671 4049 21626 94221 50631 13911 96818 65627 82945 51639 49446 33128 33019 61073 83419 15673 91860 28622 83283 32935 6989 30465 56989 24944 64503 84044 266 34897 55619 77502 91745 62865 43154 29613 83178 81547 2923 4107 79322 55768 95250 13681 54920 52120 65529 7244 50413 39304 68158 33980 96065 93981 57540 68862 78306 61199 91324 34520 41001 82084 40337 86010 8633 88203 9406 1023 93800 6955 32092 29560 98177 31505 97137 3815 76219 99967 13145 28035 58245 33566 88625 37750 14988 115 88581 40084 4528 12780 93160 93775 92525 2635 4834 63903 52896 20889 89112 %n5997 120
63920 42218 20745 24688 78218 52684 34847 53693 63268 15200 36907 10012 56860 56480 42010 11522 97088 33477 85405 21221 20512 5943 96710 95125 32635 78175 211 18061 29526 14605 99167 38130 51853 4723 24858 85321 52945 6743 85683 36927 20608 33048 68488 8462 91113 48653 86084 54184 58297 58092 18817 39435 62009 59762 31499 6687 50041 89735 27155 476 57249 19810 61874 75473 2865 3364 95345 9387 99498 88546 19623 36938 80176 20558 73268 7451 10868 58441 11332 77966 28080 81329 19413 89141 90027 4809 25081 61175 39213 3167 22025 90508 50400 65927 27536 62068 18394 27303 63059 56792 85494 20251 56487 16040 38055 31404 68006 69391 35284 19215 44496 42296 83584 55575 93350 96318 99412 30430 64148 58279 %n1600 122
9892 7650 18467 20688 79678 26210 31059 99508 85819 10270 58126 30109 72941 15671 7220 78348 32056 88689 33439 87608 57044 69162 61912 15908 83681 69915 85372 11908 68650 21672 57069 60196 92642 7663 15496 39155 38567 63248 76520 27207 12379 21191 29772 98666 9617 98996 85216 52032 75463 46581 47480 89551 85387 41463 71974 21784 37506 70092 84347 93824 38222 79346 11821 69456 22468 62336 16433 91090 82601 17261 74133 13895 5807 78931 2008 99272 95582 91653 78300 31522 37511 45409 56478 33390 77221 25226 29126 4791 45566 8832 49463 91212 5234 26389 83454 76718 57441 99344 48236 67300 56443 46191 71271 39393 90991 24521 17584 14650 43198 34590 20225 21442 38008 56423 19857 60491 78585 89271 89377 31113 56415 71868 %n5870 124
64602 73336 2480 87269 46263 10268 24796 2227 98737 63410 88348 33733 60081 25651 10766 45988 99251 58428 94995 88535 71553 13969 68675 10155 44143 42542 4421 87001 88946 48804 480 58868 66108 38341 50293 462 53497 2233 78773 84889 32760 72299 49361 72316 16936 38432 51975 25701 43661 7591 53227 87689 70146 70350 2706 72575 84439 52580 6857 22526 95586 59245 6206 79674 14093 81653 53989 62486 10689 56997 57008 87735 71818 16305 77246 88398 79028 8836 39139 52995 33681 77581 43672 30651 72621 23316 84102 79858 3477 99051 28440 6025 58607 45344 72369 89061 81178 67078 51762 20939 57627 32534 24295 51553 44067 20910 33679 82530 51295 67417 68678 9937 81403 84497 61330 27676 70345 34809 81674 48280 69538 95073 47452 73861 %n3658 124
57348 82447 5871 73554 82719 50220 20858 40261 60872 43510 83803 49146 65891 76306 52937 46429 20965 29242 12325 23019 47855 64859 51734 21093 88041 16615 79836 39191 17598 80138 89825 93522 88192 31641 86770 38186 38449 29105 76865 56578 879 55900 70597 5159 59010 12974 57383 55010 17943 41171 44998 29335 63471 14075 82970 28463 1130 17741 42392 53595 39121 86678 25632 83611 5446 98010 96516 40350 53866 57460 51044 20666 36304 20703 21261 23229 61785 51789 53679 39229 15336 93044 40154 39490 37126 32167 65337 4810 19775 98718 57287 89065 36673 31177 76264 24714 14037 81185 86735 6870 55798 18260 54884 97884 51419 19140 70238 24052 57868 59096 26975 23743 45302 28591 27371 61637 9358 40686 98940 36856 89238 11597 40492 69688 %n7283 122
62114 96671 91659 42077 22149 47792 76188 60393 65879 55870 40727 51346 32315 93227 24225 37810 74426 18017 75450 3369 96396 33919 86554 64743 89376 88235 91713 52878 88364 11611 50796 63470 46445 65037 52774 25302 87389 42116 49216 25138 13227 8591 27039 62697 75852 82841 36922 38485 80556 64714 80454 42193 81260 681 50858 28929 21882 52355 68139 45724 23767 25804 60402 8025 1914 98371 86187 3570 16577 44084 79099 80012 85518 80136 98791 51339 9662 23689 60900 56922 73280 66963 12909 88071 39899 75804 6754 18721 34975 38437 94105 46830 57885 84768 79497 14747 3582 980 56226 86494 65565 88356 1271 25915 50512 40373 20991 45868 22317 87636 58540 81647 42166 94324 63704 11814 60419 26815 56612 33959 57740 24457 %n983 123
31939 42038 55308 36424 49748 14402 56852 86757 34775 37505 38469 9466 62664 86111 875 89349 9290 76066 16079 76603 15776 45543 44209 50364 80806 2083 68361 12708 68103 74966 43269 29015 77130 81856 18249 92148 7013 89999 83227 94592 96832 6355 33407 73500 48061 20880 60934 74028 19702 89469 78485 64206 18432 10729 59184 41774 43248 15239 59876 91878 37279 14926 6839 99203 19272 72550 68945 37756 63509 8011 35906 94422 50175 19839 97619 86886 85484 88843 79764 57171 66903 5251 30539 76975 57116 64486 83464 31383 25948 36135 56670 91656 9425 98802 3033 65104 2673 23244 44333 25002 14193 95796 97904 63790 84503 85899 40166 90916 27872 75225 91807 53219 92604 51934 16972 92639 23889 97003 83639 84710 20466 62717 6786 %n3379 122
56929 94767 54125 73383 92700 19488 9372 38470 36324 54756 75163 13743 75710 62754 10582 19746 90664 27773 53797 52480 43968 287 61764 2425 13874 66381 63326 54659 79022 42325 73111 37188 77883 58109 90422 19738 96064 65702 5777 78869 77893 68982 5969 50196 37048 72420 8815 29725 99154 81809 86276 31675 7236 96674 99529 49843 93057 67857 74628 83451 79000 93261 16668 14108 91052 60526 29632 34358 20840 85638 23679 99473 28811 5783 6051 1231 32007 73234 70384 30994 90330 41636 66061 72204 5257 82163 42962 11507 88044 91284 25457 57259 6366 31872 93378 65538 600 99891 84246 79993 90376 33541 95306 3492 32077 93102 32067 48729 57463 92393 82322 49304 48223 22297 73917 48152 13631 47263 91370 7856 79054 75017 %n1812 122
47120 35785 44794 71414 41350 89373 73080 80591 19634 6753 55842 34999 94651 41612 41746 29344 2473 5040 75924 86219 58664 24355 58382 48591 84524 9253 29225 79176 84015 77315 25034 72016 24497 76521 45762 23647 48906 97778 6141 44783 2863 15648 63321 89609 69953 63438 33622 73021 61532 4790 75003 19152 486 56764 95855 67046 69624 58129 37499 52610 82039 53459 4084 35744 54806 67042 47749 34222 18620 15525 52039 73421 18226 90196 24048 69032 38178 62635 76213 57334 64821 67918 64962 79894 60799 70000 61431 42796 45869 47457 91734 22273 61235 44091 62627 85633 54564 65781 92831 82133 76745 46198 90322 15665 94035 90039 43224 28268 71542 48484 90887 80257 62375 49403 63780 19598 3366 39161 52707 268 11080 6183 %n