300
17808 13
62849 81107 51016 31852 3946 80197 94536 87004 29481 38832 78657 88522 37418 %n123 14
38246 49086 67288 60087 15935 66633 39953 70626 33429 1892 80470 50900 72696 31104 %n20501 13
46003 2394 52112 39662 62071 1417 45817 22819 26873 60702 63226 16524 70473 %n10551 13
49814 78152 58427 56929 84634 26945 39267 55534 56908 1784 70378 71228 55461 %n2461 13
55917 5473 88173 85318 87693 34641 21668 24185 22077 45090 39175 588 31278 %n6313 12
64356 8236 49522 62053 50139 34550 11470 75784 34952 10226 29402 5439 %n6455 12
87327 36770 66304 30742 44210 37618 61457 26751 34814 53276 73610 20020 %n20472 11
22431 72920 80404 46999 32734 51268 32064 19750 38097 81462 5450 %n8893 8
27967 28856 47185 17861 34756 71381 40225 73396 %n8056 12
95421 34595 15127 84651 67221 92542 19443 46315 14478 49652 86394 40484 %n11557 9
79207 70244 88561 31608 58813 179 88900 83347 31169 %n1003 9
29980 81217 58223 47298 2199 74639 68988 86656 2819 %n323 8
21498 56993 30711 7975 45267 42055 59010 4925 %n21099 7
11578 10734 29343 43192 14263 85338 68862 %n20368 9
34831 41080 78278 14197 87120 26584 42572 83127 45822 %n15860 11
62868 38363 4090 67824 7422 87017 31957 92023 54036 35737 55610 %n14594 9
26414 50247 30136 11991 23620 21341 6189 41572 65648 %n18393 9
58835 37397 79690 60348 32975 25022 77344 42929 67486 %n17121 6
77347 83363 83904 11816 55505 7448 %n1257 11
94479 45329 1413 40617 58056 43813 4758 64439 17992 48296 25373 %n11137 9
56216 62716 24687 69157 13378 16893 38638 95076 70503 %n14198 5
55095 70467 29471 60998 72783 %n6644 9
3666 87230 79180 7090 123 41166 20857 64999 32438 %n12859 3
26887 82150 78161 %n13038 4
79663 70758 64780 57275 %n287 2
48770 70463 %n7064 5
61520 13137 20805 89635 74171 %n15666 8
54894 24302 90989 47494 94633 39710 59867 70130 %n6727 6
31502 38111 57964 75618 43920 36053 %n2699 7
37518 46371 52328 33733 5367 20903 13360 %n10863 8
9591 73898 55683 94656 68568 95724 1902 15862 %n12785 7
82318 9464 14259 9279 29930 9371 86526 %n11365 4
66282 12738 58891 8734 %n18806 5
94470 45853 5133 21280 20443 %n20389 4
54969 6435 40972 51485 %n8424 4
19450 23336 94345 40693 %n14788 3
22154 39352 81248 %n9558 4
44263 26889 69303 71105 %n14862 5
63874 42297 47972 39035 56360 %n5741 5
35721 2384 42333 74104 49074 %n10209 7
61315 64620 77936 24891 43179 52642 46387 %n5950 5
28521 26301 44878 73580 76676 %n7027 6
23258 72859 90173 74628 5110 84989 %n3803 4
37015 31196 51896 59827 %n14532 4
77559 1047 2978 58944 %n5511 4
90374 43937 68436 12162 %n2745 6
49102 45134 3530 44430 38806 15017 %n18113 3
82310 4012 22856 %n12635 5
61950 3893 94310 55559 91146 %n13489 3
28599 14940 43338 %n6170 5
74099 88395 47915 5112 11995 %n13788 4
9536 79007 59748 56623 %n2128 3
40150 74492 59653 %n4229 3
48757 70991 33691 %n16890 2
78318 90263 %n9829 3
68040 61571 69801 %n20890 1
8418 %n10483 0
%n4879 1
83915 %n17775 2
88527 85671 %n12877 3
44690 43273 59495 %n8078 4
31862 13530 88858 81811 %n12161 4
8507 21275 33882 10051 %n21028 3
75562 91861 71166 %n17849 2
3013 57684 %n13623 3
57375 41135 13207 %n15224 2
42194 13392 %n7237 0
%n18226 3
5673 76517 80605 %n20382 2
85047 46117 %n6103 1
26774 %n18706 1
69441 %n8591 4
30662 425 70523 85726 %n9952 0
%n16010 3
79198 20035 15117 %n9564 1
67711 %n563 1
12329 %n2467 3
10629 56939 7607 %n6865 0
%n6656 2
3752 33358 %n17777 2
86775 66077 %n15203 3
51289 30018 13813 %n1298 1
96427 %n14567 0
%n6268 0
%n16266 1
53591 %n8582 1
34586 %n4453 0
%n8971 1
53315 %n5689 1
94168 %n14334 2
93772 13370 %n19303 0
%n10600 1
49070 %n21475 2
993 11007 %n1175 1
71763 %n4411 1
16031 %n1048 2
8915 6456 %n4737 0
%n9201 3
91223 43869 69997 %n10959 0
%n12666 0
%n4985 0
%n1532 2
31315 44389 %n15245 0
%n4530 0
%n8238 1
11174 %n18050 0
%n12235 1
48539 %n20050 0
%n21191 2
91232 53117 %n17503 1
68784 %n7553 0
%n2330 0
%n8298 1
43169 %n7127 1
56709 %n3690 1
57915 %n640 2
90437 72476 %n6918 1
29224 %n1626 0
%n4022 1
84497 %n7730 1
64282 %n13216 0
%n16536 1
51815 %n16249 1
54029 %n4202 1
36302 %n4082 1
49878 %n18857 0
%n6807 1
73902 %n19691 2
68347 46205 %n9671 0
%n11456 0
%n10673 0
%n17595 0
%n183 0
%n7163 0
%n20379 0
%n9612 0
%n20055 0
%n21496 0
%n19262 0
%n19578 0
%n13011 0
%n21647 0
%n9269 1
91743 %n14604 0
%n8767 1
43752 %n18259 1
31354 %n4982 0
%n16832 0
%n9631 0
%n4058 0
%n15865 0
%n13475 0
%n8160 0
%n3386 0
%n19586 0
%n4084 0
%n1624 1
2842 %n13177 0
%n4952 0
%n18410 0
%n7773 0
%n2643 0
%n19085 0
%n5938 0
%n10992 0
%n6910 0
%n5498 1
95871 %n11887 0
%n8132 0
%n19014 0
%n10568 0
%n10877 0
%n975 0
%n10282 0
%n17843 0
%n8394 0
%n20542 1
23617 %n21713 0
%n19725 0
%n7530 0
%n17991 0
%n14194 0
%n7075 0
%n1735 0
%n5696 0
%n17328 0
%n4570 0
%n11546 0
%n5892 1
61158 %n1307 0
%n7458 0
%n16518 0
%n9220 0
%n16201 1
30003 %n4090 0
%n6748 0
%n13735 0
%n8771 0
%n4230 0
%n1348 0
%n20490 0
%n21488 0
%n7809 0
%n13638 0
%n15537 0
%n16804 0
%n8345 1
41183 %n9016 0
%n13634 0
%n15704 0
%n14626 0
%n19465 0
%n4774 0
%n13714 0
%n3755 0
%n10941 0
%n15223 0
%n15362 0
%n3450 0
%n14384 0
%n8702 0
%n12837 0
%n9165 0
%n14068 0
%n18628 0
%n19605 1
27184 %n18279 0
%n15008 0
%n161 0
%n13467 0
%n3838 0
%n1945 0
%n9859 0
%n7554 0
%n13824 0
%n204 0
%n20459 0
%n17986 0
%n12443 0
%n19065 0
%n16714 0
%n8828 1
63292 %n17955 0
%n6870 0
%n17962 0
%n16766 0
%n6763 0
%n17466 0
%n10476 0
%n6662 0
%n16735 0
%n7945 0
%n12799 0
%n2519 0
%n18384 0
%n4959 0
%n475 0
%n18604 0
%n450 0
%n13609 0
%n632 0
%n1599 0
%n16345 0
%n13912 0
%n19954 0
%n18740 0
%n1516 0
%n20352 0
%n17679 0
%n19935 0
%n12322 0
%n12471 0
%n7887 0
%n15241 0
%n12236 0
%n5682 0
%n15046 0
%n4004 0
%n14435 0
%n18102 0
%n12662 0
%n18245 0
%n4437 0
%n10356 0
%n2838 0
%n13442 0
%n18589 0
%n14015 0
%n882 0
%n10451 0
%n10017 0
%n20753 0
%n7987 0
%n10860 0
%n10202 0
%n7209 0
%n21418 0
%n12752 0
%n18915 0
%n