296
1055 145
4706 38580 23480 40175 32416 3591 30962 22238 17702 33155 21853 27244 40355 34432 24397 6017 34358 7169 33793 32779 11955 5026 683 37154 34282 39533 7217 24189 37108 19659 13765 36463 31395 8778 21024 11207 15962 8350 17954 29159 22017 40923 36259 37123 38688 2573 28960 38541 34859 18368 35391 563 20280 38390 36128 29210 38508 22241 39375 32318 28994 21898 2723 19343 35906 24265 1750 37913 39069 5534 994 17638 3240 33065 2787 133 33587 36741 23530 36006 35959 19162 2234 36294 5852 40902 15191 26076 9900 16744 17529 22354 5067 25124 26956 17451 2930 11558 19242 24533 30003 9454 35671 13188 35516 25472 30012 35028 26797 33252 12623 33403 17764 37047 21480 1101 20234 19714 14597 14265 11052 22969 5506 2510 28806 27438 25288 19147 10150 7984 34171 41250 23197 22140 3646 37944 17934 41001 8983 8631 31125 13413 757 4688 12520 %n556 31
36984 7801 695 40292 17727 36241 14075 37314 16714 34473 25079 365 24624 36588 868 12505 34026 7266 27560 28930 5323 33271 30757 8137 1432 25232 23941 2542 5964 2507 657 %n604 31
23863 10940 16098 13738 27328 22505 5913 37803 27908 36749 11222 11472 73 25658 28018 25155 33044 12709 11871 27421 36266 31344 36116 4586 11559 21660 39414 20600 4342 31915 1694 %n5359 31
35006 34255 5159 3300 1725 31223 6582 17761 1248 219 13060 2049 29407 17778 1417 23444 38804 39936 19069 19858 1723 8165 3494 8433 37296 24576 5176 28099 12536 33888 24855 %n5704 31
13817 39536 41351 9569 17083 20915 3324 13660 10446 23216 31497 13594 8283 2068 40734 34752 7199 33323 37182 30646 10159 40526 15214 22551 13374 40472 21371 10346 18212 15233 38325 %n3951 31
30814 21915 12318 1701 33523 41271 23098 20593 13059 492 33910 1699 6493 27619 21088 27744 32590 16131 17336 13338 10635 6328 15844 5670 30800 32896 18814 20 23271 9392 15876 %n4774 30
8392 18018 26399 27122 4564 12311 37212 11757 32628 27543 38198 24960 6822 15068 33916 18582 13575 17298 34641 34536 14027 23872 6823 15187 32912 13471 29771 28164 7062 10013 %n2339 30
25900 19581 14581 28705 7817 22909 23592 6805 14304 16755 2178 40293 22930 37385 31643 5077 19111 10936 8692 15805 21885 27246 11425 118 14836 9394 22620 3132 13562 32100 %n1079 31
13051 7115 29699 23272 27673 9179 25390 38979 21457 39017 39213 6923 2473 30033 12948 22447 11424 33412 36402 3977 10243 23558 569 39704 26662 28726 12357 41157 13032 39284 33285 %n185 31
3334 33201 7583 29646 22050 40032 36845 24976 3023 37791 24663 32615 5105 22478 9902 17772 18238 33735 31932 37101 13922 35468 24714 4436 9681 25600 21596 5267 19475 10732 10944 %n3812 31
15371 1538 15428 23714 22051 2701 22886 12309 22170 33008 15685 38638 14894 27129 3751 37428 16156 22352 1603 5372 25010 23331 30919 22611 27516 7888 35297 22188 33971 498 33279 %n3312 31
14452 1583 29334 19468 18127 34518 14685 27642 16554 6205 24272 23694 33522 39071 26693 12187 37524 40291 39681 31574 13747 959 35942 31300 33393 23560 18261 11266 37119 29402 30149 %n2985 31
18674 17546 5906 10419 23752 3052 6381 1736 33400 5489 12272 8000 2487 34644 32908 33327 15575 16232 32891 9637 27740 128 23270 10347 19365 2536 8799 9031 32868 889 13932 %n5669 31
27611 30498 15348 37479 40665 30084 39341 9699 9838 14103 35878 19631 20738 29438 34060 10862 945 3195 11281 36881 9121 40243 2333 6511 18425 26387 36031 25607 18495 14989 24761 %n1489 31
17825 41223 13536 3460 21515 25373 40953 21805 25921 36061 33937 5563 11797 17598 41041 3436 727 29126 18466 8473 21135 15750 32307 33622 33149 4644 13400 1559 40128 16189 29983 %n247 31
3980 13092 39005 38401 12131 8444 14448 38358 2659 33171 3274 8984 34056 5683 20810 10584 24685 7548 12829 17213 21443 29826 16734 30370 14874 20963 21256 38457 13090 39309 34762 %n576 31
28261 12388 27663 14508 19936 7193 37753 8981 38271 12075 34344 15500 37520 7174 13953 30063 21726 38792 25606 32012 36768 19933 3332 4345 29323 29454 12512 13373 17247 9079 20372 %n1846 30
3099 6637 39349 38261 19741 35400 17654 22586 10248 24046 38416 24353 29413 12726 19811 4228 37516 15221 33510 32547 33526 15665 39632 40738 31546 15697 40173 14068 38635 21327 %n3067 31
36827 12968 2340 13086 17790 7231 35031 35599 15627 5724 37869 3780 39785 5647 17356 29551 17698 32767 10798 25225 6390 23360 25735 22060 35904 25691 22098 1358 4669 16290 38101 %n2204 31
13653 2844 34698 32501 23253 14808 31527 27506 17968 28683 893 31666 30617 8757 36075 35438 35422 17839 23989 23171 9624 19327 37044 9512 10127 10234 25435 38925 16493 40427 40524 %n3624 29
25130 20616 25017 28265 4468 6169 38344 27872 36091 17418 30986 34645 172 23624 6670 38985 32439 22224 24304 26731 4790 22589 23460 1622 28579 32587 12857 17986 25685 %n2833 31
20111 14510 1481 11351 37442 18042 22300 1814 3394 39691 2278 17813 13750 23033 24782 7935 36602 15132 35730 20478 6206 17526 22631 19981 39075 35806 16279 23650 14089 1359 17880 %n2763 30
24964 8785 1835 26516 39566 19267 17250 5980 3286 4076 24128 21830 803 18208 33879 15319 8205 12602 1615 3058 9714 40338 28568 15529 29246 21380 1964 10084 22134 17836 %n3507 31
22366 32449 16653 7028 23769 842 14742 26139 39090 16684 39217 8611 124 8662 20694 4716 31876 36002 25835 35185 34738 14414 1194 33882 16820 34741 2078 34722 16796 39286 27643 %n1325 31
18229 19280 35079 21847 542 5215 11613 14678 23878 11726 21922 18799 18891 27992 3357 16646 22112 32920 6449 20098 12972 886 8429 31278 30263 5075 7280 9313 1314 32188 16226 %n6792 30
9891 23346 21118 32657 25656 23809 30470 5316 19498 32018 1598 33537 12269 7196 40903 37916 2806 18995 37452 9365 22 3428 30199 10451 35813 2348 36076 2361 19983 2790 %n6576 30
36960 14599 17483 22279 33187 40049 6464 28213 24655 33894 37498 29909 16497 13494 34994 37708 40391 436 19373 24426 39791 10186 4751 11495 24146 36317 19119 2992 18139 3610 %n6425 30
16052 30879 24861 2759 7609 18956 15050 19408 6945 40720 31427 31646 19904 11445 7413 11988 18002 34770 29313 23455 1162 26700 37178 13195 10173 20030 18349 26491 31500 32446 %n373 31
7807 24913 30831 31708 9492 36276 36705 13144 34868 10353 20819 17577 3082 39428 40370 2037 3065 18047 13440 39596 6857 23392 24345 6828 38565 32327 11905 8370 6374 26154 32038 %n2289 31
15192 2813 22174 7991 5550 35842 8673 27130 1550 33338 15093 9419 19440 22571 18072 35845 14306 6417 33552 34472 162 18000 8163 4344 5501 20304 7213 832 35928 27365 40332 %n3953 30
11091 1696 36603 28710 19817 1822 40788 29773 36771 7529 12036 26723 34173 3712 35278 38748 32667 33740 24271 17820 17892 30835 22456 18957 10304 18397 25073 32922 16127 39430 %n1998 30
1360 9598 27937 27349 31310 19624 8889 12816 4058 33607 5792 32968 1191 7705 29936 36221 4998 40475 30362 30161 8047 20610 9205 30056 495 24264 21310 40830 32218 41183 %n3003 31
10655 15603 30783 22796 35474 37532 32253 7180 11444 3297 5280 9064 12825 26276 30195 40722 8925 2913 4177 33507 19813 14714 20036 15686 10348 734 34602 3241 34362 37915 22158 %n909 31
29972 6964 29684 7012 9390 18875 35354 11667 23275 37302 35607 39393 11237 3360 17516 31499 15507 15498 12774 29153 33623 40234 7812 17435 5815 28113 19950 2524 39025 38023 19306 %n4402 31
15277 23615 40140 39030 16706 501 36495 28721 23477 25935 11236 8252 32151 20271 28770 32030 16160 30572 14288 15079 6761 12488 13235 40205 18447 26102 13412 38294 17578 15380 16243 %n5209 30
13306 36520 497 23841 33002 5415 1734 19594 37630 26194 25951 25884 38332 6458 8976 25064 20056 14722 36795 31440 5024 31191 14190 13420 21295 3622 39291 38168 11953 23378 %n268 31
11289 12470 35205 27528 38519 2336 22092 39103 38910 7726 27787 41058 9133 8033 14654 23778 20051 9488 30050 18460 17064 32155 14620 5118 37433 18435 34538 17254 28915 29019 2009 %n4893 31
15637 13708 23308 34529 23860 40278 40330 4868 41343 35950 622 34730 16326 24823 22906 18513 23708 33754 30164 2545 8728 27023 40810 18512 1809 14695 7387 29848 36521 21718 37604 %n3947 30
4106 18524 5070 21832 19125 29095 1183 16283 15885 12240 30243 24184 24270 21417 9318 11442 9164 6944 8646 22020 26505 6618 24733 6108 15604 25620 21621 1512 40826 17977 %n3959 31
28190 34135 5710 29780 22007 25666 35720 11018 25412 13533 20608 27706 15743 8486 11277 29871 38133 9652 40062 30970 30475 12218 16303 24637 35121 28766 37660 32851 6643 16426 40149 %n2657 30
2085 21501 26964 25547 39600 36991 9613 41379 4457 14005 6586 37274 534 28810 1449 24883 4799 34476 18793 11924 20406 35396 19228 4798 39360 26170 5183 10192 14613 5672 %n758 31
23368 1790 11684 33800 23871 1719 3813 17769 27182 4108 3301 8038 7804 14391 27057 25653 24741 35106 41134 36307 39411 22076 23400 22302 7737 28364 5648 13009 32748 26313 31205 %n1978 30
25785 21720 30733 5557 11944 34791 3480 1374 36349 16962 5174 23260 9203 41072 7875 11647 26840 25150 101 7872 30964 9355 16871 26782 985 37162 17724 29299 37868 3759 %n2099 31
2746 16475 5907 16093 23039 7101 6349 22891 16122 26719 20301 14870 18830 24370 23230 39985 10038 31477 6652 21841 25217 14153 13867 39237 31180 25896 12830 36860 22031 4163 26566 %n33 31
11611 6232 10373 33378 7317 15413 14730 10089 14948 39252 1350 22883 19065 4252 22441 6304 23006 32495 23614 8286 28444 37133 20483 20954 33732 479 11689 28226 9267 11753 36505 %n697 31
40318 13483 3753 34440 22896 39208 24335 18287 33514 16873 14201 32725 10426 19696 4187 2048 29643 17178 8540 31814 28299 5167 31555 29180 4986 37562 28672 8071 13540 4980 13401 %n1503 29
26663 4794 20844 4648 33844 41368 33949 15521 27451 26171 13603 30339 34016 4019 7771 38432 419 35288 12686 9362 4936 19569 16446 10291 774 24930 6275 6060 17253 %n994 30
11794 39003 17294 25618 7528 30324 14746 17180 5092 9331 19812 25 34607 21197 10288 36068 3935 39552 27439 24031 15231 16519 248 30738 18504 10269 32596 12494 15028 13472 %n734 31
16374 3703 33689 14866 30144 24894 41241 38966 22852 32123 10123 36527 30493 36836 14386 17985 35960 32635 37078 34086 18413 29257 467 21105 34225 27650 11114 1267 25593 5314 24820 %n2532 30
15294 30781 41320 15256 12901 28274 9618 13 13107 8514 2262 14136 22771 30182 16969 8321 9823 18991 28502 11092 38997 6388 22712 36708 37796 30887 22467 13837 639 40262 %n5626 31
418 20637 16224 33488 29631 378 6821 8211 23581 26230 28807 38034 9280 18313 28402 32631 10066 34858 15149 35752 25268 18151 15935 29034 10896 26707 15425 34882 16357 34753 14566 %n3036 30
17383 29946 16222 7730 35274 9450 10417 28246 31634 5798 13157 23587 40535 25787 35151 36777 23077 40373 25761 14339 14086 41031 19284 15167 19367 18384 7915 1442 33757 10052 %n1484 31
16874 11379 24136 715 2819 16970 5300 11140 37871 4962 8711 23952 2014 24757 15838 23834 25624 23387 26996 40183 16563 40762 16113 25586 15601 21117 28127 35388 1007 21391 41033 %n3785 30
5776 21930 23683 4806 9502 9709 24957 27384 5336 5883 24450 7952 27378 31822 15710 20700 7339 41350 7421 7351 21377 8201 11088 8874 33981 25206 36525 22840 31241 26464 %n1500 30
14999 35618 40068 25747 11420 6073 37750 30358 11786 29417 27631 11711 41059 23205 11704 4499 29934 21388 7454 25662 20377 11299 33902 30901 22313 6765 28369 34480 6234 23562 %n2014 31
4850 29544 13861 15556 14141 29156 10233 6544 5641 24659 26921 29161 33856 40305 31047 890 39149 10359 10284 2394 36485 3843 28909 12638 26734 33011 31121 21940 6137 12249 5285 %n1418 30
123 16814 22072 5492 41095 19066 8515 35660 31928 10007 2439 38183 1996 24334 40671 39741 14172 13836 14610 20389 13241 10076 32580 2106 40379 16537 30881 8043 26183 33213 %n1265 31
5392 23158 39518 25628 38269 29138 36378 14909 18935 15502 29387 27894 12455 32243 11139 22169 36287 20728 8108 7432 29722 35853 33846 15881 32205 18249 6184 4127 22189 33530 35561 %n2259 31
19796 40439 34510 3779 17465 30780 19856 29592 6472 33574 35742 40308 31433 14131 41206 5009 670 750 7451 9551 15809 5036 10002 5649 17039 7941 22727 21330 29106 26749 24848 %n101 31
24563 12858 3666 3427 36784 37063 5268 40182 37086 14793 14094 10904 8271 32435 15122 32167 20037 24679 33774 35961 40302 14224 25698 31274 38825 7472 20010 22235 40681 2595 30203 %n5148 30
32232 39910 28163 34403 22442 13476 29575 3794 35916 13215 18684 38151 15120 30138 40811 548 36830 34065 24790 34699 13357 10427 10938 1928 26628 4492 19340 1133 23334 17206 %n73 29
35885 31627 1195 18043 17408 2795 32544 3013 29526 37122 10784 1710 4800 7634 35361 8594 5513 33136 16431 6744 3025 33511 19009 37283 1473 20282 2592 24178 22877 %n3199 31
5845 19560 13336 17323 39738 26455 5438 20055 18292 40383 25720 36425 15220 28709 21617 7720 18120 27690 4959 735 12432 8596 3446 35109 31797 36013 37288 22009 41147 36437 22166 %n3671 31
8748 35120 2711 10217 38482 5413 26456 5452 7141 12376 15263 36929 10261 11242 844 26975 9000 26346 37110 8 24083 38694 25842 18012 23362 24777 12553 10028 36469 35701 22873 %n1189 31
39038 34206 19934 34721 26774 36652 16996 31846 11652 26667 19747 16058 1800 37038 19912 4046 6435 18548 16006 21606 39638 36033 16299 37464 9636 33420 29521 21275 26258 25141 5695 %n3908 30
28880 22981 28133 25013 33775 36947 27332 29819 12110 16601 6421 28281 28301 4302 12028 37826 19455 37128 32598 34953 8476 27308 34629 3018 22178 9042 19064 32482 3541 6968 %n6018 30
11742 22065 20227 15836 25818 265 19544 7818 12468 5028 24142 40976 36609 30578 39356 4513 41151 15493 39981 31124 27500 19606 11864 21057 37082 36848 36143 37656 3551 29865 %n1657 29
28294 11668 28118 4227 3847 38230 25198 25680 584 15989 31774 37702 40886 21823 22541 21261 19804 31971 18727 32536 17630 39049 2079 25995 33140 3459 4720 2362 8062 %n3606 30
14166 31101 16691 17220 25111 25337 12389 7080 12651 18907 26582 11009 6030 8992 20456 17549 21711 3151 3691 32280 9459 21983 14449 16630 7306 39469 33870 1517 421 27897 %n688 30
18016 9572 11963 35358 14470 35548 3340 35515 25113 37739 16118 28706 25669 29111 30680 32007 9996 25142 8118 18802 29405 25432 397 7584 8700 28285 6621 748 490 10792 %n5514 30
33970 23684 16455 29507 13402 26765 27216 22783 21329 9736 36661 7495 1831 27283 23247 20216 11543 37981 34219 18634 32457 28625 9116 13189 30230 24012 2305 18973 2769 10923 %n1639 31
36855 39074 7328 22168 11881 41339 5375 1765 33416 16091 24907 32162 25092 8354 19701 39922 28157 6474 36085 22735 27014 5829 384 10790 9075 23942 5514 40724 28722 18798 4635 %n3653 30
25465 8464 9001 20325 36688 23202 23689 23315 24619 25275 23327 18860 30752 11392 13082 5535 6256 36289 10448 39382 56 13728 36811 34278 37185 21733 370 36940 6794 29742 %n104 31
6086 20939 10369 27991 35569 17609 15586 13951 28581 31563 25177 1377 33516 9144 3283 12796 17904 34459 9866 23081 23369 28891 20798 25149 11808 36282 11680 40090 18010 8833 25213 %n1803 30
12929 28983 24111 28349 33193 21323 27416 12942 38022 10191 15605 509 17996 4299 9829 24541 32003 21083 16396 10241 27192 7508 27186 36986 20338 37093 18911 7585 21860 28168 %n2214 31
6120 19005 3343 19154 6540 13098 11533 12129 12366 24726 2179 31309 16404 6706 27669 7702 35932 34918 7770 25574 19522 5287 6916 38017 5742 8750 23756 3661 6283 37391 8219 %n6312 30
2596 20762 37355 33822 2117 4312 34694 6563 25899 3944 19509 901 39850 23118 4606 1499 30083 26553 345 33125 7652 36100 38319 38595 14296 27482 27948 28039 36706 8287 %n3807 30
33872 22648 1917 13330 16846 3555 27340 11855 18694 1048 33389 5976 23659 40962 27463 10946 2690 30585 13262 37720 10933 8968 30749 41142 51 38026 14938 29807 25633 14539 %n404 31
17770 19962 1160 24743 21449 3901 18084 27401 27027 21116 9348 11050 19821 37080 36414 25367 12270 7124 25771 22715 5717 17103 6251 21771 38731 38775 20526 27800 29182 9379 30745 %n3558 30
23962 8413 15590 8837 5435 22430 15480 9728 6367 9215 39958 13512 33839 28830 2445 12166 13076 27124 22879 38286 5528 3906 30122 15090 11673 26310 9054 24703 27651 39106 %n5688 31
18142 16732 4221 11235 34348 4820 8306 11523 2006 29319 36216 528 1422 31483 28670 13155 19600 1307 37824 32043 14104 26382 1397 19471 20441 35202 2209 19926 41071 31759 18552 %n4892 29
31815 28478 2001 37275 41040 13822 14365 31379 28817 14493 8547 2067 17921 25303 14583 15158 28947 7749 14477 10096 7667 38905 4581 17773 6842 39527 7192 29584 8238 %n5576 31
34965 6110 121 38875 38216 26394 26396 13277 32025 29376 20362 15833 26362 26003 23638 11374 40043 40831 34687 39544 20907 17798 34196 753 22190 5811 36838 1570 37496 23286 23983 %n113 31
27293 7925 34766 38739 24313 14012 39790 7887 2108 40087 10515 11577 21664 4730 9056 37984 38031 8231 34436 8777 20220 10817 18554 5468 10149 27925 14534 7025 4178 35801 37557 %n5311 29
26227 8589 33067 7507 26164 22326 32486 4760 23273 9214 4734 37396 20891 38407 18738 22972 17927 3719 33791 138 24583 6974 17454 29410 35713 15127 39625 6886 11357 %n5050 31
15560 19128 16664 39912 37927 17509 39930 9499 16360 37225 37167 13345 15247 10490 5382 15891 9726 5114 23137 18617 30944 41133 28557 34093 27343 7937 13987 18320 19418 36470 35429 %n5238 30
2761 12955 4309 18806 39694 17420 21862 15671 37723 24381 9835 29428 12707 5218 17742 19974 21053 36999 24511 30 23048 40528 353 15945 17517 14740 10627 1895 10505 30935 %n4147 31
40884 27993 22874 6708 15547 35484 6814 10868 38854 34221 38415 11175 5759 7165 10827 13498 33236 23736 30813 8822 37192 2724 16049 28942 34976 10414 3042 38663 7778 3740 1941 %n5263 30
34160 9008 7371 15455 40138 2221 41370 8573 41377 32574 20013 4289 20753 1253 38132 2241 4538 19240 25518 10703 41232 14490 13541 2307 36718 27485 31548 30691 6276 18699 %n962 31
4822 27135 27050 38296 3585 26386 35919 32623 22925 7811 3455 26297 30555 11419 40983 22970 18819 14738 31368 28951 10847 24670 5935 3086 25612 27036 30668 6052 37540 3506 9340 %n2315 30
14253 29236 13318 41381 2506 9346 34341 37329 18886 31264 29662 25892 34336 24282 39594 17923 2670 39485 26849 15326 36210 24079 21560 4327 9710 22245 6624 561 20235 3745 %n2297 27
28325 2284 19403 7755 27205 37632 18981 21438 36113 23303 33016 10301 14342 27373 14530 36950 10973 35570 1153 273 30556 31288 40854 29050 38564 29087 32348 %n553 31
11708 37216 20162 28798 27254 24949 26817 34788 14443 38620 29958 4991 6920 17674 21573 21767 26033 26457 9030 41284 37531 16351 4863 28126 8691 37554 40058 39258 27221 16600 35824 %n4946 30
10049 28632 10736 31226 20023 15377 36889 14990 21280 14008 5313 14523 36843 27603 25944 2016 34654 29061 41019 21757 15040 26536 21317 5288 36806 17719 2505 30242 35050 26598 %n2217 30
4437 39203 31899 10918 18989 19906 833 34920 34448 24896 22830 34530 7929 30974 24343 26198 27961 11347 35750 17486 8278 8144 8404 15360 15 37819 10428 16261 40704 164 %n6219 30
13231 11324 32248 17437 41145 19331 5475 35409 15559 11317 355 29388 29832 22814 10167 28515 32828 12370 14554 16155 36089 5081 13411 8560 16642 16137 9777 35029 9576 10630 %n3397 30
11735 31203 13312 24766 27325 39885 24200 29503 12739 33365 4889 38367 12268 31238 15616 29527 30663 19085 3315 30031 39634 20053 7970 36252 6006 26764 12236 26055 31978 26514 %n2158 30
4062 35351 13326 24295 35598 36185 7127 33350 28200 30596 24160 31376 28832 25562 37255 33702 342 27849 677 35119 8940 935 30650 6143 35492 33767 38226 14158 36522 40503 %n332 31
8274 14594 2118 23408 38176 1034 24813 30694 15583 3278 11644 20559 15356 36910 20763 26085 20342 40970 38477 8140 19757 22785 9258 19966 40326 12302 17273 483 17234 35917 24540 %n6269 30
38048 1236 11387 13389 32889 16444 28813 30288 1001 36619 2647 35418 747 6988 18449 28174 10047 802 39859 36663 26611 16561 18275 35828 32540 29397 12809 15346 41288 34293 %n5736 30
35689 27339 29964 10023 7889 27067 6335 26655 9167 35269 785 2134 6849 17177 20212 7593 29370 2817 19870 16997 36896 5437 14328 13736 33423 33550 37690 34909 1140 27077 %n1477 31
23948 38572 15781 33895 38373 22580 24625 12385 25768 35414 7662 35764 26918 40510 22342 14608 7878 2183 27590 33584 19521 8870 9643 41078 16371 34212 29838 36322 38606 11970 33904 %n539 30
38773 39821 3870 3184 13641 38506 14798 40588 22307 32032 828 25989 16670 21796 35070 19197 14409 7696 39173 14404 38476 15910 23787 29824 17714 12823 34172 37580 30583 70 %n144 31
22787 31285 38982 33325 28011 9616 10274 27807 24817 5007 1630 32134 30678 6762 31347 38751 30960 8722 37986 24039 17817 24185 16328 28180 30472 9433 8098 20598 1815 23820 34936 %n3174 29
9053 15971 37339 11110 40176 40761 3654 29259 21754 6068 11203 32954 25453 22268 36805 40844 3570 11115 7089 22165 33196 35356 37500 3430 6294 26178 8873 18240 29580 %n5073 31
29105 18482 12337 12107 12197 4748 23129 10067 11571 40474 38795 31799 26168 23252 16325 28303 2290 40577 13125 39633 29398 12301 39340 10965 15777 35619 21383 36200 13925 30963 6731 %n2853 30
22127 25696 13281 19114 19949 5960 40623 12838 13555 26900 2121 20512 28619 15461 19765 395 38577 36563 29301 34640 26535 17029 33114 15728 15659 27915 14173 10728 33392 18414 %n1673 29
22022 25102 26292 8858 11969 33841 14762 40225 12932 35734 38847 8897 15531 18254 25334 22504 33529 1393 36863 34734 4015 38753 6553 33688 14352 36340 2076 4621 8914 %n2468 31
375 32203 20150 6422 3387 6303 24695 28343 12142 40753 40946 30253 24208 13677 35946 36797 21013 40942 11072 1764 18179 5184 23887 30598 22256 6704 24179 11080 34591 8107 3769 %n619 30
33334 13752 28291 37918 25583 41131 6230 4037 24552 9501 27873 26714 16893 26556 11904 19432 35718 19519 28771 594 10571 22336 31023 2157 16686 12782 3465 39122 9944 26499 %n3836 30
37901 40575 18359 1788 7607 5474 27645 22856 5833 26259 10071 3348 31509 26718 34420 15391 5171 1361 24520 38329 29734 18874 28645 32383 25856 23779 39129 25442 40019 10887 %n450 31
4746 9994 3138 36025 37444 3487 31411 14541 21289 18426 8399 24797 17560 27066 23826 30806 24350 22693 34958 17573 32856 27898 14745 38037 6959 5824 28142 16651 39836 38887 24704 %n2548 30
29043 6233 18234 37181 21099 40438 24502 28539 3853 9540 18758 7023 13293 15011 31029 21842 38283 28864 20409 28940 18278 2123 4835 22082 9605 20690 36632 24660 34906 1596 %n4816 31
39578 26344 30502 35231 33027 13799 31062 28934 35908 23840 18784 18383 11608 29583 16107 6351 32075 17832 15405 7435 5305 5981 4101 34498 18056 13068 35796 4826 15626 33097 11084 %n4396 31
24092 5593 37201 23376 33122 22685 35825 16988 995 16963 6406 22780 34259 20045 26207 27532 39819 7016 22563 34923 4844 7470 18037 8926 28622 29207 6049 22274 18741 6623 5899 %n4193 30
26537 17870 18160 10934 36299 9625 15851 5552 10420 8339 27138 7403 6475 34488 40907 14221 19133 4189 16106 30163 31544 31132 6259 14838 24774 11992 28417 25924 8041 29515 %n4917 31
19743 34404 11275 675 11093 20956 27831 40938 38923 30264 22602 41107 4888 22876 12163 4970 30356 35770 25546 5290 28860 3931 27770 28847 19881 36817 12781 20184 16486 10460 8105 %n3387 28
39202 19882 14586 38962 39515 7821 28095 17261 10325 40684 39480 10273 35347 13120 2478 30569 13258 31491 1318 28179 16720 16266 30036 8933 12541 36086 5262 27863 %n5886 29
17643 20514 32157 63 5991 36524 16206 40702 2580 29291 11469 30034 13481 11173 11783 30444 39102 8719 34671 13995 5177 26442 30925 15886 15733 26606 39245 19935 30979 %n3764 30
26318 40974 35562 4035 28408 8478 8156 27038 16723 32895 33411 5197 10307 27136 6905 11280 11454 24707 5735 30181 316 31061 13130 27871 19990 10495 20594 40605 26351 25870 %n5758 30
3279 34564 16128 7556 41163 38869 9771 37930 7766 17951 23456 6305 16905 5065 32907 8904 17608 40333 33588 3143 28778 8451 37153 27762 8366 27568 21755 12807 31704 6852 %n5123 30
9491 38561 6949 25360 32973 11498 18621 32511 33705 11888 19277 7558 16622 11860 31371 18464 39637 7622 14750 29714 39740 29170 28792 396 19416 41050 27797 15065 34695 35472 %n6845 28
4341 11740 5728 7537 28342 13844 7850 31996 28461 38537 37087 14270 2384 2978 23986 1637 15411 20848 37797 3709 18971 11683 8109 12617 29237 31259 29852 23082 %n399 31
1117 27773 20563 18027 33240 19074 3024 32036 19439 40233 1851 12500 31459 33233 31114 19172 36167 18651 39379 9129 39190 2937 5753 1033 34697 28507 36257 36872 23086 23340 32283 %n166 29
35571 20972 20462 21558 39920 6056 35327 31157 39380 3345 10987 38789 11566 14796 33289 21017 30443 15610 3855 24783 1335 6678 35221 34003 20716 7257 34824 35646 19576 %n3437 31
30336 28376 40141 12558 2543 16746 18279 18777 29506 38727 21039 2906 7955 20739 31192 4256 4958 35683 24716 6051 29144 28442 9872 36560 31998 27139 2087 18204 28737 7245 39191 %n661 29
16501 23529 10270 13441 40036 5863 35287 2051 35895 33388 14312 23130 39934 13169 3414 3085 29572 24513 14627 22792 11415 2246 4096 36548 4869 15783 15298 1453 35413 %n5700 30
9166 20356 30329 26661 7040 7841 33112 14106 38926 23441 23802 6097 4507 19639 35252 15255 21052 41311 1599 9150 1280 14280 4719 10400 19874 17967 39474 21575 36361 4876 %n4989 30
31592 5094 35148 30996 5458 28753 21710 2201 36737 35248 39270 24246 30128 12935 33521 38177 39942 5340 10823 7087 5343 3113 21925 24920 38203 13994 17453 867 33555 23991 %n2987 28
12678 37744 6369 181 36315 1972 39144 35085 23513 38074 22939 26685 6395 29798 38270 18041 34769 29853 16120 6942 39775 26638 28065 27493 4789 2518 30240 19607 %n1930 29
39856 10860 14436 14985 11109 22870 21588 2176 41184 10535 34754 33696 5698 12788 23224 25234 12257 2447 22096 24274 1541 7639 7140 5703 18401 7981 7578 18701 23636 %n2082 30
35127 20718 30374 36352 376 6882 19407 33322 33988 29905 20482 41130 10744 4929 26914 11896 25895 4547 2749 28615 28702 33717 17647 25643 39495 32825 31452 37817 5511 18166 %n1956 25
25382 28824 9077 16012 4260 10137 24316 36945 19030 31854 630 34551 40900 7345 10620 19512 14329 6747 33601 19271 13063 28543 26548 12076 8020 %n6423 28
28365 27287 19768 39690 24646 30372 22330 22656 26747 17338 6647 26524 20076 14006 37166 38289 31080 34028 22762 12222 24078 24043 28420 3682 17940 21418 22038 23220 %n2894 30
11520 22702 20503 10553 25538 37530 22716 24806 1478 26590 17132 38083 9032 14880 8406 39542 11321 20105 9281 24562 2166 978 4647 2693 24673 17227 34207 22078 6890 30166 %n31 30
2938 12841 4828 29380 34463 38266 30211 37432 11075 35025 712 11747 12761 36714 21204 16310 36622 33627 25012 7867 3808 3772 31419 27464 25210 39547 5266 11325 41143 18174 %n5090 31
29602 38200 9473 27979 9458 34527 38231 24010 17649 2773 3696 14814 23115 29606 22885 13221 3954 5992 12692 14076 37072 36126 4947 2737 10954 26202 40790 4464 37831 39870 320 %n1237 30
28324 39711 41027 34322 36291 40218 41340 11288 20918 12861 20720 3411 31133 5725 4467 12599 17644 19216 34758 39516 3998 21521 35834 5033 19246 36512 19089 27208 26583 41028 %n4928 31
35795 2951 27640 22761 26778 10807 10450 35176 32144 14360 33014 35049 6416 14867 29392 17989 992 20560 14634 1136 35731 16029 37655 20890 28464 20766 39467 1518 31946 29888 1078 %n2487 31
38391 15862 26988 30414 33305 15173 30870 30116 18408 39705 39657 23785 18878 39866 3384 18969 2371 21800 14232 10700 41348 25805 21138 33602 10859 36529 39564 21107 11360 22966 36494 %n597 29
10802 22570 12040 39092 4963 33885 16849 32483 20102 9968 16751 22201 26201 13138 36977 31658 662 40799 12833 38462 27359 24768 19786 22484 23264 38799 11717 16898 24775 %n2970 30
15453 13217 29554 24084 24149 32343 30950 7990 229 18015 27423 35877 39490 31111 23506 33719 33459 30437 39946 9515 17124 649 29460 34924 10469 35616 8774 26013 18301 13449 %n2423 30
7532 26844 31407 37404 18555 25526 16377 14917 3613 11941 460 7943 18734 8689 4686 2382 19884 12770 38871 15436 25495 33146 5892 17663 38435 39018 22583 36492 21951 3253 %n6646 30
18862 17706 36965 30289 23815 15700 32935 25294 20693 32374 9252 15894 2867 26378 9194 40960 6365 18202 40774 19150 10086 34317 7522 32300 38533 5032 39126 39345 36879 12987 %n4617 30
18213 23635 16171 34773 5096 12681 19770 4285 23929 26472 3957 2911 35016 31313 23780 38750 1903 980 33855 7166 36755 33905 10457 1042 18308 24440 15303 38035 7020 6460 %n4296 30
34466 16383 38862 18372 10216 560 19421 7309 38555 27743 17504 32569 26328 30451 38180 19507 26609 33280 28803 7797 29614 8469 6773 28575 6350 19319 4517 32351 4217 23104 %n4822 29
33273 16380 26486 21045 9173 39944 27876 15165 21307 40571 10925 23514 38079 39911 9861 3103 26538 5426 37220 33630 36451 28828 4287 14890 30411 32630 36273 106 12663 %n2535 30
6026 35495 17822 28933 12967 26334 38796 8872 24699 13176 16637 21366 21819 14302 7100 14924 20644 2652 283 31991 2577 23497 17352 30044 27155 29757 33838 15606 16930 41281 %n5931 28
30584 30931 41106 36104 12880 14020 900 35695 25030 23649 9590 9067 28104 25659 7409 9425 14430 11551 9658 31741 12346 34492 41000 17841 13427 1843 39609 8025 %n1184 31
20524 40250 2219 18239 33499 30408 7056 3081 37742 17046 9568 32428 30219 23507 2771 24175 30227 28350 14319 12058 35668 11435 30179 8114 1116 19997 5053 27540 26266 23755 38957 %n1704 31
2772 1461 35126 13672 16942 6223 15513 3738 4707 21794 9443 7149 18943 3119 31595 31503 2975 25306 36019 29916 40916 23054 29220 21857 15257 32814 10195 7513 23428 19300 2322 %n2409 30
9388 12589 10314 41291 34355 36729 25840 40246 22720 25857 41213 26061 12022 28297 6177 4805 11949 2352 20370 7586 41140 39076 6891 14064 40303 15635 10738 40366 12768 24635 %n3097 31
9583 31027 9013 26946 17353 25820 22369 966 35736 39319 17818 28574 6763 5794 26329 9776 15038 12149 10661 21173 28631 8601 24529 37106 2740 40877 39748 29248 6739 3125 24622 %n1928 29
31925 1303 33457 20724 23698 12313 28553 8334 27822 1642 32558 29337 7327 4907 27386 19908 20141 39197 685 37652 34431 22932 25386 20513 22806 25075 20192 25185 30533 %n5034 30
35923 37291 13684 605 10594 22863 19556 26252 3621 31014 41141 2199 3146 10932 39172 24717 12672 9596 30275 13524 12773 27676 18346 25555 972 9434 40382 15663 84 36607 %n3722 26
35772 9912 38011 15523 1576 40986 16269 10094 38601 5235 39896 2354 4787 19745 21281 25657 18665 10415 38908 39879 12009 15335 22306 26791 37029 21514 %n3745 30
18816 9615 40517 27120 16572 22180 22889 36338 39420 29582 23186 33170 39056 10212 14496 25037 40692 19837 9631 1577 10174 14876 16729 10998 34163 34014 40721 31691 25132 2155 %n877 27
37124 10608 2541 27458 1527 20944 11293 34495 40082 26594 15960 2026 29761 31734 20097 28484 4639 894 25057 33938 35929 34755 24471 29465 24420 32404 27329 %n5447 30
7904 24666 20182 28339 15645 34675 31224 18050 6020 34053 17241 35282 37341 24115 30860 24844 18979 30388 14621 40963 17661 1412 26945 17214 1108 26589 22149 13519 13126 27874 %n4930 29
26586 21436 38157 38030 15555 6394 39980 19255 21044 23839 6338 35266 14672 586 33563 2296 37316 18380 6148 9084 8490 19131 20998 22991 27803 40284 35986 16802 23705 %n2907 30
36107 3501 41289 7104 30983 9311 11124 34316 16555 3202 25299 16473 35136 30237 16108 8255 9268 12161 37282 33804 16477 26091 36392 34833 9242 26745 32035 40873 23728 14680 %n5302 29
26949 38978 35913 25625 38258 5758 1636 34116 29297 37142 19584 30224 8458 40242 33417 9821 31818 6274 26286 41345 28289 25015 37206 8761 14100 27022 19545 29875 9437 %n422 31
30922 6012 36483 33163 21266 23517 20332 19425 613 6921 24025 30653 16260 17450 4202 9471 32916 34415 7670 4933 21245 18062 22388 6515 21782 7500 2513 18998 1083 17208 26614 %n5240 30
3976 22766 25942 6313 37126 36163 22776 36391 23491 23707 28352 22311 12973 5857 31830 9058 10601 17523 21772 19383 4631 7478 11555 22353 33329 11034 23294 11841 22829 19890 %n1162 31
15732 3381 28734 40719 31127 30765 18083 35846 19667 26775 36184 26361 8186 4699 8798 31594 21817 21416 40985 16412 34596 143 4884 29653 34115 21476 20942 24696 27450 8701 6657 %n5955 29
29418 15567 31319 9671 38780 18266 19381 14231 16185 22025 10203 11853 721 8183 18567 10358 36677 6764 24729 29466 26560 10779 30894 16327 32011 4347 3601 32387 6562 %n4840 29
22944 35726 26624 31866 36600 29448 21164 33662 37410 5590 31642 31444 24528 26000 15407 27377 9275 40424 21316 21691 9970 26873 14179 25423 14987 32050 7809 36146 22337 %n1220 28
31356 8037 29463 15331 11136 39508 28697 11730 28633 26517 21519 2683 32653 17295 16932 15724 10264 35560 16248 20265 9441 15580 2054 3002 11155 4191 33123 3690 %n3031 30
3140 19243 16177 26703 38453 13975 24326 29133 21043 13409 34860 5858 18049 40457 15483 193 33878 30582 19592 21369 40658 13775 32392 5633 21976 9448 11802 16779 20564 1490 %n3982 31
24098 10596 5908 36235 34417 9608 11341 39368 13486 3829 23502 35657 9696 6240 17474 39689 24321 35629 13383 8467 433 8649 26393 31554 8207 17141 36480 12408 12251 12610 36271 %n1866 31
22730 33444 17777 5461 1445 35014 4753 39504 34193 10838 18664 37549 3211 11141 33780 36401 26370 30126 40638 14145 24186 22293 29243 23381 22371 41366 32914 35610 4454 33058 10194 %n1925 27
12496 23916 16721 20287 41202 26776 12646 8262 35797 18853 29320 34092 10892 12977 31015 12983 40150 13256 38218 2600 34253 29947 30345 8572 21924 31794 39891 %n5875 29
12174 6059 19190 15264 16895 21709 3508 16119 29157 31066 37990 28241 731 29336 37024 38783 21336 20026 37209 37618 6494 33134 18543 26962 2424 27551 1168 7998 21319 %n3582 30
27291 40323 23029 24003 26482 35115 37363 3069 16244 35850 8303 17279 24876 949 10255 2437 4942 36242 36356 31694 7511 31325 19729 14022 19479 17918 33998 10916 23981 11127 %n1916 29
8567 34275 12745 20655 18221 12407 17092 9328 15305 22254 32255 24912 5987 26645 29837 22616 16654 13036 26904 18912 37373 36355 1231 6760 40678 17862 32702 3434 1616 %n3662 29
2154 26605 32904 11224 15979 30574 6535 1291 31196 27845 31207 14241 15587 16337 19565 29276 12320 2886 15476 10714 25938 813 17209 30591 40771 32316 7569 36775 27735 %n3596 28
29744 11901 31618 34888 30314 2564 16436 1870 19310 319 27198 21831 14644 20330 15004 36433 32894 32249 22024 17771 13410 35392 20344 38685 7260 35368 39976 37173 %n1355 28
25540 20621 20137 23116 21730 14976 39280 5770 16915 4906 930 3534 10878 8521 30037 15096 28834 19380 40157 34622 286 11720 9975 24263 33782 16965 22769 41308 %n2230 30
14819 2198 24974 34407 36004 3623 8653 26093 35822 33061 7923 23549 13242 37879 8463 14281 28041 20180 38643 31230 27177 40414 32583 22133 20627 6246 20327 8661 21568 10108 %n2234 28
37601 8294 36255 10363 4168 35962 18822 30140 2174 3672 23622 4382 34512 9264 11893 17245 29953 12696 37021 38487 174 23402 31536 29176 38999 2119 21810 9254 %n3927 28
8911 34712 2655 4768 24795 11256 38204 2887 7136 8881 25716 11510 11598 26924 21578 26302 19746 25163 26965 14768 29198 41269 38639 10182 34327 14543 771 35896 %n4879 29
3136 5517 36886 37977 39070 25433 35240 7707 28775 4781 18735 635 14113 31891 24277 32252 6280 11144 7858 34609 36333 29676 33377 20536 33352 9981 3181 322 18385 %n5333 29
20662 19886 26788 5234 8622 25005 16505 18334 20219 15596 9383 30386 3637 21027 16031 39765 18170 31580 1524 216 29195 19642 12917 20578 29669 20357 37254 39806 11168 %n1483 31
13366 24140 294 10185 6403 9727 6078 16741 20994 3997 32085 17926 14967 839 18176 21913 33347 39706 4761 5431 13706 22492 16259 11160 32450 12111 19940 37631 11494 19320 142 %n2310 28
21613 9663 26389 17158 40297 17665 16604 38659 23447 40855 23585 14243 4231 13497 7832 3075 21071 15237 4913 1242 10841 9753 29846 38196 7912 16201 22850 29661 %n4633 29
39409 36473 17972 9217 15343 18509 31373 6092 6564 16134 14186 27644 33945 2512 1500 36634 19011 11232 16794 8160 691 19740 23525 24948 32761 23060 30648 1617 7624 %n2866 30
21888 36515 13003 22089 10336 30256 9245 38574 8688 17941 38423 18689 7170 37146 20249 822 41159 17605 9609 29565 3347 38024 40124 3948 10350 37569 11186 8379 9700 17399 %n898 31
733 24758 21376 19702 19611 15893 16002 28712 3668 12576 35997 40100 13516 17223 37494 15398 28191 28395 37902 25568 11045 40268 40030 1336 6732 23403 6496 19046 28138 3700 29305 %n6818 29
2470 38465 37168 17897 41286 10861 9901 33964 30294 40653 38590 40260 6189 28992 31917 12711 22688 21773 5490 20139 40007 34017 23612 7063 1368 33953 5558 19602 15138 %n2683 29
27089 940 30816 40089 30874 12688 37730 303 5676 20082 10613 25358 917 6613 14111 2299 12848 9626 5635 34719 33314 23541 37419 29123 11722 9927 13048 20222 34841 %n2813 28
28048 9883 36080 9412 16014 36618 19831 31183 24808 14727 10899 28836 13992 9274 37676 32832 3763 29331 23718 17990 2569 2556 12896 14258 17134 24169 39538 12133 %n4443 28
18511 15282 22857 8029 16656 2898 10031 30685 30114 17147 15909 31337 35900 11463 10723 27550 22622 39487 39842 16252 25731 3587 12445 23093 18328 5760 17222 26110 %n109 29
3006 32582 28447 10694 7719 36694 29065 35857 33759 28492 38840 38448 39425 30148 2718 7616 14185 14957 28884 19067 41112 32146 31237 9169 15325 34509 41128 34568 13605 %n4294 29
14202 13080 6157 3577 4103 12682 36985 40436 25475 34623 12607 29513 6631 17671 31013 14908 16078 30611 18182 11466 30579 33481 19763 23452 15883 36101 41196 34177 31266 %n2549 30
38609 30697 15281 30499 36887 15297 7963 12715 35948 1388 2059 40793 22617 12452 12738 33832 14514 24953 8832 22880 6317 11365 39471 33946 27303 29224 24191 8477 17175 39355 %n1126 30
29060 28556 13040 12731 10475 9256 4105 29516 40768 35322 29289 7494 22815 24727 26291 38647 5928 40281 11745 4951 41268 28034 1109 15333 11937 9430 33737 16786 24650 6725 %n1936 28
531 33372 26187 11847 18820 37270 33947 7541 37431 20740 29017 3970 28370 20188 21328 20396 22476 9680 12727 17120 28071 34652 29121 30886 12447 35302 11838 36296 %n1310 29
22881 14731 5709 33966 11381 12951 16153 12729 37774 39298 19165 35992 5741 11399 24937 32341 31193 22374 19824 23545 24866 21251 12730 18722 5282 3884 36205 3789 16749 %n4630 30
25997 27896 7096 7723 10551 7896 3614 30626 3638 9649 10410 9976 25566 15766 37477 29978 31951 31341 18299 6265 4527 15996 39844 17407 21926 25969 19405 35661 27928 3792 %n3117 28
39783 19239 18350 20159 34363 11269 19699 32505 25497 21504 17641 1767 35783 17210 2349 11659 14615 13604 12771 12650 5412 5066 7907 19387 11358 10498 5208 26559 %n3756 30
22286 9953 4678 27455 23848 8273 29725 37518 34428 23235 12156 7027 30897 16294 25287 34460 40910 24818 25197 5192 37950 1063 28002 39383 4075 4266 26836 13960 34379 14943 %n4703 30
1082 4815 19913 31805 25417 35401 10799 19629 29139 847 11713 6191 11301 40092 33512 14674 19961 19891 16125 4900 939 5958 31959 20767 13334 25971 3003 27353 41299 26458 %n4043 30
31074 19574 4093 25585 6323 13616 32740 21646 19762 31821 37360 388 20880 22522 3336 3264 20612 15558 5536 12276 12622 1706 29689 24543 37503 7491 17430 13414 33709 15506 %n4597 27
20984 10404 3776 23464 27062 10691 27414 27364 38118 22406 20911 34249 8509 36419 40805 18432 19585 32198 32797 24735 34706 18365 19259 10343 34438 20257 20014 %n6354 30
15625 16801 12966 8755 17574 35835 20518 12362 25401 9837 4561 25948 7962 32427 4579 17345 19026 37746 23597 16701 3605 8357 39268 35800 10131 2531 13893 16620 8040 25001 %n3130 30
28060 3949 35980 17318 15864 11981 10302 16344 17301 16765 34761 8610 21196 29639 28684 29509 16728 40654 6588 2007 38186 13230 22529 39255 18619 6874 22304 28228 35615 7009 %n130 28
27917 21949 37103 39491 3756 6855 30428 5160 38713 30778 33217 3495 38290 3084 31247 12571 391 24241 16141 19879 40045 11882 15949 7816 38335 29850 6107 25490 %n2643 30
98 20454 23567 13581 26174 9278 38682 4654 10903 40557 16730 8024 27602 180 20223 33605 32247 25095 12982 25408 40890 11909 21547 5374 12552 17639 29492 36110 28944 7546 %n15 29
39221 26771 29879 21770 34339 17783 39452 37375 15197 444 17755 30117 16534 11319 11447 20419 28750 15584 2967 864 35015 9481 13732 2766 20254 13565 8511 13829 9505 %n2792 29
36157 19816 3171 28250 12808 11536 17666 40871 3781 33452 21094 12429 4002 7050 1785 34098 24801 9738 12412 14073 19722 2618 7234 14299 13403 26352 3617 19809 26326 %n3263 28
35543 27909 10976 4722 12294 10891 23673 28639 4416 23166 2364 5682 9949 29008 28046 25409 18946 35451 26597 96 18321 7795 35868 30737 32118 27562 23377 13509 %n5214 30
11646 22411 31040 32409 13636 5193 9531 39992 3811 20897 20130 34095 31923 19960 11322 21136 10534 9834 23551 6329 26371 29471 26099 5681 14330 23100 39567 4417 40661 3144 %n6785 28
23313 18901 38103 15720 10956 31355 12524 15359 25035 14469 10952 14812 8297 13993 3076 34534 3820 911 36274 25875 28590 30505 5018 30793 25525 19248 12060 33589 %n986 28
14442 6387 3471 36040 5652 32109 6266 40270 25903 38408 21743 9586 30319 7125 38278 10473 18290 30525 22607 12897 10631 7954 16594 16737 26417 18577 31081 27886 %n269 31
35466 23170 7665 3797 16528 17595 5651 11403 26798 8060 14142 25359 23218 17444 10541 26469 23413 17806 39970 40126 17057 6757 28450 31240 6853 32299 15496 3362 28014 41323 8496 %n901 28
2099 4870 17513 22722 30698 25025 34673 10519 15887 2738 15658 7086 35581 17525 2044 18837 32594 6894 37800 34105 11455 35236 25263 23030 32671 2255 6037 9816 %n505 28
29163 21179 21517 27517 30483 28161 40063 23162 33268 16861 5137 20291 39883 32948 5616 28886 20689 10323 10569 1722 34789 19774 2942 9846 2998 10615 18031 37999 %n3539 29
21308 20679 20549 39650 41349 40273 35044 23794 21811 20965 2508 9879 20187 23734 5835 6865 14771 26034 14195 13666 4199 14276 20999 32799 41208 37052 18455 217 19052 %n6252 28
2757 34595 35017 19513 12135 19175 17199 2395 4990 20634 6224 17616 11848 20496 36191 33744 324 33723 26923 39556 18013 7457 13574 37837 40632 28805 7215 3955 %n5744 29
12733 24045 26426 5780 40819 16985 30542 6795 12819 20696 39468 11615 26615 41372 17855 4458 39308 29842 23966 37877 40033 40004 10810 28874 15459 34211 2900 37474 27818 %n2470 28
5005 18479 26976 14965 3308 34737 8405 739 28508 14323 13254 39718 18644 18136 22963 31916 1777 37663 12626 26420 27610 12319 31558 26384 20647 30820 12944 34875 %n1172 30
37593 3874 36298 10029 25304 5453 11061 9364 35335 17826 32362 41062 18390 4541 10909 37939 35480 12939 18200 14708 24229 22280 24744 23731 13451 34443 15509 10158 33818 19110 %n96 27
3727 16200 5242 15275 39612 7273 25802 29696 4469 22988 25283 1834 14285 26916 24124 35951 4948 6557 19619 16215 22041 16343 18375 32833 3822 53 37547 %n931 29
14753 15888 34309 4736 5516 36743 20877 8335 7462 39184 13349 27752 9188 34820 33942 19529 14476 37639 125 22843 40311 4943 26436 18927 33024 32269 32766 26105 38520 %n4091 28
19473 8353 24387 7370 31011 3150 19553 26898 17716 5861 12469 2763 34940 7391 1320 13598 19359 22949 7834 29162 37457 40875 31650 32020 34186 27072 13841 24968 %n2198 28
1199 34353 1865 9943 21556 11304 10227 16030 1945 32110 31838 24490 12594 10733 39044 6633 38495 9602 21956 30601 32274 19314 22171 10503 7338 35526 39816 25122 %n2730 28
29316 36803 30113 7721 39541 22592 18732 25249 36744 6386 28895 9234 40139 22765 25610 27171 25894 17867 34960 35794 5100 7783 13645 11178 34880 11377 24034 1405 %n3205 29
40843 17628 34314 32808 10344 17868 34058 34693 35978 23288 4767 4390 8550 16281 37830 14982 40542 19916 15141 8956 40041 15372 4878 30426 22290 29593 22422 3305 31615 %n5572 27
23651 13904 37245 18356 28477 9785 32067 1010 11942 37012 38297 39919 39615 12145 35317 36140 20789 27653 18672 25579 13234 28946 19057 20783 11031 36570 34831 %n1499 31
14619 21270 18544 20292 26890 6083 29411 30392 13686 6123 17059 7712 25298 35892 5697 5441 18620 35680 12842 38249 21384 12023 4222 15798 6455 24278 36951 32331 24898 38384 15705 %n3135 30
37642 15177 8396 36631 11914 7743 38703 17550 22433 12587 32618 795 32071 5157 15363 30353 28667 36292 17013 9131 17020 21345 36615 20507 11239 15905 33569 17048 32026 37097 %n3505 30
12643 40617 26117 41193 39707 27210 11599 35180 35688 12534 22565 2710 10806 39101 33421 4887 3678 1645 37468 9493 5089 25883 27591 40698 28835 27471 32149 29054 34077 572 %n1833 30
4519 26984 6526 28984 2802 39454 2708 32794 9519 37691 8856 31908 38735 1918 16757 15462 32301 30271 19118 15085 22825 14355 16536 28399 24259 37064 39283 33070 35957 32147 %n4883 29
29247 5886 4193 18612 28438 13558 27274 11251 8655 5327 36198 33749 13134 2498 15983 35717 35038 3203 19876 23496 20520 26030 27852 26451 37863 21793 35254 7855 16090 %n858 28
22834 7392 34062 22416 17179 40785 24430 10146 27959 41066 22454 40340 11440 21582 15934 14191 31775 35765 16022 14690 38483 20929 32478 17128 16268 33086 13691 26177 %n2324 29
27857 16459 26654 23805 40154 10856 23103 6753 19571 21055 29688 8307 27588 28482 16645 1907 27542 11101 14618 11243 39336 10001 32817 19909 17791 20542 22328 38345 10033 %n3787 29
94 41124 8520 23333 28611 19257 37356 22938 2463 16289 12503 6635 16130 18169 11846 36892 39423 5973 1075 32498 22043 22561 23257 21002 24026 4601 33214 11803 22428 %n3457 29
6573 26086 37758 14015 20011 28022 39048 19815 28428 11705 39903 14295 22408 5882 30153 40932 2602 7608 15354 10010 12952 7931 20318 7590 3314 3754 16673 23669 24206 %n3622 29
9037 2446 30415 1735 17290 568 12099 25242 35949 13341 35183 26285 4478 35324 10563 39997 33506 12199 17500 19450 34167 37563 18059 5533 25514 41125 39812 24235 16046 %n3874 29
26161 15207 40252 31756 39224 8706 24731 26887 19130 33348 23578 32957 22791 27126 40865 16815 32442 30387 9099 19311 36914 21235 39334 29310 39971 16819 39427 25957 14974 %n5526 26
10436 18980 9595 11691 2793 26333 31518 7853 39696 39715 30254 18739 22410 34408 23237 34182 31547 24324 29994 35953 36275 25947 15687 18207 26041 28892 %n5335 30
27190 39618 5006 17190 38317 13190 37896 12024 8827 34128 34764 6954 32737 22181 39833 24451 38618 33566 30323 34653 10590 3098 28506 6121 26876 27199 26732 27259 5020 3285 %n1889 29
4421 27745 9562 5088 17676 5482 4523 37976 20836 12380 15210 37776 10155 33405 14923 15337 35289 3868 24763 23102 1373 12127 10465 37130 38036 23579 14194 41267 21459 %n5440 25
33186 18423 38470 37376 24454 19833 4253 32463 20510 10411 36868 22878 12958 32798 19958 21165 39605 12666 946 929 22080 33387 9358 37277 14010 %n1674 27
33960 16983 32328 37075 3127 19793 9397 25520 22748 10122 30220 28085 9565 6126 15110 40253 21648 24554 19460 12358 6972 15890 7516 8403 38355 28355 2273 %n4939 27
9489 4837 29148 3701 30619 19184 8026 15002 22809 27209 24380 28005 22729 27716 2334 7562 20365 30068 35509 19588 20686 7191 7977 16245 14901 16103 25605 %n4834 30
8817 1430 8295 18336 36720 12034 13407 4508 28977 38239 22935 28151 14980 16912 21036 26805 36633 34964 11654 22890 30137 6580 1853 16352 7669 34883 35230 30468 694 6845 %n6888 27
37994 27981 20426 25280 33586 40412 5509 28441 27847 16388 32319 38405 17460 6405 18769 31717 20791 15314 27006 25729 27736 8349 4866 41312 26402 37053 7901 %n1411 28
5564 22259 7527 652 36301 17293 36078 24684 19650 18833 36415 32533 10812 7194 9648 3675 41242 15802 17422 14783 2496 14572 28371 13175 3135 28498 22714 33600 %n5566 27
14611 25300 24463 23971 26373 13842 38930 9070 32826 27085 2061 18436 30645 40301 8011 10876 14606 6659 7388 13716 14239 35020 37298 27028 6827 38822 5548 %n3677 28
20241 38073 21934 8319 25952 34750 7336 13795 15091 35884 11298 11741 19135 5872 26146 40662 40773 81 11231 14138 14169 7034 11675 35747 35847 16595 24895 14703 %n1398 26
34905 12325 26925 23521 1770 10780 35631 9045 5947 15573 37988 9292 8924 7942 9749 37542 13458 14419 29146 29930 22425 9862 36141 24029 11607 9871 %n6103 27
19760 10447 7119 22206 16844 9644 11810 28929 28311 19704 1385 5337 9344 6082 26138 23318 19597 13947 21392 15415 31004 12509 2833 6368 17366 28019 177 %n4974 29
21252 19252 18556 26574 24425 21963 37867 20952 8510 1261 529 5968 14939 2090 22446 28546 30902 2786 22011 28167 11525 18789 3242 32546 32612 20926 10593 22990 26239 %n2013 30
10989 27090 21221 16715 37931 14711 18140 12497 10409 7758 31754 30660 16634 5188 9398 12616 27983 31564 12568 15591 38993 27577 14770 1079 32905 34579 2083 12577 10927 266 %n3841 28
24772 25428 20673 11157 36691 20754 29340 5359 31586 2649 16254 36149 8012 20101 3383 9657 40118 7946 10157 19139 20995 23446 22588 30966 16878 17543 7945 26264 %n4068 29
14528 22321 35117 37175 28132 4966 25752 28916 28761 39827 32321 10140 31275 10265 3470 31243 24408 39867 32268 33293 9034 4526 27910 32538 16518 13710 33858 762 38636 %n3903 29
27143 17969 8340 26885 19955 10705 32242 30527 10602 19157 10794 26561 28838 8865 30520 32555 23057 33090 26048 12314 7296 17837 36648 14148 9989 35936 40728 11252 23621 %n0 28
6466 29564 39627 2519 34076 27814 8254 760 10611 21259 39400 21337 35141 13089 1008 16550 38672 13162 6722 23676 34646 22144 23401 21763 32251 36265 25739 32366 %n2174 30
39083 19112 19051 7869 11212 10939 20654 10354 19224 32821 11011 656 15375 8563 2991 29199 36498 1312 6524 13917 7668 31827 17479 8152 16257 3891 31489 2294 40627 40050 %n454 29
21852 13854 12575 32028 28178 34614 15062 7236 27920 1663 38129 37733 11819 6308 2112 82 9993 8543 35735 21871 44 7055 6420 28412 18451 4559 17866 18371 17789 %n5747 27
14017 30082 15730 17155 37248 18244 10246 23601 33680 7368 27150 29685 35538 34227 17123 3594 21428 2270 1135 2609 23917 39009 36435 13380 20949 37873 7781 %n3499 31
21732 24132 10053 1304 20779 6165 29302 27662 31024 13141 6164 9997 18792 30982 199 703 20852 7341 23895 18054 19941 37872 37306 10545 35611 18821 15183 22061 32855 24506 22817 %n456 30
28010 30573 23914 20148 19652 2488 2933 20382 16085 33827 2613 20544 21335 40802 18828 20707 28225 745 31864 9503 39112 22029 36728 33113 20881 12530 13041 23148 10181 17947 %n4379 29
24828 37525 30785 21975 20086 8048 11610 3088 35645 31936 26729 24498 19515 31742 24222 24432 39950 34988 6497 21198 35163 3876 4180 24559 32576 32491 11664 16386 22047 %n946 28
39720 16167 29573 21203 16735 31388 33615 23263 29125 17376 3629 33084 17012 22230 30621 157 31405 11180 15130 7131 26578 15771 32121 23203 17756 19477 35011 23911 %n4377 26
2560 38123 23789 15738 4560 26145 21626 23988 38233 26073 21705 14629 27714 12329 14217 7756 14885 5149 8879 29620 16834 12787 10948 20047 23727 35673 %n4744 28
36978 23656 11982 39325 27957 21217 13316 40905 14473 22743 21587 23078 8093 8311 20201 1682 31397 14393 23195 12574 38360 30085 33665 35260 38243 29429 19580 18729 %n2695 31
23852 6575 6943 30779 7735 11434 17893 28302 8378 13131 9193 15839 9756 26632 93 28279 39847 8902 38366 31933 13244 14036 35655 13084 14832 28130 22917 14287 28453 22655 35799 %n1737 28
9511 10818 4607 7369 31435 28057 22135 10449 39042 38304 14707 31506 23310 500 20431 402 8386 14151 30110 37588 4426 27963 32244 21513 240 23328 3716 29222 %n1326 29
40626 37446 21608 1351 41252 35222 16363 37132 28665 26437 8503 31298 39256 28779 31258 25541 21396 4520 4182 31695 33205 34975 39779 6888 25317 23052 22343 21339 35525 %n4656 28
29309 17722 26467 31046 18178 30741 64 21061 33007 39460 7442 38350 2377 22252 29674 11077 19048 25292 22395 13021 32668 27203 22414 25159 21127 1574 4477 5040 %n656 31
12190 16042 11103 35199 14483 21453 13676 5002 25927 19930 20230 16355 15244 30754 32647 37427 32575 9463 2753 21706 8972 27368 14912 22495 23018 38162 41367 26922 28218 8408 15472 %n4433 28
16643 34383 15345 3420 14149 34765 21385 8675 5891 17379 22183 4211 9468 1176 14886 21086 11925 39281 31381 12900 35792 8726 32964 7189 28206 19458 32211 33319 %n6022 28
5905 18736 12756 21741 20440 29823 33784 16998 3126 25176 24803 25690 24519 22283 30852 17389 20339 4710 21028 3604 31779 17942 40296 8237 25380 38705 511 10719 %n5117 28
36261 27043 10043 13815 38018 19832 5329 33748 9018 4336 15706 10386 2888 7654 2997 31481 24266 32655 14757 34015 10 20742 24468 6594 38706 2901 30238 28460 %n4948 27
40267 21548 10019 7145 17170 27578 30766 21799 16541 38963 33626 15491 2943 25958 29330 22686 14972 32695 33761 3493 29597 6660 40754 14977 28763 16567 32312 %n1985 29
24411 4335 36372 11938 16164 28607 17257 24256 25699 20659 23657 5399 29129 27457 7395 17784 1428 27838 24283 20247 25861 35535 1591 31206 17187 1817 7049 15399 31947 %n3694 28
12752 18189 11629 25328 30949 19861 24653 13825 38627 30554 30298 1729 36073 10885 13453 26820 10711 38458 22651 20937 22532 7908 36071 40631 35899 26379 5296 12949 %n4262 26
6102 22827 22077 40156 21829 12699 30529 35196 40952 21932 12021 77 17884 18145 18994 14155 28853 22389 3306 7269 2369 36343 31142 1464 26224 27169 %n821 31
30283 9748 8754 40014 36876 11875 1521 18647 27680 27251 12472 21708 153 12684 34101 1654 15987 25325 37138 19447 13245 20017 30473 38272 30215 18124 37364 18450 28873 145 40590 %n5889 27
11567 16316 18519 36915 32603 19123 11719 35988 15266 23388 39813 11765 34261 33124 9534 132 3159 15431 4988 30932 34869 34969 2528 19335 16192 12062 2027 %n3244 28
29179 28140 8411 28483 12130 8793 34635 12375 32443 19703 37229 7971 21151 13740 16433 30023 8735 10098 19892 16649 15007 5212 11868 24346 4298 9195 3401 10713 %n203 28
11827 13417 38874 5574 29442 15698 26754 27546 33098 27055 27805 19799 9833 441 23068 3272 8680 31659 32965 34727 1641 18345 3235 8834 770 14080 4795 26390 %n6579 26
9921 30916 2137 14720 23693 3932 6284 1625 9294 32723 36467 25289 1226 15826 8051 14363 3704 6552 38548 18762 28848 17494 18420 32872 31844 17410 %n4101 27
35672 25115 39196 17510 6619 10650 1019 18686 12029 36054 6687 1716 3649 39743 11170 28353 3827 3077 33595 18681 32467 19579 11775 5614 41319 26022 1849 %n2238 28
39535 37964 36669 33621 2214 35706 8568 17386 40967 34195 39369 3017 13695 12704 39878 10004 5185 10121 29120 14090 13630 40313 20224 24418 34069 22555 25485 31905 %n3823 29
3536 36870 37001 1908 19717 29700 3370 23610 5589 34496 34601 6712 33561 14147 6817 7 21745 23668 10840 31777 22984 37137 9387 1416 7873 1526 38084 6754 7573 %n2952 28
11699 2491 11396 431 13870 35471 19245 37111 34848 23711 19772 35890 1731 24244 5740 11890 15622 36834 3141 13528 23451 29328 36613 33658 33447 32770 8371 25399 %n5534 27
3593 38107 31937 3583 6979 28679 18391 16838 21765 40767 39011 40319 20894 7085 11895 2875 1150 11790 23842 41354 20571 39953 37736 1779 27792 28882 28221 %n3048 29
19531 1520 21141 16952 31833 12947 10091 8454 21900 21241 30274 39435 1585 32000 17875 4065 40028 22673 19199 28569 19637 20841 39799 14174 29683 28326 29000 36088 24348 %n2981 27
34223 26122 5445 35442 19287 9745 10294 21927 644 23902 37591 5995 37799 18155 11560 36598 7704 25714 16074 27234 22836 36364 27156 3883 16994 31930 25909 %n1103 27
8869 12728 37196 31170 8600 32102 16195 549 2380 41261 4995 26418 24906 3482 37961 12852 21585 25779 31464 10228 23465 28845 2440 37285 12463 40820 18540 %n5423 27
13344 26834 30087 12378 27039 37084 25670 18659 39517 34992 10153 26450 16805 34176 36426 13461 23056 22191 39619 39661 33324 2311 39652 14766 11624 34364 7480 %n2329 27
18685 225 40012 2130 13201 17024 30770 11067 25594 35298 10681 17733 27015 29579 16264 19043 14755 24810 30316 22640 40395 37261 4237 14206 2646 26101 29307 %n24 29
7244 5227 6490 15952 11866 32759 38010 37077 26181 9910 8772 22997 20657 16826 33182 36169 20039 24493 27393 12417 9020 30209 25023 38883 5013 30911 23155 16781 13983 %n