48
4929 97
65194 37604 29450 12562 21826 38208 35811 2370 56668 18631 58498 42143 23608 35700 87363 10652 53686 94574 72575 89273 95081 73390 56379 99803 77059 75247 41529 91111 36639 7440 82540 62926 61823 53302 58456 5380 90972 22300 34264 61699 59541 46189 7555 84642 80674 39041 48255 40494 97217 20835 57882 30281 32177 99550 41133 41190 51292 91447 48973 73480 15355 97127 10488 99851 71727 7573 14086 47283 76164 62817 11089 81558 75933 75251 58896 2849 77781 88054 46288 91008 4232 39752 25575 74854 41682 26431 90757 55640 66008 15859 49925 54569 68044 38592 68753 60734 96932 %n4063 82
77745 55423 83586 41223 56760 84816 49087 95149 20814 86151 41351 70908 17003 47335 48400 5083 93132 92133 41860 18296 39970 55555 84302 55841 77317 48244 44153 72956 32128 27886 45412 13478 52823 78405 81066 10866 70233 65486 1733 30622 57498 93966 12957 38781 95993 82194 13873 65731 70377 11726 55659 10464 73275 9001 86416 45893 46607 39537 72863 53232 22480 17423 86154 91354 89097 91784 65892 19109 16546 99026 88929 12871 3283 97833 71625 59336 84338 37964 22447 75334 99056 57953 %n1178 68
45353 85280 39631 89462 36122 62471 70634 81486 27103 77695 98403 13470 36109 57784 94064 20725 75724 43623 93999 21986 76087 71882 58982 99457 15978 15092 66488 19781 86928 99927 37762 53896 18013 87205 55731 53289 78557 16263 23614 12645 58036 39649 65644 54779 79714 72887 39842 99581 84617 61126 18831 9588 93465 53678 14279 80755 19738 32028 70360 76421 23233 13055 63381 54936 64469 18567 30736 79817 %n4275 61
13435 92944 35494 27752 83936 71617 42638 49726 25460 40843 91330 5087 36308 67280 76873 58796 80292 2809 32458 58543 94820 47404 69470 84425 65970 48367 59296 32045 68078 94942 77865 96084 94114 6326 24945 37002 4796 22533 80511 31503 53313 78852 97110 67015 53912 55502 19994 79188 4825 26594 93254 3956 64874 18349 66723 54279 28041 33141 29801 99184 76747 %n132 39
96259 69779 43227 98571 16845 91088 7502 59295 90232 71581 89503 44839 83587 86891 52777 14986 6324 65253 25254 10683 1569 33462 52444 74088 13321 13583 43534 9566 54232 51427 89450 3289 27553 93858 44016 7125 28081 67970 11699 %n1187 46
15247 35601 12277 51175 16831 92217 83884 44773 82372 4041 81286 98206 86056 11626 61338 92250 50013 26030 26564 50219 50868 1513 91898 99019 95768 2873 36456 64205 99872 85986 55901 86100 20419 85071 33664 46504 16088 95588 37175 71074 46503 8158 63276 71804 56398 39212 %n3448 41
34255 92278 75104 55458 70748 41530 86818 51497 90734 13498 61528 55062 72744 52478 8994 7562 89931 11357 93165 24845 61085 22510 3643 22808 75735 74230 65017 51317 1260 64043 87845 48164 44757 19931 957 65603 45790 80822 71602 69139 71636 %n1519 39
89737 94496 23159 54426 29772 79518 628 40280 63402 34527 68115 16970 6984 81147 18007 65694 18770 73029 32694 88750 80518 82424 24270 75946 10974 11074 59974 98329 73382 10264 40691 11040 6239 10819 98275 35361 66487 37479 23710 %n4773 31
73821 83337 75633 27265 70856 78015 89988 14161 5631 98824 69827 22353 78850 9213 4142 13122 61237 72112 56861 89763 53440 31456 64571 87021 96108 22210 98263 38579 93335 46586 94378 %n6285 25
16000 86654 77912 649 89629 1036 32937 88162 86293 26094 95071 35165 25420 24352 3376 9867 96609 12543 22058 25187 24355 26112 17719 59242 70162 %n857 19
97448 10509 56855 11400 9537 76985 94261 23584 23723 88533 4466 67617 57526 38560 88174 26727 87270 37390 29509 %n4686 17
62518 81000 21413 37603 71969 91153 30683 80466 9458 6587 85461 74482 64438 49213 12659 28 14728 %n2541 16
34581 7492 96495 36519 83493 8071 74507 88207 87581 83526 6383 52640 99578 77197 5461 35062 %n3612 5
8963 18878 14800 61394 8804 %n5255 14
48540 32745 40611 59794 53805 59150 7473 44746 47629 97662 84782 51623 50115 98432 %n5961 12
45686 19970 84082 10981 7822 52679 27804 50459 45217 57342 46909 46115 %n1041 7
99259 47841 50312 80283 6664 93603 51054 %n3652 6
77333 1691 97805 98587 82673 93300 %n5155 5
67006 56994 87461 17226 6225 %n663 4
60860 25776 70923 52175 %n2424 4
30198 3406 44428 34185 %n2075 3
93773 36450 15198 %n381 6
25244 68880 4666 53691 78683 82443 %n560 3
48157 96828 22478 %n2290 1
44801 %n1838 2
23955 41436 %n1540 2
79300 94219 %n1028 1
42664 %n258 1
63208 %n2935 2
80403 76848 %n5389 1
13127 %n441 0
%n2219 0
%n1906 0
%n5656 0
%n593 0
%n6614 2
12340 46480 %n5846 1
77089 %n1101 0
%n5410 0
%n5772 1
81455 %n837 0
%n2392 0
%n5136 0
%n6626 0
%n1220 1
25285 %n4212 0
%n3094 0
%n