81
3004 119
37299 7530 19903 70805 97328 48611 26371 7599 40190 95163 83548 31017 22913 9226 23891 21173 56954 98817 66761 76203 11925 3564 62683 21507 64164 75048 34691 72238 78711 16373 10356 86065 53768 19535 49572 53766 65586 32471 43287 95153 79196 2879 77179 12301 76192 18541 3446 38786 86700 15784 72469 67980 79953 58493 45400 15874 26726 33905 18113 3884 80051 17645 76825 31728 89826 58647 33248 36864 76150 60590 51299 47096 84402 69807 73989 45896 29651 22345 44137 85559 90345 46023 27085 59545 42877 43234 78676 82163 70909 8465 7574 76397 78797 9623 72521 23768 49589 42287 19648 73874 95759 20890 74470 20430 29165 43679 20679 38677 46484 37606 84582 44059 69523 76629 47196 48007 44802 11999 95369 %n4039 106
49961 12418 95464 61877 12705 16213 1141 94913 87696 42674 1660 35710 61068 12235 92351 82052 78056 17402 28208 15466 26238 16084 75208 87130 23212 90161 90272 28621 75342 69183 67439 5105 22165 36007 89193 90965 34998 37175 59897 61213 7546 54853 41904 56870 95723 35852 12942 95779 68460 31592 76875 96640 3713 28922 14130 65388 96097 65986 24267 37463 14542 71892 58362 68925 50073 99862 8669 29879 72127 1102 83421 93649 95812 531 17750 7288 18360 15434 32601 68242 24846 95314 47168 4418 5400 6074 59052 88226 1594 72503 91037 59081 40370 60969 21307 20909 10899 62240 76516 81358 85700 32001 68246 26309 80532 62456 %n1447 86
91264 34011 14012 62431 44512 57605 68383 29118 66972 72625 91140 63063 2965 67984 74188 86385 64662 56118 56680 99299 29358 60486 45614 92252 50267 20107 4448 82679 17261 52148 8234 99167 5555 98758 81044 18012 50121 72313 24 87663 64244 54464 36221 38910 7632 9798 70416 73711 43501 43380 70178 29301 85383 43777 23433 67313 14801 90318 63622 15223 31226 85729 49164 86856 65204 6583 81550 31946 68543 13064 5621 21500 24260 24486 18909 62617 53214 13663 52955 20855 3199 85029 9505 60922 28449 97592 %n4426 76
21620 42573 84584 79420 62055 6697 73932 2601 23146 18762 80439 81118 32972 7681 82177 10308 91345 29685 89017 12709 96267 61460 46751 13426 18421 34033 82114 15018 33504 70168 37063 96478 91776 92825 71661 89162 35702 55692 78439 27472 68711 98861 7909 4807 32721 80246 89850 94404 475 37184 92816 6173 33915 97816 66085 86352 73178 69344 64069 12012 87742 89795 65923 41543 31617 64256 66197 77008 44867 11881 83027 42424 68098 24811 12695 60001 %n1051 60
78106 41035 34432 34027 43691 64043 14070 82463 85071 59011 8638 69094 63692 98417 84847 12834 96989 3896 10986 11226 52651 20716 54602 69290 62928 29900 91016 56009 23327 99902 28158 39074 23659 10377 63075 39687 6930 50306 2309 48112 74182 21101 9457 52920 40742 9724 15390 93459 45660 73037 22085 31800 65548 6807 77711 52278 35821 4275 82797 13009 %n5739 63
86204 16293 93284 98562 21382 66848 70184 83788 65563 9476 81179 71951 96355 94338 71296 43664 34485 39497 48568 98960 88295 44743 89543 17175 57241 51244 38880 11060 22119 34484 44933 84616 99507 18398 9041 28011 98230 12059 24893 42154 51978 29554 18801 69018 82999 91254 36891 25255 6606 29535 45820 35786 53726 54351 11654 66811 28401 24425 1992 94620 83260 14732 81678 %n2119 55
95424 533 54292 44360 7778 68630 15208 54041 92635 14953 36540 90210 27762 33600 59339 19532 80272 27775 40419 8028 9983 49578 54482 12075 71494 14946 8405 87455 63555 59328 31419 7459 67303 36191 96276 15141 9803 43440 21036 65235 48661 94168 90188 46663 36510 28061 92527 7290 82212 20322 13440 22381 9650 18102 7413 %n4936 38
79770 82498 91896 34492 10371 64073 34898 34662 62613 69289 31896 68546 1875 42504 64334 76538 42907 88340 98629 43125 40465 17079 92566 39588 91690 21219 92038 45634 62192 38803 80299 35341 45582 22743 82408 86279 37211 25289 %n1939 39
74878 41326 76030 8461 71816 73174 90470 17830 55330 13762 83977 78719 34580 37820 43936 45572 40706 53951 59585 311 5170 59074 14294 7486 60485 25649 2795 4659 76276 50670 21244 94809 29 30902 7368 22923 67300 10578 12371 %n217 46
20346 18335 93263 98365 96251 25571 32573 36267 32998 40460 43624 25022 3503 68381 74909 13156 61269 63633 48925 35690 23342 92260 93731 44988 36556 70199 42649 42512 37101 65459 92555 79710 50541 52094 52045 29766 67571 9140 87536 96492 22818 19500 74911 71146 19507 76556 %n2579 33
8907 28098 91120 65147 20181 88760 86492 43369 68063 94845 73199 16651 53379 38026 42799 53088 2525 88489 71404 12402 95025 68111 34584 50456 60464 23737 49604 74045 40165 77721 61252 26800 49184 %n1400 25
75586 5955 87023 24619 11929 6333 3082 55861 18083 65083 44471 71649 75664 28587 40737 61670 5159 93359 24974 45668 11457 40367 88262 76851 4486 %n344 29
68729 17610 16327 14555 2389 2843 86177 70869 46639 58235 69808 16521 42733 85423 80762 75532 90880 88677 76936 44006 7181 66290 92769 38261 67442 59857 303 96557 93584 %n796 15
24352 28129 71509 75249 65974 16591 9500 41427 28550 9765 19896 1905 56750 12138 99934 %n4887 19
74365 45687 70497 27361 97936 98407 22418 22023 92811 67486 77103 36511 58559 95463 35827 63976 70369 39274 53023 %n1963 13
54780 14356 73094 27984 59337 63081 30392 1470 37144 65329 88628 68949 21040 %n3886 15
77853 31265 63357 92459 58096 82057 28479 71098 78443 5529 85842 95406 90862 43474 72728 %n3552 7
92235 9710 71938 32993 24064 66455 22077 %n2277 10
10851 76114 83533 18280 52009 78628 53135 73516 14407 61402 %n4634 12
72894 25694 27518 72304 63199 62052 49936 20795 43914 34727 99722 65402 %n5075 8
23868 13006 90449 67174 38912 75565 50270 58563 %n5777 1
80910 %n3404 5
88680 98153 22643 57450 94306 %n2876 3
35955 67835 6967 %n1784 4
37108 3828 39270 3499 %n4204 2
12453 10010 %n4775 1
85361 %n1214 7
37468 69934 14277 30358 39559 25522 52163 %n788 7
83911 98390 20374 31816 94440 39278 40909 %n2327 2
93885 55509 %n6074 1
42889 %n4665 3
9677 49984 83360 %n4053 1
80347 %n5162 0
%n410 1
63419 %n3172 1
84658 %n1851 1
12227 %n622 1
601 %n4879 0
%n4510 0
%n3362 0
%n265 1
66891 %n2870 0
%n3786 1
54181 %n3830 0
%n4124 0
%n5372 0
%n2405 0
%n3199 0
%n6048 1
85301 %n3281 0
%n1624 0
%n905 0
%n4475 0
%n509 0
%n2017 0
%n5222 0
%n5999 0
%n2798 0
%n956 0
%n2030 1
74981 %n1417 0
%n5017 0
%n1790 0
%n1155 0
%n2440 0
%n342 0
%n4758 0
%n5157 0
%n4525 0
%n1130 0
%n5581 0
%n1528 0
%n4680 0
%n2532 0
%n5018 0
%n529 0
%n2508 0
%n5768 0
%n4888 0
%n2463 0
%n