87
5477 179
35772 87258 55444 82674 57291 41698 69232 28241 67222 83878 23632 25392 60801 32975 72666 42926 9381 3654 35129 572 24167 91205 26946 46559 49953 18672 5785 68652 33402 17237 77002 13890 96318 39851 29228 48915 90095 72705 33145 76685 1257 17263 53123 79604 53279 10322 12147 39197 13850 87184 83251 9630 62951 9182 66686 86486 6709 41082 79600 87033 7970 63845 2150 91373 23707 75841 71309 59090 95041 4643 75613 61136 20107 99366 80084 33489 33927 44639 28240 60646 71779 81771 19108 5612 94229 38026 41986 71211 52823 45147 83009 14607 59866 42697 71184 9293 58004 26877 25343 80577 83929 16738 78248 87374 1324 62865 3873 86548 56215 60672 47155 39832 54706 3121 80293 19780 47237 86074 87396 33292 80646 80883 48998 32837 99425 70695 51129 50186 88313 32261 87864 13859 16244 3043 43584 28802 14386 91991 96567 86838 66179 43573 47549 52135 62220 90914 357 72311 45114 68181 36041 99727 88769 48389 83837 59086 32904 5972 45416 96990 81452 344 61285 41061 190 67733 28977 90915 78782 51270 27458 23436 56590 60208 51514 98891 69492 70515 49137 %n396 136
20665 5316 15152 67654 14598 39624 22002 21917 22087 86701 62555 91209 4453 78724 45441 50379 14734 34014 56051 78316 7784 62033 9554 14078 20939 98998 81806 9886 8711 93817 17350 30941 82806 83321 94078 17834 59147 83412 24965 20383 11741 25534 27296 83892 5295 55674 55311 35418 49746 62656 41843 73210 43081 99689 13441 59740 64631 11662 702 83475 63621 24776 53535 5778 45070 78551 56336 45777 25848 30676 43369 98938 9251 7508 76426 86714 44837 331 29858 411 83139 94925 63166 15585 39682 7237 6428 73937 81249 47293 70166 17149 84696 52819 46997 26101 48869 24451 19063 32922 69668 97861 11305 48257 17326 40218 55131 90072 31990 56131 61241 75240 37006 80554 46129 71610 87923 55872 30205 58361 32720 28310 7738 87990 4963 8070 76116 21746 42325 24774 87047 50008 96559 71013 83586 60988 %n153 102
59332 37742 10523 72744 45657 80590 59225 41756 67140 54312 38561 59419 72619 69670 30271 92445 68850 72796 59495 68718 59050 50665 47706 63814 61722 61585 95731 55109 33570 9822 95485 37268 12609 41342 25548 25240 82878 48874 37979 20948 67835 9618 1199 44095 96095 96206 39441 63993 41534 83773 6779 2905 31989 22259 93964 43980 7864 34829 26598 87375 34855 9476 76466 65881 37383 85550 86704 15021 49271 87961 8770 27061 2100 71313 59382 30111 98614 83014 49376 19052 37473 31414 67195 28141 42330 62428 87137 91374 24173 83304 56840 68525 53444 11427 65827 31636 96475 83781 59546 45267 7329 78573 %n2835 79
56108 11640 47887 49869 33241 36893 5448 8418 47397 90963 67645 47853 680 20185 28711 99303 69049 17536 29277 11443 6031 46511 12413 79859 25980 96727 53115 4684 84188 80297 27019 50627 72215 13582 55042 35979 26238 36339 93548 90738 57429 63049 74893 70047 64749 78881 33450 48746 72768 31633 10166 97691 887 26361 96564 7465 95737 46895 44902 62119 51239 32772 14738 14821 96766 82522 39899 14837 12462 96951 31551 8326 16289 55206 68580 15083 10656 45752 77872 %n1026 60
74412 67134 83232 44329 52771 729 36721 34811 49651 35729 13706 60562 30014 93356 62036 4295 42476 52843 25433 73220 36316 48498 32463 85386 85034 90115 16058 56423 55259 32489 84933 50905 49724 63344 91235 30247 35937 68451 22205 9096 37922 84119 69834 97746 74769 93892 50353 56074 45876 11029 71028 21832 13624 12515 25593 71161 26856 27290 50592 80044 %n875 51
21659 96489 21610 15639 92190 16585 87376 99881 58292 69615 31471 76618 59771 55595 99693 99064 87695 99563 95799 97095 31080 74053 49298 68846 99109 39482 69071 83066 86275 82437 32396 53711 85998 48637 33470 48799 38443 71586 21224 11665 76159 85053 87532 57878 12793 31805 25824 53284 25786 94774 56882 %n1099 32
23016 37590 44104 1658 72935 72188 7210 18413 78829 18759 33249 72877 8906 32805 96433 39093 73954 41745 86868 93471 95079 96939 77947 62417 12137 1950 96187 25765 42044 16068 23170 23747 %n2857 30
41631 99974 15902 31960 45156 65721 96105 75966 73276 91658 20155 98148 62204 12570 11823 98386 37438 54576 81659 85407 80404 72631 11464 78770 77408 4374 39990 74643 79777 54730 %n3809 18
37367 86778 90410 28492 34620 15823 40079 1380 10183 62779 38217 12415 65771 82421 91346 54761 11816 97241 %n4437 22
55429 68207 75608 46359 90157 18442 3212 74648 64774 21200 39144 38571 20318 99754 29375 38105 81715 20415 23294 98777 67677 58978 %n476 10
59322 21072 73703 94847 97032 69297 17962 77432 95081 13591 %n4627 9
55125 17551 30294 55126 38299 71304 70762 18485 86697 %n3640 6
79478 8726 94337 29093 24586 39130 %n4901 3
40821 61183 99104 %n2447 3
97675 33034 78863 %n2192 3
58032 50823 130 %n2701 1
36351 %n3976 4
87400 6671 5489 82919 %n1698 2
3209 16104 %n819 1
89091 %n743 2
23539 92008 %n5553 1
39763 %n373 1
98432 %n1249 0
%n699 0
%n5346 1
69596 %n3710 0
%n3499 0
%n1646 0
%n3563 0
%n4890 0
%n189 0
%n5481 0
%n4247 0
%n1687 0
%n5257 0
%n4303 0
%n4944 0
%n4601 0
%n2052 0
%n160 0
%n936 0
%n2351 0
%n5042 0
%n2152 0
%n5243 0
%n615 0
%n2186 0
%n4706 0
%n3717 0
%n4913 0
%n3530 0
%n2674 0
%n1239 0
%n5086 0
%n1531 0
%n3220 0
%n1778 0
%n4908 0
%n1591 0
%n3629 0
%n3824 0
%n1822 0
%n1887 0
%n128 0
%n1946 0
%n3574 0
%n88 0
%n1307 0
%n3800 0
%n5366 0
%n4926 0
%n664 0
%n365 0
%n3227 0
%n4654 0
%n3601 0
%n4283 0
%n4199 0
%n3172 0
%n4753 0
%n5001 0
%n2143 0
%n314 0
%n2217 0
%n5285 0
%n2406 0
%n