183
2652 142
88666 61976 90125 24097 39038 6863 88444 94544 24572 73250 94346 70833 32363 79818 41882 14025 24019 12493 68870 51637 7095 16133 82745 23317 77922 82993 85001 82813 54482 33267 36600 32158 26002 37553 96765 76642 90448 69927 84646 81109 74652 68782 46712 47061 22040 75618 26191 66977 75623 40140 74380 81316 5601 15457 22991 23290 19717 41372 72344 97123 96862 81294 53216 24647 33150 19206 63083 80417 62770 17060 37073 62796 92197 55362 34198 55416 72300 38384 73513 34152 50187 30857 57560 83056 65752 85417 4202 56438 92249 54057 36012 98153 71265 49746 92116 16033 77906 6688 80116 65003 35067 921 67582 90975 61030 21941 81634 62943 90694 35931 74884 88535 89669 49670 86537 66957 38095 34021 60183 94854 51628 32368 41337 12793 9524 67356 5705 74541 991 51705 4152 50148 88028 59602 33235 30232 31358 16468 54781 26607 191 11891 %n6869 113
49943 2277 86653 66764 70816 49098 13405 26181 4571 54768 63414 39799 68840 80916 56649 5335 67890 57140 39710 29660 41285 36565 45510 27131 95518 48845 89838 93515 29269 22950 6052 15251 47798 60385 47451 44530 57021 99904 81181 90084 87528 65111 77583 55629 29532 7987 42055 43902 99080 27290 8160 77889 54712 68285 60273 8585 88308 13055 11803 15399 72676 48556 54964 7445 2551 45012 57228 71786 35027 84062 46837 35393 77744 40559 98097 94664 73561 28946 64339 7265 51517 19914 72010 53233 94086 75008 65132 45398 15327 86934 66226 32266 38011 13617 22030 19319 36293 57263 94623 11931 40479 28353 70210 36913 83179 29159 79363 41422 9544 51735 10387 69694 10135 %n6158 95
89062 31724 4237 65513 71383 17010 25322 23461 71550 50520 81670 53072 42736 88648 54833 63960 77542 21155 86367 72183 86562 39748 68041 16847 67494 77535 43974 20745 27939 48375 15455 93722 76797 11197 95835 93826 63598 89456 42657 56447 93038 97892 81430 27853 76912 78874 39894 65996 15430 56660 88493 59110 48717 16990 12040 98443 89997 31354 46442 2886 95717 24710 45150 82657 65151 41008 44675 74645 78150 89840 33697 65219 48254 58603 60322 28446 78489 1260 69625 64664 75332 82247 57513 64651 26069 51982 86218 60238 90613 84213 61545 21801 18545 58651 26922 %n6429 70
44236 56938 31340 19238 30669 61565 59445 47307 13008 17181 98014 74733 79161 88125 95143 72962 4546 65712 12565 67496 83063 96949 70987 89888 57294 38894 84549 33238 74638 98127 87505 63393 27539 33001 38232 57944 40914 31222 63240 77925 65582 99666 52283 93381 1037 76444 93519 11473 35066 80792 11166 42896 33434 79567 70747 14477 4957 79155 96969 91734 70845 92709 60529 78504 13954 65069 76589 98945 85450 57185 %n3250 69
38815 33524 33972 29195 86532 3602 83750 97921 70096 43880 72733 75498 77090 75940 37895 74188 60372 13698 26509 53127 83092 16527 91918 79617 51855 25897 97001 31296 83235 78500 33874 31359 2084 30091 53765 26414 55543 34675 362 17651 24232 70269 34640 82827 99086 83197 30313 68819 63654 17829 61233 27607 88500 32097 2785 23465 67295 70064 54894 46135 24926 64414 99298 35189 10654 41754 23313 8076 11040 %n4483 56
15653 98426 60399 63102 37224 89473 52062 29460 64835 72649 27031 94993 70707 87693 33605 33241 7444 59448 71741 68705 1559 93446 1398 94258 20110 9060 11400 29738 52623 1197 6500 78983 66132 66118 26390 62715 87930 29809 1642 84276 78552 39193 73584 73899 18359 99322 41625 54006 81864 6265 32053 30486 51828 80661 17343 19536 %n3548 56
20543 17549 77946 93881 33790 56634 83158 82594 43528 1312 64967 9271 36701 69246 15950 54717 54764 13128 43641 10155 76623 77446 40082 55876 3668 96570 30326 91493 30931 12875 37413 36458 42603 92119 51812 57896 15307 45934 11599 19447 20071 45237 47653 81787 77332 60148 85241 4167 53546 61748 47737 39658 59819 47449 92898 56700 %n2038 45
18108 38782 97161 73607 1466 77325 33004 69104 43251 17677 54612 47206 601 69034 58368 67567 60073 36751 44485 34142 15363 41568 61902 93313 13326 19582 41408 52192 35052 8855 92838 75695 96483 46809 80845 74198 56692 92740 9368 4622 66105 19448 62293 50018 35425 %n2197 31
2581 2111 78176 45040 13461 11027 43930 38020 9719 54596 63790 38714 97154 62451 36653 43527 16838 68084 51929 11794 11854 24524 54469 58799 13014 23713 78062 68047 4990 85524 27371 %n3298 24
16014 4697 49023 51968 58775 52879 78779 70637 74598 82853 97864 96477 70839 83190 82774 69720 33832 53258 29848 62950 54577 15267 65814 9841 %n4036 16
93717 58838 39364 42469 82860 94654 61231 64934 79844 21254 67209 51515 6454 79500 94723 93712 %n3605 13
27639 80672 48627 4133 62287 91788 35248 93164 66454 28324 38763 48849 91395 %n2711 12
65026 59841 91545 96466 13815 52240 57784 97321 16844 78045 52177 30550 %n4816 10
71347 9906 19351 90627 97761 69743 10267 55183 52165 72629 %n826 8
61186 57477 52135 78770 19793 86026 853 74588 %n1445 4
84067 19329 89833 76606 %n6141 5
49534 13336 28537 46628 85160 %n2509 3
45060 97698 4414 %n5116 3
54020 86932 40184 %n1780 7
35882 78522 64031 71259 52646 37609 53661 %n5550 5
12614 93730 61299 76525 67056 %n4628 3
38321 63307 9086 %n6277 5
7977 57414 6268 5498 61815 %n3797 1
39444 %n6668 2
82965 70767 %n159 2
81213 31312 %n2841 0
%n4739 2
15075 87317 %n5696 0
%n3085 0
%n6462 1
5558 %n3102 0
%n6888 1
72533 %n1933 0
%n3939 0
%n853 0
%n5263 1
97237 %n3359 0
%n1609 1
53060 %n2637 0
%n4326 0
%n5817 0
%n3565 0
%n5171 0
%n6913 0
%n6422 0
%n5868 0
%n203 0
%n5642 0
%n2715 0
%n1370 0
%n2153 0
%n2585 0
%n5409 0
%n4831 0
%n884 0
%n6733 0
%n3277 0
%n6582 0
%n2609 0
%n2346 0
%n5842 0
%n4570 0
%n1318 0
%n3576 0
%n2868 0
%n4766 0
%n1774 0
%n6233 0
%n5630 0
%n2627 0
%n755 0
%n3445 0
%n3360 0
%n3424 0
%n4051 0
%n4926 0
%n690 0
%n2049 0
%n6154 0
%n5841 0
%n1121 0
%n98 0
%n4607 0
%n3848 0
%n839 0
%n2496 0
%n5509 0
%n2967 0
%n727 0
%n2332 0
%n276 0
%n6032 0
%n2469 0
%n3354 0
%n2805 0
%n6658 0
%n2012 0
%n775 0
%n6724 0
%n4682 0
%n6554 0
%n4701 0
%n3124 0
%n5185 0
%n1842 0
%n4844 0
%n1381 0
%n5074 0
%n4280 0
%n3701 0
%n1052 0
%n3050 0
%n106 0
%n1132 0
%n4715 0
%n3679 0
%n2240 0
%n6440 0
%n1775 0
%n419 0
%n2800 0
%n5761 0
%n591 0
%n744 0
%n1448 0
%n1029 0
%n4601 0
%n3891 0
%n2114 0
%n2435 0
%n3498 0
%n6572 0
%n5324 0
%n2863 0
%n2414 0
%n4121 0
%n1850 0
%n5323 0
%n6151 0
%n6295 0
%n2894 0
%n3285 0
%n5767 0
%n4149 0
%n1747 0
%n2864 0
%n3414 0
%n6058 0
%n4072 0
%n6699 0
%n2942 0
%n3665 0
%n697 0
%n1648 0
%n860 0
%n135 0
%n1537 0
%n5488 0
%n3220 0
%n4883 0
%n4376 0
%n2143 0
%n5203 0
%n4298 0
%n4463 0
%n6302 0
%n2343 0
%n703 0
%n6494 0
%n3719 0
%n2753 0
%n1873 0
%n3259 0
%n2032 0
%n5214 0
%n626 0
%n6397 0
%n4248 0
%n4908 0
%n3178 0
%n492 0
%n6935 0
%n