120
1066 160
45707 35805 16307 51520 18975 35982 81020 86743 39228 90711 53240 79683 49392 76170 53840 75890 36736 74055 84274 61756 7383 3214 982 87313 73597 84110 5787 21891 21546 26595 22265 25788 13098 22098 70759 96900 51670 29331 95607 63847 24878 9002 63268 2460 69317 33644 33064 97321 73553 92628 90025 93898 95783 10053 37728 87210 77892 20318 79927 17862 72356 16047 84678 50495 89567 62187 41515 64490 50761 99810 15363 30714 53457 46248 4117 86235 18506 98725 64189 24470 98354 39071 4436 85240 19687 89975 74782 9512 11597 55632 13852 75789 63805 2743 11626 14520 40867 16582 95340 75006 38769 24934 85090 65670 47518 46899 1255 1379 96884 20470 16446 16023 31782 84148 75551 92562 38669 32990 82164 69415 33337 31864 61390 33418 33634 57849 69685 83935 8965 70206 20703 69788 29808 52724 86346 69851 8610 76336 56240 76799 86852 81610 81964 30963 30972 87501 59994 42149 43133 80614 28645 99758 81516 29404 34850 72544 24454 66249 91543 24675 %n5616 130
6400 66105 72126 71626 50541 89629 96933 94158 69997 70324 42148 50852 69541 62736 54577 69850 71099 220 94479 62665 22722 18176 58849 55028 46766 49322 41135 30689 2454 40200 39454 45954 48776 57562 58019 77295 14305 85974 17801 58726 77465 63867 94849 43754 41412 287 2937 69355 96004 63892 7832 60145 188 9405 86473 2479 31140 55864 11635 27942 50231 64982 14712 90775 25795 67161 87012 26035 23768 51124 66215 93399 44145 76660 18107 35344 48594 70131 73068 21135 11226 58151 98698 84742 3038 79484 59827 71187 53299 46548 72013 13175 20158 90887 98292 7685 97723 1975 23651 14965 71446 76312 90104 61857 84323 76486 54862 40882 61746 9638 46824 66155 35979 37965 39300 65900 49913 88504 84168 79354 75702 76736 35753 23132 21974 2661 23408 24829 66703 59111 %n2818 102
61209 83100 10484 26261 70290 53100 61842 43980 10923 21228 74464 75320 39029 14406 63560 73987 51153 57982 8782 86768 76135 34303 64573 10476 58483 48119 4224 87658 36742 59882 61976 70521 63266 36183 71078 38067 23043 16613 22182 81825 10463 45261 59370 52424 89659 9408 28739 6440 12255 97243 38155 90090 79043 18512 12498 54466 46420 1266 80003 21897 15725 44925 8683 97844 19000 9091 71508 32102 13515 3835 5460 27527 86696 73743 36115 43230 48743 49363 18180 97841 68346 97891 18832 23779 66063 62052 37336 32486 27686 68781 2358 31584 47488 53902 63660 44764 22567 45652 20482 49523 76269 46674 %n1309 79
20790 26025 25717 17389 70817 80442 91687 53179 31077 66624 27411 60714 74245 60413 12664 43150 46080 67705 38461 93614 6860 46181 29102 77095 42467 55428 52691 50719 26909 23824 53607 9061 30041 52371 16680 88772 41640 36067 35677 68701 85070 9004 63550 85018 93815 27399 190 88541 22875 76314 23487 54438 5898 45044 41609 86002 17776 72112 19298 24908 16655 62117 14714 77831 29806 38387 27514 87584 20436 82453 79431 45736 17742 12349 20044 21379 99015 54821 42802 %n256 57
98655 97881 13353 28808 62863 1109 15616 17927 37181 73769 23056 43665 9283 63893 5724 20150 8707 65453 64702 56737 20296 62003 5742 55234 84813 93699 20848 81616 97640 1982 41058 30720 79767 57498 34540 99755 75771 96749 56666 61286 15464 92444 8291 67223 21208 92713 49564 83232 21975 79687 42570 60848 91297 16640 22915 18067 24179 %n2362 63
44651 66124 82931 94601 28561 38438 9563 4126 4728 97840 62004 61622 95473 72719 79501 61490 38876 56985 8673 96668 37220 92074 87359 44492 32520 14916 18812 29172 2267 38131 89782 13818 65947 21966 49900 95610 55916 13266 89176 46443 44996 59193 24888 1407 45308 26760 14299 56641 2767 38062 15108 69076 68080 40910 47739 3217 31028 90155 76523 58162 73770 98585 30066 %n5999 48
67737 49208 33951 89726 98018 99539 74229 60399 67714 76644 12550 31871 73916 63123 6751 9593 21756 19144 51182 40124 35687 46981 61025 47944 48927 60332 98085 49884 71757 72711 36939 36298 46254 71801 61508 25829 77697 14682 62137 8518 19258 72346 89609 10003 60412 2673 33728 77028 %n3504 25
49760 23526 98114 73547 94843 38918 10952 64357 76934 85946 70434 34647 92456 92018 27676 6803 25718 72671 80875 48968 3175 55964 5407 65721 18231 %n2710 26
14702 49117 52016 40069 10944 26288 50271 5079 48114 38188 95533 15926 64575 69709 48437 85202 45337 90277 25618 38736 67419 96398 68627 734 91175 20860 %n5373 19
78261 68335 79722 44547 87140 61608 87461 75675 74846 46781 32268 69308 44460 39801 89729 95740 4697 35732 75612 %n789 19
38821 44198 16242 53065 67220 71836 55579 98840 83841 63749 92530 57713 1053 89573 83511 21085 73552 38962 88581 %n5293 11
7680 28469 33881 37992 5433 7945 74919 32327 94583 52590 49263 %n1031 16
84609 71438 28035 28380 53073 25727 10759 87820 50938 17886 657 32319 63960 59185 58010 86379 %n2062 4
25265 74847 40521 88433 %n3051 14
91541 17093 58943 89451 75902 77975 78670 53652 86327 62969 54929 53556 46972 34737 %n390 5
5496 36277 42601 44595 17395 %n3641 7
44630 10269 91718 61895 4251 59837 96771 %n664 3
50825 38533 67641 %n1691 4
71753 44975 15378 41335 %n4020 2
59314 34701 %n4357 1
23214 %n5056 0
%n4665 0
%n6048 2
70395 74904 %n23 2
38957 59560 %n1435 2
31213 84634 %n4509 0
%n3934 0
%n1898 0
%n1414 0
%n4651 0
%n5057 1
73079 %n173 1
15976 %n4902 0
%n1519 0
%n1951 1
2874 %n4720 0
%n5520 0
%n3842 0
%n6004 0
%n6069 0
%n4230 0
%n980 0
%n5801 0
%n5184 0
%n5620 0
%n5977 0
%n3575 0
%n2456 0
%n658 0
%n3556 0
%n1366 0
%n6175 0
%n5680 0
%n5283 0
%n15 0
%n5747 0
%n2131 0
%n5358 0
%n491 0
%n4771 0
%n1004 0
%n3367 0
%n5935 0
%n4492 0
%n2050 0
%n746 0
%n110 0
%n2804 0
%n2980 0
%n3903 0
%n4744 0
%n2911 0
%n1222 0
%n466 0
%n4920 0
%n1087 0
%n4353 0
%n1738 0
%n5931 0
%n5879 0
%n5971 0
%n5649 0
%n3229 0
%n4432 0
%n1546 0
%n3362 0
%n842 0
%n1948 0
%n965 0
%n2499 0
%n63 0
%n4081 0
%n3165 0
%n2192 0
%n3848 0
%n5754 0
%n1073 0
%n3558 0
%n999 0
%n2298 0
%n3980 0
%n3896 0
%n1807 0
%n4399 0
%n2005 0
%n1460 0
%n346 0
%n5549 0
%n639 0
%n4808 0
%n3582 0
%n2016 0
%n4757 0
%n2109 0
%n4658 0
%n429 0
%n918 0
%n1975 0
%n3486 0
%n