207
54 198
82278 69010 55185 9869 29877 5809 47761 4568 18734 39209 46600 24718 53248 19332 5229 33722 68404 38670 40182 9615 93587 88589 51039 90210 169 52737 18458 80290 42303 98338 12187 73499 16 94526 5599 33517 48962 70081 8253 39110 13550 88236 12087 33623 9020 71854 32336 68870 93073 64833 98187 80285 96495 76995 10819 53315 26633 27617 52813 4231 85755 33442 57149 32774 13075 39129 14746 12659 30992 68828 86450 20634 20312 76543 85003 95446 21170 17506 14418 21290 54263 32247 20878 88671 95818 88841 14060 94297 86601 47931 86103 21244 57556 27540 33917 81381 67909 75280 20085 85703 86333 75597 34108 76971 48639 57576 22233 37430 63110 90280 739 23494 84048 82111 98930 19227 67285 7459 19248 48996 82302 13697 64984 86307 33869 5309 47390 55300 72668 76895 83677 8980 6307 33717 28580 42208 72932 9528 77391 82029 89806 25895 28133 86642 88762 22019 7124 40129 92319 20446 88289 76723 6111 45999 41487 73852 90461 35286 39887 39301 92460 21384 81387 75060 86743 59502 81398 89161 44364 4803 11690 99506 69307 65426 76096 84079 44320 74602 46916 22216 49338 17413 42848 21945 26501 94647 91536 10532 5967 19057 25107 49048 63594 30574 99915 51883 62406 80679 %n4619 128
35412 12220 89301 88629 22466 7941 54554 5043 36944 77800 49808 4615 11510 87985 78035 24258 64654 4561 26432 20690 63320 79476 2235 28629 99897 71150 94960 89580 15039 3321 74992 66012 494 28472 91559 90179 43219 65522 28048 85088 85026 25634 98785 21149 82098 12 56346 13724 9607 13609 47115 97826 76265 1273 22341 18839 87207 23282 96709 53061 59437 30204 35749 25101 75429 51938 49636 45940 64701 87426 85971 36153 62297 45951 44070 25898 24823 97951 30185 53054 88062 80346 86662 5064 20334 48723 34753 93528 33728 93867 38074 93525 89409 62075 46776 72136 89464 22888 15203 25756 98298 91512 81551 12713 61574 76340 79112 43808 91937 61182 68319 35926 22606 38638 8891 23944 41453 54650 48957 11152 52402 87935 78662 25902 40521 65506 1340 60097 %n2170 84
94558 80776 23468 97023 34205 16799 3163 90002 69096 41967 44048 35108 67368 26880 46132 88503 59999 29164 63022 59544 82543 52652 7860 55464 14907 13055 37527 82858 81321 38118 43020 57155 50704 4160 62106 18282 94365 96886 98516 89626 77966 47574 56284 82446 60424 60003 11866 69550 76926 51765 803 41239 70481 90242 27438 29929 459 31261 38967 4450 79493 66320 12918 94397 92421 95493 71507 79823 41145 3120 21585 61223 39991 80671 46860 76748 15302 23286 4438 5384 13336 77026 90733 2311 %n2801 67
11974 69956 35841 73526 92403 9451 27871 36810 93995 54024 70896 47232 99006 29841 87857 98237 50278 43499 70183 14386 50995 14123 68674 47090 55783 41012 37400 18604 60423 33799 90862 88607 23169 40999 14775 67637 68942 50624 48987 57039 11840 7532 70000 18394 57343 36464 42326 61822 83321 43193 74045 92005 63021 92268 28381 61308 43217 54553 51122 1467 28091 30798 65167 88638 72476 98296 31876 %n1890 32
26566 29754 66834 84464 28090 65139 24558 96251 54088 12023 72193 44498 45279 77992 72769 89497 31691 68512 6640 83355 35148 39853 56582 57479 1454 37123 41046 21482 97618 14922 9739 95095 %n362 29
75720 96781 75739 32682 98496 88102 55993 49446 46314 82770 20760 33423 84425 86 65984 97248 79592 71462 74606 20688 22841 27321 32074 32638 36720 476 32476 10159 287 %n4695 18
64055 87403 75075 1886 50674 33466 78972 89247 51791 4394 75278 43229 95037 48501 36788 20502 74931 95267 %n1662 16
53552 81302 9915 61516 55777 50128 95004 85731 47662 22535 30976 39417 52971 951 72124 19834 %n344 11
6914 47240 71233 35264 87960 60929 58869 2231 71466 38284 30892 %n1093 8
81620 30902 41534 11186 65579 99892 9306 38920 %n3519 4
53353 81811 72601 74445 %n2266 5
34677 3457 72209 50471 50354 %n4239 2
3551 75861 %n1668 2
24775 9745 %n3319 0
%n1346 0
%n2067 0
%n3061 0
%n1871 0
%n1292 0
%n1938 0
%n4043 0
%n4995 0
%n1347 0
%n638 0
%n3629 0
%n3859 0
%n2127 0
%n2906 0
%n3339 0
%n2857 0
%n2813 0
%n2282 0
%n696 0
%n3391 0
%n3158 0
%n3223 0
%n2414 0
%n3194 0
%n1334 0
%n4939 0
%n4275 0
%n2323 0
%n2163 0
%n4858 0
%n4688 0
%n2676 0
%n171 0
%n85 0
%n4826 0
%n3868 0
%n167 0
%n4674 0
%n4727 0
%n2304 0
%n1517 0
%n3637 0
%n4929 0
%n2431 0
%n2806 0
%n3960 0
%n2566 0
%n107 0
%n2967 0
%n4129 0
%n1053 0
%n618 0
%n2732 0
%n1540 0
%n2286 0
%n1134 0
%n2970 0
%n4041 0
%n2680 0
%n4215 0
%n203 0
%n4902 0
%n867 0
%n3364 0
%n1149 0
%n3034 0
%n1225 0
%n200 0
%n4125 0
%n868 0
%n1948 0
%n1945 0
%n2563 0
%n4323 0
%n1846 0
%n2392 0
%n3440 0
%n1424 0
%n1530 0
%n4103 0
%n5039 0
%n1482 0
%n2165 0
%n955 0
%n52 0
%n3150 0
%n3395 0
%n3614 0
%n3111 0
%n3656 0
%n4802 0
%n3295 0
%n3703 0
%n2805 0
%n3755 0
%n3373 0
%n2384 0
%n2452 0
%n2544 0
%n2877 0
%n2108 0
%n3301 0
%n3925 0
%n4830 0
%n418 0
%n3130 0
%n1936 0
%n90 0
%n1245 0
%n1076 0
%n2778 0
%n4554 0
%n4741 0
%n1177 0
%n4742 0
%n1397 0
%n2327 0
%n2626 0
%n1036 0
%n3901 0
%n3530 0
%n5030 0
%n1815 0
%n2386 0
%n1597 0
%n1259 0
%n1227 0
%n507 0
%n61 0
%n4075 0
%n4820 0
%n4887 0
%n1684 0
%n880 0
%n4874 0
%n2717 0
%n3627 0
%n4570 0
%n227 0
%n4986 0
%n5042 0
%n4161 0
%n3159 0
%n3253 0
%n4335 0
%n2457 0
%n3786 0
%n983 0
%n4403 0
%n4353 0
%n4542 0
%n1199 0
%n2577 0
%n2883 0
%n785 0
%n4114 0
%n1367 0
%n2367 0
%n1179 0
%n1787 0
%n647 0
%n4849 0
%n4900 0
%n3570 0
%n3641 0
%n2797 0
%n538 0
%n1038 0
%n3358 0
%n2662 0
%n3846 0
%n434 0
%n4713 0
%n3354 0
%n1744 0
%n3252 0
%n3054 0
%n3251 0
%n3975 0
%n1928 0
%n4806 0
%n3513 0
%n1784 0
%n2084 0
%n2690 0
%n1913 0
%n2521 0
%n3042 0
%n428 0
%n331 0
%n178 0
%n4970 0
%n