134
1128 710
63717 35104 4311 23360 90853 14262 25499 74825 73568 21073 50331 23600 85626 49172 50490 49307 34857 84004 82606 2113 40184 2867 65671 26564 36225 36565 77543 50262 14471 39169 38705 3630 40422 36576 75458 68401 91243 35605 5315 1477 74023 67036 19181 56051 43878 36025 60239 70129 79890 81472 17544 7438 37221 40975 55931 37534 78709 99763 48056 96384 77419 58990 11717 62351 80805 63083 94665 38986 28743 57188 11599 2438 56939 74021 6846 20568 86073 9263 61315 67469 17768 50038 50867 16701 37581 42793 88274 72447 68460 20986 50473 8462 59196 35052 17847 58320 87490 15332 81200 64758 39923 46286 31804 99439 93491 47926 20487 15239 69448 14244 74700 17077 73631 25787 41326 30931 3239 80250 87676 98682 3812 65895 93368 48338 53318 54759 41942 78989 82324 92454 77389 42279 49312 77613 85968 66881 90354 48006 39263 92410 39241 75485 59617 93429 42175 18585 92299 71284 93002 73665 56132 775 57059 61817 74512 59769 19581 44748 85000 56676 33619 77632 18736 91416 91512 37729 2013 72327 34737 50790 91804 198 36472 62567 88863 74668 76860 30603 36506 61980 67107 38446 52694 4476 21107 53208 14274 44948 93389 80809 49465 81863 62720 7220 31498 63312 26849 66026 97584 46345 12499 20541 51184 91179 49368 52388 38476 82491 21006 91236 23568 71626 90292 92999 68325 3724 21628 94274 60418 84771 12905 10334 33539 70632 80940 24351 35807 59275 26874 1704 5572 83018 57043 10175 72956 63323 20278 67430 60819 86138 48347 97255 45746 491 88077 54899 82411 42512 10646 53425 17026 29667 70096 16844 34007 26069 95260 71718 64950 79374 64057 38091 32187 14313 76088 15835 29314 11243 53439 75145 32645 62872 93221 26792 95835 77310 34893 76705 61195 94994 4758 69769 26282 70145 10528 15616 63082 46650 28045 65363 51242 15694 51448 40933 71240 63441 71415 37302 66690 74780 74184 26837 85558 26733 81925 93885 43096 25654 3045 16366 53462 10754 70376 55975 88266 40920 99008 45795 12137 88446 96481 27510 67828 37994 68243 29634 76130 92599 36104 78442 87955 19868 23054 39560 12056 53572 30367 57821 54584 43512 88558 58925 98390 23920 45217 26196 83716 4033 66610 60519 36529 78105 86912 45799 48824 81843 50409 9268 41997 53295 35931 27363 48431 16833 4960 373 95155 83789 82937 6603 83156 15858 90832 75167 8435 17446 46025 16360 40718 29854 6172 87272 72152 19848 96689 82474 78278 44474 78566 48907 6117 83233 647 19465 61188 90392 92312 43072 98539 23910 12970 78860 93995 7613 30238 7769 78051 35640 19926 93128 9884 31850 88975 44197 68181 10259 65389 26451 52754 20528 80445 18946 21276 61087 30797 58585 49678 2546 51727 23735 65795 70128 81424 55449 55291 6966 50016 56920 63051 56089 16481 57278 21866 60486 31230 31375 58251 78692 10092 33790 91343 83203 67467 45373 40488 84438 87576 27340 44978 80083 57871 24205 21951 40874 32327 76462 98698 42739 99860 31301 54614 4032 96448 98568 2599 28578 97787 52706 8524 82064 87352 71624 61599 78736 58082 27516 5420 13946 52711 22104 69817 3694 2470 44137 93599 37208 77018 7743 62269 53497 406 40370 81753 29641 65136 66142 17668 76890 11750 9302 57343 93574 55539 47700 18596 63984 15978 88527 80538 84107 70413 89166 34099 25259 74301 8587 76985 6770 14552 50199 46634 10759 2107 23510 28537 34063 72300 67423 37951 89027 61346 73967 71812 58808 96711 80528 98923 37487 84585 60996 46893 99068 53515 91469 84570 10867 22757 66976 8740 59230 27848 14600 60948 1196 70006 51287 45596 3149 71001 78993 50471 73349 91966 13331 35314 21742 62058 57194 15791 2733 351 47572 65868 3830 74770 38730 9376 31170 32193 86317 27180 77551 42337 69454 2682 3157 70146 699 769 35948 59219 31187 57128 58848 84750 92679 28055 32110 49717 16994 82976 39205 32888 28062 51061 79249 9945 41363 70790 80736 58760 67440 34586 44928 87620 82042 93098 52036 51986 8361 31000 75704 40056 96177 16902 48281 69428 41276 52811 98703 25276 29958 50509 53445 28755 39540 74756 78505 76279 28106 33604 22749 1066 18803 4005 95758 26799 55509 72158 60746 12191 3228 16645 66430 52230 94603 82195 22120 12329 83193 71802 12723 47576 80385 15324 57207 58129 11324 60833 70650 15603 7998 6826 68496 7961 33215 11510 25656 54587 26138 81533 94719 51346 29730 19580 43000 26077 79562 35884 13024 16431 69653 50754 47857 48771 42332 28160 44405 74881 18962 %n797 111
40146 67685 47821 61221 80429 28349 35315 71141 99171 71966 39798 71208 56805 84557 50372 23377 58630 24116 34708 21196 47094 88679 73883 65996 36376 62737 74432 53931 57809 644 22680 48597 33583 18070 47216 53882 46033 4798 60410 41985 26396 37285 37516 3932 7755 28766 86215 40923 41181 4866 28640 19273 55647 76432 18615 63864 61988 17248 43178 8021 73113 25367 5873 56425 23504 18665 51970 20299 91943 24286 90609 43460 80112 64788 55902 13926 26951 62700 48269 12582 5594 63941 85913 3223 36154 225 33415 29060 92761 61969 82690 68566 76288 95826 84232 8900 88135 89423 31895 69483 1166 27551 75323 97538 48677 823 32899 30414 55226 97193 25823 %n1405 23
30730 96899 18177 33086 16861 65331 7526 74118 73983 93033 39480 22774 15471 67006 72381 86980 79516 38394 93760 1207 87914 64048 85241 %n1201 3
81948 53370 79924 %n1318 0
%n647 0
%n1143 0
%n1255 0
%n897 0
%n711 0
%n200 0
%n85 0
%n667 0
%n1366 0
%n1275 0
%n592 0
%n413 0
%n891 0
%n616 0
%n745 0
%n1333 0
%n415 0
%n1147 0
%n350 0
%n1355 0
%n757 0
%n495 0
%n584 0
%n723 0
%n672 0
%n1394 0
%n898 0
%n812 0
%n266 0
%n230 0
%n101 0
%n17 0
%n1339 0
%n213 0
%n1251 0
%n1005 0
%n1284 0
%n739 0
%n451 0
%n1100 0
%n110 0
%n168 0
%n399 0
%n154 0
%n1177 0
%n296 0
%n760 0
%n911 0
%n708 0
%n221 0
%n267 0
%n933 0
%n186 0
%n438 0
%n322 0
%n915 0
%n1256 0
%n377 0
%n1003 0
%n740 0
%n306 0
%n866 0
%n236 0
%n446 0
%n111 0
%n978 0
%n814 0
%n1316 0
%n1078 0
%n791 0
%n1079 0
%n1163 0
%n859 0
%n1109 0
%n1016 0
%n578 0
%n1346 0
%n1267 0
%n344 0
%n1036 0
%n834 0
%n76 0
%n1094 0
%n256 0
%n560 0
%n20 0
%n491 0
%n1307 0
%n465 0
%n1338 0
%n630 0
%n139 0
%n764 0
%n341 0
%n216 0
%n1028 0
%n21 0
%n928 0
%n804 0
%n1185 0
%n515 0
%n1080 0
%n14 0
%n684 0
%n249 0
%n370 0
%n209 0
%n452 0
%n354 0
%n509 0
%n18 0
%n27 0
%n364 0
%n40 0
%n347 0
%n901 0
%n1076 0
%n1212 0
%n649 0
%n990 0
%n992 0
%n173 0
%n1372 0
%n813 0
%n830 0
%n1278 0
%n403 0
%n500 0
%n134 0
%n