101
1872 202
39427 19671 1280 26360 16068 14939 20085 6131 5865 12300 34882 6894 38142 10539 30958 28468 39984 25990 41686 20529 21981 1888 2433 16841 43122 27255 3349 27373 43199 19598 37210 19985 7045 38412 35538 27549 3594 33245 31112 31144 4939 6628 5747 18908 8607 30161 27428 19773 34549 13744 3935 36558 31304 35772 30288 24538 25137 16385 39156 31473 40846 11037 8424 13694 29570 39747 43853 36240 31923 29908 8957 8093 17657 15539 14123 22606 40202 16861 24090 21349 32809 26368 33802 3737 43179 39236 31072 42223 20526 24472 15636 23592 11217 10665 24817 27052 8414 44481 35795 11497 15080 40543 18384 12528 13778 12870 2058 29880 7274 10508 17606 23246 8649 29894 38635 36900 15910 8568 19862 38019 38488 27443 13875 12369 2484 37078 44694 36953 23606 15287 3783 27168 25275 35623 20220 23466 41616 17616 43902 33640 13643 33926 16475 15056 13121 42075 28790 32998 23660 30811 1509 4647 42824 22773 8245 43664 13229 35253 29722 28326 2127 37415 17628 10241 1520 13175 27868 4972 11867 33670 34364 44101 19708 33924 20941 26991 3602 19071 41844 30993 10585 13596 6267 6164 20505 2566 824 3872 15677 16769 9192 10045 15545 12910 18816 10714 20463 2501 7305 37095 13520 3809 %n2556 73
22363 39923 41595 19863 38656 14237 28249 23056 43033 37772 43826 23114 20936 29890 18340 4893 2920 25059 20344 44000 26302 40354 37142 9303 35918 41375 15360 39583 37493 32204 42060 6683 28566 8485 3587 8659 43658 3376 2211 19260 13993 19043 26070 6527 29439 5239 16589 29919 32499 430 36529 38006 28906 32651 9318 29681 11518 22 24190 38389 22475 5084 29643 19398 40555 10124 34114 40358 40552 39584 9324 8449 23232 %n70 73
30957 2596 778 12952 35853 7890 6378 21451 15620 4109 39617 12619 33208 5213 34939 26537 21497 22456 480 29312 34847 6111 37268 33988 21419 7246 18261 26002 37423 2045 33143 28145 37122 43281 32370 43444 17018 14184 5332 34985 1892 14239 22662 43137 14589 44597 42405 14639 3520 21390 15852 2948 32327 5167 8636 11971 38408 29986 38469 16686 1496 43427 38868 32853 14828 36041 18885 32020 8251 17866 22884 11108 347 %n402 73
23435 16912 26838 9258 44432 31390 37773 35659 1564 14788 25068 20830 13053 3649 6963 15782 21870 1916 12084 7764 41945 2175 22185 31797 10995 13474 9885 18471 19246 16731 36761 29069 19867 41026 44361 10662 17669 1675 11050 29247 44280 3430 28392 31562 8620 19850 26847 32274 2774 37101 15092 13533 32976 40318 12656 16403 13509 15718 24054 2198 3223 25748 36935 34596 21721 6444 37863 38246 26675 19059 38136 44661 41566 %n1703 73
29904 1931 34436 21938 35073 622 3060 42296 6190 39457 18202 21954 15588 6763 20073 33423 15666 5408 26534 25439 32709 38379 7984 28112 12946 38549 26452 7334 28375 10075 11397 24654 8021 21886 32 9592 20973 34095 13264 8654 21841 28029 31311 22605 23345 17683 44226 10817 29414 6533 19538 37028 19834 15064 9710 23942 40642 2412 30137 27303 8906 33995 32817 15381 18373 36541 28093 13691 17539 5303 43800 11489 26321 %n2154 73
26019 30007 12674 42851 13311 18478 38544 41725 4361 34425 31701 11848 11673 32010 15862 29211 20554 29999 16759 2002 17588 15174 30256 34911 4722 5474 9988 564 41500 40740 43110 36376 8192 14614 31129 42677 27046 22769 7871 11400 14146 25613 22995 8987 26474 42483 8547 32848 25962 37169 37177 2085 14513 19250 2557 37749 15184 24931 21370 34523 16706 34134 6986 28641 39629 30879 24960 17139 29719 17313 28893 7751 44341 %n142 73
18748 33732 41430 12756 338 27687 42974 35519 21383 5480 40304 33342 958 11693 30493 19954 3734 43799 12556 987 14358 28074 24153 5646 28042 14929 40807 23868 34642 14976 18606 4746 33263 39180 15779 32324 18742 3408 30171 3454 36657 2128 7157 24476 11841 1523 14776 34801 36590 11385 42159 5978 37496 23071 22390 32075 38313 33186 22883 42280 42 8037 8013 18291 14542 21288 15226 38432 31505 42072 34603 6160 22396 %n2028 73
4790 2541 17498 15794 26867 22338 28689 30368 42454 28368 36442 10580 2168 28821 17385 29592 23023 34410 31166 23657 3669 10939 44735 40493 31426 29389 24480 29112 31919 18292 11438 21615 27783 32120 9263 41383 35647 7121 38764 27463 30449 27131 22025 15051 33934 1792 24806 11808 12635 40215 39648 6708 26550 16751 17788 18439 30208 12951 19419 5305 33454 12529 34238 18358 14846 12922 38677 34288 7314 40301 39136 2061 7588 %n1752 73
2902 41960 2836 5924 30011 9189 24710 28623 30728 23302 2262 41605 24006 41667 1078 15973 21128 39513 23440 21806 31114 35243 44443 7231 27451 4311 29155 4409 11064 26883 15154 12102 36598 35081 20811 31399 8647 14373 42647 4866 44051 22775 3481 44083 36493 33625 25686 19997 42950 2975 42150 3117 14822 11805 8047 12247 3048 4666 7708 10512 10404 11531 38935 28315 2552 12842 32603 13992 27664 43567 7893 14452 5127 %n4646 71
8678 11679 9950 34265 4245 26659 33142 12197 14318 19379 35961 3876 1165 10098 33706 37686 10421 16309 38222 20872 31149 19023 10586 39582 23949 34421 10994 22811 42364 26538 10217 36757 35903 391 30781 42902 13665 40766 22826 18581 35704 1538 14896 19135 2110 36225 9133 31602 34956 35737 19685 44239 30908 25362 3282 4674 15018 28533 28281 44283 35274 19040 25318 43074 38995 34075 37048 18761 31036 36898 4804 %n1598 71
15686 19405 35719 35366 35278 16494 43485 14878 25706 34236 9471 8892 35762 7559 43422 11041 44187 28018 39294 12213 5428 23399 23614 40978 3390 4959 41663 14481 12797 29562 11639 12462 15499 33188 4739 39165 10806 39866 15233 1961 24691 41409 31509 9910 38958 28147 15914 29376 28804 21986 24189 37918 28268 25116 21231 16973 41 8584 35841 12308 20597 1013 8320 9798 30802 41640 6142 13671 8975 8916 9916 %n3354 72
41958 12641 9004 35803 13636 7397 20525 41465 40212 29494 4547 13452 25507 34220 38921 43865 1410 32351 11201 35527 40909 23742 38737 43836 26106 14307 720 13757 20350 15614 3147 6445 2877 1890 5377 4953 29480 34875 26483 32839 11731 33156 13088 7390 34285 794 22835 31984 9393 30124 16044 18957 23709 34656 67 30468 32041 26998 33508 5948 16250 9547 33250 5327 14011 18971 41586 14035 14713 23238 6085 8757 %n1524 71
30399 42145 39262 15789 1714 7635 31456 30843 9718 40917 5883 33228 8069 15533 12156 5046 4208 25190 24956 16948 21802 5207 4301 43728 248 34543 3105 36136 7783 37848 38315 20091 21097 31982 44434 36162 39899 37689 22256 1710 44053 39840 37901 24505 36030 17046 1571 41124 1024 14235 44496 31123 34983 12149 29525 26098 43916 20860 11128 5080 32547 24346 40970 41311 19248 34450 30129 5560 27374 5731 13929 %n1925 73
41523 11340 40747 30552 41682 26907 24542 41776 35687 3240 14091 38353 5904 29769 11636 13556 32783 23827 27095 37557 36563 12993 36879 24463 16514 15275 43254 37735 12792 42213 35370 22452 42527 35548 26900 15763 37242 865 37655 8812 30362 15288 38091 32522 28412 24184 29497 22489 13233 7349 1658 36792 41145 4238 11650 17334 23523 13071 23077 30454 35381 11681 40620 40587 27715 379 15167 10304 29634 5459 34758 13052 12428 %n2951 71
42380 32001 672 31635 22032 36192 15427 15131 33256 25995 42928 9337 25943 1184 5017 40744 41769 31105 20894 28065 35921 25115 31108 25609 35932 3285 11215 13984 30661 40156 32707 17474 44040 38160 12330 14463 17177 32684 42881 5194 31374 27582 11851 24938 8859 13402 14897 14829 22445 34298 32269 1332 21435 18016 29084 44160 42050 28973 32606 8113 17856 23712 29584 6922 30255 37198 28127 9934 39859 20534 10525 %n1205 73
25351 4561 7204 13565 38486 8521 44639 6781 9946 8309 26531 5471 34903 17887 10496 27005 12902 13727 28387 39850 3901 231 26976 31543 31800 34739 18299 22528 18500 42830 18031 24784 30837 9478 6827 33381 10185 38365 8126 767 33970 6951 7597 9119 6936 298 11303 25168 38360 35134 33109 21869 5764 32165 4537 38454 6961 4294 14295 21413 41902 25563 2057 6240 267 36455 13286 36515 5976 23725 27845 33518 26712 %n1204 73
8936 38375 14061 27059 13959 38704 37453 35564 11386 24379 3497 13990 18499 9682 17275 2197 35040 35791 5570 20079 6411 26697 7238 34793 43544 19608 6168 18548 42644 19592 24019 811 6116 38229 17941 21429 40174 29772 6185 12485 22879 10142 19849 5952 42318 26735 27621 42970 41822 11090 40672 94 38173 17990 8311 15507 7182 27916 119 16145 32991 16234 12725 31444 24805 6796 17966 24285 44050 43105 12477 37189 24125 %n1067 73
26727 42925 10827 43832 34448 27228 8385 34284 40014 38039 31031 22800 8042 33040 7438 28413 43862 40446 9697 13693 9628 41173 34197 1138 15800 36206 26611 37245 11459 3651 33178 34034 22908 22418 39709 20800 36991 383 3058 13348 4079 32092 18451 15530 44388 12480 12677 37897 132 31653 20953 43395 8550 28233 24549 5630 30997 32672 7253 10301 4124 23670 4912 43109 15728 36218 7755 5527 17145 18173 9507 25201 15724 %n3254 71
43522 2375 32772 38590 15441 13670 20507 35301 28852 30198 35944 27023 22915 18866 28850 23354 37214 17757 27283 21875 15691 18074 25707 2410 14236 5165 17644 43697 19540 6052 42341 42471 965 15996 5027 32656 14890 24581 28700 41873 43471 1015 4975 7105 7374 39015 44336 19028 20620 4957 31548 37660 32256 41449 22600 31380 35297 2805 12525 33716 36001 25393 24166 4188 1250 20897 33395 3654 27467 44709 34103 %n1443 73
5441 40022 20999 24057 1640 23764 10445 12801 30211 32643 12906 31224 33960 22053 43211 29959 42563 23116 38463 16620 13749 17832 32584 9229 41110 11173 41884 19945 13828 24865 43108 8733 8769 38151 27021 35731 33852 33473 35507 37040 14856 7600 20974 5586 30193 42742 29932 17303 4051 35967 2248 42924 35401 10323 23391 7500 27859 31698 34760 41133 31836 32923 14255 34763 2340 9311 22859 35142 12366 21398 33171 32515 34117 %n4439 72
42459 36993 31743 12729 31200 26788 37377 11559 43198 43921 39193 28885 615 8409 13459 40488 22504 41172 13923 35873 34235 33743 38546 31416 121 14797 30067 13319 22862 7074 15833 22784 18293 428 11645 11857 7834 18648 38034 10991 41949 27743 43584 22249 42676 26292 6753 19781 19092 8198 44666 2424 20170 20401 36045 12838 14500 3718 2600 36576 39985 38107 10831 22159 17406 30333 23340 9364 36104 2447 34090 6993 %n549 68
40514 22853 20956 18149 5006 40778 17865 40713 11632 6847 16807 5525 15260 24565 29575 40855 22036 2056 697 17824 37417 42680 17026 18768 20985 16765 43469 22400 14894 13215 39261 16400 4610 3353 32642 25232 13087 17677 20147 28291 22813 30215 14084 37292 35603 42261 36354 30068 6895 13553 674 3447 1193 6292 20881 1835 7387 11141 31651 40964 21594 327 43863 28603 38144 38973 35759 27173 %n624 73
38758 2322 23756 43473 30062 12730 34668 38090 19145 4736 15982 33883 26902 44002 43269 5877 28026 38763 19872 33220 40918 38818 10031 26190 42643 19430 10042 41680 38371 4545 27979 12612 14200 5287 4397 27044 24068 40343 27773 15741 4240 3620 39072 13592 40441 4228 343 17514 25664 20765 42815 41494 25493 7669 18246 11239 30671 10874 40200 21027 7002 34987 10039 31666 6370 17414 25300 25147 15560 35347 11830 33224 20670 %n2514 71
12123 40099 30512 786 42351 36706 22438 25653 37676 23777 22381 27897 13805 39791 23625 40278 41850 41711 2466 25089 31298 7952 19055 6110 25251 41613 1796 24657 36401 12326 24925 28109 35524 19384 6320 16779 32587 8508 15403 21933 38271 36684 23445 21492 32798 35414 22156 32389 32082 17247 27438 18876 9727 10341 18724 753 43115 31127 25403 22553 30219 12749 16691 3730 15680 9338 841 7106 16061 11375 13621 %n1908 71
16685 6982 2337 6027 7300 5055 26448 8271 22887 6904 24949 7331 18951 30207 7079 12165 13848 33159 21436 27538 7725 20351 24069 1237 40324 27671 28639 11522 3941 21709 2438 40294 34635 2535 20748 39119 42963 4762 33264 36543 34905 20078 33797 5556 22534 41468 9400 24743 28633 42376 29654 33921 42683 3210 7302 13430 30488 37150 19908 20528 29295 36438 18249 41733 27956 37185 33886 1551 2914 7767 42246 %n2179 71
29930 41289 25639 1483 14276 44473 11271 43155 28556 799 32701 14726 11362 9475 18329 3189 14139 16115 16495 19343 24673 12791 9724 18465 8570 41855 24790 34755 20586 24483 21312 14329 5123 39120 24358 44228 12937 38538 20382 9272 44027 14077 2696 8831 26376 25807 14895 31119 17259 9662 35332 33280 19301 9353 1009 28822 20753 27387 33070 42991 22960 32251 42726 31907 17932 37565 6520 20968 12517 31231 39766 %n1538 73
40375 38164 26992 28811 26748 38570 27659 31647 13267 36173 36921 38939 5023 5796 20009 29983 4858 22316 370 31942 36310 39588 24531 4146 27191 19873 30229 24789 2515 42525 18970 16188 24136 39347 9391 41163 1850 23198 13043 39554 25062 34195 30164 10037 14371 7666 21095 40932 376 6260 2229 32085 33549 21058 33087 34560 1227 26814 18752 11909 17244 17221 13647 39096 12934 37985 26746 6331 37952 19197 3785 9298 4743 %n2329 72
34774 1260 13656 6271 7362 341 42623 33782 36052 4591 16565 32150 19491 785 22512 12275 16968 39348 2827 44621 15043 29347 26853 32760 25456 17929 10033 31853 2832 11607 15265 15891 11015 23922 31408 4961 42639 11799 30325 34395 44255 18463 16241 4320 24293 18623 6595 43381 34504 22292 25764 28953 21114 9505 19349 22427 24210 12885 1077 1513 8179 43235 28891 17389 38615 36895 10770 21232 37315 41450 30240 25402 %n3260 70
8605 44324 9316 29502 13214 25588 34372 16109 43913 2803 4065 29470 34784 366 26845 9751 19574 39415 15945 44190 40884 36939 40133 39571 12585 10177 24500 13431 20315 8319 12552 31731 12297 7520 19775 8886 14049 32140 27644 39536 38350 40500 29314 1707 5369 9600 9609 27182 28075 1966 27244 10462 41633 11892 9448 4358 42080 1071 21536 11858 23863 3157 8317 4198 28485 25524 2049 29195 11275 39388 %n838 72
28089 17647 10025 14733 16360 33820 12890 18274 28547 20273 37903 28319 4366 27675 15352 37233 34519 18537 6663 32032 9921 12473 10433 27370 13790 36368 2176 39439 2599 13864 6588 11392 18689 10182 36011 13900 12484 28555 14840 26112 43212 16022 2834 6935 32261 23213 18332 14339 4740 28429 15574 39649 5227 17516 7040 7999 44282 23010 4614 28500 38851 2880 15912 9522 26196 42617 18303 22072 15228 36211 38957 37217 %n52 71
21392 803 12232 14290 19315 38515 20714 13004 21752 38684 9611 28461 31943 41517 38781 30408 28047 2551 11014 23183 20015 7953 24446 25875 42104 1099 21849 1829 44475 17076 32088 37792 18276 7153 32239 2101 16026 8956 3015 25134 29644 15640 27088 20303 15385 22570 33162 13538 19495 780 20619 12547 21246 6189 18507 18181 139 5824 33248 3822 29653 26124 41040 28540 15216 13119 11529 28208 10299 36403 40393 %n768 71
23549 6892 33515 43068 39473 23145 39219 7895 7503 21286 18480 22608 16687 30175 14370 19766 32446 32545 16311 35084 21220 597 43186 32824 4069 15155 13184 2705 28997 33452 26490 32910 3746 18549 14689 42381 13516 43162 14109 8891 24048 32825 6438 36829 31729 16705 34109 29885 3326 5454 19158 15600 7614 19797 30613 23738 17556 10885 7809 10535 41251 2707 26449 17074 24859 23428 6186 44697 13012 23591 31441 %n489 72
5308 28924 2425 34779 32887 32445 22758 32722 42694 25032 14047 1950 14597 43564 31763 21868 17373 16491 2629 16602 331 30006 43435 17122 42933 21176 29664 1902 16089 7046 43359 35979 19402 41474 13700 6682 7220 8805 23750 18956 11604 7185 42709 27327 16214 8781 3292 39063 10130 2648 2026 31626 1873 43983 15944 14702 15554 10964 38647 31611 38180 10195 32980 13065 6918 3030 34951 8806 33592 690 43783 16882 %n3319 72
5829 17880 13542 23227 18763 18110 34667 4558 9618 21253 40922 3685 22586 6602 5640 2799 37741 7287 5942 7051 21694 3973 2246 18297 2602 14959 18154 19696 33098 23204 29540 27366 44088 18017 20026 8470 37391 39335 5427 12492 25781 41091 32119 32459 26540 39221 40530 41631 35176 1376 35284 19568 1248 30278 19382 36050 24627 42074 8753 41250 30460 39471 26382 9159 34059 43555 32107 31398 22490 41247 10317 32565 %n1874 73
6970 8092 27147 6308 29686 26215 24518 44216 30912 12911 12996 19115 9789 32662 2553 3442 19983 17612 34268 39493 30234 37672 26362 24333 28789 12599 6521 774 2353 42835 40773 31507 16165 20846 10758 12220 1772 28504 7036 22130 31839 32139 33444 4988 37798 40930 35182 32847 39903 13925 37872 29001 11326 15094 31902 8033 39994 32081 37166 36622 42900 372 16285 38780 9260 11292 35456 41157 13855 21298 37942 32946 42930 %n617 70
21557 33480 28371 39818 18829 29834 2065 18393 37207 44423 44178 42095 3321 20880 40750 23343 25213 17529 43100 20443 5232 32631 44148 13345 1276 2582 12418 40008 41004 14195 13018 13801 18099 29338 2943 6981 25731 2741 2079 35098 37360 11865 24990 36556 27972 4445 41137 16337 35846 33881 20858 28300 4450 31796 23373 27261 41505 27014 8572 34669 31622 39947 42729 27808 31986 16127 35514 42347 40302 12148 %n712 72
15039 2456 17305 58 15976 44551 7936 5029 40287 25520 17700 2238 40598 39133 31433 18426 24121 9335 27822 43870 40551 15141 26281 575 32394 25952 39003 27488 21893 1724 29060 30767 22766 34923 40927 34258 13594 29517 21318 40074 9799 4636 23229 21989 33696 17573 11265 43341 37339 3364 26451 31366 40251 25160 14891 37107 13461 26006 14470 32768 35706 35734 21052 5750 38103 32925 2699 18889 41656 27666 28521 44320 %n385 71
8965 12175 2594 9571 35335 9257 24978 42196 34931 28754 12593 18349 18664 37666 21919 3892 28324 36201 22816 25635 10344 39228 11158 9954 11794 3091 9588 44158 42190 41585 11579 40223 18227 4386 21552 12803 657 33612 44293 19667 36075 10140 8899 4555 17492 31085 38366 36812 538 8559 40851 21644 35062 34799 12931 36826 5156 44153 31385 25058 19184 25824 16024 2561 43792 37421 39492 18635 31040 31514 34438 %n634 70
16442 20343 29311 43896 3073 31043 26129 11138 16201 11748 33855 7104 40892 38997 23135 13326 41357 6036 8224 42937 27858 20582 37521 34446 24271 11425 27922 20397 32492 9011 8168 42681 21238 33240 28495 33102 19760 26061 42753 28150 8793 3182 27177 42446 19401 3628 44601 19062 2938 25451 23259 3121 27844 20627 19884 31627 18617 18591 35529 22317 14227 38174 18872 12130 14114 33373 43953 33828 4334 27515 %n2814 71
15368 30286 29577 29813 41113 22004 31430 4484 26123 32174 382 20041 38736 34612 31481 8790 19377 29670 38362 431 34009 25814 15296 163 41825 35472 43784 14272 18437 37828 9871 11659 17223 34414 29561 28896 32525 39831 43170 14240 33288 18251 6047 36508 39469 15974 7240 39254 42674 4047 1677 23011 4399 22980 25145 16962 12909 27312 17170 24562 11243 38845 26186 6726 42326 15985 17877 44006 30027 20468 30650 %n4758 70
13728 6761 33346 25170 27930 27593 23921 19638 8313 5244 32705 37363 11816 26024 29666 25194 30065 21892 16819 23447 26391 44328 27197 18051 2733 24085 18823 25920 15642 30020 9232 40832 42334 20456 2933 10685 31409 5968 12302 23270 18121 3208 36850 21685 40296 33297 25795 29041 42809 17193 19968 14543 31153 17527 26824 7011 27238 15746 7154 33134 30546 21394 28496 19214 32633 11973 39900 655 18570 3398 %n332 72
4005 17280 12506 22212 36477 21877 38612 24222 32036 28759 6268 8937 10232 34568 21313 42327 28048 22739 9145 16478 13711 21733 27987 3003 43053 42507 8520 26046 35144 22865 20071 1411 25552 35715 9113 10403 18705 42711 1936 38358 26201 10866 39928 1949 7233 12574 31386 23279 9019 13407 9632 18133 27631 24767 6544 18362 41601 32919 21947 16220 4318 27317 5559 42126 27222 22465 12105 6238 43585 31020 23030 18094 %n2310 73
31326 33775 41943 42663 30369 11069 29333 3811 15579 2513 14335 26305 16760 40053 4689 26655 12627 39349 2227 21629 36039 15528 43508 35054 2658 29375 10490 118 19265 31525 37281 22138 540 12068 831 17209 15299 8100 30749 7508 9477 13110 9664 4774 24676 24638 34967 1511 43019 6516 15410 5856 21609 30874 15230 13654 33751 11266 8768 35505 11669 35844 38345 25333 20771 32302 1824 19881 33291 32734 3787 35337 15802 %n4928 70
16614 35891 8985 43506 43948 28155 32181 9504 20784 42808 14972 26097 4429 16344 12426 24754 14413 32738 32306 36817 26752 18006 19758 9396 8116 30817 10115 20823 26297 28476 8368 10236 39959 27098 11671 17583 39998 6345 42169 36867 34949 1429 4482 35259 19817 20614 6759 14763 38928 32042 34387 28128 5419 12131 42585 21794 17078 4905 2327 23249 16101 20296 44543 2884 36175 22789 5269 43653 2017 27343 %n3471 70
29617 1800 18210 1516 1587 37399 15436 44161 22126 32068 43263 7522 8615 21386 7412 40499 35304 38847 12724 2517 7352 15135 27481 20040 19668 21334 40209 15896 2850 37582 26733 18914 32571 28970 3641 3933 37685 21480 12737 24734 4956 34842 39352 23833 12101 43125 27820 10315 3009 42278 24332 17697 32951 42200 30536 1970 18836 16154 41915 3343 26007 12234 5811 19149 12091 14501 35804 14933 36308 8276 %n2477 73
15203 12990 30617 44097 33889 35250 28106 43227 19226 31540 27270 22911 44099 40402 26920 39472 678 43283 37141 26966 6620 12948 9771 13506 6989 39385 24653 15963 15433 28501 2897 36141 9548 28295 6825 17048 9752 12869 39210 5073 2245 2451 29621 10920 8512 35185 24104 198 7796 15316 33846 120 5231 3400 11555 10394 4566 28809 5049 30417 36446 3141 29760 1732 41043 22719 27145 42098 36051 33912 29800 24888 28213 %n2539 72
16754 28509 41241 27000 15346 21909 3394 6431 5011 9643 6715 43493 17427 6315 44321 25554 35551 21054 12082 42111 27619 15061 39935 37744 5949 11897 1125 40869 787 11629 44353 6182 38281 34530 18772 12888 11395 25085 27552 8898 25203 2146 32440 12281 263 13272 11732 7309 39011 9012 40847 27502 32008 38621 37923 12765 14916 41461 29551 10022 29390 1573 15536 14312 9194 31862 5561 33328 38277 33125 21356 9467 %n1709 72
31122 22028 17914 1062 6028 30777 17689 17709 7180 13449 19284 30181 24763 13170 13785 7870 44281 22730 1118 19074 19133 24889 27397 33972 19396 11634 20487 23107 3568 27575 11846 14767 12796 7027 27843 18474 25650 16981 5402 1284 12731 7668 36617 87 11887 10767 35749 36497 2534 930 40032 26935 24861 30690 43027 38739 2109 29396 13969 22654 735 32820 23554 25375 11070 36390 35236 15815 27562 17566 19528 5669 %n4335 66
8564 27524 11532 1813 7221 37748 25794 17102 27086 10077 339 43636 15036 34571 4268 14242 27342 39990 11756 14617 7124 39092 15389 16901 34070 16161 34246 24547 6048 34005 28370 7634 20853 27905 22748 22643 14100 9534 38440 14801 5832 4901 7464 26320 25827 7526 19200 28408 34970 39748 8585 9767 23397 43706 19471 342 32957 1634 20618 33367 37478 30508 16323 40048 22141 10528 %n4601 70
39224 36876 43642 15992 3549 24717 1220 30022 17025 14609 42449 42173 18117 7884 10134 32338 21517 21319 22983 15327 11561 5052 11667 30846 10925 36121 918 38295 27128 21474 42144 6301 31817 29866 25373 24604 2816 7257 37388 5826 24301 9949 32372 22953 6304 2134 36946 26782 40718 38946 5547 36699 39034 14831 13988 8671 32795 37642 7991 18061 37006 44407 44520 34413 37736 41700 8578 1232 31080 10618 %n3881 70
16724 41387 33398 4549 10558 38577 25535 20561 519 38159 23503 32562 30157 24639 41562 12470 28747 39016 13499 16152 4930 25531 42234 1321 3671 5290 2370 34050 26557 18949 35188 28239 26408 12191 33672 42502 1831 5166 19037 36782 22648 23050 7839 29778 2617 41961 40094 19964 32829 17712 38633 43662 12549 14662 839 42475 19274 2221 24941 33174 27553 4325 335 26230 41785 17641 3492 24953 2100 34883 %n4448 71
39454 40586 19352 465 9493 35634 26068 40195 1705 30905 2003 4438 3298 34500 14449 13301 43495 1350 14052 35700 8377 35518 26346 24074 27646 32161 40545 39093 6096 4864 844 40734 6908 29077 21666 25669 16395 34894 534 37958 4100 10693 31482 41273 44371 9648 33815 2695 15899 31370 39704 32715 37220 11236 4312 16331 7918 24532 40590 3438 31273 22067 9660 43009 6062 36580 25913 6772 37433 3672 30872 %n1771 71
1423 37102 34105 9603 4289 17270 39364 24119 39774 43282 3372 20824 22613 38177 38889 36559 166 29941 8478 23129 15278 31517 43279 21675 13118 188 19692 20503 1632 23902 17412 24086 21930 36066 5464 18780 29831 29042 7778 37045 19764 19497 15251 32815 27605 2796 36270 27129 43816 40084 17543 36630 24911 9966 2928 5514 5162 43132 43694 10477 59 29825 41221 37862 2012 41256 5984 33021 23800 29467 6664 %n4557 68
29675 30322 29294 18707 38290 521 39751 35055 5875 3751 22082 7556 3075 1504 358 43138 1942 31028 10339 32989 12399 22741 25478 1041 8364 11832 35378 26255 1794 41717 20457 1959 27392 16317 4044 20299 43993 18433 11224 35927 2001 22692 42040 7582 21978 37556 39550 29807 14782 41790 6669 10402 616 26507 19119 10820 38838 30196 38678 27766 32564 25440 4195 11817 1320 35607 10354 32023 %n325 70
32436 3948 21035 20884 32604 40315 22632 24041 22640 20874 22307 36458 12070 42135 26353 9406 9363 6416 38372 2498 3271 24081 26663 7063 7636 43761 16801 31183 8789 2172 1290 34224 35448 36787 153 6450 2876 20063 1582 34809 12652 26246 31636 28122 8661 40535 12835 34844 34874 39043 42302 42629 18453 41472 31269 23653 40630 31584 25142 8153 9980 13268 31342 25976 5069 4569 2977 35295 20873 14454 %n692 70
33117 39276 6631 1730 15081 27714 35570 16151 2095 8169 30458 43964 34048 30132 13861 3098 18893 14704 40199 44740 31901 3538 43807 6135 28139 43540 26558 2216 13571 24336 35824 39867 4870 33582 44366 27180 38574 33918 30121 21028 13433 34111 13709 21047 34323 18809 25905 18045 32812 28711 34531 26670 10141 18263 38773 4710 20218 38731 21880 35978 37776 39565 12169 38282 6887 33914 39837 11078 27625 28286 %n976 73
22946 35957 37857 3361 19946 12768 31819 42675 972 5257 19877 5247 11378 7621 7449 4427 20004 38841 385 20305 39482 9679 6376 23799 5126 17544 24980 36752 42323 16348 6373 4263 11514 5585 44581 25698 24219 22927 26545 31795 20656 28085 18455 35483 32021 13999 28525 12110 17435 40823 38785 31041 40038 1168 5304 42592 37788 12201 20376 41325 9042 32692 40292 31190 4510 12263 16418 35906 18932 1697 24418 276 193 %n389 68
2352 7395 42258 14457 26465 3528 22085 31431 29024 38074 37721 21969 26031 8432 31330 12858 21776 34207 18316 3900 14054 36783 19994 22441 35711 7344 25366 3028 29906 17730 5841 556 605 40660 42728 9408 14783 17471 30954 41423 3357 43189 24304 5505 26017 39964 1377 36208 30102 8326 30522 384 7418 39071 5184 33983 8420 6600 31801 42372 22019 42941 40319 22153 20571 40332 195 23154 %n1066 72
2628 39992 8413 44426 34910 28869 12272 2166 34487 8034 9551 1721 19858 1617 36834 43562 14042 33645 20739 36411 42966 28940 21744 11033 16757 27615 21124 15904 25429 43174 24650 24678 21391 32447 36566 17741 11573 34553 35832 20975 20281 28640 30648 18787 1151 16789 28055 28634 14414 17310 1342 10 37318 20756 21702 4463 34683 38797 27328 18652 22581 23308 8736 34078 22726 6132 34060 7852 24262 18959 11801 18216 %n2753 71
39137 34429 41215 2734 13858 694 15364 5521 16471 5698 10695 43414 18145 26475 15483 44122 9341 39542 6397 8879 13044 37002 8511 32855 35099 37599 23630 33305 30146 2046 39025 18286 40972 20330 11615 25223 5284 28666 22181 17850 31696 5578 37910 17737 38926 36714 15735 9281 26970 28333 15890 37960 22024 24887 23068 28836 7247 36080 16926 42722 14087 19623 24305 38187 1031 18547 17542 1725 22700 43326 44025 %n2648 71
30851 2202 42457 29741 35674 39470 10105 31189 17378 8428 32731 41559 21786 35405 40051 23295 22701 44454 686 3958 42542 23905 13629 16169 24596 23335 28614 20006 41558 18343 12246 13710 23819 8122 30048 40252 285 13151 849 4247 41268 30457 8534 40230 41578 21131 2439 25790 2653 37004 16743 37504 12762 15462 43327 9868 1126 15214 36726 23572 24367 35406 36567 44049 35995 8784 750 18886 5443 21259 10867 %n866 71
23372 43311 30995 28100 38856 3841 33825 18206 17901 35152 24740 39590 22838 35785 38450 44009 29850 19481 3071 18467 40226 38987 33408 2683 42017 14014 27595 11110 23390 42960 26286 34216 31187 39363 1945 40385 3149 36727 27785 28447 32106 28164 37959 2156 10371 33394 25730 41688 21473 12464 12527 14506 37260 10786 32597 32927 8527 44055 28362 30155 15388 1737 13586 17364 39328 27597 18492 25513 31619 7717 1664 %n1271 71
7510 25736 28416 17951 16510 36328 20340 16505 19549 23634 13524 4822 8425 2585 14746 42268 26352 43869 19869 15487 7865 33272 1882 7320 9261 9301 10848 1804 32810 37085 22676 102 39230 5929 870 42819 21735 36017 3432 8601 41819 41159 39695 38443 32542 2020 29262 38545 6223 11959 16501 584 8583 10067 2190 23000 28349 5450 10152 37667 283 3613 14349 11344 8776 19066 16354 42673 18188 34498 29596 %n3576 69
3786 15126 23153 33833 36601 38502 33586 34505 4553 20272 16107 19330 29901 2270 17638 3483 30810 39223 34002 11638 11207 33295 30287 31032 1611 11073 42922 37609 31432 27762 7061 33837 9726 31563 12564 33917 25 8881 33191 39163 1738 25968 43864 26052 24150 31744 37235 21320 42054 18718 23422 23456 8214 32408 25551 8410 36956 26177 43754 14420 23615 27927 24569 13612 30704 31511 4166 26850 23299 %n2302 72
40483 2041 38771 1019 22061 19432 43646 18792 17910 24726 41619 13103 39610 20777 42216 16858 2673 15888 32612 38030 12227 31257 39596 17277 40286 35949 28934 27883 25369 30666 22925 39978 37434 26220 37852 36073 17802 26946 2239 13058 34658 44093 18239 42204 13457 16466 13462 27542 23024 34540 1187 6780 16244 14575 10138 19411 6582 30790 32894 10643 23789 6487 2432 21637 27728 36444 7050 26342 19205 24536 36807 24484 %n3048 69
3404 18167 37264 40234 31789 37562 41832 39927 34518 4936 10899 31707 17386 36620 43686 11435 7474 37444 3317 29287 25759 39873 32510 6756 17202 36182 10606 24814 25126 838 21795 43904 4618 9085 37 11663 27382 13589 5722 8744 23774 4826 14141 17157 28088 43098 15442 10373 22768 16823 14232 21539 22571 13902 35368 44351 21821 20174 10139 9436 33579 7629 36818 34157 16774 20346 19288 39345 4827 %n3326 72
32743 12533 9866 2082 42697 7885 24156 3670 16748 3712 39217 24801 5242 26111 22021 24750 18533 18887 17728 33903 34606 39635 22561 35402 22981 13926 40556 7736 18353 31007 4082 25643 5705 16110 36314 30585 22601 41530 22936 14167 44705 10233 20244 14898 15747 7086 37515 12905 38045 28225 16929 14136 37455 27101 37712 13872 5971 36303 15104 13638 35039 26983 14905 43550 26127 27196 12651 42154 26959 32137 32663 36323 %n520 72
3683 20145 22160 28160 26915 9460 18638 19096 43854 24791 22280 42340 3314 18586 29055 6779 28363 26145 34219 37951 39547 20053 36919 20923 30216 22993 28763 931 35526 40714 41546 43246 41106 26770 20929 12604 33371 12007 5785 35320 30088 17232 14427 2348 31287 21619 28851 12166 30133 42962 471 39056 39447 17150 12354 37375 28636 28926 2861 21906 8853 27378 41210 27658 33891 11149 12518 39073 13966 7929 13996 26491 %n2097 70
28985 25186 37595 20710 3059 24023 24389 20741 27745 44564 29377 8561 7983 6694 38293 9027 30870 11712 22901 13528 32718 21082 2778 25518 33985 16525 31308 8405 27061 22416 18120 36631 14710 25112 32568 23938 36776 32332 11500 27513 35613 10607 42303 37187 24281 2573 31613 36982 42452 13083 24460 5104 1069 38082 24848 15653 8940 7726 1432 22050 29519 5064 43525 6942 16546 21277 29925 43451 34645 3529 %n646 70
28358 41571 16712 5161 9778 20189 12086 15627 26445 36897 28265 7901 2909 6068 8780 907 11785 40336 30833 36313 35398 13030 21605 21448 31221 21209 17317 23878 13827 26056 23405 40825 7082 23520 42191 4244 15977 35506 28334 14692 7340 38716 19709 8712 24959 21815 7263 3795 24804 21801 30357 43668 12452 14771 13748 25902 11072 35477 28017 11609 22273 6229 21139 21042 31079 32625 12977 6023 16939 12570 %n2774 72
7163 37884 41579 6946 23263 28548 10211 16314 39044 6318 32214 25854 11325 39555 3591 6732 39921 33111 25180 10889 34754 13469 16971 38364 25674 13367 124 43920 25437 42569 20861 31176 2894 27830 22860 31854 10255 21626 19235 35266 27810 32404 39824 22846 1365 10879 40862 32442 32939 10716 30427 36737 42226 40362 19245 44624 26914 5538 250 44439 35106 4999 22353 12087 13434 37226 1478 24655 8867 4875 38673 24257 %n2559 69
41888 24108 42566 21681 33393 33349 20745 20750 35826 42651 34457 2441 31018 9591 15171 24155 23407 31056 20802 36996 36514 6575 34451 36819 18317 6491 29403 5479 29157 32529 20724 9090 24899 5550 17345 22524 38236 5639 23956 24954 12684 34122 23438 1812 12011 34892 4838 39311 16493 12530 21549 24238 17242 32975 16383 22297 3873 37506 38072 15955 40058 20019 28287 9034 5972 44622 35500 32094 15454 %n228 67
30979 24792 40967 23381 16087 24072 369 32523 9861 20380 18493 13384 8335 22097 34832 20967 38857 34742 40090 39197 1393 43631 8593 22041 40468 25204 33314 12650 32358 38451 41657 20937 17130 36346 13099 41989 8430 11744 8270 24548 10008 3681 11354 44201 881 15744 33940 42293 30477 38637 32912 41707 15970 3158 23662 24810 41793 6310 34843 21791 7097 25772 18826 39315 21881 22819 23681 %n3735 69
34340 2831 26341 28401 37310 22659 7431 34264 33479 26300 30324 39733 15668 16659 36681 4976 32804 398 15059 9739 34259 43778 4664 24468 37325 35323 19824 9777 28722 17107 18479 5236 1823 42310 22840 32177 34535 2286 27229 14881 28810 11396 19285 6202 15898 22200 3951 1572 30509 28459 4425 13153 18678 6688 23282 22173 39281 20088 15630 27203 42981 33051 7883 23860 39508 24746 28350 27678 40137 %n2110 70
32221 6335 29164 34734 5962 25987 18933 10676 19995 4542 40611 19979 30045 28296 37993 3616 31712 37450 44188 5243 32680 30702 31827 11908 27571 38413 6612 9902 41393 36428 27103 17127 9165 23415 3636 1515 7692 42088 40829 32252 21132 2399 25672 412 39253 44476 30720 36703 32929 28989 1857 18144 15345 15431 7463 36803 36476 11328 42713 43867 38156 26199 15405 1218 28538 19307 37110 33196 27459 24921 %n1583 70
24064 582 43724 37470 3192 38597 1769 15807 6550 37312 9342 40767 4713 920 41260 1928 12094 39393 5122 41368 15665 22732 21117 15201 39077 38398 13448 26629 35755 10835 43288 10172 30712 17577 43795 41148 9625 42466 35773 5136 11864 27230 22006 22017 37984 16871 40117 6923 26187 34962 17158 2828 25539 24470 14973 20405 9781 7169 13692 8900 7330 36414 31044 5593 42882 42244 2586 2179 38828 42539 %n2464 71
22158 38982 37501 21624 13622 16965 24478 21854 20555 32751 16591 42719 12446 2556 9693 11267 42024 42003 22484 44696 1910 30084 5848 23932 24912 29937 28695 952 3347 28119 43781 5205 3843 34604 2318 18059 3118 13111 28575 42192 24230 22083 1145 4479 39890 9927 44483 40214 43032 10721 14768 33410 43614 19180 8081 37497 466 8540 23317 11157 44218 20418 3244 33911 35175 27323 41762 37943 26805 9000 41304 %n3138 69
21496 35316 12293 2457 12961 9795 12581 19310 22411 7493 11877 20323 39274 7994 6512 5159 40070 36394 23217 28256 39932 24704 1497 36663 20588 14994 23066 44506 19394 11917 6017 31912 2736 26426 18783 13174 41957 39615 40390 30542 2787 44730 10101 30784 9761 9685 30573 2592 18680 26272 18312 17321 43093 11602 24035 3869 6037 11583 36682 32281 12849 8195 11826 28903 11666 12415 40088 8200 3332 %n1042 69
6604 29580 755 6103 33530 3870 39787 31960 27881 3109 36537 6299 10616 14727 33379 9981 12740 30224 40265 11822 15012 19996 20844 41400 1397 28056 4062 43893 333 8911 15023 5285 15493 639 24670 31768 35189 11381 39479 28216 6262 15224 2112 10311 21427 6016 11521 1211 35100 30951 40741 1204 42646 12645 28600 21962 19560 28397 2000 22345 34773 10275 43052 33304 42752 4741 19463 20549 3882 %n2708 69
17197 29801 37710 12758 7116 3987 18475 10619 22103 22764 32267 8695 31537 16366 42242 12383 1880 3704 13354 1127 32108 37155 20317 42091 44386 11418 13680 4339 29152 8705 16690 4582 36359 26839 24239 27117 38750 29589 6339 25141 2606 27936 6133 30115 37878 23108 44607 21038 24372 24585 22145 37404 16905 15371 41501 36009 7649 3352 30343 39898 36174 19030 9574 14405 32335 24032 16941 6940 26243 %n3811 69
6051 37964 2423 27247 35954 9998 30108 22031 39104 36268 43776 41702 28351 20998 34381 26131 378 2009 524 20643 4250 38949 28176 4823 28430 17817 11530 5774 38323 16476 12287 26189 4435 36550 3512 19866 44417 22429 8227 31093 12706 21378 31844 6862 30042 42396 5851 5734 34591 22664 33152 35638 8129 27198 16217 24874 37275 39125 43644 39936 20261 21736 1973 2581 316 20228 42779 15870 10737 %n1757 70
17982 34918 21405 66 6276 42414 29828 2222 39022 5682 21322 34766 14777 792 4914 3334 42638 8094 29938 6514 5807 5234 7015 24711 2656 16966 23787 41217 2104 18233 33661 40261 19618 25162 514 33249 24171 26412 31412 7017 6362 27572 14018 39602 36790 19270 5077 39838 11807 1728 6627 25372 1589 7646 31915 43231 34730 22049 26264 33399 568 30397 24610 21730 39331 36475 28531 3425 27250 38439 %n1280 70
8650 26687 19716 33202 40238 2087 39116 9620 13663 23952 3663 20579 14472 32756 43247 13249 18392 22352 34554 33310 20725 34136 33840 42127 13346 20393 17598 19407 17717 16422 27347 42085 6245 11819 5124 31054 12200 39934 29181 11674 44573 40868 9745 27165 2972 27398 30787 36299 42388 39620 21688 11860 41121 28740 38458 26478 42626 41823 35779 22383 43076 23987 12735 43967 25556 35071 41784 6621 823 43739 %n869 69
36402 27220 8252 42212 23526 33863 6919 38110 24813 9644 6805 5795 16121 4317 27532 7591 25382 25338 44676 4855 23404 12983 5732 33324 32594 38047 24761 38270 24803 18375 40859 29456 16570 32942 30298 10614 25761 26381 9855 13754 27505 34086 1898 601 4145 1371 37424 9577 11930 43822 39058 1128 2754 16274 2311 19988 38975 43070 40029 16392 40095 35197 8771 13931 38717 24530 35343 37135 20240 %n2923 70
21415 37818 7517 606 40833 28561 24451 1652 5503 1490 22058 38959 24447 38675 20143 25334 14005 28240 26447 34565 7972 6255 39054 19686 35848 43735 30601 33118 44427 10776 16058 26608 1811 43868 40405 40873 15304 32728 19207 26422 4775 4691 23195 15860 24016 23855 37754 13932 3673 33591 20302 17881 23652 355 7350 11283 36361 35958 28390 16322 5604 30510 32040 10300 7617 21514 34837 42419 37678 42016 %n3377 70
4917 4673 40522 21255 35550 911 43059 2117 12940 23358 32613 35535 23350 15045 26467 20399 7100 41557 2486 23079 5777 27563 105 28180 11009 33869 5045 36383 29795 16548 8418 1072 9248 19844 26621 22668 26514 42202 31076 20788 21780 44306 30961 15500 27746 18143 18575 30565 29797 38813 1375 30695 37927 19101 2504 33029 4072 13548 36810 7415 42051 10681 17306 42858 2122 9877 32037 21030 13767 5613 %n3591 68
22290 40992 19217 13842 34191 31784 37536 34022 19615 12981 16530 27490 24452 7419 2360 24282 19543 5325 40370 17685 862 1430 32033 34966 34768 33756 30056 37195 23164 24322 70 666 11939 3456 3657 33513 20568 28753 26188 8708 7786 37188 12542 3829 19334 893 34614 31124 39501 27334 17443 20455 8839 14684 20164 13135 42980 27943 18720 41705 32782 44517 22937 26721 37165 41617 21188 31029 %n497 68
6079 38756 20715 24088 24689 42846 31889 29270 36802 27794 23090 28524 22735 40146 42470 38394 30752 917 22264 22174 11276 16992 41249 10265 12822 38225 5745 25718 29979 19703 42624 12490 8952 26830 10012 16066 37769 40618 11771 32822 25620 6207 12078 7543 42413 12761 42850 3714 41087 3755 7200 23288 11991 22142 20613 4640 22187 23078 14833 33181 7609 31582 26999 20780 30473 18625 1821 3625 %n728 71
34367 2946 3231 22397 29613 13017 30077 23205 44071 40524 9884 42845 17171 31487 21184 4035 39181 17662 17104 29746 15900 21118 39854 13343 29811 34578 645 4347 42408 25828 15515 10405 27653 38205 42532 19756 5940 37669 27461 38955 29254 10828 2862 30684 36851 18272 21434 21406 21006 4186 16427 16486 32203 29974 44013 5772 29428 17258 10902 8688 21673 34281 28938 20306 20828 40769 41986 10565 12 22324 41944 %n3842 70
10702 27431 29882 22009 9204 3519 1690 41869 28879 20410 4042 36134 42805 8322 2021 16891 2343 9219 43503 38355 37559 3139 6866 39762 5233 34036 30581 24820 9994 7524 31677 24999 20074 14090 10871 4490 1239 14590 43991 27236 36827 17686 16373 9852 37626 38436 2822 21468 5101 328 34365 41134 36232 31667 10452 35446 42932 38042 9595 24840 15521 27379 36384 30384 22100 10164 8858 40761 4164 35030 %n956 69
4909 42535 19328 35404 27225 27817 38848 28742 1485 13919 31083 18058 22151 35261 11709 11714 44335 2906 9580 39273 26343 24684 9190 1846 14569 41964 36986 5564 5281 8354 7576 21824 41681 32420 12129 22391 40273 43568 23194 19661 15347 31625 964 7808 9565 9 15307 9862 13208 40564 31128 30660 7469 4665 23151 11184 3569 5914 1678 35959 27926 1348 7413 20332 29249 37859 12557 40845 39846 %n2086 69
21838 14893 11488 10763 6380 7949 3055 31466 2357 1 1962 37680 2912 21197 9687 1494 15571 25258 7574 37205 15438 30715 33795 18715 31926 10411 6539 20504 17861 31802 30572 27256 13218 29046 35934 37519 35869 28635 44633 21690 17094 36718 39705 35701 8982 29951 16773 14137 8387 31053 8896 27876 13508 29132 36153 12596 14743 22380 38700 29707 82 40880 14705 8036 9527 19452 19054 2753 19812 %n1476 70
13240 11013 3837 20617 18069 29300 36677 37537 7822 38902 1976 39924 29255 28984 31821 17153 13646 28898 20814 22184 24172 37357 24163 41593 38699 15089 7241 27609 11556 30977 44248 29877 13187 21488 23967 41072 1766 14995 16622 33662 24423 16289 7654 14094 23995 27361 13304 27496 41012 21715 34233 4538 42818 17771 30446 19267 20866 9627 23638 8108 41177 30867 32244 13143 27304 32630 27507 22971 43236 38815 %n2272 70
31302 7359 39684 27578 6089 22309 21684 43891 43794 1518 32697 29232 22631 20304 20097 24640 44718 15534 14247 33585 37739 30885 29214 28830 37090 19355 7159 41193 25457 4723 18318 11606 44499 35876 4744 39621 4375 14010 25778 35523 18983 9589 27540 31588 6739 25658 14187 33561 42107 16018 26295 7114 21887 31164 25458 7632 9936 23304 1955 31165 4333 41814 2824 5801 8991 40466 19987 36111 38783 8217 %n3690 68
18681 20038 29610 38565 22240 21089 25570 30500 34434 8167 15286 3431 26654 15272 16243 4304 17576 14637 17307 10016 1671 29166 20522 28776 28839 34213 30281 35635 3351 35984 21127 6381 18944 28098 13799 37278 6082 33788 35105 6371 8201 33321 21915 561 19457 44131 31560 41149 40748 11591 22039 25692 28105 19799 27966 12304 34958 30753 20241 19717 32769 16247 17691 29097 27009 22857 39604 10383 %n1986 69
12808 10224 6879 41739 16303 37982 44557 32002 37635 23264 28532 12648 18086 31587 12438 39206 17055 43265 23038 8135 26370 9521 21432 23221 41446 7687 24299 32723 15522 7775 5524 13426 9849 29012 20912 18991 32859 29047 38223 40674 31218 16342 8902 25644 27422 22999 41027 43391 27970 40105 19578 35568 41743 29816 34135 9220 36263 36004 1946 23332 24314 13288 28417 34650 40759 18779 3915 25331 4512 %n481 66
945 22037 30379 44723 4426 5015 17758 13123 36662 21847 5146 36886 4944 27214 30475 2706 4869 14841 27017 189 39050 22804 32867 28597 8569 23514 27994 16684 42829 12283 39157 13127 29978 7714 4379 27289 32473 12998 3792 28294 23965 19113 32124 39507 4998 39305 10106 13870 23766 14723 20278 1656 15422 12072 25560 18461 31021 29142 17400 982 19240 7707 4115 9446 14004 44625 %n4264 69
24382 41152 7138 2450 29619 26192 21430 40329 27585 14175 38929 12075 43130 13708 9870 40926 11376 351 10953 7375 22829 39641 19321 15414 18390 35221 2010 14494 7598 15617 38317 32217 39042 21454 18383 38508 42955 8884 16956 30274 43058 41710 20781 25198 44082 25386 27742 25490 19314 32516 679 16308 20816 3624 35422 1674 40397 1905 27235 15872 18536 410 21382 29304 33622 21183 43328 28837 42766 %n775 67
24280 35000 32362 7602 4440 7179 19921 40876 42110 35864 18560 8960 15049 41836 8809 37548 38267 9152 33950 8509 38064 18156 9786 1338 43684 13403 12539 29976 10715 26990 42740 37365 29000 29539 30192 40267 41475 34671 35158 18008 25860 33553 3108 34148 29187 6573 35092 10629 25051 41788 24065 43416 23925 43474 42874 30900 15415 31870 12494 17895 26744 2387 29220 19056 25739 24636 37919 %n3424 65
38331 38638 21354 28628 23507 27673 33417 35793 12753 12620 32548 29851 4328 38226 14651 44205 1713 32086 43796 28434 40809 42342 36330 17552 30052 5118 26554 8441 2147 12989 16288 3043 725 22134 18994 13192 31290 27753 39046 26170 9215 21756 21606 24751 18331 33442 30498 12717 13595 24645 11527 29144 5707 20279 16233 1839 29929 32193 6274 23130 20447 42637 19416 19749 6586 %n3232 67
2998 16588 17748 43743 7315 2846 40648 41766 4678 15148 7497 17357 41870 12493 24508 18347 19335 28002 15795 1085 32543 35177 42041 34447 24986 726 17050 23849 43703 28743 3913 32561 23565 31992 35430 27953 31893 33456 25802 26861 41658 27167 24974 35416 12632 32359 43563 11084 4413 13368 12313 9793 30269 3975 30992 38012 38916 35654 27872 40986 37335 19202 16551 35113 19358 4269 9360 %n