57
821 328
1290 19504 81615 73680 66512 74680 44528 99338 43099 82830 3871 20255 81855 75950 35471 76338 57727 76667 35285 96252 17803 41356 15943 86890 29884 92060 49449 55433 86671 3783 15240 51967 27145 97945 46077 11322 33813 52898 68456 40664 37722 68906 58268 12120 11254 27710 11096 79077 75358 2886 15338 75225 48021 20347 95022 61691 31685 47846 46170 92943 17248 30437 76091 39106 2547 69319 41387 38723 53314 2069 3282 713 38162 21734 35042 57219 29638 22740 42847 76385 91331 1794 8072 15708 47740 8729 42273 47746 14735 33432 71921 73656 29294 57323 7960 44577 41461 5520 76852 4258 1700 67129 13627 9458 92357 11870 28505 98485 5326 76516 57503 13305 19539 15585 30770 27895 66199 99650 87694 54726 61977 63994 39191 39965 58552 39126 2484 83439 64079 41756 49139 78631 83342 18635 17640 68846 98284 82564 86723 32527 9294 94429 39634 10737 1896 65735 15269 75906 66377 76139 99883 42308 64367 15892 92017 68199 35628 51626 68357 84682 63707 76639 84979 34187 34173 71703 2109 46813 80989 96453 5981 52818 89413 85080 71353 92576 80795 62292 6259 76390 78617 21888 82264 69297 67662 46265 50410 18091 83407 32452 35992 16605 31121 76802 87092 67490 82437 67092 4391 60803 52895 68713 11802 39255 40543 83963 50556 22513 34125 20560 97121 75871 90629 22220 31124 86197 86638 17167 70546 5221 76720 35767 64181 4220 25794 50245 8122 50793 43344 75188 89039 50885 45553 50167 29046 7184 20272 8116 76043 49900 62568 24945 52816 74380 6800 71351 83513 55394 17434 19491 82434 684 14940 55173 79169 25324 10866 7241 66016 83004 13904 41994 50607 81241 9468 93337 16749 30419 83749 77486 40212 27430 84121 96342 74536 98107 37964 76981 67593 52801 69943 92559 23973 94985 57322 13924 97094 44452 24830 1989 61552 56236 12820 59775 87862 87872 29574 37284 89540 33135 43391 45977 32335 35210 69503 60641 98261 37561 22520 26300 70284 92113 90024 74714 55126 68672 53045 41101 33838 64362 95898 43169 34404 92238 27220 73758 1648 13112 %n386 179
70557 35024 18342 41844 77670 72771 7956 69037 74404 8154 6985 98786 50327 3618 38751 21197 68729 70149 26730 83953 28037 71030 94143 96387 61787 19826 13344 70057 46700 52254 18603 88248 67362 75779 74916 32903 39069 12968 91989 62476 98585 69825 80947 23302 92963 40909 82042 21642 1842 79250 98462 18067 88210 79132 85371 1503 71409 96122 94456 13400 54468 29975 83748 52202 23510 64611 61888 29636 2878 37381 57338 42754 6885 83399 75491 41773 81025 98784 32236 60152 25574 4960 27240 53145 89470 28828 20568 6950 65242 16546 25010 34212 6012 60808 79804 55910 18762 8445 14116 42871 80278 64981 87067 3392 77144 9151 1876 19835 80660 19122 20673 32167 93257 21938 94377 10020 71485 89288 97229 45840 40829 42155 56962 80041 64100 81112 52856 15580 8752 96526 65724 21109 5464 63381 7173 36560 27194 25810 48286 37157 22947 75564 35704 28656 7923 55192 65598 11427 64361 46384 34077 99346 79908 48565 39078 70023 86751 23915 37063 13391 51067 57605 2449 66484 77646 64635 8475 90206 91789 80961 61817 95711 63102 18093 5424 9722 86485 60805 52167 %n1949 103
29971 98360 46774 30351 64752 11107 56008 29168 13834 18622 31746 57476 36460 22402 48838 2315 97180 67231 62322 99352 22349 51075 99390 12354 8973 62675 8976 71060 83669 5297 41775 33876 73776 13910 3885 25874 16491 52522 64783 88358 66980 28191 33015 63408 38878 72895 94643 94626 3573 68190 27904 87979 5122 16930 36801 483 24112 31495 73888 75277 44993 77803 97405 43990 143 2909 41035 32218 88332 16365 26627 34354 68958 26868 20980 3684 78221 64555 56828 130 94618 37666 3437 40757 484 79701 20801 18791 22759 73698 25928 48685 14588 85920 3493 40786 74194 87719 43382 4176 49232 97992 90210 %n2238 57
58399 91421 95752 16659 8188 20128 1233 35224 81948 3429 2372 82498 72572 21621 39841 66675 6912 11273 7694 85163 20135 596 75590 85127 69547 64129 39811 93587 83926 40009 49558 77643 61531 69924 7316 52787 80303 59293 10284 12978 60458 8027 48493 71053 5931 26792 79495 99745 86534 58097 67333 37798 18541 46389 35185 59351 87751 %n96 26
64501 97973 59306 47166 28575 8883 33468 55644 34041 49159 31319 59282 61414 57575 63180 67627 15174 19183 80135 89678 71189 84734 30116 76862 59710 96194 %n1922 17
56240 5551 11755 64231 23580 50433 47317 13193 47560 81040 18730 72151 52688 39111 33113 28330 92973 %n83 11
49684 46866 89280 79661 73677 29606 87343 71155 23087 77200 54411 %n673 5
73753 22063 94291 31666 71446 %n2467 2
97382 95006 %n597 0
%n417 1
92115 %n1426 0
%n155 0
%n298 0
%n276 0
%n932 0
%n157 0
%n378 0
%n1239 0
%n2128 0
%n2662 0
%n2379 0
%n45 0
%n158 0
%n478 0
%n2709 0
%n1329 0
%n9 0
%n959 0
%n1271 0
%n2333 0
%n2155 0
%n2096 0
%n113 0
%n2510 0
%n1165 0
%n2715 0
%n1521 0
%n1769 0
%n1504 0
%n468 0
%n1382 0
%n1669 0
%n2086 0
%n1988 0
%n2588 0
%n789 0
%n2469 0
%n574 0
%n2756 0
%n1757 0
%n396 0
%n1765 0
%n2141 0
%n611 0
%n1405 0
%n949 0
%n