124
9128 12
37950 8656 84328 84138 61677 10026 64378 71598 61459 90395 60884 35024 %n6286 12
93357 80540 85156 84496 57253 33844 97100 60291 823 75497 90216 8075 %n3438 12
91121 94107 29226 21111 2174 26167 55638 19063 28868 22041 64774 27873 %n5994 10
19385 17884 17300 13065 88648 46744 64692 35986 41634 33932 %n2318 10
79896 88390 44074 42959 92168 45674 56588 85018 22072 68199 %n8224 9
10202 74136 99099 34821 54959 71363 96525 24111 61588 %n651 9
70640 71716 79615 56330 90664 74409 36001 40688 15834 %n8003 10
48684 5007 15248 79777 75867 42421 44631 25755 39667 37915 %n10248 9
85893 17659 48271 17310 38261 91557 60457 21203 62674 %n802 10
13463 77046 28580 34369 50026 20234 57608 89452 53050 76237 %n5019 11
59392 91300 75572 42225 1590 29232 66105 61570 65816 94571 73869 %n9236 9
58815 7252 73293 63474 83197 45197 67806 53083 16177 %n3486 9
78484 18001 77896 62665 2704 57926 67005 99999 59738 %n2562 8
24285 60977 28903 52208 26608 69178 9854 40008 %n10420 5
75114 46760 80440 28725 86970 %n6050 3
14160 50684 29203 %n3838 4
33751 16262 68841 48525 %n4207 5
2436 54661 75835 12062 57571 %n10236 8
55177 30778 78947 32995 69683 8389 20441 90563 %n1902 7
5885 21044 10382 21628 25959 59444 6835 %n4403 8
26500 95172 81604 11631 57959 8217 37293 24206 %n9528 5
72381 39173 55369 22705 61880 %n7503 6
25492 45213 64455 63590 84173 54772 %n237 3
17007 19412 43695 %n9331 4
66388 296 61502 80337 %n10130 1
29487 %n2690 3
98954 17171 20905 %n2563 6
60659 10286 83704 7243 68351 22291 %n5757 7
89512 60417 21744 85661 52425 81895 96711 %n10015 5
94774 96350 58753 66317 58535 %n1714 5
54902 64514 6736 71943 719 %n504 6
21627 43238 72499 87972 2531 73975 %n7132 2
14038 28587 %n5452 2
60836 79117 %n3167 6
50353 64416 99211 5138 32604 88078 %n3571 5
99176 84822 97449 96703 51624 %n9980 4
91653 39967 32895 15410 %n6866 4
86586 16383 64501 61529 %n8471 4
12014 52076 52706 81607 %n2022 4
28715 84633 51826 42364 %n3581 3
50696 66549 61605 %n7458 3
67613 21076 84196 %n3268 3
42089 97012 65570 %n7498 3
5155 91191 70237 %n5818 2
77241 506 %n2925 1
70027 %n618 7
85341 91573 36793 95126 31308 85817 36224 %n47 2
53353 73169 %n2887 0
%n9564 0
%n10118 2
92938 85541 %n4047 1
70643 %n2518 0
%n8263 3
83503 61181 44957 %n7295 1
26795 %n6781 1
88455 %n7227 0
%n2206 3
17038 23417 74942 %n9505 0
%n9529 1
44160 %n7969 1
99712 %n8343 1
46560 %n10229 3
77465 98923 90044 %n4539 2
2629 65266 %n3080 0
%n4276 0
%n10477 2
83310 25553 %n11210 1
32695 %n6143 3
46036 98623 67593 %n4476 1
28464 %n5537 2
32464 59536 %n11214 0
%n2621 0
%n9570 2
77085 81151 %n10005 2
93911 83390 %n7899 1
11189 %n2696 1
19673 %n3604 0
%n11047 0
%n5693 0
%n4998 0
%n136 0
%n6238 0
%n6734 0
%n9208 1
9652 %n266 0
%n4368 1
44327 %n8655 0
%n10353 0
%n5783 1
20778 %n1937 1
13374 %n8736 0
%n7028 0
%n3478 0
%n10734 1
11520 %n1260 1
47567 %n2768 1
18936 %n10111 1
58637 %n10115 1
28913 %n4750 0
%n5073 0
%n9340 0
%n3298 0
%n10094 0
%n832 0
%n960 0
%n9922 0
%n2192 0
%n1412 0
%n1745 0
%n5056 0
%n2178 1
86833 %n2941 1
56182 %n4621 0
%n5669 0
%n10795 0
%n4577 0
%n9395 0
%n9776 0
%n5922 0
%n3318 1
58871 %n7506 0
%n3976 2
57157 34325 %n9328 0
%n