97
8913 21
81196 25883 38803 19712 70816 4638 16470 28381 63973 49804 28904 18427 39314 55049 46691 73986 7328 37388 69540 96569 93697 %n5841 21
67604 43496 79950 47499 23836 9445 73118 42756 44263 96550 99385 74088 60030 7534 23904 40066 85508 1898 85288 11241 28040 %n9040 18
20711 87230 58281 70232 28258 61650 92386 82623 98195 41391 36199 36068 1275 88924 29881 49174 65961 58730 %n5459 20
7028 5077 32867 40972 85714 97544 43632 15628 52727 77215 5717 19746 11955 65122 98617 28642 40501 31335 9029 77973 %n8493 18
46607 69158 7630 62536 93584 54762 10704 36582 78830 73403 40347 59003 86937 58946 21045 66376 64168 31982 %n7581 20
66035 91441 94667 34086 55585 28491 2623 61009 5925 61278 90141 13218 72235 53663 15949 98897 85685 75621 64206 34251 %n1695 17
31419 44235 94472 88773 24877 81165 10758 28924 16235 30187 73555 7368 79040 63628 78979 16155 92991 %n9449 15
86839 60970 79057 83819 40571 84955 45378 25552 18367 11288 13162 73732 7741 61392 86718 %n10840 16
60475 25367 80044 62835 56447 4942 97800 12679 64429 44910 85836 28622 76335 1217 40677 43140 %n2458 17
61949 3604 88196 16753 15549 28588 28971 65087 44176 59784 71803 14148 20740 26308 25654 61396 60016 %n7604 14
59798 79024 35553 57102 63043 32828 56659 97731 54812 11104 11139 19630 31237 64729 %n11402 13
64409 42317 7265 10446 52233 26526 19429 15193 43335 30176 39208 3264 29068 %n6056 16
5917 96599 97976 58811 90871 95869 86868 75841 98830 55489 4176 97031 77755 69831 89556 59189 %n722 16
69548 81603 13781 95502 24952 47656 38345 16969 20076 76948 38209 56391 48732 95540 11618 97310 %n8246 12
32931 36287 44990 61283 55268 5680 18196 53547 75697 95801 42632 79079 %n9953 13
23032 60510 54843 24795 6381 84580 7118 44874 84168 23736 78212 72650 29890 %n1093 9
61718 13932 95808 22006 15484 65596 85156 47185 71336 %n519 17
18757 97564 52480 24982 20462 32827 78989 51506 58213 54523 72694 61690 13614 33695 88149 16968 9257 %n4414 9
25029 42290 19570 95238 14622 62080 8136 96614 82426 %n4656 11
6147 13640 7324 82813 92309 60918 82680 52158 24570 66201 66980 %n5111 14
66067 40835 86085 68647 17502 83281 58218 25824 30835 59725 78971 76685 99335 62039 %n7834 12
83103 10816 23940 63419 36113 72545 7543 82087 57092 68275 40636 87711 %n6396 10
60852 34599 86155 22115 40924 14200 90870 50201 58470 36626 %n8806 13
7277 88231 67184 21822 12878 70855 60234 11 16755 23570 45457 95764 56957 %n11377 11
10486 18935 34324 17222 94524 45025 48593 261 17414 44547 61793 %n6991 9
18882 98084 78621 88201 44165 89196 48192 6562 11072 %n8858 7
56292 67981 50877 42868 90498 90935 60763 %n7544 7
99081 43333 21195 1423 38058 27259 90096 %n10526 6
22096 52925 86356 39164 25851 53532 %n923 11
41042 34372 70104 28122 64124 42525 48000 12563 4180 35212 6636 %n9209 12
30482 47625 77757 38819 82297 35323 50636 6514 52490 34025 56700 54805 %n11017 5
46549 20072 41692 61801 28899 %n5264 7
1276 65394 50043 83705 85053 4214 69574 %n6864 10
40322 78832 56135 27556 61487 32466 46282 21410 55648 40862 %n4258 12
16903 69836 32876 2866 8267 67182 8429 77246 81383 39212 89297 51661 %n4892 9
3355 35195 38573 46703 36138 77035 72224 49081 49537 %n10684 5
65919 6564 48962 70279 22091 %n710 8
53122 41653 51659 81053 58482 22099 81861 20863 %n10133 5
55886 83450 44160 92517 49592 %n7793 9
55649 3472 23354 26596 51721 5357 1427 27855 78124 %n11387 5
31728 2537 51724 61289 28157 %n7070 6
74215 52657 31986 3601 1238 63595 %n11224 8
17495 34825 71026 86362 7352 65627 9758 3513 %n3273 6
64380 83905 79830 2172 45579 53743 %n8810 3
73372 15818 31164 %n2469 3
53448 47340 7051 %n6872 4
75907 71727 21782 33088 %n8604 1
80650 %n1793 4
63857 22732 42019 4417 %n8478 2
91112 62341 %n2167 3
50226 41406 87359 %n4983 2
2645 3643 %n4318 4
86710 95005 92775 9812 %n6214 2
67084 19786 %n301 4
12318 60823 26307 29603 %n9491 3
29400 11975 74645 %n4328 3
69416 71671 38539 %n10239 5
99905 56188 55706 8934 72683 %n3841 4
81745 4611 7687 93470 %n2238 1
72945 %n4797 5
77206 30487 1874 52860 1049 %n2330 2
41945 78146 %n1017 3
11654 73611 89759 %n2036 4
62616 64706 22833 98862 %n1122 2
98435 33163 %n7057 0
%n3208 3
3393 62525 81670 %n10510 3
67911 29021 63709 %n2299 3
72288 88660 86518 %n5864 2
7182 95178 %n2 1
30192 %n2928 1
43432 %n7075 2
50983 65661 %n5108 1
50569 %n9258 0
%n5437 1
17017 %n2522 5
80136 13235 75691 4002 16114 %n5031 2
32914 3422 %n827 0
%n5547 4
11395 4077 11637 32273 %n9362 3
25954 15017 21562 %n5544 0
%n1137 1
49242 %n1833 2
2087 21137 %n8267 0
%n4181 1
47438 %n6766 1
83556 %n5665 2
98029 57839 %n107 1
69735 %n8757 1
80776 %n6509 1
65340 %n4247 2
65102 7446 %n10511 0
%n7027 1
80263 %n10261 0
%n2895 1
98050 %n9511 1
15499 %n