98
4685 9
69621 91697 57234 45367 30131 25860 81796 25760 26485 %n1019 9
34349 86357 71758 53235 16999 13836 29753 89027 27420 %n4668 9
49787 76555 18632 8825 74652 60234 60583 40483 76478 %n8624 8
57165 19597 36797 50238 52623 23637 63377 60236 %n3232 9
20699 79691 36244 45414 42146 78454 87931 85335 68645 %n13232 8
31330 16743 57085 64049 63551 12552 2153 31835 %n10268 8
74781 25649 74625 94233 35585 49106 90015 90846 %n3730 7
66109 23193 71236 42532 63519 22823 7930 %n2965 9
47088 19816 18179 64567 45139 5387 52940 89610 36857 %n1525 9
93222 3774 53246 28809 93821 35918 57417 4099 31676 %n3704 7
18344 5091 78936 76940 36512 53404 5564 %n431 8
78990 45723 38282 66276 6667 93711 39710 727 %n4266 8
44652 9067 76169 55528 76102 16608 31129 66004 %n285 9
66557 17247 8482 81888 56712 17608 8526 40388 87444 %n7518 7
82387 57516 73191 23036 66630 38000 64662 %n13955 6
94998 81597 86642 54956 79744 58487 %n2913 8
21511 53744 63658 58226 49172 74530 75455 81299 %n14463 7
60018 67050 46136 32737 19804 17720 83494 %n4064 7
22180 84385 28057 59184 69495 30983 12313 %n3785 9
59591 22281 82124 89309 34148 61533 88307 69487 56647 %n10829 4
4047 17313 75356 73847 %n6365 7
6935 46260 82178 43547 2277 66941 58621 %n194 7
8059 72143 55138 2732 63999 80446 28735 %n2875 8
34370 21283 60964 45660 2666 15112 58399 31787 %n1434 7
12750 90888 23483 69698 40026 5490 85001 %n15540 7
14536 16802 33288 31716 82486 34681 56245 %n7649 5
15746 51577 19993 36368 69450 %n4981 7
5283 53354 4614 80453 24987 53653 64547 %n1371 7
14981 79049 24637 48964 52851 43294 40519 %n11041 7
24633 12437 32139 81067 45795 85662 7606 %n7636 7
81913 53418 40780 13150 55593 24166 54497 %n6495 7
36440 35250 2781 15056 74115 37445 67619 %n4272 7
92842 64706 19986 33842 10817 60850 17138 %n5697 6
12954 11407 19394 12323 91725 770 %n10270 7
66131 58115 48553 25466 75430 72103 91574 %n5189 6
59423 9339 60934 58826 59312 16614 %n1637 7
73557 51155 7641 69342 59317 42092 1600 %n822 8
29031 79545 74875 69808 38104 25089 58205 65949 %n3929 9
44744 17788 33616 71159 56699 46038 6267 80674 41986 %n12164 5
58322 71352 56703 78199 19269 %n6202 3
26107 55986 47640 %n804 6
11657 35471 59721 54595 57031 41050 %n15342 8
90614 11004 3986 80285 29383 61773 50420 88791 %n11382 5
10981 62801 50321 36900 1561 %n9612 7
37955 11826 78601 79816 73452 81651 28633 %n10602 5
22499 8022 54542 367 67526 %n3913 8
70640 71386 42327 76764 84909 83178 30026 57226 %n4179 6
89528 66770 71272 77391 90098 23622 %n14980 6
47616 90421 43262 53651 25678 60323 %n2202 8
84974 13334 27597 69357 3349 13737 68441 29044 %n12169 6
68011 69444 5497 3542 25906 34075 %n11553 5
59485 51932 47971 72299 29485 %n12696 5
78205 65540 87018 63458 77258 %n8435 7
72894 6366 6130 38059 39975 31403 60067 %n10841 7
88063 9867 19921 73628 63588 82255 27028 %n1781 8
80289 89816 711 52040 71153 65093 81512 28707 %n2087 5
39966 58077 24381 77879 27402 %n4191 5
86667 5502 47127 55003 22273 %n11031 4
50810 11122 96094 79178 %n113 5
46137 40632 64207 77246 18039 %n7471 5
92526 13290 94817 83531 92984 %n10937 7
73946 7282 15607 95182 62111 34175 56232 %n503 7
91657 31897 92761 49261 27139 86434 7683 %n13687 4
92117 5349 61958 9443 %n10538 5
4827 39853 40089 8241 14265 %n4747 7
47169 66744 78562 37693 5934 41798 19905 %n8666 8
69352 75035 60095 24403 5545 24107 1774 7585 %n8783 6
8085 37634 1359 29976 5403 46417 %n6818 6
5362 10287 92532 23108 84211 92335 %n575 8
76352 29666 65811 89417 25795 86430 16011 5240 %n10262 5
19703 73813 76353 5858 87395 %n4771 7
23031 68908 84665 22200 29568 49624 46383 %n14173 6
87189 345 95669 88935 22951 61404 %n14781 4
73101 20833 16391 33536 %n1406 4
32903 672 12955 34240 %n10653 5
16064 69786 55595 45530 3580 %n6515 5
65708 7172 75327 94013 51357 %n7987 4
49909 50356 3229 79255 %n4352 3
96030 25852 80554 %n10031 5
5222 58607 6512 22245 2138 %n1409 6
92029 25947 2500 38363 13595 7491 %n7484 5
67477 5251 16776 41795 76487 %n6251 4
50869 5048 55056 88989 %n3966 3
12728 63264 6817 %n12898 7
46451 30050 70187 78680 23145 74286 69827 %n12672 5
28710 76839 26587 59188 59025 %n4912 6
15382 16053 13579 74227 93738 33633 %n7831 4
6548 85047 81646 14122 %n3500 4
7851 41250 20411 8624 %n4417 5
6904 22418 33133 47639 66580 %n9034 4
19218 16431 14507 94370 %n2493 7
5297 6068 43505 53835 91547 25867 94175 %n12593 5
12386 39593 93460 70351 53469 %n11494 3
46458 27004 63052 %n10765 4
32141 90026 37948 51717 %n4163 5
41030 48797 20986 17905 70131 %n3610 6
32583 62843 25122 80256 41359 37871 %n4278 8
27348 3760 68063 11950 31595 21921 34585 59618 %n