253
5353 17
62047 16270 32483 79641 93451 36738 27265 4730 82523 87743 74578 88059 26818 5466 36485 59202 91107 %n9734 16
25405 86762 18911 51285 44658 52490 73464 41063 44657 5638 24536 59977 35003 8278 44429 64003 %n6887 17
39214 80554 93640 25550 54694 55951 49545 70202 41045 7391 88019 88098 17216 20548 88650 45928 91804 %n3953 17
16178 22163 33995 72203 96566 49943 40533 40794 38947 96900 37554 36808 80572 95537 18378 43122 43158 %n2720 15
34624 42282 15470 74065 50120 48350 52214 64968 32192 29976 39226 85734 87866 50501 81775 %n8001 13
14907 77569 32994 26265 34229 55260 19890 79330 18599 61102 54841 25501 93371 %n9174 13
13665 61486 8659 15313 46325 32369 29660 67199 75128 9328 97332 81587 35178 %n3962 14
31106 27813 9785 10259 79893 84280 58746 27074 38616 23186 3479 69850 80242 75082 %n5434 14
8224 73817 76479 52013 79228 69859 60803 32543 68174 75590 77183 32958 55519 96052 %n10100 12
55095 91692 4041 93476 63778 44474 62600 92400 52116 32103 30523 68503 %n4870 14
23204 72296 43944 89268 6255 59461 2452 51329 75755 48338 8451 64430 77962 53106 %n2495 11
19605 34107 17472 93178 43903 59513 51171 63959 3502 55177 18111 %n9274 12
97170 44861 40193 31430 50011 98020 72920 11910 33965 9871 92491 67191 %n4831 15
50827 28446 69579 13468 7180 3264 16529 28688 1243 83092 84212 61281 27682 7706 76819 %n7527 11
48315 35716 12886 773 13015 49191 28676 11972 66652 58374 22091 %n6629 12
3860 86550 90752 94624 39282 49615 19529 42281 90433 61480 57771 4669 %n8896 10
56703 53715 94135 63918 86695 25964 51556 57216 40423 27268 %n6707 6
24140 33873 94884 24577 96454 21693 %n8539 8
59016 84717 22034 16231 29072 13046 87344 28100 %n4153 7
26430 14050 2203 6575 54934 74898 57954 %n2586 10
35149 41490 77225 68526 91979 37564 89603 32898 61708 94260 %n4205 7
90600 31424 36661 84868 63659 87324 39799 %n8541 2
1070 36630 %n6841 8
36363 245 14752 14435 12035 44338 66153 59067 %n2312 12
67019 18054 59419 68026 40398 32220 86964 81619 73438 69068 15773 72580 %n1964 10
27601 29525 59308 71167 4600 49298 68273 81737 83950 21587 %n1026 8
62751 3981 79495 7575 22284 38403 19898 6937 %n4922 5
78144 60361 66909 47717 17975 %n3845 8
7515 80989 14049 39922 10069 30736 86043 61163 %n9599 6
98499 15213 69179 18410 58414 68935 %n4529 4
87769 21128 51740 40810 %n1835 3
90390 3724 17762 %n5147 7
34569 17198 50156 21710 47986 32032 19437 %n8209 8
5479 56320 4613 61196 71422 30149 60044 12559 %n1856 3
29085 45886 76673 %n10041 8
34684 56417 42100 30090 74327 51634 35996 66997 %n1997 7
97567 36959 79845 76328 71307 94875 52177 %n4814 4
53903 91916 70174 9865 %n450 7
70575 75497 40694 26318 7813 67541 2603 %n9148 5
10302 30301 8196 45624 5829 %n6574 8
64384 67028 15325 76366 82230 38893 448 6337 %n9335 4
46333 31149 41771 18274 %n4890 6
53601 86528 59420 6181 22903 59022 %n3012 3
11322 31244 97158 %n6405 3
77172 38526 98710 %n952 4
3928 74207 93109 61444 %n8992 7
78902 21265 20804 63728 29108 51873 28336 %n10032 1
91868 %n8545 0
%n9741 4
19209 92232 80981 64659 %n577 3
32541 47730 11351 %n5883 0
%n8341 2
22204 74893 %n74 3
47553 32379 6667 %n1220 3
16259 67033 13274 %n4302 6
5459 97483 7818 95167 88994 39535 %n3046 2
35385 3030 %n582 3
46406 2758 42523 %n4020 2
67142 86537 %n7451 0
%n8306 5
59696 50832 60144 93327 40629 %n6124 0
%n2305 2
36417 63456 %n3118 2
70475 66273 %n435 2
32587 38777 %n5983 0
%n7082 1
35602 %n1370 1
98084 %n8207 1
50724 %n636 2
46646 1952 %n2223 1
16528 %n6429 4
75303 7379 15855 4631 %n8812 2
11020 81052 %n9207 3
23414 29546 75197 %n6361 0
%n1163 2
56338 84637 %n5448 0
%n4067 0
%n301 1
80510 %n4095 3
90411 61722 57236 %n1091 1
30160 %n2821 5
7394 56082 20133 26903 79804 %n5292 1
5279 %n4342 1
1099 %n2681 2
70289 50643 %n3795 0
%n8524 1
76723 %n9366 0
%n5236 0
%n4866 2
4778 86050 %n1464 2
2493 12599 %n9303 1
63290 %n7803 1
76862 %n5205 2
63505 24470 %n2893 0
%n848 1
8007 %n6214 0
%n6272 1
98753 %n5419 3
81267 56909 61543 %n456 0
%n8979 1
2285 %n6754 0
%n7691 1
30188 %n6820 2
98504 8709 %n6379 1
21506 %n243 2
23586 92352 %n1222 0
%n10147 0
%n1567 0
%n4089 1
45685 %n390 0
%n1273 1
18841 %n1224 0
%n3004 0
%n6234 0
%n3444 0
%n3156 0
%n3896 0
%n4445 0
%n4857 0
%n7962 0
%n6730 0
%n10024 0
%n2408 0
%n4295 0
%n1389 0
%n9604 0
%n3630 0
%n2279 0
%n8885 0
%n710 0
%n8828 2
39764 77103 %n1076 0
%n5414 2
89894 48081 %n2341 0
%n80 0
%n8124 0
%n8023 0
%n7442 0
%n4665 0
%n338 0
%n6751 0
%n5024 0
%n127 0
%n5700 0
%n8965 0
%n7853 0
%n7347 0
%n1241 0
%n7038 0
%n1084 0
%n8097 0
%n8966 0
%n1877 0
%n451 0
%n1016 0
%n5131 0
%n1623 0
%n7202 0
%n2309 0
%n10165 0
%n908 0
%n3151 0
%n3352 0
%n7470 0
%n1787 0
%n402 0
%n2842 0
%n9548 0
%n10034 0
%n2213 0
%n1882 0
%n9368 0
%n9275 0
%n1450 0
%n6524 0
%n8631 0
%n2687 0
%n2175 0
%n2570 0
%n7640 0
%n524 0
%n9254 0
%n1355 1
42169 %n2634 0
%n2890 0
%n5465 0
%n6138 0
%n2858 0
%n1341 0
%n9962 0
%n4105 0
%n9848 0
%n3094 0
%n5478 0
%n4585 0
%n2704 0
%n1968 0
%n4758 0
%n9999 0
%n7223 0
%n3655 0
%n9489 0
%n6565 0
%n7235 0
%n3113 0
%n9501 0
%n1990 0
%n4851 0
%n7372 0
%n6906 0
%n2818 0
%n2468 0
%n77 0
%n8815 0
%n8243 0
%n7037 0
%n7821 0
%n9830 0
%n5301 0
%n2487 0
%n9610 0
%n7095 0
%n7263 0
%n1308 0
%n9035 0
%n3168 0
%n2198 0
%n10078 0
%n201 0
%n5338 0
%n8048 0
%n5909 0
%n3309 0
%n5172 0
%n1281 0
%n849 0
%n3961 0
%n6032 0
%n1171 0
%n9845 0
%n6024 0
%n4307 0
%n3706 0
%n1774 0
%n5895 0
%n536 0
%n1117 0
%n5440 0
%n9294 0
%n4660 0
%n6068 0
%n2749 0
%n