40
807 125
97611 38156 86627 62366 9528 35042 73425 76456 96390 13681 59350 79083 75753 27755 40932 74979 10881 50547 98907 19850 84890 89304 38180 48658 55983 87070 66388 17610 56627 84264 40360 78560 73791 41250 51080 86912 25472 69038 1308 1115 46863 33216 78315 79296 18066 40713 17195 36351 57453 69612 59194 51190 94022 65469 26167 65769 54855 7041 74118 93795 93393 31620 91398 97421 63198 66308 31497 38027 54697 72142 43090 366 78915 14564 72830 1943 8425 46463 31734 51668 39554 43257 54539 36717 69211 89538 78813 32629 46284 14868 80506 34952 50738 16719 4505 38209 73404 7958 85590 90834 14274 98930 30222 59953 84214 26613 18694 2352 6643 33739 24915 4714 54393 58828 50898 12089 1621 61061 88996 52028 27248 41522 48583 4640 50254 %n1682 95
86651 48004 91429 81073 23162 76537 21136 61903 53300 17533 21902 73693 79315 29220 87244 57501 82167 38852 32062 54184 65383 42881 88098 67560 51504 32831 64464 71263 89064 49863 41529 79291 83432 71583 93676 36539 56657 32490 58681 83400 50723 13243 35509 25168 88360 74586 46050 49253 17260 19730 5769 92434 18887 48195 2655 60393 71943 19741 84684 9775 18042 9377 17732 59542 58784 47991 57760 44823 54448 28523 45040 59600 56789 45034 98920 82665 82412 44133 27330 25844 20766 50746 48169 96042 96659 75536 4918 81080 79549 59893 50309 17294 70378 57717 85512 %n1026 73
44360 28029 87537 2625 71322 96399 7459 15642 51928 22141 61874 7292 35542 55653 36989 6339 8640 40552 54456 20287 51109 68534 89962 29938 63445 26580 47319 81473 84916 20254 6135 56167 40207 95368 25930 70111 88965 19802 85679 82391 68082 29499 27745 25305 30869 53273 23087 58783 41200 1378 59633 10292 80247 81971 71473 53815 68752 31893 13310 38117 57997 51536 37446 13127 91703 95347 54740 15953 57019 65274 95507 39876 41276 %n77 65
13306 4809 24136 49804 58648 95478 73804 65891 9048 24244 30130 98466 65898 77270 76536 31552 39964 38565 69960 1924 82215 59141 70362 74721 35943 55879 14924 84001 74796 37167 70309 59051 96295 70775 51015 55026 32447 10612 33206 72933 89359 96506 30827 97958 85606 79319 8706 83206 62634 40200 31292 21105 48593 1880 82810 57727 90580 42412 12277 68383 64993 19587 30442 72579 92435 %n5292 42
82646 55903 325 62939 74478 44017 33844 18850 57333 16987 84262 26810 5010 22740 82230 39581 17039 23461 3786 77069 31427 79909 64200 5423 68289 33088 12513 25993 12520 83344 69903 95540 53324 99636 96109 46492 59460 29771 16505 74527 57688 17838 %n7791 40
28729 45276 24412 42489 52979 6690 23844 67520 8458 66535 74726 58309 88572 51404 32065 67598 78210 51468 99916 32539 51905 15506 28793 86158 99179 30161 77746 61836 5099 54867 38693 68172 25115 57942 3565 54662 41034 46809 62027 88513 %n6343 24
11118 97032 58978 95619 1344 45246 37432 8375 50855 36653 91865 2150 86501 56810 77146 95291 79984 88203 38969 27715 64346 68679 28265 56375 %n6244 20
36941 82628 59781 21190 78373 62044 78153 89438 95655 57124 86232 49130 11880 55062 97982 97773 22113 55335 30782 80775 %n4016 17
81760 58652 55163 43466 91867 53008 71302 55126 34945 3700 51990 86499 56600 46667 95065 48039 38722 %n538 12
27799 5949 53393 92318 45149 39882 53941 2202 5427 88428 66382 77128 %n665 10
56591 97035 29347 87501 52986 52596 66260 73934 92332 40870 %n7548 10
10589 17774 3266 17725 19203 65565 10299 28828 31682 92302 %n306 6
32565 72154 10073 17826 86324 63281 %n1700 7
16580 85457 80163 44790 7986 46745 67259 %n5230 2
46839 84770 %n7991 1
1071 %n3785 4
9608 90743 67502 63653 %n3193 2
86530 82401 %n6114 0
%n2669 3
50285 43024 25444 %n3367 0
%n6088 1
75597 %n5803 1
64891 %n1123 1
72318 %n4587 1
96654 %n3295 1
56147 %n5735 0
%n6335 0
%n3748 0
%n4638 0
%n7402 0
%n5983 0
%n6043 0
%n5258 0
%n1578 0
%n2724 0
%n1827 0
%n4227 0
%n4445 0
%n7171 0
%n