94
2042 303
35194 43699 93971 75801 53617 66648 41806 7980 88886 14005 45176 76247 64148 18499 90121 92787 43718 71433 62344 89273 65970 26177 49729 69817 83692 83427 94749 25204 41049 80149 90212 85204 10020 96547 95837 43615 70383 33218 63142 27791 59238 1825 95380 66623 42562 84883 51700 67947 29452 8827 64781 32516 59562 13964 27442 80529 10126 77382 17469 38005 17827 61849 69856 94832 99944 55433 4154 43616 28847 1363 69865 61013 41088 48655 64926 43192 98289 98159 82810 9545 4184 28855 7845 73251 94824 11805 27943 19921 96560 41109 20726 85578 77020 52040 4390 21885 31454 10780 45104 62065 96000 98269 29430 41836 60183 94007 47937 46417 97547 37443 9109 17899 73493 56150 73816 51572 3021 36655 66917 95585 1649 59015 59754 66845 7768 18054 34408 7404 17984 96695 91527 82334 67295 10631 8193 81461 44960 1732 40336 46344 74822 36570 41204 59756 2291 66996 32771 76942 56358 38068 57322 83328 10409 4682 18237 39438 63871 87719 70690 26214 80788 55747 29142 46393 52890 32975 19895 2103 5248 63593 42767 99471 36740 71531 4030 95609 14924 62703 9968 66979 58391 19082 68940 90077 45590 52684 48478 8132 62907 19328 77967 89552 10890 86637 79222 41422 999 10147 53078 23799 75971 45457 82216 54312 33076 63323 10474 20548 45685 29272 78381 79340 38684 67081 53472 29283 47492 21391 52838 71368 7903 55264 9926 22467 24410 74081 24138 20338 15627 47368 44651 44495 57451 36260 66853 99643 84738 84638 63531 66970 30426 99829 45541 67853 52761 5711 56602 81420 13470 88968 66383 62653 44816 97963 22882 84320 64872 84821 77046 29435 3007 7110 77754 44319 57428 11869 51975 2323 50252 41 38893 1670 12231 93038 33553 16744 27923 52772 42816 2286 10686 95631 23795 50748 31327 82343 40652 76792 22583 73476 39722 41923 4581 20274 18083 74305 89442 42719 79991 59043 89300 9534 50379 %n911 191
3966 38931 24728 47120 70526 25076 70367 20516 47058 74165 77069 54242 2811 41066 81301 60420 66165 14692 39588 52725 22440 63629 72684 10209 6274 31742 93529 90921 20216 532 69901 67101 5433 41672 63757 39114 73364 16663 80692 90435 77437 18209 39653 43376 28568 542 84149 55046 21027 97245 41535 1303 47450 44425 55080 91012 58658 38722 34198 75929 54523 81757 49407 6139 98766 60386 23916 10966 85188 36615 38574 25022 17287 83931 902 59725 73698 5425 21424 15542 19405 32240 67881 69179 82790 55791 20387 58655 68898 76944 57901 71822 40814 59175 53337 42435 83168 20543 85307 80318 2977 90449 64178 78944 18939 16032 5346 64201 64351 72521 60511 50483 42954 29031 98334 26838 12779 68162 83321 2470 20466 31176 68740 26730 77012 8585 9397 13828 35104 85407 86092 81293 44358 42211 712 75047 57706 44537 94455 63979 90711 56955 52680 7424 8332 82877 59523 75366 48242 17838 91421 91969 92831 70885 72116 78151 69437 8534 89633 55843 35966 33401 47123 82746 22157 10836 50134 87282 53340 44842 89186 41371 71150 26016 25604 23148 77188 70567 65340 31088 64517 88063 15176 78347 1332 22309 29963 52613 8495 63332 86553 %n2610 105
84278 14192 71620 55088 42472 40109 48746 61450 56778 29835 39603 79170 36117 40973 73187 87765 75954 1847 399 94482 57864 10714 13169 98675 27367 89533 86992 18126 68173 21851 37624 97764 97923 45611 63890 76899 92943 60145 13204 38876 9611 62018 55543 32732 24862 91351 60187 39172 83709 33748 8461 58687 99523 42163 80307 29193 16096 36847 30322 72893 2097 29497 31616 3361 97503 2975 30196 34480 98864 50978 91436 60119 69082 14858 1884 15358 1890 44969 13736 15667 80319 31915 66609 15934 23363 87814 66902 20102 28591 8780 20281 27757 28613 42151 49665 35486 67451 35595 32950 5804 45650 56250 3106 93669 35353 %n1094 57
89540 34252 9940 88564 80099 78622 65319 14845 58951 17776 83621 44770 52690 61496 419 15322 22012 6366 14769 74234 81033 49281 56009 97327 32167 90827 47184 58166 22812 18298 40804 56412 40382 6311 8199 49047 27346 20206 22050 83993 3319 42889 70849 49668 21267 83143 23918 76598 38268 89262 58719 44335 28482 98745 54645 62175 23719 %n1751 41
2241 57710 63828 8081 13532 45395 50464 84586 62004 48600 67233 94871 14612 74767 61766 62393 10935 62898 33640 36207 732 91953 84521 19055 90761 93284 72193 78185 43797 31946 20169 19216 7883 76073 80967 99160 49813 47032 10155 16548 53418 %n2444 15
82489 23104 21693 95917 17115 86075 74985 88441 11935 45238 10257 50021 40806 41366 71633 %n3155 9
91669 2231 98801 26469 28544 28486 98961 61744 97997 %n16 5
97864 47440 48305 48744 90011 %n1296 6
82883 86839 63442 73533 38230 88475 %n1479 3
12069 17654 40826 %n2531 1
43331 %n2980 0
%n2989 0
%n340 0
%n2246 0
%n1645 0
%n3169 0
%n754 0
%n693 0
%n2159 0
%n3077 0
%n3203 0
%n418 0
%n3073 0
%n3112 0
%n2524 0
%n703 0
%n2378 0
%n2130 0
%n744 0
%n2165 0
%n439 0
%n2282 0
%n1880 0
%n559 0
%n836 0
%n475 0
%n2963 0
%n3128 0
%n752 0
%n2293 0
%n2551 0
%n2231 0
%n3263 0
%n2351 0
%n164 0
%n1060 0
%n1522 0
%n2888 0
%n2735 0
%n1460 0
%n1459 0
%n700 0
%n347 0
%n1942 0
%n3050 0
%n500 0
%n1798 0
%n553 0
%n2596 0
%n3117 0
%n440 0
%n2340 0
%n604 0
%n731 0
%n2908 0
%n2446 0
%n923 0
%n1885 0
%n286 0
%n1750 0
%n2648 0
%n605 0
%n2580 0
%n2164 0
%n1941 0
%n910 0
%n857 0
%n1008 0
%n176 0
%n2687 0
%n1580 0
%n2428 0
%n343 0
%n567 0
%n371 0
%n2518 0
%n1652 0
%n771 0
%n2736 0
%n2261 0
%n1316 0
%n2218 0
%n1415 0
%n