237
4076 167
20810 34078 10770 23375 32541 54764 46670 9986 86565 13424 28456 19886 29971 47097 58935 97826 54014 42875 32502 61998 15121 84418 43869 99191 87504 85237 96102 76947 77756 80421 21170 72241 43621 77011 82850 96491 92424 18552 71049 10616 87605 46103 52915 1401 43031 49725 68740 37800 34897 77105 19156 972 48009 18700 64190 68975 29105 12690 84827 71223 68760 75995 96355 22562 26257 20043 85377 95121 49816 52524 3505 14429 94076 31015 61052 1985 5496 83799 26981 71093 12953 32496 93747 41011 23988 78139 59434 99447 71402 35339 49612 15740 46244 4774 58666 78744 19441 72510 6446 51251 67094 69446 86972 43044 54071 19967 95297 50037 77858 90071 96063 52052 62562 80593 57856 20045 60866 81766 43904 85354 39987 14571 56773 67182 15132 1235 38868 97443 8356 49956 91223 87615 89772 75884 32788 27627 27015 19212 23630 86000 47512 9764 82564 30432 46972 80826 2760 18044 85683 79870 11316 46537 25846 14906 58128 7039 93542 72662 42172 8597 24175 78473 3674 92080 63027 18937 17331 %n4808 114
52339 51986 40764 12611 91365 83682 5910 80836 91078 14733 44476 37146 83140 7963 77133 84311 3566 67618 31791 54544 87043 18880 26288 75323 10564 13750 20877 37947 10286 1493 96437 19096 63717 91812 25829 41267 47985 13577 19104 91958 28488 51984 35677 19241 53706 46558 77204 95899 8095 82379 48218 46401 52564 94403 81519 55764 99002 8916 51014 93123 5670 2498 63762 36681 79566 87432 50731 99215 40157 64012 77964 63225 73822 87776 16216 96365 23891 9727 47786 59844 20125 45744 59441 80861 71520 76198 14878 68255 23836 39861 26823 3773 56303 16265 91334 91779 82534 11736 81038 60534 28492 65224 98626 34728 45601 33702 89706 63339 88570 83702 24996 82057 13713 45027 %n3355 70
95531 20926 43681 84072 68666 30674 70646 25372 78717 46795 78249 91553 93297 35944 96315 54094 98920 8223 76617 20544 35980 55707 56152 58780 31426 96607 48609 11431 20265 95748 83652 94601 27524 22056 23446 66030 19354 6090 15205 92832 42171 73170 54349 50134 75029 93284 71300 79670 87144 43276 13855 94871 60177 19263 96313 90875 85019 45155 42918 56936 60312 18259 662 8489 14803 74846 37327 73332 4018 23854 %n3667 45
15967 41736 16141 72593 37066 616 84411 50168 59346 88230 29010 78224 73925 25514 68064 23940 58670 91975 46687 49879 83089 94082 6073 27256 7000 97243 27839 54770 24668 31497 84322 33133 43339 23669 18456 88268 82591 41107 37635 35300 42676 715 65742 50294 85879 %n4423 28
32149 81438 51195 34499 85645 22282 60439 73951 70865 76509 14090 74547 40542 16404 59314 82704 99249 17940 20339 49870 17879 318 84676 86170 64207 92411 13329 90791 %n5806 17
44041 49266 78818 33303 10466 23027 96176 22699 84805 90620 67487 97865 5061 31804 31253 9391 32510 %n1650 15
25410 95546 38781 91814 94676 98545 11211 33509 70557 47386 99482 15954 49547 94492 37116 %n777 8
31707 78880 12602 57632 4398 84657 86423 59121 %n5401 5
38020 84263 44930 20049 42851 %n3153 2
59900 98350 %n3432 5
97004 29920 69536 76665 36956 %n1941 1
14975 %n4173 0
%n2301 0
%n3982 0
%n3106 0
%n300 0
%n1586 0
%n4203 0
%n1406 0
%n4591 0
%n5727 0
%n1539 0
%n3808 0
%n1535 0
%n2349 0
%n4499 0
%n3464 0
%n5586 0
%n5942 0
%n2336 0
%n5730 0
%n3881 0
%n2687 0
%n1030 0
%n1128 0
%n5056 0
%n2890 0
%n2148 0
%n4510 0
%n5602 0
%n1417 0
%n676 0
%n4461 0
%n3673 0
%n1253 0
%n3498 0
%n4584 0
%n2476 0
%n1284 0
%n5618 0
%n1745 0
%n3610 0
%n5834 0
%n3215 0
%n4146 0
%n2876 0
%n4660 0
%n4034 0
%n2572 0
%n3620 0
%n2615 0
%n5879 0
%n2721 0
%n5962 0
%n3890 0
%n4311 0
%n5875 0
%n37 0
%n3828 0
%n2364 0
%n3341 0
%n4114 0
%n5294 0
%n3741 0
%n5002 0
%n3788 0
%n51 0
%n4205 0
%n5816 0
%n2825 0
%n2288 0
%n2081 0
%n1310 0
%n5765 0
%n1775 0
%n5273 0
%n2405 0
%n5258 0
%n4594 0
%n3056 0
%n5977 0
%n1260 0
%n5099 0
%n3168 0
%n3406 0
%n785 0
%n4299 0
%n5595 0
%n573 0
%n1250 0
%n2864 0
%n2528 0
%n1505 0
%n5173 0
%n3887 0
%n5381 0
%n4691 0
%n571 0
%n5704 0
%n521 0
%n431 0
%n3160 0
%n4672 0
%n5409 0
%n1222 0
%n1268 0
%n4427 0
%n3908 0
%n563 0
%n967 0
%n2693 0
%n2195 0
%n4359 0
%n3903 0
%n4191 0
%n1994 0
%n673 0
%n2234 0
%n1587 0
%n391 0
%n4343 0
%n4503 0
%n498 0
%n3933 0
%n3674 0
%n4384 0
%n1838 0
%n3450 0
%n2245 0
%n3223 0
%n3708 0
%n810 0
%n2418 0
%n1843 0
%n433 0
%n5927 0
%n89 0
%n2119 0
%n2254 0
%n885 0
%n1637 0
%n3324 0
%n5995 0
%n2146 0
%n5309 0
%n5560 0
%n5275 0
%n3773 0
%n5901 0
%n4200 0
%n5832 0
%n5844 0
%n1525 0
%n5637 0
%n3941 0
%n4753 0
%n1655 0
%n2594 0
%n126 0
%n3871 0
%n3204 0
%n4128 0
%n3012 0
%n680 0
%n5070 0
%n638 0
%n444 0
%n2015 0
%n1139 0
%n1779 0
%n4546 0
%n275 0
%n755 0
%n2229 0
%n4604 0
%n883 0
%n1736 0
%n4190 0
%n4871 0
%n2365 0
%n5778 0
%n1338 0
%n5579 0
%n5563 0
%n3228 0
%n4515 0
%n5552 0
%n5632 0
%n4180 0
%n1885 0
%n2125 0
%n39 0
%n639 0
%n1915 0
%n2033 0
%n519 0
%n671 0
%n558 0
%n4354 0
%n4486 0
%n764 0
%n5442 0
%n5738 0
%n1375 0
%n1819 0
%n4995 0
%n1079 0
%n5505 0
%n4104 0
%n3108 0
%n3175 0
%n492 0
%n4993 0
%n1101 0
%n4593 0
%n5854 0
%n5262 0
%n5109 0
%n2261 0
%n5796 0
%n4464 0
%n1654 0
%n914 0
%n2812 0
%n1612 0
%n243 0
%n