85
904 188
25360 97620 3116 42878 16091 9193 99984 75661 25014 37974 45795 96162 24205 92157 16093 6343 56198 51832 84730 36730 86326 64037 44216 88082 8989 23319 34506 76618 31077 31192 82132 18434 41300 30002 71599 73213 76740 58930 81434 38539 95037 58399 44925 18794 51256 93193 53171 93827 61786 95105 81272 88156 37813 49224 71568 5004 39268 32772 70155 50069 23811 12902 24567 24856 32699 71480 81260 48410 87053 27870 34361 66806 9794 70374 81179 53710 56475 34971 90481 65720 26865 8287 4566 70412 86698 50132 91910 27064 36942 551 51369 31550 3954 77978 17510 75582 89445 564 84895 27010 88591 85951 28558 56240 95330 25914 68902 8595 63235 91126 32846 52347 29973 63096 75036 49735 26395 20062 80893 87725 90748 85639 9378 52886 14107 78715 94841 15855 38731 55395 5916 16695 74219 74365 25211 18406 54384 72401 38503 76184 31126 326 85239 21234 84923 50337 56124 11389 37951 14530 19661 30691 77914 47132 89685 64684 79984 22169 25337 93166 34558 87358 55057 55192 38457 12643 35408 31877 92479 61531 63331 68729 99849 5799 84236 79456 97654 12725 49901 91563 93447 27786 77315 43135 1812 57771 16017 87943 %n2568 130
54186 31305 69055 56394 92568 77982 89346 9984 32493 6520 89658 38077 84320 71784 32325 5973 15236 68377 4819 17587 57835 79947 76357 1085 21610 42292 22070 94477 15335 30287 7995 59742 41809 41831 34792 46649 94956 10159 14735 95116 56332 93681 68286 19115 90960 91353 63909 99026 97405 71693 98613 20357 36358 83916 65268 49314 81160 19530 64224 92067 80288 131 18389 21535 78896 63068 82034 38285 614 38304 63600 61917 91811 25443 34810 43265 49843 8487 59030 63562 34230 65738 28923 29328 54492 13305 67334 77676 97029 73127 22899 95251 76738 52354 33002 20718 53735 96805 22584 7591 99758 68683 63606 86649 96695 99198 95766 65678 2194 46661 30026 36024 63191 37081 78502 11814 16343 28489 34734 48644 17065 87610 50003 86955 60843 35132 83852 5021 13161 30582 %n1732 85
27238 10568 81968 9699 95172 43659 35877 33257 46980 22730 15913 65992 27439 47732 73153 15309 52942 85607 29427 41426 40184 68008 35728 30973 28468 67952 27367 52067 28577 32314 9624 43961 95681 11965 46035 35114 72557 71912 24886 84605 32655 76786 17949 60382 68256 95327 62579 19362 26435 36747 35991 85666 53317 58538 5727 87327 79287 74706 61940 98663 87900 85960 81733 75466 57958 98890 23150 23219 88849 35137 65689 74563 83155 38850 47611 39415 24243 36003 39666 6061 44877 99922 9803 31497 61981 %n4470 61
37479 11488 93016 98020 63294 35797 61837 45322 94423 92859 26463 59881 39854 7035 24315 43594 17428 42577 65043 29037 87080 92405 94481 77622 31648 44675 92888 88496 41329 91908 2440 99956 90584 28746 55574 26954 88919 4936 4863 97698 25532 62624 99995 35914 48907 45502 61323 75377 46024 75163 47250 8737 97479 82340 86301 45849 60804 67965 53903 35189 60100 %n274 48
80027 49194 75625 58410 11763 91051 21855 37405 76803 65146 5469 84495 19759 61121 15768 40313 29653 54771 65436 21884 32841 8806 13237 72707 26629 36964 16946 2173 88253 97616 85721 74094 66239 40677 35 48715 41441 13520 35805 26833 44390 55967 6293 69999 277 50141 4962 24277 %n1984 34
72659 76667 93526 35695 53031 6829 67805 427 86827 32539 14897 16461 1283 31229 35171 48658 37043 62938 46222 90344 41226 91722 26610 8156 41186 94153 68769 33316 77878 18152 69386 16970 98019 85490 %n2151 21
65085 58325 41067 37899 7418 33276 54971 51037 68618 7293 82669 43146 13292 35987 75504 62647 10231 96107 55622 40877 69724 %n2507 19
32538 71598 37648 40859 13154 98060 72442 62778 32025 20487 85888 10480 27363 33655 33029 16272 2551 72420 79656 %n3834 14
55120 31939 64127 92862 11970 15874 4087 37461 77876 45113 20823 20181 13804 30736 %n3810 4
97399 52093 65030 42438 %n2034 7
49205 34748 34045 58119 37668 76213 97607 %n4079 7
7139 58783 22506 95389 45591 52375 9322 %n3513 2
87147 87107 %n3449 1
12344 %n443 2
88507 7557 %n1295 1
40480 %n3282 0
%n4332 0
%n4453 1
40866 %n5214 0
%n3474 0
%n1293 0
%n2469 0
%n1676 0
%n2505 0
%n4589 0
%n5205 0
%n2485 0
%n2031 0
%n2489 0
%n1563 0
%n2794 0
%n5008 0
%n4950 0
%n26 0
%n2552 0
%n3473 0
%n4061 0
%n76 0
%n1554 0
%n600 0
%n2473 0
%n4899 0
%n3475 0
%n1521 0
%n1120 0
%n1137 0
%n5036 0
%n4021 0
%n4574 0
%n2836 0
%n178 0
%n1151 0
%n2805 0
%n4687 0
%n1683 0
%n2470 0
%n3979 0
%n4646 0
%n5004 0
%n3907 0
%n233 0
%n1050 0
%n1572 0
%n3509 0
%n2434 0
%n4604 0
%n932 0
%n4969 0
%n2201 0
%n4678 0
%n3761 0
%n4099 0
%n341 0
%n1836 0
%n3753 0
%n3719 0
%n2287 0
%n2757 0
%n4798 0
%n2572 0
%n4073 0
%n2106 0
%n249 0
%n1266 0
%n