59
109 64
10698 22388 530 8406 34690 23905 5970 41739 41971 30471 38884 10943 8491 2959 293 19368 10594 23220 23750 17016 13495 24288 1810 22980 32854 9333 12604 16699 17482 11202 34610 113 36207 10269 20006 10767 35945 30799 10900 17786 36217 10842 17612 12084 15264 853 25051 40261 33277 38906 4474 389 3169 9592 27000 32502 8441 32693 26504 4690 20303 10602 5626 23213 %n142 15
20735 36198 31374 33460 20580 41615 16613 38077 22855 26441 26927 31000 27938 10569 33509 %n184 3
28567 10701 30450 %n135 0
%n5 0
%n144 0
%n79 0
%n52 0
%n91 0
%n10 0
%n83 0
%n56 0
%n14 0
%n118 0
%n1 0
%n105 0
%n101 0
%n87 0
%n74 0
%n207 0
%n130 0
%n64 0
%n167 0
%n124 0
%n128 0
%n197 0
%n137 0
%n216 0
%n182 0
%n220 0
%n225 0
%n8 0
%n44 0
%n129 0
%n148 0
%n40 0
%n7 0
%n30 0
%n224 0
%n177 0
%n181 0
%n173 0
%n89 0
%n134 0
%n93 0
%n68 0
%n55 0
%n36 0
%n97 0
%n145 0
%n9 0
%n65 0
%n203 0
%n193 0
%n4 0
%n114 0
%n166 0
%n81 0
%n28 0
%n