218
625 133
43006 99432 94861 6558 66957 48230 97809 15973 19834 5551 96730 54278 50088 367 22391 71658 62408 9420 3462 22277 42696 95934 92691 28253 81779 35027 42412 58914 45754 84663 60112 45215 65046 24956 15058 53779 29551 26843 16897 70740 47552 77692 97258 73625 78900 98701 54843 25835 69497 87656 19121 73488 44069 91761 56766 74468 51117 2510 66794 36134 46478 80696 91448 35008 86416 15461 4220 26399 51919 14458 41877 89719 53 96609 23928 50720 74888 74307 21780 32104 1152 34256 47235 113 5753 78257 47399 5442 40397 62202 16677 99695 92348 30650 12936 42011 56429 14800 95512 92471 29375 56533 9628 58886 3692 4038 84012 16438 25759 89161 87232 910 8429 60027 94095 64311 33833 48527 57529 87562 54608 59529 93677 6260 8409 19049 35354 47562 42146 60552 27531 21472 83068 %n277 113
27883 58726 95402 19231 53137 52404 24352 86463 79920 78697 6799 53583 21574 81993 48465 50546 15165 10942 75673 39038 25000 25543 97851 71294 45585 89608 55304 70307 18977 87713 38851 58292 43755 83999 16845 29862 33030 79844 10668 30556 53389 48700 31753 45035 38511 87891 83740 30953 30119 61598 98698 54864 42728 99420 79670 55952 86471 68471 75985 9309 66942 57404 30345 75328 55181 68529 67871 51084 45726 81323 53775 5582 70364 9133 28697 63442 82175 18340 8134 34414 75687 56732 66105 12831 92936 84107 83456 48221 13285 70766 65784 71779 43701 50854 34681 78425 6707 36425 15883 32249 36551 53973 38768 91722 42059 13349 62432 37639 58102 17697 18507 5838 60983 %n1045 78
93983 98933 24282 55626 87861 99788 42289 39310 57328 10691 47852 31057 85093 7579 60454 67423 21714 37493 88434 23407 43932 53697 56151 57274 19154 16917 87145 52068 95283 66305 11962 99433 29316 58520 54992 1054 46494 71153 18656 35263 20104 3878 54187 33031 63890 90512 28769 16217 3973 30265 17361 26819 44687 37044 94377 36070 11448 44635 75015 83910 43466 51263 10497 20018 39091 1544 19682 59667 71838 41008 6008 68983 18849 79440 32418 39305 76517 48641 %n685 59
72154 9251 57359 66946 73970 71185 5780 15071 37125 10464 14791 7497 51100 75037 20737 64708 294 55501 96429 36978 87132 50848 31168 19296 83842 1877 58331 20632 77127 13356 1320 53190 33908 28024 110 17101 68828 7013 7573 6454 99650 11135 10396 82186 70609 2996 60219 5939 42873 35684 17053 78407 23653 74768 27203 72135 11740 76468 8449 %n891 57
77796 59520 62810 21425 50087 3076 52681 12232 87095 96294 32044 96991 549 96564 8918 88764 47906 70146 4263 71721 94302 12510 69041 33736 19573 49845 18991 71209 92260 69508 74728 90065 64229 61565 73196 39380 14735 46091 6377 9332 68096 61834 30806 42595 20978 98858 65847 77185 8167 35619 62999 94 40319 40809 66336 45321 5800 %n1202 43
69848 65191 64589 11905 90243 81709 66391 50413 67391 31365 93023 86778 98549 47323 56399 72810 53330 54127 6905 9946 37946 11035 560 40638 93353 87102 61799 18440 67443 64391 8566 50709 87282 6148 6690 31203 71050 28964 55081 92683 34575 30080 24164 %n124 45
50464 39156 51050 25599 50564 88424 67679 51286 47021 45262 10212 81475 68946 67832 67692 42822 32568 97202 1194 51954 89506 39393 8012 81096 11250 2150 94884 66328 80701 48241 78154 43914 21678 2022 93678 41574 3216 4256 86166 23662 71245 42483 94510 54639 72849 %n948 34
90323 74653 5980 95909 5968 39308 91323 50071 97776 25704 30666 21353 416 82686 40537 47756 6613 43611 24904 87866 82072 29685 26126 33478 97917 25136 29745 38130 43934 1579 7549 34886 76333 242 %n686 28
16228 18831 39224 56945 31876 15653 37016 94745 17253 80254 29956 10339 54000 89131 77390 56031 73337 11376 63057 29600 14964 17687 21193 44384 42814 97109 68723 82715 %n1195 18
57814 2393 66117 90310 59661 25707 15600 70692 71001 54146 97832 6409 82831 60743 3984 92851 69976 56116 %n220 8
27022 70033 92987 10952 74481 62115 20680 22905 %n628 10
87402 16746 37908 92836 22815 11226 3784 69387 68198 69639 %n1216 9
7484 34788 58541 50691 73355 15091 87806 53656 1876 %n845 13
27525 46431 73432 69257 48325 38189 83950 66338 79820 86128 15821 46865 52326 %n1343 3
19552 3057 75034 %n1000 5
34502 38576 58145 21927 66485 %n1091 6
82526 62940 98735 89687 13369 91948 %n1155 3
22743 79826 496 %n884 1
70455 %n694 3
88340 94509 40175 %n129 2
42884 73770 %n602 0
%n1161 0
%n155 1
24385 %n831 0
%n1330 2
78278 22439 %n1299 0
%n662 1
39718 %n150 0
%n161 0
%n1365 1
4079 %n642 0
%n790 1
27778 %n229 0
%n704 0
%n830 0
%n210 0
%n559 0
%n901 0
%n613 0
%n58 0
%n172 0
%n617 0
%n299 0
%n1057 0
%n27 0
%n756 0
%n475 0
%n531 0
%n246 0
%n492 0
%n558 0
%n1171 0
%n125 0
%n1114 0
%n593 0
%n1264 0
%n516 0
%n308 0
%n21 0
%n62 0
%n257 0
%n412 0
%n1342 0
%n621 0
%n554 0
%n768 0
%n465 0
%n423 0
%n523 0
%n376 0
%n1052 0
%n165 0
%n1181 0
%n1205 0
%n52 0
%n1283 0
%n703 0
%n601 0
%n231 0
%n239 0
%n734 0
%n1271 0
%n1230 0
%n260 0
%n561 0
%n673 0
%n718 0
%n725 0
%n681 0
%n1110 0
%n759 0
%n1075 0
%n437 0
%n754 0
%n580 0
%n1274 0
%n645 0
%n808 0
%n699 0
%n1233 0
%n205 0
%n47 0
%n247 0
%n897 0
%n980 0
%n395 0
%n1366 0
%n20 0
%n302 0
%n1078 0
%n244 0
%n1054 0
%n1062 0
%n539 0
%n1290 0
%n867 0
%n1370 0
%n738 0
%n187 0
%n1255 0
%n732 0
%n473 0
%n956 0
%n301 0
%n105 0
%n255 0
%n700 0
%n1025 0
%n1066 0
%n551 0
%n81 0
%n836 0
%n630 0
%n35 0
%n767 0
%n168 0
%n1372 0
%n603 0
%n816 0
%n689 0
%n620 0
%n550 0
%n1268 0
%n471 0
%n91 0
%n1134 0
%n82 0
%n800 0
%n1394 0
%n774 0
%n622 0
%n1206 0
%n779 0
%n274 0
%n1145 0
%n932 0
%n319 0
%n925 0
%n1212 0
%n499 0
%n646 0
%n1291 0
%n102 0
%n297 0
%n151 0
%n309 0
%n345 0
%n1144 0
%n3 0
%n1328 0
%n1368 0
%n1046 0
%n508 0
%n399 0
%n169 0
%n313 0
%n545 0
%n325 0
%n967 0
%n280 0
%n356 0
%n525 0
%n609 0
%n1250 0
%n254 0
%n26 0
%n385 0
%n1325 0
%n191 0
%n158 0
%n991 0
%n682 0
%n1138 0
%n1004 0
%n1151 0
%n1367 0
%n1269 0
%n863 0
%n604 0
%n827 0
%n1118 0
%n1323 0
%n726 0
%n1326 0
%n455 0
%n776 0
%n540 0
%n796 0
%n1229 0
%n324 0
%n1152 0
%n216 0
%n916 0
%n374 0
%n1222 0
%n556 0
%n1148 0
%n