116
5379 110
13770 12168 11026 15080 15532 9939 630 9474 14598 16268 15669 7219 13838 15482 834 7512 1087 10989 13080 11587 3676 3253 1745 15346 4698 7164 3303 14834 14391 12872 15460 13151 6200 10425 12272 7196 5378 4081 13211 17597 17263 989 15574 1876 14613 15224 8646 14870 7402 15543 41 14918 6890 16092 4375 10190 13103 3647 7906 11738 6428 461 12413 5543 18740 7060 3342 18379 14272 10455 3861 9606 4406 12353 3531 6206 14752 9862 9128 6484 2906 9701 16426 14685 15211 16049 994 14826 14040 4416 961 7961 11741 201 3742 3474 8739 898 5973 7082 3459 2059 8099 10683 11901 10021 9163 4017 3907 2507 %n2798 35
1944 9981 17103 1844 17216 4660 10069 2956 9796 4097 2429 16061 10710 5863 2127 7968 15193 11715 18248 4810 12367 17657 14362 7673 13624 17313 12101 7546 7145 4938 8719 11910 3615 10024 12379 %n4773 35
4061 7257 10438 16142 18302 2470 16671 4954 9599 5993 17278 8256 12909 1146 13431 6943 10389 5708 4291 15780 17545 10581 11167 12407 16760 6015 1786 7385 3524 5836 16348 13232 5611 18591 8502 %n3758 35
1575 9177 14858 16111 13350 1891 1010 10694 6658 1583 987 1227 6344 9152 16372 3125 5430 15556 13265 5029 14032 5878 5034 9278 16588 9522 12843 9358 15663 20 14181 15490 14176 6215 6191 %n1451 35
3730 5423 584 17642 8416 7923 14889 11437 11278 12535 4646 9738 13950 7946 16939 10144 9039 7514 10270 2168 13655 15518 4541 16008 4034 9036 12989 6164 7396 15923 10111 18820 16997 3412 13733 %n3033 35
7318 7911 18638 9822 18827 15881 5468 14472 4721 7969 8672 8685 8351 9158 10430 17493 8845 17892 10816 3691 17324 1490 1257 2840 7408 3426 779 16197 183 3410 15200 7162 18690 7093 15993 %n8453 34
3473 13833 1588 2679 17603 16185 4227 8938 4183 1133 13696 15364 7077 4939 10764 17377 16051 18459 12889 5743 115 5957 2951 15231 11280 9440 14269 7935 16874 18115 15717 16449 7413 9408 %n1881 35
7755 18788 12780 15150 16313 14002 10353 3816 4720 3422 1958 13884 15681 12365 4934 18021 7420 17433 16698 4169 5379 15800 3257 5586 3638 18509 17144 7686 3427 1780 6748 13136 3593 10607 10776 %n4442 35
2439 15902 16534 8323 3243 5950 11996 2646 1344 2496 9994 2246 10630 13360 11620 15509 7550 10285 15405 15288 5975 5806 9754 10570 17055 8061 9029 11584 13293 2725 18224 7676 9837 1113 6298 %n6623 35
10603 4790 13472 652 5094 9165 11537 2081 18406 9860 2895 14815 6041 7002 3810 5275 7107 14809 5813 1851 4497 14111 2752 14328 8234 9112 16940 8033 16053 555 4321 10502 4921 16628 10213 %n1108 34
3504 17404 4157 8376 9978 491 13851 3644 2984 1077 17654 9079 14950 12903 12027 9222 12125 11681 12879 5391 1198 17154 6317 14742 10234 6894 4902 2523 13848 11686 1254 7757 4639 1124 %n5668 35
2094 4010 18539 8464 8962 1238 3516 2062 15605 15379 3251 6179 11072 3802 11307 7838 18197 11886 8524 6795 3361 8939 18291 18149 3430 17808 4742 7303 10225 8382 8855 17474 4944 16465 7775 %n787 35
10475 8076 6384 926 6150 14891 1361 1994 9727 2038 3442 8555 2151 5800 8217 562 10641 8377 18054 5472 15018 1285 4412 14106 3379 4387 7778 15996 8282 4800 2784 6861 11380 8216 10697 %n1159 34
1045 18822 14678 8677 18073 9848 16356 11952 17526 1438 6912 9218 5532 6462 11398 16665 11322 17653 17539 15739 17432 3993 12981 8321 17011 156 6506 17592 10673 10592 747 16488 632 1509 %n2802 35
11863 1993 17306 17346 13847 7670 6980 16611 88 12220 10823 2508 10441 7260 8658 17887 11683 5154 2274 12599 14627 5152 18056 17647 6845 16441 5754 1085 9446 13989 17673 6443 7482 9040 1441 %n3818 35
12802 2346 4242 13492 136 16091 301 10785 15341 14785 10522 250 2138 14215 2658 11195 6847 172 6186 11371 16482 11020 15867 6789 12159 13620 10550 6863 11813 9069 2841 2353 11955 4070 745 %n7095 34
1080 8175 10833 7654 14140 3173 9616 1620 3043 10832 11042 2945 18490 3438 13684 12080 7124 4776 11768 13542 5212 9974 3021 10457 15863 12462 495 15757 8470 682 13169 3115 8505 15787 %n1138 35
2513 13819 8146 17136 13839 5463 16563 8987 1160 1826 12351 147 5311 2844 14177 15833 18078 6178 3197 11543 14637 10474 5 12761 18810 4961 10984 7025 7474 18837 9876 5699 1286 13569 8005 %n621 35
13326 10330 10200 1263 13977 3263 187 2120 8694 9138 2490 4560 8615 948 3008 2944 16857 18093 13558 11151 12755 18044 4513 5725 3685 17581 5970 6094 313 13087 7235 11689 13323 7099 9347 %n4583 35
15361 15812 12422 14797 14481 5803 7397 1264 17564 3616 7777 13306 15110 1864 13328 8693 9560 4057 7380 1232 5988 9258 11964 13488 2265 3160 9783 1072 2619 9349 17267 538 12427 3131 7074 %n7764 34
12618 1446 1995 3067 16728 12756 5727 11446 6199 5440 7496 15396 17084 8961 5195 8867 570 12512 9852 16501 8920 12493 5580 17660 8186 18312 3284 839 3764 390 2730 4855 10625 942 %n1131 34
15219 16667 2828 13516 18608 17400 233 1068 10379 18396 7313 14502 3838 10699 3030 16575 15399 9812 5203 16115 17873 11642 17010 1370 15596 13663 9846 11270 1538 8909 7528 16833 4115 3922 %n3038 35
12866 481 1723 4974 9032 9968 16298 18720 13780 13139 6514 17736 3035 9416 2482 2870 5471 10819 13967 10652 14253 5667 18461 9971 14753 4700 18596 14793 12923 17236 17422 1594 5872 7583 11671 %n6660 35
3807 1163 12811 4060 5353 4403 15704 8361 5883 3108 7684 11730 16789 14880 3233 12150 2771 17902 12891 7007 13279 10985 4925 7629 137 2312 8162 17386 16417 8161 687 8585 16832 17000 6010 %n2667 34
7351 10231 15099 16212 17680 5636 5921 3231 9521 3226 39 17692 10283 2287 16825 3792 17277 2589 12959 5274 13734 11423 13309 9202 8415 14420 5216 195 4263 126 15308 13145 3377 9544 %n5438 35
4210 6785 10268 2907 7571 4489 5668 4008 17249 17688 15009 2100 10348 14610 2383 181 3020 11732 5765 4500 8529 29 11470 15615 10166 794 2113 17678 10990 17706 10145 11513 7438 7020 3959 %n3865 35
2266 13383 524 6465 5910 17629 15363 13803 10273 6807 11301 15259 10103 8565 1632 11430 3326 6713 8484 4469 5184 9419 14761 8914 1039 4187 14013 11094 5695 57 1640 465 14442 7871 8021 %n5287 35
16616 11580 16107 958 1692 2908 13982 9905 17554 8963 12663 2618 12999 13665 12251 15041 18190 11929 16945 6072 8991 6427 4852 6433 2026 2048 12562 14223 11127 9378 7194 12911 9892 16062 15165 %n4468 35
7893 12552 12037 11629 12513 6275 4156 17173 2648 0 2307 13426 18001 7156 11616 11677 15047 6613 13874 9952 12249 3947 13868 809 7418 11131 9068 16251 1617 14192 6902 11885 18240 70 7615 %n2795 35
10946 9749 15730 6573 1448 15401 14597 10953 3817 3894 14545 18301 18681 6324 4348 14534 8426 5616 12011 7021 18227 12447 2593 6786 10643 4429 11908 8630 13776 5829 10176 7596 10092 10829 14455 %n1303 34
6512 6487 16250 9857 14075 3191 11859 382 8866 2373 356 4931 9790 1316 224 6590 15230 6996 2874 11611 3283 10196 15335 5726 14580 10493 3003 291 6478 2443 13277 18063 3207 1214 %n2718 35
14492 4389 15262 282 15106 17843 10676 12083 2953 7564 14985 17017 8307 3599 4879 572 7784 5597 3094 9698 2065 12660 5204 1960 15499 1557 8945 1405 3572 3781 3949 9458 4109 6058 16768 %n13 35
10333 6125 15360 15400 7178 385 762 12128 4140 11285 1697 639 912 666 17749 5793 8827 4635 10969 3669 7525 17196 14187 5429 2166 1708 15493 4661 10154 4960 1011 12165 17164 18231 11934 %n369 35
9633 924 9758 17335 6184 18434 11044 4402 12280 6737 14405 6488 13544 6455 8228 13042 10097 17490 17861 1781 5683 14763 12321 2739 3597 7012 15344 2392 8786 13005 7125 8461 5012 7063 17734 %n1697 35
11637 18495 17452 11699 17113 1407 1462 6357 9381 11959 18759 8078 9919 6489 4361 11628 15961 15683 15362 9869 3100 6025 9779 1508 2212 7472 5645 11649 13921 6716 3913 9696 16670 6108 15313 %n4513 35
13945 13831 9077 9715 7047 389 6476 16333 537 58 13617 4167 2996 4730 17697 3507 2367 14497 8403 5115 12874 328 12621 18425 14755 14529 5678 1196 552 6480 1764 1568 11325 12156 10604 %n1061 35
6160 12207 2602 10135 8709 8701 13925 9897 15059 4458 7561 15781 1873 11975 17279 15676 12588 13291 16782 2210 16023 17772 3399 7662 10130 3760 12157 911 14384 980 1983 18018 6640 4012 2489 %n6071 34
1740 13962 3848 15016 5005 9836 1295 5655 11516 15525 9360 3556 2884 15656 2860 14479 7170 5679 1428 3987 18442 13991 2520 12412 499 5946 17865 2729 17477 585 17146 16780 14234 18131 %n4250 35
14807 408 3550 12387 15745 13158 11989 11856 6347 2999 12240 11650 1314 13667 7140 9162 83 2765 4224 14020 6592 1519 4 10316 4112 14799 4152 18370 1853 1882 1551 13422 2687 6505 6630 %n5484 35
12781 5573 7425 9778 3701 9613 14975 12029 12058 10565 10735 17064 1700 13479 6112 10233 11750 16199 16974 9612 3837 3758 16959 2578 14850 2481 14441 10744 2140 11645 17120 7875 6285 7860 3354 %n3242 35
2422 5263 14092 7423 10996 14876 16637 3506 5023 5055 6390 14840 1066 18256 11752 14879 10481 5885 18663 10155 6860 13614 13048 645 18802 13138 14209 227 15198 14414 14535 1313 5528 4481 2519 %n1747 35
674 3773 5165 14388 11038 5884 15916 13682 17946 14860 7024 4629 5746 14714 286 11615 7155 17361 10460 14194 18072 9843 16828 11341 18412 4778 17339 8408 11164 12370 9548 15626 6362 7410 12377 %n1705 34
12927 4734 1760 15247 15668 16831 13250 10506 3800 11163 3262 853 17959 14262 11690 16396 11965 16247 10686 14531 985 3329 10972 8223 2098 1096 6240 12119 359 2337 15302 10112 11362 556 %n2173 34
11763 8575 407 13195 17778 12050 4179 7593 8840 16774 11193 17546 11265 1250 11833 1659 15695 3999 448 3586 10866 14056 10757 10531 14256 3602 1770 18636 8710 12968 8907 17726 18178 15035 %n2533 35
2525 13460 17819 5500 16349 11363 919 15587 8657 7248 14937 11135 166 6530 11576 16160 14594 13074 1421 1152 9893 6788 10746 6810 17045 11963 414 11666 11785 3540 5404 4150 8508 16587 272 %n602 35
12145 9690 7134 9526 15882 17814 1878 16625 7128 18645 4296 370 6216 7960 17728 14112 12196 11532 7237 6202 9508 3799 10626 13404 12053 9583 17580 15785 14240 9371 15005 10222 5439 10456 2397 %n3331 35
7068 593 9316 13594 2450 4923 14506 5847 6570 7788 3552 9706 1144 10563 685 4217 16 14590 13769 369 403 12241 6515 8233 18728 10276 18189 4637 18272 8662 13011 2868 9791 8861 9389 %n910 35
7333 3057 1345 15958 4753 13872 8960 9908 16860 9925 18697 1540 18136 18243 10047 6563 11184 7974 9597 6674 11221 9092 16463 15830 7631 14592 3979 4840 17337 18171 2103 18525 8292 4100 11233 %n6502 35
1975 7763 16208 10814 14168 3904 15801 10821 12017 9714 12450 13400 6816 12701 11939 16064 6868 10485 8746 16535 18051 16753 3747 14539 2867 5201 7469 13625 13606 9151 10156 15452 3700 13307 13001 %n5147 34
14366 17448 16676 6486 11922 11581 9021 10541 3714 10191 15505 7953 4039 10217 17868 13268 15123 2090 9600 1269 6623 2045 3967 16943 13680 6403 8769 8594 9523 13529 12120 16880 18498 14338 %n3306 34
2415 15184 13531 208 7506 533 15347 6229 13072 561 5635 138 2208 9436 5064 1667 13568 923 14004 7511 9429 18141 8010 10877 17837 13368 10388 6553 10907 2387 6584 8335 11249 644 %n620 35
10521 5205 11711 17858 14919 2626 9605 716 3811 15195 6517 3011 2382 16755 2073 9109 17830 12810 8045 15823 16090 9768 14846 1827 5911 12540 10644 15343 4914 7687 13515 6899 18701 8466 3717 %n7442 34
13106 2189 8553 14662 7664 1615 14321 5622 4184 723 14109 3890 4750 2012 17260 16765 1454 13409 10142 1787 15506 9453 1073 18705 5083 18077 2157 1084 7683 249 15895 5736 2911 3763 %n3103 35
10691 5260 14113 6045 3705 6859 2000 3825 6244 1047 112 11992 6459 10636 17211 16756 132 14906 9808 12623 4344 7716 8310 12709 8069 3327 1473 10836 530 1030 10527 2933 18366 12435 18510 %n7450 33
2682 5954 10205 2851 7898 10299 6424 4774 12219 9387 17555 13244 275 11092 6378 2986 10713 17674 2236 17640 16151 12584 3595 258 17030 16992 9558 14600 10279 15289 13327 7384 10881 %n1875 35
10372 3939 18319 4449 16532 9276 3699 8503 18736 4930 10980 2125 2480 4251 13419 2446 7815 1155 3675 14775 17961 2943 1549 4000 8670 194 8883 10820 10194 18416 7540 15938 2288 14557 13853 %n7941 34
11000 3780 4127 5102 5641 3511 14644 15857 17634 13486 2883 17976 13063 6085 7651 14849 14333 15603 7878 4667 1057 17675 1806 158 14094 2257 11333 7326 3553 1744 10548 13330 14559 17998 %n3507 34
8931 13050 11408 868 18543 973 7579 9849 9926 5737 12558 7728 5187 13956 9022 15736 15930 5420 6057 2498 11359 5335 6948 17901 16431 8979 13096 229 6878 17759 18423 17991 17950 16177 %n5568 34
5068 7395 16877 12815 5198 17275 4538 10221 16491 8900 16690 17911 2881 8226 6067 10783 14048 14012 5338 8259 16551 13765 3809 11143 11066 13862 4123 8927 15385 4378 6546 4743 10623 15410 %n4088 34
18707 2491 15912 7468 2697 8257 18673 7814 13505 13104 14217 1854 16393 4758 2087 15387 2215 13596 7230 11735 2843 8864 17157 2064 12459 8983 18520 11918 8497 7249 7730 16271 11932 7943 %n427 35
12547 11101 14280 11947 3267 12978 7853 11405 8944 17985 7821 7008 4493 13566 10884 7334 8172 17523 17760 5272 12329 1872 6799 16878 5929 3155 11485 12933 18709 13174 6841 14179 2622 13392 3873 %n5142 35
13670 5783 8512 609 13619 9512 16851 2649 13256 5731 18593 16192 12264 9298 5035 12399 17644 11826 2662 11093 8788 15701 7411 16455 15303 8179 15698 2624 13220 3064 12705 7360 7325 18628 2528 %n7578 33
15248 5075 11957 8229 13123 17890 5145 18523 12263 17321 17497 7023 6521 17552 11257 2219 7195 12596 12880 7065 13343 8196 14142 18029 8858 8656 8626 10867 14699 9294 12704 334 12277 %n879 33
843 14970 2599 17765 9576 14536 17514 15529 1968 6436 1120 2369 4573 10587 17018 508 1728 9461 3122 12358 4990 12182 11839 6665 4207 419 16648 12569 14622 15024 3171 2458 4212 %n3217 34
6814 3988 8593 2661 18542 2172 8757 4409 7378 7795 8641 4808 7899 3786 8242 9680 15260 4962 4312 15078 1029 14820 13728 8095 5409 8212 15572 1449 13827 12048 15610 1718 5776 6341 %n4905 34
10078 6666 16470 17602 18382 4050 9075 12461 4928 13551 12244 1813 13410 7501 4195 17758 402 16171 5660 6662 6891 2068 265 485 7833 18835 8054 4769 15586 1423 3771 17850 12095 9628 %n18 34
5301 11040 17254 9187 9652 7204 7944 6885 11509 18658 8434 8776 9799 8014 17234 6525 6165 17093 17842 2689 11329 3424 16198 5517 15827 9656 10897 8378 14939 707 9293 12016 2811 10609 %n5072 34
16653 12954 4437 3772 4722 6500 8824 8820 16063 9909 15677 6017 5898 7342 9031 10755 17174 14955 4250 16725 14017 772 7016 13964 15641 6974 4745 11999 1333 9334 309 15046 4912 10511 %n2380 35
4809 3012 3731 7135 18500 2577 9813 7291 18662 9787 17042 10775 2555 14884 9208 9610 7453 17148 4631 6291 15622 2645 4317 14419 17968 5444 18373 164 18481 4253 6162 18317 11324 14151 10540 %n1829 35
5812 14556 6305 7586 14741 2131 18335 18254 10303 6008 2608 1366 1552 8545 12610 8645 10825 5781 6682 15404 14971 849 1007 4654 11870 1752 18601 4996 13541 10849 5308 13424 16429 1089 11381 %n5850 35
1201 10837 3543 9734 15722 3312 861 2799 35 14079 10383 9390 11531 4345 8897 3018 6059 11475 3238 3746 4775 5480 13875 17989 15463 3535 1060 16416 11068 17520 269 400 14703 11417 18107 %n2503 33
16153 14417 7307 5179 4151 1922 18661 17061 2706 1648 17648 4464 712 15523 4579 2733 3934 16824 1005 17838 3280 10281 12205 17792 5515 18216 17610 4386 3542 3985 6371 16779 7734 %n7014 32
15183 11663 17832 14145 13740 7131 3927 4236 11075 9090 1701 11983 3554 12603 9740 341 10244 1789 10949 6567 2621 12538 16464 420 11887 6115 12418 15970 13427 15802 16076 8952 %n5629 34
895 4381 1243 12635 281 7925 1966 9319 7490 4860 13474 10207 1360 13804 17244 16148 6111 17231 12038 6958 17795 2885 11914 6750 7635 13811 1417 18125 12796 7859 463 18271 4009 2544 %n1363 34
4490 858 18674 174 8281 7697 8128 10018 7262 14134 12840 18444 8165 11199 10347 4472 8443 4917 11765 13778 11250 12275 4282 15173 11427 5026 14540 8459 10243 5405 1153 1686 5245 84 %n379 35
8272 3318 4326 16757 1748 2031 1820 12160 4305 16175 1429 1974 14951 14982 15197 2471 2306 15779 5849 5118 9153 16619 7064 8203 9721 1846 4396 3803 11461 17004 160 13648 3901 17942 10948 %n452 33
18706 1705 18263 7407 15434 5104 13490 9752 553 13248 18397 4817 10615 11547 15531 5144 7106 12342 15269 16184 16058 7457 11064 711 4205 18166 790 8429 15199 9275 16498 8336 8526 %n1651 33
15027 5223 16095 18116 7913 8748 10067 6929 6646 13589 10434 9490 4095 9804 2201 17312 7892 4492 8143 4920 13545 16719 9472 11657 17318 7070 16907 11943 3013 12606 16215 14792 5984 %n2411 34
18017 10157 7317 12971 4358 5321 10606 16007 15924 17899 1303 16505 18339 12282 13459 13396 6942 15402 6865 12525 16066 2924 13824 18447 12913 3876 7710 4710 3117 3978 3874 1655 2701 10842 %n4110 34
197 7026 4762 6550 6763 7522 3321 7880 7431 13844 8430 14766 6768 10339 12052 14029 15478 8197 18209 10560 17033 10499 10564 1266 753 17242 10215 2889 18607 17775 7043 3137 689 2154 %n2416 34
6800 12830 15137 11682 3186 14088 3126 6600 3460 17049 15378 16925 9323 13319 7559 1535 17201 6208 668 148 777 6877 11240 8030 12666 11345 8634 5443 2640 11997 18091 5418 9761 14036 %n7104 33
18089 10399 7255 10038 6599 7976 12990 7955 13581 17086 14070 3413 3503 8609 2104 8873 17862 3627 9756 15239 10693 13111 1453 3000 15333 13863 3044 2686 12400 12589 5524 9880 100 %n1239 34
4539 16742 3583 16261 5139 3756 17105 10778 18035 2680 5074 5240 3227 231 694 12239 18632 16517 17527 3629 3113 795 14398 13121 18323 4006 7173 3560 17291 13455 6090 7661 3822 13252 %n7785 34
8436 5168 14344 7895 2055 9329 7873 1750 8482 11605 608 11930 15393 10088 4911 10556 13076 12266 18491 18462 4484 2028 14717 8799 9352 12064 5497 5235 3570 15842 8191 5011 13253 517 %n8672 33
9703 2834 2348 18615 17743 8225 10846 5366 16901 10295 433 8915 12930 15515 9835 16116 18117 1395 18004 13109 5082 14697 5143 14772 12844 7720 10871 7804 1833 18841 1016 8062 756 %n4895 35
17193 18499 11700 14814 16293 18624 18046 4537 15843 18201 11830 16674 4982 1595 16933 15849 6130 15652 4485 4032 13983 9070 2291 410 15726 15240 13597 2420 15171 15327 16473 7591 12161 10392 384 %n3247 34
11206 1699 3953 14323 9342 1930 10547 5088 8981 12576 999 14430 4973 9379 14285 2698 11342 2548 5315 9464 3048 6253 12372 1339 9220 4827 6214 2594 9184 8815 8613 6152 18719 2428 %n5984 34
7238 4627 2950 8902 1829 18475 6099 13677 14808 15818 8243 9537 7284 17208 5181 6579 2371 10159 15511 10749 6053 4571 14831 6775 3273 760 6227 4695 14028 12015 5896 6917 1363 18687 %n2255 35
13547 6231 3957 17426 18207 17947 17999 4161 5652 13200 455 8841 2245 44 7357 12693 13806 11229 2347 7467 8796 12008 1053 7729 9201 3215 3740 8678 5101 15494 18766 14744 3724 4964 6663 %n169 35
4545 15852 11774 16159 8074 11949 16032 17870 10900 7582 17513 12045 5769 936 4523 7048 6380 10577 1783 13513 4814 9424 3049 5254 15678 18531 3190 17831 5505 9205 18092 18124 17437 10419 9900 %n1065 33
12039 7114 12979 16254 6262 2301 3037 3298 17038 4799 7643 13172 9269 6838 11701 16548 3448 1832 8009 8889 4020 10637 16518 2300 7444 5968 18380 3921 6722 9095 5454 13421 10322 %n7108 33
9697 17496 17079 18205 14845 18223 16113 12857 5481 17829 16291 12500 11153 5424 1675 10759 4741 4972 9303 9085 15112 3846 9067 16797 16712 5523 2398 16130 16099 741 17431 18612 3353 %n6459 34
6414 2611 13199 13357 9437 611 10599 15317 7030 16202 17663 18123 4910 17583 15102 11053 5744 17229 7345 10365 12515 1626 7091 4585 6605 8206 3879 14847 2865 9759 9996 10771 9720 3519 %n2749 35
2693 15250 18730 14729 15140 18204 15485 1879 2904 7563 15284 4705 4805 5333 17957 15899 17001 4410 13710 5495 11783 9125 9225 4684 1486 2671 9800 10469 1192 18763 7306 3083 11871 16334 11874 %n6439 34
9834 12258 16174 5661 14462 9551 6876 17336 15582 11995 3500 11490 6591 6697 3656 15631 10287 7261 9242 14925 18712 18275 6407 14824 17721 8531 1459 4111 1431 479 11520 17305 15217 8395 %n5899 33
4146 4969 1320 15438 2669 4021 18667 11685 10433 2847 11566 2724 5211 12969 371 4834 14704 17091 4600 14903 727 12305 12572 11387 16679 2580 4802 4623 2440 8478 325 9315 8425 %n4869 33
6159 15470 9449 8313 4898 3142 14705 15692 12217 16561 1868 5392 8222 155 17397 3393 15054 13595 11834 13079 5239 12825 8627 12917 16020 11593 18784 17811 6836 9001 18541 15488 18572 %n4202 34
3696 8387 18570 13560 10418 6937 13408 11523 5934 10552 2709 16999 3864 15020 17718 6027 6235 5284 11557 13681 13238 1365 9230 3439 4596 599 12298 7692 11442 10926 6619 12314 6293 15870 %n209 35
16542 11621 1545 9575 4480 9427 2444 9923 11662 13037 13312 3737 10178 564 6551 3854 9733 7483 4185 15237 14237 11823 12820 8160 502 1804 14980 366 1191 12950 15557 13674 3487 12020 11877 %n6351 35
287 17568 6224 14638 6376 242 16627 3456 8240 18346 8241 13576 15074 11810 2681 3164 9283 7343 13316 2143 4554 17783 7147 6742 9964 10675 9134 3911 2021 9157 11175 12366 5560 3194 14228 %n4836 31
950 1543 6132 15025 2363 18068 16736 235 5225 17631 10876 40 15354 11895 949 12456 642 12247 1707 6684 7820 6021 9675 12972 11778 17574 13184 566 4200 10790 4690 %n1186 34
5286 16849 4117 744 3405 13923 16540 12333 8793 18365 8156 13913 14039 6914 11535 6933 11862 12202 2942 8743 14212 268 9571 5271 2711 18318 12424 4154 13168 2111 12636 6228 16466 10173 %n3134 35
18621 9054 16830 2034 4354 14310 3606 4867 7437 18529 12613 1412 13843 4453 5587 15821 4697 15266 15962 11898 5680 15448 2147 15328 7637 5047 2130 11060 15411 14844 9520 16405 9314 15746 14486 %n2643 34
3722 498 5042 1633 1086 17068 8636 7009 13384 11777 13463 1720 5269 679 13305 11396 14119 16189 6258 17403 16423 7646 1749 15753 917 17005 15999 3662 12548 12539 13987 18680 11434 12081 %n3598 33
4355 14402 12167 15234 2112 11150 18069 9172 13931 4043 12248 2767 8736 874 7516 13274 9399 11803 5117 6595 13971 14227 16002 7756 16311 14801 2437 9468 1894 9604 14836 3347 5881 %n6815 33
11018 9725 15294 11935 15461 14476 10878 13675 7993 14157 10624 13858 1799 4744 16308 18794 4598 11534 12144 15119 14101 5375 7094 3174 6976 14800 9840 4096 18187 1825 984 1563 12355 %n6454 34
9730 14827 3052 14979 12842 5566 10853 12946 5022 15727 16656 12323 12937 1390 15625 17044 12778 10175 1225 1311 7678 14738 16187 12477 18647 85 13966 18798 2779 13045 12041 17047 5930 17127 %n752 34
4861 10133 6884 17519 6 3014 11440 4859 13795 7034 6382 6702 4835 10911 10236 5309 14026 17034 1751 9214 10975 6694 17586 12854 8765 13025 8213 18580 18599 17255 4520 12625 15158 6784 %n2626 33
7387 12758 8916 3365 6169 5049 12170 11165 16239 9589 8540 12140 522 16451 2380 10099 2182 17143 17316 3920 11889 16744 9712 2092 8933 10852 16669 18226 2281 15954 8982 16538 17205 %n2283 35
11648 13759 3348 63 16565 15500 14097 13845 10341 17802 11426 13788 12788 13301 16274 5362 13473 3513 17317 14260 7213 1023 2240 6875 13523 7061 840 14907 6747 10478 5662 1439 15611 6001 13028 %n6515 32
7517 9816 2630 6802 7212 8804 14198 3778 5941 6447 17467 16968 3617 31 16553 1962 16234 5043 16280 6541 16044 17102 4313 11102 18132 16980 10323 13792 16014 14457 7346 3331 %n3291 35
12516 6081 14149 12005 3042 12849 813 7216 15770 16337 17566 8780 16718 12067 17332 17288 15108 16823 3336 5413 16749 11065 1216 178 4875 10815 13320 10546 9885 1510 2683 14583 13030 18278 16297 %n3294 35
7922 5018 3375 2343 16028 18186 16528 6395 2533 12803 829 3466 7247 11443 13860 5062 14890 8517 9685 2566 12151 5441 3084 15170 6803 2474 14087 12615 11539 16650 7731 13280 13190 10121 3288 %n5884 33
10195 12757 18838 16617 17040 9648 7565 15391 5228 4823 12922 13267 14374 4766 14327 13282 9671 2773 7785 7377 9598 12291 99 1040 11511 1742 18676 568 14963 16340 11236 10513 6632 %n5491 34
6638 15156 17374 7693 5086 894 6143 6946 13493 14675 1996 13699 11214 5514 13842 6971 3152 1967 11521 15467 18060 3036 7347 5081 3849 6531 3812 4286 17606 11071 4120 14185 5401 4749 %n2479 33
4829 7624 8587 4777 14046 18378 16519 13029 3447 16461 13564 9013 14375 12855 15837 1639 16995 8604 9536 6006 8839 14626 17788 8876 16141 8699 4377 15162 16526 1482 12586 2509 11202 %n