198
3121 250
43162 80525 41719 32693 36688 58039 17608 11472 8186 8473 68452 57325 186 14628 51803 76903 2326 902 73713 48353 24140 16737 10163 68673 15114 5616 80838 37993 15209 21631 65898 14829 37363 6974 62372 13849 80415 80039 36603 29003 17584 76550 50815 44062 56577 18396 28812 8393 6464 45966 39020 56870 12499 54853 62481 56591 8329 72876 50667 23736 13879 78232 7078 8354 6300 21355 72684 35412 43711 41600 78197 67110 78130 72896 77082 27795 14121 11215 31805 34017 41179 16869 18859 68091 38538 34421 35550 80221 73276 1486 62648 62021 42235 20382 6253 23594 28379 19756 41067 66915 21156 57727 39134 40844 48111 9408 26040 28030 68747 53642 54106 54310 43402 34299 33878 12167 40086 70268 10349 27611 43518 34963 23680 24256 43912 24209 71829 69207 9135 44658 10640 15873 57995 34776 80702 9141 770 53731 3887 76451 60552 67012 31420 899 47364 25894 67882 19086 17229 4551 64552 5213 48248 67737 23467 27011 14426 74320 59911 54126 64327 33603 30756 73933 60911 76782 44089 43047 40323 494 1686 35654 2674 51288 21753 40539 35130 46762 38235 17850 14734 73715 66841 20666 57206 49400 16716 65613 54543 3108 23984 67890 36883 42372 22632 75799 22799 35293 43230 7456 39453 19416 28814 27212 71978 39387 38311 78664 60008 29397 11629 45967 75884 77179 18030 60126 53807 53027 25181 52974 21084 13974 13018 59407 26186 15221 56500 31590 56212 47339 33585 77591 18646 77188 46374 26643 2291 25532 1825 70545 14860 81382 13366 74413 50489 34330 60832 35102 67895 7618 %n729 35
64458 42397 44142 52572 1510 51243 77210 1466 21166 21443 60974 26435 64072 52447 42522 34202 50018 62011 28663 27384 62937 9389 27167 17998 27376 4364 47475 81147 69515 62504 45977 19336 31566 49645 52150 %n799 2
72768 42787 %n3338 1
76270 %n2056 0
%n1251 0
%n2543 0
%n1465 0
%n3221 0
%n87 0
%n1739 0
%n2808 0
%n1302 0
%n2594 0
%n869 0
%n3962 0
%n3082 0
%n2353 0
%n90 0
%n2861 0
%n2357 0
%n3945 0
%n91 0
%n3774 0
%n321 0
%n447 0
%n2404 0
%n2444 0
%n3449 0
%n54 0
%n736 0
%n3969 0
%n41 0
%n149 0
%n2076 0
%n2409 0
%n1166 0
%n619 0
%n2367 0
%n3573 0
%n1074 0
%n2867 0
%n1828 0
%n3096 0
%n2765 0
%n175 0
%n3385 0
%n3264 0
%n2454 0
%n1682 0
%n684 0
%n2287 0
%n3498 0
%n24 0
%n3661 0
%n2343 0
%n2464 0
%n1341 0
%n1591 0
%n2558 0
%n3748 0
%n381 0
%n2696 0
%n2207 0
%n343 0
%n1408 0
%n3092 0
%n2154 0
%n405 0
%n760 0
%n741 0
%n2822 0
%n1916 0
%n3271 0
%n1554 0
%n3653 0
%n2734 0
%n3563 0
%n329 0
%n990 0
%n52 0
%n3100 0
%n3598 0
%n2485 0
%n1140 0
%n1639 0
%n3733 0
%n2844 0
%n1250 0
%n3677 0
%n2466 0
%n339 0
%n1360 0
%n3286 0
%n50 0
%n2752 0
%n713 0
%n1624 0
%n880 0
%n2398 0
%n2538 0
%n3668 0
%n2080 0
%n1051 0
%n327 0
%n2401 0
%n2184 0
%n2324 0
%n1710 0
%n2572 0
%n2700 0
%n504 0
%n3222 0
%n2317 0
%n3483 0
%n2138 0
%n2252 0
%n344 0
%n3575 0
%n2981 0
%n2999 0
%n1896 0
%n258 0
%n1407 0
%n1338 0
%n1819 0
%n2133 0
%n3358 0
%n2989 0
%n1042 0
%n2498 0
%n3549 0
%n678 0
%n860 0
%n3643 0
%n3415 0
%n2746 0
%n3717 0
%n2908 0
%n3373 0
%n305 0
%n2177 0
%n1979 0
%n3638 0
%n2383 0
%n2253 0
%n3699 0
%n2932 0
%n477 0
%n3265 0
%n3043 0
%n1867 0
%n85 0
%n3739 0
%n496 0
%n3191 0
%n1745 0
%n44 0
%n3672 0
%n1354 0
%n945 0
%n1563 0
%n165 0
%n3009 0
%n1708 0
%n3697 0
%n2007 0
%n3937 0
%n2149 0
%n180 0
%n746 0
%n500 0
%n1356 0
%n840 0
%n19 0
%n1100 0
%n1843 0
%n1404 0
%n2275 0
%n1677 0
%n478 0
%n1810 0
%n1270 0
%n743 0
%n2706 0
%n3639 0
%n283 0
%n2800 0
%n816 0
%n1198 0
%n407 0
%n755 0
%n814 0
%n3834 0
%n401 0
%n441 0
%n3987 0
%n867 0
%n