232
2538 149
44090 79704 66886 39516 13882 33774 62534 85637 76750 5011 10234 62124 28689 892 1868 94123 43869 68992 65424 28348 56313 26279 62269 33560 20399 31077 87308 75828 82415 98883 82072 47773 3430 34826 29270 43348 71325 48137 77040 25128 72304 87622 72420 45162 535 40803 54206 33305 44985 76835 7514 15673 16784 9715 95947 88094 27376 21041 95216 65910 60766 16547 20267 88938 50546 15801 14477 99640 51628 61813 52468 40941 21509 28550 28925 31810 60941 11005 9896 53628 2129 69680 38997 13487 95150 96203 81715 39114 64588 61135 35852 76455 85300 9108 22620 63580 99773 64507 9594 16829 17075 18181 23341 87104 76081 70926 50006 27568 95984 7983 30462 24452 86296 6094 86750 73629 63617 27069 83230 63128 19976 20059 88038 65638 44598 20876 63837 71205 85020 27926 56154 51658 8196 7589 28342 82528 98933 70084 11330 98181 88747 78112 70998 62704 84523 86511 60386 421 90636 %n3227 127
52583 87947 78202 15145 29247 25966 42772 66219 3395 29158 47803 2499 3441 26538 37024 52935 87866 51656 30800 74821 21047 34506 46668 33874 59949 49754 87285 70523 61201 78068 11874 88261 65398 68627 28274 90217 63583 48178 5837 62606 67638 71093 27619 65011 95516 16602 70098 14812 3219 79970 58403 51195 34060 74162 95377 83819 30747 10341 57929 69420 89259 25480 94796 13059 68986 14834 89142 21418 15753 86492 24484 20646 49145 34379 40250 40062 2137 17058 49973 15998 26984 77863 42423 61358 40927 41200 76331 76856 13127 60149 20405 18185 84595 50860 37150 16359 81716 98610 33679 55690 30637 92546 36790 10893 64778 13535 10118 96580 9046 77984 82790 34348 34460 87983 22978 15888 52378 36653 91295 19672 47260 4493 95206 2728 12127 76114 43774 %n1249 106
8379 86636 89077 7493 28188 71829 80792 2731 77951 26832 10429 47860 13870 88376 96083 49862 39638 14191 54556 906 94780 17340 53148 53738 12014 32773 92138 54693 54459 7542 98135 64873 74501 73462 11854 20161 29257 40636 20765 62973 12505 76872 96873 4833 63596 56517 12750 36681 58453 24163 93316 44830 50902 16179 30341 54205 46832 84130 21687 25857 83025 46237 43704 12664 88980 58571 30680 83592 31706 20452 53258 20149 69493 18403 17185 78856 47654 1995 62874 73626 24459 85879 1823 58843 9729 9105 217 61440 83148 52186 3151 5031 56439 44533 77487 19761 62256 18400 85291 53859 9631 20629 22448 4309 36168 63196 %n4152 90
82653 5360 64462 25186 42060 3381 6740 60482 3838 64912 12081 39232 18362 8610 65411 38320 41495 75161 85067 41089 45909 22641 53256 39069 21313 73839 46533 89144 65106 18342 45199 28131 39963 54955 99497 40318 1023 82991 92018 86663 63993 94871 94874 84853 6151 40501 36486 83464 44311 66144 56421 61875 23457 49064 33116 84845 3779 99891 32509 66784 84102 76009 68621 24297 7064 48311 5188 71385 19870 70241 44715 65116 33707 80420 75996 44118 77876 59873 7939 68497 25349 12248 1001 26872 56763 30731 9793 8173 59065 38995 %n2297 77
26101 56860 82984 90676 16672 44789 10275 46200 19498 81837 49794 65653 88507 21562 47580 45270 92008 4102 84675 64758 86581 32765 45515 97583 38741 52361 9208 13306 52638 16594 4199 77601 51050 78767 47481 48004 53958 23294 60252 4722 6840 41773 43832 52706 36483 12823 27911 99871 75838 78859 14456 65895 40686 22485 12977 9513 63092 67948 20512 97640 98462 63987 72528 4839 10974 97894 31500 22721 70100 32076 14406 17971 63864 88326 79028 59602 23261 %n1046 62
60259 87306 3628 50947 84572 27205 99610 39163 32759 8831 23265 9451 35973 58158 61767 8284 20680 30862 85128 49713 62901 56748 80993 87778 29758 20157 27026 46669 43515 93024 92057 52531 17453 81148 42802 15305 36269 51648 88541 34689 97223 88811 12430 99133 87442 63320 81339 75807 8669 91441 8077 70077 42564 54943 49545 52654 98007 90896 66557 64839 75905 1790 %n4616 54
15738 95350 13814 27892 853 15460 14029 94727 11621 32299 76283 30013 75160 94687 35308 40036 20366 39728 3824 48133 51500 99313 34116 29034 87049 30571 6561 66377 10215 18010 16136 58052 12998 91133 72922 25331 90812 98932 90883 35238 71517 66537 55552 39034 32422 42664 48409 98878 58049 80098 3290 56111 51327 95695 %n647 50
89304 49311 23287 30640 40375 41915 13174 80250 9160 69005 87089 64899 97904 5 37158 42059 2174 67408 16955 5898 40207 12701 14754 2496 44110 77405 21341 93360 88245 33536 75438 34440 18422 4539 48406 47148 14963 89635 81468 8047 68338 88011 14048 29163 96839 3242 17875 54207 38231 70135 %n4253 31
11941 47926 79860 81001 12378 30628 24081 87184 77523 85101 48580 35092 64350 50580 79672 5965 33381 9558 86744 74981 96665 91659 26457 16798 8537 51123 28899 66531 5465 78821 59674 %n5098 28
2397 34214 52763 51771 44466 48397 98204 85401 23495 98233 4585 92797 71488 77533 73699 82066 93891 75026 6669 71279 85410 2110 70723 33181 73916 38843 48805 2011 %n3472 19
38637 8101 19543 54796 38896 11992 10243 25854 43834 94864 53153 33878 52339 64140 83793 66822 85068 80527 22397 %n1828 20
47903 54695 74838 86889 863 55233 72579 47142 36319 50332 82351 58704 60032 50487 64996 78585 64357 79895 28937 61502 %n6136 21
63058 25004 37739 92157 87572 92103 8135 69652 9168 60588 49756 9872 70471 21197 96967 94643 80630 9557 36694 28401 82129 %n2198 14
23522 16294 94128 43781 47220 96106 52434 72897 71592 90567 27470 45164 53131 23226 %n6290 17
95069 30246 78163 84279 57301 92691 66969 53090 23028 97162 99888 48022 4466 24197 49023 58962 28100 %n371 9
88497 98518 42845 13334 99562 27129 56574 71503 86718 %n4634 14
4911 59701 92373 87391 75606 46723 43634 10398 75954 91515 87486 86385 66833 87352 %n4825 8
18744 58698 23548 51209 394 14875 88729 34242 %n5239 5
22946 78886 1311 48095 25293 %n425 8
73858 670 39466 55157 18866 21212 32867 99234 %n2216 3
54439 15565 78964 %n6494 7
35167 40757 36255 78062 27285 87015 52408 %n4941 3
81884 33927 89043 %n2554 5
41202 27329 14255 71637 8753 %n3583 0
%n3364 2
44230 41285 %n1332 2
63666 61948 %n2929 0
%n1123 0
%n379 2
21399 8066 %n348 3
85472 88403 91765 %n2320 1
57387 %n5727 0
%n3137 1
17054 %n2139 0
%n5336 0
%n5695 1
37177 %n1905 1
31391 %n522 0
%n4865 0
%n4139 0
%n1551 0
%n528 0
%n2886 0
%n3167 1
21461 %n4511 0
%n2738 0
%n3130 0
%n4178 0
%n432 0
%n131 0
%n4344 0
%n214 0
%n471 0
%n2128 0
%n6034 0
%n1544 0
%n1078 0
%n1637 0
%n3133 0
%n1303 0
%n3225 0
%n1222 0
%n3884 0
%n1860 0
%n663 0
%n780 0
%n3397 0
%n2163 0
%n5816 0
%n5510 0
%n5744 0
%n5955 0
%n5202 0
%n238 0
%n4428 0
%n5958 0
%n1697 0
%n20 0
%n1615 0
%n2215 0
%n2666 0
%n281 0
%n1011 0
%n2649 0
%n1103 0
%n1445 0
%n1219 0
%n6490 0
%n4639 0
%n1585 0
%n5210 0
%n3949 0
%n5915 0
%n888 0
%n5627 0
%n1639 0
%n4970 0
%n5919 0
%n6308 0
%n2364 0
%n1396 0
%n405 0
%n570 0
%n512 0
%n6122 0
%n4923 0
%n3034 0
%n404 0
%n3687 0
%n912 0
%n3619 0
%n2853 0
%n1918 0
%n330 0
%n6530 0
%n5871 0
%n1393 0
%n1209 0
%n5217 0
%n2034 0
%n4981 0
%n5966 0
%n84 0
%n5957 0
%n5528 0
%n6345 0
%n4525 0
%n3018 0
%n1764 0
%n176 0
%n6321 0
%n882 0
%n5085 0
%n3071 0
%n4988 0
%n3550 0
%n781 0
%n5530 0
%n5369 0
%n1696 0
%n5276 0
%n4254 0
%n5363 0
%n1246 0
%n5786 0
%n5199 0
%n6481 0
%n4592 0
%n3065 0
%n233 0
%n1525 0
%n5710 0
%n5463 0
%n3775 0
%n1277 0
%n259 0
%n967 0
%n2780 0
%n4085 0
%n3115 0
%n6403 0
%n3063 0
%n1218 0
%n6524 0
%n3766 0
%n6499 0
%n3156 0
%n779 0
%n871 0
%n3064 0
%n1245 0
%n3346 0
%n3632 0
%n1297 0
%n1791 0
%n1016 0
%n925 0
%n2184 0
%n3147 0
%n2781 0
%n3945 0
%n6192 0
%n3968 0
%n6071 0
%n6234 0
%n3169 0
%n284 0
%n2077 0
%n3962 0
%n3044 0
%n738 0
%n2614 0
%n6156 0
%n5055 0
%n3997 0
%n2253 0
%n1726 0
%n1416 0
%n192 0
%n4857 0
%n6424 0
%n6189 0
%n6701 0
%n3529 0
%n3112 0
%n4637 0
%n4589 0
%n3502 0
%n5787 0
%n6559 0
%n1711 0
%n4763 0
%n5908 0
%n4174 0
%n2312 0
%n3744 0
%n5024 0
%n6214 0
%n4714 0
%n2302 0
%n6025 0
%n4364 0
%n4733 0
%n3706 0
%n2675 0
%n1418 0
%n1468 0
%n2166 0
%n4519 0
%n3593 0
%n5219 0
%n