23
1457 125
17967 38760 51945 19879 15916 29764 37721 49997 19446 26832 29095 39588 18219 2820 43457 31988 56327 55114 1337 1408 30139 38865 13855 20825 47205 6149 6535 47490 27242 21739 19725 52560 47871 25940 12234 20679 26576 50855 40395 49623 33675 23885 55411 31742 40322 42159 11659 35215 31509 14300 4582 43936 17261 32434 47404 47194 6623 7977 5040 46201 18858 32205 21445 17588 24812 822 49097 42713 20377 7457 12997 48823 41865 41331 56931 36320 39897 52680 43763 43817 21384 3793 7351 54546 22210 14270 25172 44312 35727 18979 20876 49156 55023 52962 11724 33053 30387 49981 15179 37205 4200 35620 20047 14807 7427 42985 29946 36311 27146 2557 14810 3250 53850 3252 30111 55572 27832 6645 41656 5691 47530 10150 55087 55716 45001 %n6372 53
14841 52693 39445 41839 11106 16546 29403 8389 16580 21659 4139 24196 30126 8262 42031 26223 55044 31120 14819 13764 41854 40774 19882 12512 48543 18727 33583 49686 39122 36337 49579 52183 39282 12371 21660 13137 43476 16229 52463 20612 18333 173 24398 26622 55477 43134 29035 41510 29336 42658 51382 13493 19174 %n2167 19
33212 19375 33621 46205 249 8570 52407 3304 2249 50950 5753 45785 11862 18007 25981 32113 21723 29120 41860 %n5457 13
9753 34365 6468 1123 48962 41480 25738 44317 44461 24989 16277 56563 22595 %n2835 8
55378 9148 22276 25538 1023 45699 35176 32250 %n7221 0
%n6875 0
%n7853 1
20145 %n7862 0
%n593 0
%n764 0
%n7166 0
%n7329 0
%n1120 0
%n3690 0
%n7296 0
%n107 0
%n3452 0
%n2513 0
%n3094 0
%n301 0
%n350 0
%n2140 0
%n