233
2305 270
7690 91806 28926 40521 62534 50788 39226 59005 86904 69172 17618 68631 35749 92954 45422 65507 16397 54347 71151 96098 79387 35963 25009 12344 30096 68901 70038 36839 79850 25697 33197 95023 8518 86445 30329 16530 83235 83522 38804 22843 88857 50544 10490 63211 61170 68648 43957 60991 48330 8928 52878 4013 47892 85672 46274 78401 45064 24550 21792 76595 9864 6090 99258 59238 51011 79161 56714 23855 78683 33506 45573 59651 29993 19463 76598 36636 47111 61834 78182 17184 74146 13117 82265 60901 94475 62584 98661 49679 56040 7488 22754 40204 20127 65148 31636 62156 87831 66585 31354 29344 83174 40046 62773 96989 80633 7265 40045 20850 54876 81820 90069 30427 39796 82878 47996 5387 90843 47731 33657 53989 92946 82704 16565 69880 69725 69117 83046 71313 34844 82231 31726 80011 72601 48781 14088 78307 39329 73294 80209 43276 97332 47933 33888 61201 28962 42799 54132 35850 32927 85806 47800 60052 55330 32844 96050 90685 50067 510 4185 14748 86609 25122 12591 30246 89458 50824 67244 35018 48743 2530 24150 79567 46569 86994 88181 86164 67450 52045 11255 96713 157 48428 80605 59479 33299 13990 85887 84954 53604 85490 3995 22891 20633 56418 36906 74808 85714 3053 46383 91373 61157 83648 13756 27015 33947 22158 68683 82259 80779 19759 16892 45507 20759 67048 58464 90662 92696 28185 58452 35422 64515 83331 87374 76550 74287 54669 10272 55312 33812 80704 98974 28305 93499 19499 28617 25811 21719 43138 59693 19168 27556 67488 90757 9259 76599 37915 98478 88445 68864 74251 77377 93133 98363 20632 41308 82111 64740 42077 8187 80088 73362 40635 39666 21277 65201 1739 79000 96038 16897 85985 %n458 114
49881 47070 50366 91086 71491 92391 20868 56726 34461 63839 21103 77067 25380 25743 44258 81452 7874 68609 72624 95414 95447 40097 76463 21591 80680 24946 36568 23029 98539 55071 68063 860 94461 64497 70754 8135 23008 77577 7833 75081 76970 79215 89638 14717 12703 7395 1296 52836 9105 61983 5561 70529 28379 87994 41072 20934 93833 51987 42736 16997 77854 23432 14099 82802 26717 67826 22643 61777 12222 80293 3642 85445 21280 76736 97956 22415 69133 33961 29283 23315 81383 86075 9557 92832 40495 58905 60022 42522 75409 14728 66281 26256 3961 97975 3415 68587 32765 70932 86716 57484 42272 14681 52823 75941 69740 85528 43368 54247 503 1599 53221 71005 16496 87074 %n1808 54
14005 54540 14094 62327 41344 45656 82104 44002 48400 25205 9159 92837 85017 91331 52151 74531 92618 14627 30019 59533 60514 98482 298 74911 23341 89802 443 7705 17227 28612 15360 37613 50071 79222 74333 7312 54619 21850 48566 58715 73887 20337 92110 5689 24185 46905 88717 88053 65660 17111 65685 88937 73177 99027 %n1067 17
29767 37150 62826 86734 75608 14296 93255 41152 43615 972 99140 43089 20113 95383 77975 85346 37601 %n1252 8
3912 61198 35363 16988 37121 88591 29033 24765 %n3553 0
%n237 1
36920 %n1039 0
%n3517 1
71644 %n1116 0
%n481 0
%n315 0
%n1806 0
%n2859 0
%n3526 0
%n4 0
%n243 0
%n3153 0
%n345 0
%n3097 0
%n1442 0
%n1591 0
%n2807 0
%n287 0
%n1797 0
%n3217 0
%n2478 0
%n1047 0
%n1336 0
%n2261 0
%n1696 0
%n1302 0
%n2586 0
%n1965 0
%n718 0
%n121 0
%n2509 0
%n1044 0
%n1851 0
%n3346 0
%n2119 0
%n3255 0
%n2001 0
%n1345 0
%n387 0
%n2107 0
%n2706 0
%n50 0
%n2564 0
%n1673 0
%n2197 0
%n1111 0
%n3004 0
%n937 0
%n1408 0
%n2244 0
%n150 0
%n866 0
%n3029 0
%n2196 0
%n601 0
%n3403 0
%n2837 0
%n3227 0
%n539 0
%n3576 0
%n2873 0
%n2854 0
%n1720 0
%n2379 0
%n2027 0
%n2192 0
%n2570 0
%n2164 0
%n1743 0
%n3348 0
%n881 0
%n24 0
%n397 0
%n1182 0
%n45 0
%n879 0
%n3685 0
%n1224 0
%n941 0
%n3476 0
%n1932 0
%n2650 0
%n196 0
%n2900 0
%n3039 0
%n741 0
%n2298 0
%n2752 0
%n998 0
%n923 0
%n596 0
%n1120 0
%n1662 0
%n3099 0
%n906 0
%n818 0
%n3335 0
%n385 0
%n1462 0
%n2842 0
%n2508 0
%n697 0
%n2455 0
%n2936 0
%n1099 0
%n3111 0
%n1583 0
%n1532 0
%n2553 0
%n446 0
%n1206 0
%n398 0
%n2336 0
%n2094 0
%n402 0
%n0 0
%n3304 0
%n723 0
%n3157 0
%n2461 0
%n2098 0
%n964 0
%n1534 0
%n193 0
%n2688 0
%n3472 0
%n483 0
%n2926 0
%n790 0
%n169 0
%n1862 0
%n3519 0
%n3285 0
%n1620 0
%n3554 0
%n801 0
%n1882 0
%n1911 0
%n1456 0
%n2856 0
%n2983 0
%n2675 0
%n228 0
%n2173 0
%n1382 0
%n649 0
%n1758 0
%n865 0
%n1920 0
%n1245 0
%n1143 0
%n1359 0
%n2857 0
%n1926 0
%n1533 0
%n1725 0
%n316 0
%n307 0
%n1634 0
%n3355 0
%n200 0
%n2778 0
%n2143 0
%n1742 0
%n2360 0
%n3533 0
%n1565 0
%n2626 0
%n2198 0
%n2327 0
%n1962 0
%n3515 0
%n567 0
%n3291 0
%n1523 0
%n186 0
%n3452 0
%n686 0
%n2881 0
%n1389 0
%n958 0
%n2140 0
%n275 0
%n1179 0
%n1218 0
%n1916 0
%n1650 0
%n629 0
%n1221 0
%n3607 0
%n1343 0
%n138 0
%n1549 0
%n2476 0
%n3483 0
%n982 0
%n411 0
%n2114 0
%n1008 0
%n3219 0
%n3246 0
%n2683 0
%n556 0
%n3620 0
%n2609 0
%n2470 0
%n1034 0
%n1893 0
%n587 0
%n3084 0
%n1366 0
%n2239 0
%n422 0
%n32 0
%n1522 0
%n733 0
%n1704 0
%n3585 0
%n2604 0
%n506 0
%n2211 0
%n936 0
%n2996 0
%n1056 0
%n3239 0
%n2762 0
%n1872 0
%n