26
1540 324
22271 128 42480 61394 59709 27176 58056 308 69068 67854 87350 28220 2601 45753 48246 36271 2103 16217 26128 82573 37684 36063 67875 82607 11422 65240 2187 85835 5189 86434 6690 41688 42050 52740 3627 34212 99122 73794 37947 54913 80219 8068 25376 20362 64599 37778 12146 84041 96288 66279 88576 83496 73798 90774 67119 33853 37054 36676 51221 22560 10158 88458 29499 73408 9864 17444 44071 93494 42688 5289 66644 67154 42227 56839 15362 90147 67063 65127 44981 88051 53003 17112 79175 70552 96606 95588 38932 19729 63498 67772 58762 74531 8729 52345 93322 73505 66036 40896 83812 26614 45138 79129 20082 3560 78355 81556 77818 13377 33985 31368 3127 36348 22335 73896 38856 26328 3776 52054 95452 83934 84320 90444 42005 36977 35492 36517 76357 30187 52052 77317 60553 33670 92311 95017 96396 37212 17769 22836 87095 53473 18820 96013 70441 40761 62728 78927 6714 70180 97567 26909 9441 29308 90818 50387 7231 35397 25618 53756 96401 27640 76401 6929 42673 62146 54569 81198 66133 76088 69608 90554 29932 41761 88979 74061 72161 75887 63491 77764 92471 89098 48227 50826 89864 7555 91971 65706 45977 83864 680 22763 52277 35601 37425 72130 88557 2367 53624 78151 55189 1699 64492 59670 36746 4244 90172 68777 20417 94490 62726 50912 93357 8292 64442 35095 33631 19557 79450 18487 56667 88981 16937 1411 43996 40130 56495 75084 54510 81571 89933 15969 84282 53285 15872 18164 67155 39091 39640 56828 12431 43615 20636 38390 64543 93600 95076 20912 62367 80038 37423 48202 98575 32437 88097 57228 80433 83915 68804 52032 59278 63086 87303 21883 69025 44081 45064 96111 6222 47489 5206 23735 78896 98803 58757 42564 65589 35246 80176 65821 95187 85118 20477 49351 54192 31880 64054 86038 76615 51704 27582 8787 63747 60102 57581 10308 90641 81624 82480 30335 72091 27295 54729 14586 40904 33454 37886 62593 74490 77639 92219 18825 62346 12485 51482 27499 82645 39747 53043 95440 99171 31008 5662 60713 12954 9815 %n349 170
47979 39291 73337 5276 46860 47882 11693 47650 79589 62362 27294 30077 23702 31749 90312 89869 6254 77667 12635 64982 8913 61853 75812 19462 14088 66434 58155 82476 20412 1141 15228 56435 26587 97946 98039 26487 6646 83144 63983 86779 37748 27026 335 26522 63311 74854 22938 58100 10740 12297 73393 28484 72760 50815 94121 86867 85417 36279 50410 18017 72209 27747 80678 40629 89738 37207 56584 61137 23060 61825 98974 95617 73214 88796 92142 567 79574 27394 5380 68407 54036 17284 58501 5320 56604 64805 95966 44079 29557 1152 98928 11809 3969 33539 37857 62281 56996 57234 93328 57757 49683 82317 19824 20138 1406 30107 10403 26509 91108 54356 13807 7455 64531 2839 63005 49688 16769 65246 83684 75498 40637 54366 75485 46030 93209 36669 21052 38021 58189 54976 15339 4176 83180 95358 20924 8042 31742 9425 96091 59514 10300 90338 58859 10046 60038 58144 45470 20066 9433 6754 9335 97656 28498 38998 33912 65182 86911 98183 54017 55333 83530 22755 70492 36017 26378 77555 21932 59529 80725 2147 %n1303 106
24240 41535 9283 91610 1940 46101 60692 14850 63875 8759 22802 72328 19082 21804 7894 55661 90633 23314 26174 93891 70649 12376 60747 66768 60680 48938 34905 20819 98970 57441 71861 23074 6325 70363 43142 23053 51116 82779 22638 50344 65337 20546 49055 67567 60769 35001 21226 68439 6086 94764 76219 89048 89773 12829 14323 12549 37798 22716 35109 11837 24272 77194 93338 45928 99541 93392 6757 65563 91856 20772 86512 27443 85324 22381 39693 99013 1428 17578 7057 18814 35862 74003 71990 64620 42730 84239 81522 17962 97072 88640 6781 28507 14665 59083 69445 52651 95217 59345 86787 81190 22916 32344 50790 42740 56837 30943 %n457 54
75548 78645 77565 28455 30998 54609 45512 19138 69053 69169 66681 76104 48806 65905 28288 3817 90472 40148 44412 57464 88737 32155 69760 67256 33737 22255 52944 53543 38131 74195 98988 21873 55925 80898 90416 57772 28248 69024 38396 37520 48051 3038 69671 15602 48272 22144 58868 84740 33217 39302 1247 10480 27335 90795 %n575 32
46930 34433 39372 12573 26733 34376 4666 47031 59359 94180 43021 10347 45805 97392 3763 67361 83365 83501 18158 15717 39232 3505 29870 26135 63673 66241 1159 34713 91790 17556 77065 49165 %n1426 20
91430 40649 12594 82613 62217 26759 52321 2842 81532 90467 86320 62475 90495 76272 75036 82646 27665 41775 41458 94897 %n1479 8
76618 80013 39675 82140 42694 77524 77513 53610 %n1353 4
7417 86647 98670 77232 %n838 4
81325 26017 20651 17574 %n301 1
68192 %n1442 0
%n265 2
15022 27002 %n825 0
%n1369 0
%n1382 1
63199 %n71 0
%n597 0
%n679 0
%n1363 0
%n468 0
%n1386 0
%n1226 0
%n1186 0
%n139 0
%n186 0
%n258 0
%n