105
6527 13
31338 70899 48937 61628 42672 42268 58174 93127 9837 6602 94475 6466 90131 %n1158 14
23925 91933 34577 21730 57733 72237 72730 1496 32116 52035 32009 39531 41189 33343 %n9410 12
22028 73845 30619 94135 75234 85347 59281 96736 95063 57529 32251 43890 %n735 12
30649 27785 56056 5247 57069 10239 17746 87775 33073 93962 50389 17959 %n6365 13
47024 53073 10608 17151 32233 78480 82360 64251 21067 30478 47120 83975 54674 %n7628 12
23388 92475 87662 74431 6263 41207 51586 38650 73646 35181 18777 76075 %n7269 10
80406 48908 60660 35474 61741 6213 15952 26531 59636 71561 %n9192 11
78250 95311 88193 94471 29662 71773 51149 80528 75622 38712 84446 %n2349 10
49147 2219 11803 70826 36016 4171 82244 57980 33401 9284 %n2217 11
82641 76208 94995 31087 20782 60744 43803 21855 52221 11004 44480 %n5875 7
70398 7225 45104 24302 89012 71486 78156 %n8120 11
16173 47188 62688 34969 76956 53626 75410 61092 36287 75781 35877 %n13503 12
75114 96663 7560 20168 30658 53583 27731 31786 68500 66232 12561 26687 %n5830 11
15131 14320 90958 33137 68703 11446 8773 15533 95038 22562 37728 %n10325 11
45598 12169 2717 94063 30875 5745 72957 79199 34359 27489 12188 %n13220 9
89175 52857 86599 36588 91624 7542 7171 32764 75672 %n2864 10
53132 73023 27170 89255 92998 42426 12924 93392 3563 28719 %n1241 7
71572 7189 25415 93655 65797 81265 86828 %n4404 9
13360 76888 87442 93895 25877 28600 54390 81938 28190 %n1320 11
61087 78036 45650 62793 94405 3235 40119 78846 72086 96856 12797 %n5767 11
79004 128 34748 22905 61847 71591 85211 73613 95291 67204 88109 %n2891 9
79201 84436 73572 65136 32647 60858 10321 8578 16629 %n567 9
89465 32543 70048 75209 17581 63087 86603 14848 37540 %n3173 7
104 69095 31946 28158 11560 51061 40930 %n1487 6
746 19451 24492 81852 55324 22991 %n12184 7
74981 45011 33770 58961 37576 44798 31151 %n5461 9
7197 44191 59024 42313 65970 93781 65886 67480 65143 %n670 8
12464 75918 27932 50062 73153 57310 16868 18394 %n11918 8
57548 79209 51434 65928 60993 93166 35209 69732 %n374 10
36341 37429 80957 25829 56509 41968 11051 62132 10218 93059 %n13185 4
8920 4676 63429 37492 %n12118 7
25681 49961 23711 67074 95108 44894 24371 %n5454 5
12145 13048 18492 16261 12920 %n10800 8
72696 87483 89488 31305 34652 80850 23896 63239 %n9241 7
8929 81819 13124 19118 21307 39346 41807 %n7879 9
49875 82674 70307 86053 87345 68653 16951 23901 4442 %n12972 7
40152 52533 95828 2386 19558 14782 7962 %n866 5
6375 85090 87998 70803 53685 %n11960 7
64668 22222 62556 85054 35008 37600 20759 %n11952 7
13577 33993 4491 50183 74799 10649 78689 %n1153 7
77873 96513 9160 70607 70577 18041 59342 %n8395 3
48407 4195 24199 %n3334 5
52080 90900 30160 57419 2327 %n12616 3
48127 1410 25787 %n8896 5
42622 91965 53523 64270 47962 %n8278 4
59022 42107 51934 87925 %n1217 6
5309 76101 74423 71365 64667 93442 %n1250 4
73116 31079 36327 79893 %n12951 5
94836 86360 11074 50829 2661 %n2554 5
62748 88375 96668 30963 77649 %n214 6
20075 6646 87006 25901 45379 35484 %n17 4
59860 61441 88379 52428 %n1624 5
69728 42666 86616 56358 66902 %n10469 1
67138 %n10602 4
9884 81291 12511 13605 %n8739 5
71083 42413 96144 92080 36630 %n10415 1
28167 %n9428 4
4553 4949 64724 7194 %n4020 7
27210 37730 19289 22407 29054 47411 63131 %n626 6
38427 69100 93722 58478 58538 40609 %n4870 6
28329 71879 69857 82159 69707 17372 %n883 3
62646 17731 75438 %n11739 4
36350 93897 45032 62559 %n12218 5
89303 52092 27286 78209 87319 %n10437 3
80073 78904 85440 %n4287 4
79097 46374 38779 6916 %n7586 2
8752 65048 %n8159 0
%n8577 2
87361 5543 %n6709 1
45312 %n10935 5
77308 24450 44289 27414 48941 %n11789 1
23083 %n1907 6
66515 53194 64067 41650 48255 73809 %n11733 1
8566 %n634 6
68782 62626 47256 26686 39359 41307 %n3441 5
69636 12215 9673 23373 69772 %n1680 2
96639 74072 %n9631 3
43010 79340 76124 %n12459 4
7131 93785 39650 37664 %n5887 2
49719 66205 %n12343 5
76703 6346 77456 48874 66166 %n11935 2
76105 25491 %n5816 2
51988 60573 %n11172 3
722 59246 42374 %n12967 3
11351 39574 45295 %n6284 1
73391 %n10456 3
16801 24336 59972 %n424 1
11636 %n2124 3
35353 40591 83706 %n11486 3
27621 63875 76884 %n12438 1
19370 %n9000 0
%n10721 0
%n5407 4
82449 78710 46908 22866 %n9244 4
37869 82713 29634 17137 %n1986 4
13929 21949 44671 74006 %n4900 2
26796 64032 %n8307 2
89450 422 %n5849 1
64886 %n675 1
35887 %n1286 1
46632 %n4116 1
24751 %n5226 1
10020 %n1674 2
24054 30333 %n12401 1
27606 %n