109
7367 21
56376 21663 4365 49780 29063 59416 53654 38324 63331 50650 66928 28139 72076 28197 46860 54599 55936 63368 35600 73555 25526 %n733 20
14674 57246 4103 1604 32986 26743 72824 47178 40481 67692 67006 55562 56452 57247 46755 5501 60058 10247 39203 20486 %n11476 16
53507 57203 6611 15812 23581 40250 42221 6415 62166 40033 73758 3873 20323 28187 1878 50362 %n8684 18
2533 11498 36015 18960 41711 17448 3997 5364 9200 56297 34650 23537 58492 71461 273 24192 34962 50418 %n488 18
51070 64653 46795 60509 4465 8272 70874 47954 45543 53192 65440 14671 67894 60144 68647 68962 60573 40500 %n4057 15
62403 37506 24876 22627 33991 33551 59643 60221 58784 50231 51244 51573 60805 51042 29242 %n3272 14
38007 62604 33263 35328 9705 28493 31345 35830 52494 47458 68364 35255 38724 17077 %n2591 11
43802 52921 71762 47096 39902 56631 22157 61250 32897 69715 57999 %n7056 13
14662 632 5872 54280 70115 18928 43938 4909 55510 26117 41404 58318 43353 %n1384 12
21019 10216 74054 21356 51727 62046 44503 50994 34021 11968 36673 4294 %n3649 13
20988 72034 13184 19641 46901 11407 16184 25867 21447 46278 5903 41348 55484 %n9450 9
5745 69097 30781 20023 39003 24443 11094 16411 52947 %n3223 14
42190 15179 592 57583 23451 69501 69164 2993 55025 40338 66709 37747 29041 73347 %n2411 7
35746 18752 66446 28173 23458 53967 20682 %n9827 5
3195 62117 63462 19363 21215 %n1477 8
39431 28338 54574 22537 58310 743 11447 35735 %n10146 7
37442 61836 61877 31921 13545 65758 29632 %n5985 7
40291 34598 61243 36511 44117 58122 4373 %n8738 7
16073 61820 15629 33117 12388 31111 39675 %n9844 5
70000 22667 72512 38071 74208 %n804 7
41509 8913 26768 39320 1861 33213 18367 %n10741 4
19936 35959 32746 16287 %n464 8
71627 25396 66676 8479 32212 67135 14692 68354 %n9604 4
28614 4643 19019 33907 %n3087 2
32699 23887 %n11029 3
42836 1872 68408 %n7816 3
70040 18300 66252 %n3155 2
38728 29912 %n2933 1
16500 %n9047 2
31437 13243 %n281 4
61860 71373 16392 42401 %n3260 2
23667 72458 %n8902 1
64608 %n7611 7
7475 17311 2523 73306 49370 28336 39430 %n3349 2
33811 70405 %n2542 2
75049 38385 %n2966 3
46383 28615 71202 %n7273 3
57219 61675 63145 %n10363 1
27154 %n6687 2
29633 26427 %n9084 3
19553 64626 65126 %n9562 0
%n4342 0
%n11279 1
9288 %n642 1
13951 %n1754 1
49904 %n3133 1
38354 %n3554 2
55124 33809 %n3956 0
%n6531 2
60813 42222 %n3002 0
%n8994 0
%n4024 1
7832 %n1813 0
%n2992 0
%n598 1
15366 %n3405 0
%n10520 0
%n2326 0
%n8217 0
%n8010 0
%n4844 0
%n7181 0
%n8829 0
%n5592 0
%n11010 0
%n10106 1
37032 %n10986 1
57909 %n7656 1
22153 %n3259 0
%n431 0
%n4150 0
%n2179 0
%n5734 0
%n6761 0
%n4225 0
%n2347 0
%n5298 0
%n3767 0
%n5272 0
%n11364 0
%n5441 0
%n1934 0
%n4214 1
68698 %n4628 0
%n3454 0
%n4198 0
%n9924 0
%n1950 0
%n4299 0
%n6536 0
%n10670 0
%n2425 0
%n6987 0
%n7448 0
%n6977 0
%n64 0
%n8417 0
%n324 0
%n3132 0
%n11318 0
%n11328 0
%n141 0
%n4506 0
%n8160 0
%n9884 0
%n2285 0
%n6207 0
%n2321 0
%n