186
7340 106
56303 66958 1370 76861 87678 31487 46177 81874 27425 92981 9752 13390 66644 11191 81109 66979 2968 92518 82508 49988 70571 42723 44366 5448 83407 90078 18053 24095 68092 57800 97311 65684 93865 81546 91478 48222 5023 94557 41518 52963 33995 87573 9803 42227 65271 87160 69994 95974 27686 98179 87978 89982 24060 35528 43299 9914 88050 22864 75185 37457 86286 69886 26596 99838 50105 94499 25753 25531 77712 36804 91241 58108 78454 2575 30915 80265 49350 69731 62346 35607 15233 90312 85294 72269 71054 18016 8499 93705 82073 32298 52139 73824 4431 94264 14007 81598 8426 93365 76539 5500 69775 47661 25189 74635 91564 26364 %n9198 89
95658 48549 63044 49316 98253 12880 23631 33883 31096 94970 48387 22018 76589 7519 36242 39208 11259 63529 7093 50094 70533 71400 74299 22709 89115 17005 20732 74949 31897 91533 80072 55007 65097 21546 23443 63586 95926 85078 8991 19119 93255 18365 14809 13030 68369 10641 15575 20437 44783 32072 13963 39500 12685 23300 32684 32009 76956 75376 1777 11953 63588 11577 18687 81720 8746 72635 68343 8281 11985 30037 63268 82377 61287 85371 22707 2852 3428 88820 39104 47166 82305 83909 34687 33954 90505 15963 52914 63274 68449 %n8326 80
78860 35398 50280 34414 27589 42651 54306 12334 73397 15861 48133 46722 46327 8733 49377 87274 4139 31842 75972 71066 71148 14005 36899 77981 64175 29674 60310 67082 94370 44896 685 96893 66343 63944 80441 97549 99521 65225 52898 50010 31932 57669 60188 68813 2723 47264 41790 72960 80180 81113 31205 74535 99555 36545 75694 48683 48078 59328 37239 46987 80879 36286 25144 38585 45623 14920 56366 41936 40414 67699 18264 43472 8282 57156 2358 95435 45552 5447 33534 55179 %n8800 67
54646 41157 46452 36194 21641 38893 88306 59012 72913 57961 15158 85885 11281 5240 40555 26449 82578 72095 64940 6186 98173 4943 62721 85303 24251 46001 33851 85678 34619 44741 75567 93891 41088 44854 57518 78731 88067 60173 89559 41471 63461 6868 56180 32677 1562 71310 82210 34521 24162 76162 57317 86825 8239 7690 28420 65093 78646 15753 53637 6514 24947 94438 71293 17483 75062 13792 10696 %n3555 64
93704 13261 99799 66732 48505 64234 96276 84899 89676 99991 12404 56618 38329 61546 67839 86040 63138 9001 15212 92332 99036 40212 30514 71698 49734 98500 27981 33716 37087 98455 6851 45276 5397 33875 4056 59891 76834 52445 267 7260 8952 15612 9675 3623 35997 48317 5379 87198 78876 26910 23490 45022 504 31032 23039 49068 91123 87386 4300 34471 2952 34503 37897 89764 %n7283 56
47811 30744 4775 69793 42997 56090 44578 10988 30435 73365 28691 17835 31016 38654 57414 69277 66441 96700 30057 48583 16914 25804 60700 95084 57486 86454 9623 41990 92209 78252 31314 74715 9679 91413 77277 58147 21649 14071 30055 93222 62433 63821 88785 84183 30292 47511 80384 46961 80443 44662 77062 98872 51343 75467 76734 29215 %n986 39
60886 31379 22008 7750 7837 23033 60045 85930 19065 56859 26906 45404 15277 1533 45347 6062 60809 13207 26802 6531 22215 68641 32452 30836 77860 93678 49560 23984 70137 10290 6325 50193 87825 73546 17435 98952 5875 12025 50637 %n2815 45
47141 66503 25619 56962 97881 28656 76211 14276 93827 1748 26814 6084 31371 28968 50894 47437 74666 75316 17010 96671 69421 14158 14565 25007 20911 60214 39478 66988 40198 14650 67031 47478 51482 65253 84826 33371 56271 70236 42183 24337 88283 87103 97628 75500 23812 %n4870 37
14490 74285 56142 78590 30796 91017 34825 50600 407 63289 50141 8502 30474 27832 34863 52319 3865 86092 42895 19132 28786 82316 81738 13982 87285 41565 52221 98906 65747 17832 65576 54453 36463 48118 6102 46705 32706 %n872 29
65269 42113 56492 24543 85477 15331 41184 57922 93276 12824 97663 92781 64749 48161 93983 70011 99979 17086 86751 23820 53409 41920 56057 64290 58749 36683 66521 86495 39546 %n1000 32
55844 38179 44116 19302 55849 99999 80923 14956 40320 25059 84697 48575 520 39296 29339 24281 44271 88763 77644 59821 67692 71435 636 79978 63829 43466 34400 63651 98964 18626 54404 9998 %n2726 21
13316 9565 90735 88483 30079 43205 43686 96802 73708 363 32262 39693 75537 98630 3236 34835 67851 27911 30376 29438 57273 %n6952 16
96953 27088 4800 80789 40042 38692 24188 79848 23663 81434 11115 9739 75982 92534 51797 42046 %n3915 25
7 59970 11145 65156 63301 75646 85865 78869 65297 2704 97263 85782 14794 22175 33477 6479 22470 34167 83191 3087 25103 4179 67742 490 87254 %n1193 20
40262 67022 53319 15570 85661 29601 65046 72196 66562 97712 77804 10547 78406 94597 51984 94795 48098 64867 99588 63308 %n8601 13
9434 91647 18231 655 61805 98530 20664 72352 19607 29337 23011 26867 13133 %n9009 11
35341 16995 54501 9122 9327 88601 46764 52086 52561 20112 13140 %n8081 13
47176 87853 22242 55228 38621 15901 50810 54349 10921 39757 36788 22800 87229 %n3175 11
35837 39873 76940 55067 63709 68153 78544 58359 59387 20285 53440 %n5472 6
29213 46929 34027 39904 45183 42260 %n63 10
96388 989 75416 74463 8628 98205 61875 72805 29870 38617 %n5560 4
61586 82958 39139 34550 %n6217 5
54038 49040 74778 70944 70280 %n5476 1
65228 %n7726 4
20535 96029 8381 14546 %n3019 2
75195 56879 %n7642 2
65001 33676 %n4688 1
93843 %n5247 2
50005 89833 %n2916 1
373 %n6137 1
80363 %n171 1
18996 %n112 0
%n2272 2
58602 63910 %n3182 0
%n4070 2
48288 71815 %n4863 3
73627 40587 92639 %n2677 2
26183 81837 %n500 0
%n321 2
70508 73285 %n3129 0
%n4208 0
%n2022 0
%n3225 1
56680 %n7984 0
%n2769 0
%n6281 1
9754 %n6321 0
%n1219 1
71563 %n6662 0
%n6528 0
%n4626 0
%n7929 0
%n9370 0
%n3244 0
%n5927 0
%n8779 0
%n1667 0
%n948 0
%n5985 0
%n8494 0
%n6037 0
%n7020 0
%n1829 0
%n7301 0
%n6510 0
%n1578 0
%n1345 0
%n1304 0
%n7226 0
%n946 0
%n8076 0
%n5006 0
%n5627 0
%n2433 0
%n4441 0
%n5140 0
%n8344 0
%n1318 0
%n4157 0
%n4670 0
%n2492 0
%n1482 0
%n7007 0
%n5906 0
%n8631 0
%n3724 0
%n8866 0
%n7779 0
%n5704 0
%n725 0
%n3656 0
%n4631 0
%n1047 0
%n8453 0
%n3696 0
%n9021 0
%n5058 0
%n2925 0
%n5900 0
%n8864 0
%n8530 0
%n6610 0
%n3979 0
%n9283 0
%n2435 0
%n1458 0
%n626 0
%n5598 0
%n8154 0
%n7321 0
%n1910 0
%n7861 0
%n733 0
%n900 0
%n6805 0
%n8809 0
%n4223 0
%n9095 0
%n346 0
%n5632 0
%n2713 0
%n9349 0
%n2355 0
%n4825 0
%n5023 0
%n1769 0
%n4511 0
%n3670 0
%n1300 0
%n3681 0
%n6143 0
%n6196 0
%n845 0
%n7223 0
%n7994 0
%n8577 0
%n7300 0
%n823 0
%n2438 0
%n4680 0
%n1533 0
%n6690 0
%n1485 0
%n1375 0
%n9122 0
%n610 0
%n4780 0
%n3874 0
%n874 0
%n5422 0
%n2755 0
%n2761 0
%n5437 0
%n8792 0
%n7897 0
%n7458 0
%n6758 0
%n1738 0
%n6475 0
%n1035 0
%n6248 0
%n4531 0
%n5784 0
%n8761 0
%n2991 0
%n8713 0
%n1125 0
%n1671 0
%n1897 0
%n7638 0
%n243 0
%n8492 0
%n7288 0
%n3993 0
%n484 0
%n4846 0
%n5883 0
%n7522 0
%n1388 0
%n841 0
%n6837 0
%n5502 0
%n775 0
%n4611 0
%n7714 0
%n