139
5497 106
10475 97090 95665 75103 37066 64266 5086 15869 78291 33627 25158 19683 52790 78363 31698 9457 98486 29987 22408 74122 20295 77339 99346 52101 41765 34536 84519 55817 32157 33505 29802 18293 21081 79277 84242 83397 85311 27242 31041 63434 39118 20607 6204 36071 17732 94752 48334 28297 89286 73570 60083 61002 59957 56247 48363 93970 7216 79147 74284 51264 17075 78204 53755 86024 46441 75663 190 78486 91364 59044 87672 86211 74513 57692 62072 5727 38458 81159 93528 88391 80777 30294 85990 82464 79962 72105 52509 67474 48485 72952 95051 1283 60789 80547 74487 13440 87508 42975 69188 20551 36270 14803 38581 66047 34503 53914 %n6736 68
70741 69551 82016 80174 61715 83484 65118 80518 67729 65703 68211 85806 68343 80434 96988 11697 45118 3211 73962 84948 9433 59448 332 70170 16010 27341 70332 86712 25210 25747 18017 45340 35814 96512 47214 79901 86342 38516 74131 71553 82336 28173 52036 93531 19820 21672 67495 45519 59931 70156 74671 6103 93822 24582 35529 77979 8064 87221 86890 87916 3889 74788 58933 36074 88350 73676 59728 66909 %n5599 31
62857 78929 69577 22423 64250 54576 29427 69894 52559 36727 45898 56786 14981 10742 92246 33389 65541 98013 72627 11244 29824 31736 59923 25581 81252 11018 38442 42273 77713 34775 26318 %n1151 13
11506 41969 79935 290 68923 74044 747 53778 64242 45446 64774 71844 97846 %n5293 9
68004 64028 57698 36897 10489 33442 83168 68066 94124 %n4056 5
48828 17912 9612 31488 77577 %n1380 3
64940 57760 12174 %n3123 0
%n493 0
%n4290 0
%n1872 0
%n5344 0
%n288 0
%n399 0
%n5800 0
%n4909 0
%n3719 0
%n1637 0
%n4555 0
%n5842 0
%n2701 0
%n672 0
%n3857 0
%n501 0
%n2749 0
%n4861 0
%n5888 0
%n992 0
%n6552 0
%n914 0
%n747 0
%n584 0
%n1037 0
%n5607 0
%n2345 0
%n4983 0
%n5370 0
%n126 0
%n4517 0
%n2492 0
%n1514 0
%n2907 0
%n5175 0
%n5464 0
%n57 0
%n1750 0
%n558 0
%n100 0
%n5862 0
%n294 0
%n3460 0
%n2009 0
%n3850 0
%n6029 0
%n4766 0
%n3428 0
%n2821 0
%n6928 0
%n565 0
%n6456 0
%n3692 0
%n3132 0
%n507 0
%n3544 0
%n4184 0
%n2047 0
%n5091 0
%n3224 0
%n6950 0
%n4784 0
%n1403 0
%n3528 0
%n2353 0
%n4111 0
%n2418 0
%n3796 0
%n5136 0
%n5843 0
%n1194 0
%n4926 0
%n5157 0
%n279 0
%n3709 0
%n3955 0
%n1918 0
%n5142 0
%n1007 0
%n1792 0
%n7184 0
%n1901 0
%n5047 0
%n6485 0
%n6727 0
%n5968 0
%n5712 0
%n2153 0
%n4042 0
%n167 0
%n1596 0
%n4041 0
%n2140 0
%n3792 0
%n623 0
%n3507 0
%n3459 0
%n4538 0
%n1561 0
%n1111 0
%n6395 0
%n7084 0
%n1580 0
%n1937 0
%n392 0
%n1767 0
%n1176 0
%n673 0
%n836 0
%n3192 0
%n5650 0
%n256 0
%n6855 0
%n3706 0
%n6521 0
%n5426 0
%n4147 0
%n2064 0
%n2193 0
%n62 0
%n3418 0
%n2703 0
%n3711 0
%n1879 0
%n6591 0
%n908 0
%n3509 0
%n7069 0
%n3647 0
%n3722 0
%n3183 0
%n