112
4422 15
41209 40698 36701 6229 29667 51268 33228 44930 18541 15326 41472 20360 13917 49626 43290 %n9191 14
4444 14878 33992 12070 11200 23407 40520 26548 32289 25152 42588 27590 7826 5947 %n10615 14
22595 48196 14988 10486 24084 19223 31280 40371 3254 50812 20198 29339 46640 16081 %n11951 12
12680 45827 16494 3882 27591 16334 29061 10949 3442 47958 7244 599 %n11960 9
6924 36064 28214 39403 47472 37427 3013 10015 27729 %n2670 9
19075 16434 39761 8605 26533 25387 19392 51125 49092 %n6601 13
40527 7069 27514 9257 25918 32774 24709 35358 38564 10374 41332 889 11908 %n9077 12
6383 50678 34366 1082 34628 18833 21185 20559 15797 29005 42980 18706 %n4781 8
2448 48613 6381 30318 2624 23767 52182 26669 %n3649 7
27526 15305 37685 36560 40716 19512 12438 %n11563 8
42135 37023 35139 27146 38243 42553 29443 39797 %n10111 11
29225 14560 50059 27166 18312 5715 7484 6339 19009 47818 49234 %n3680 7
12576 45548 31650 39749 7285 3404 10635 %n8486 8
6 13678 33842 19871 50890 49950 30542 39007 %n10970 6
4792 40689 37479 40565 34683 47551 %n9526 7
38128 17584 16381 52172 28447 35550 20165 %n12249 3
37032 40496 24974 %n7587 4
28099 27914 49550 17864 %n2139 3
40933 24683 5881 %n2776 4
13684 2282 10144 17346 %n7041 2
803 3199 %n8837 5
9004 32710 42741 31614 24529 %n11769 1
27279 %n11336 4
7810 23909 48774 37550 %n7634 1
11032 %n5312 7
47299 18543 47374 10845 8248 5990 20200 %n9396 2
14846 19601 %n6377 3
48562 16161 16466 %n6324 3
8735 3833 17675 %n9953 3
47925 31344 3549 %n4472 2
14212 9908 %n10530 2
6858 39398 %n10645 0
%n4745 0
%n3167 2
12120 15654 %n8460 0
%n5854 1
20651 %n3439 2
44195 11605 %n6582 1
14354 %n1269 0
%n7252 0
%n7691 0
%n10926 0
%n70 1
12456 %n338 1
52180 %n5940 1
21263 %n4021 0
%n7529 1
35471 %n13057 1
14137 %n1043 2
17718 6021 %n3067 1
39589 %n5743 0
%n7668 2
9087 7696 %n8699 0
%n12788 0
%n5804 0
%n10420 0
%n9270 0
%n2418 0
%n2927 0
%n6467 0
%n5131 0
%n7834 1
22332 %n946 0
%n10322 0
%n5340 1
34206 %n8998 0
%n8673 0
%n3449 0
%n6536 0
%n6613 0
%n1866 1
48534 %n6207 0
%n10508 0
%n6555 1
41943 %n12456 0
%n12097 0
%n6156 0
%n8529 0
%n8209 0
%n4241 0
%n8532 0
%n9192 0
%n7911 0
%n10692 0
%n2414 0
%n7783 0
%n583 0
%n6135 0
%n9080 0
%n12775 0
%n12514 0
%n5933 0
%n8054 0
%n9589 0
%n8334 0
%n1022 0
%n7481 0
%n3792 0
%n2859 0
%n2336 0
%n11217 0
%n8081 0
%n11872 0
%n2226 0
%n7684 0
%n2066 0
%n3286 0
%n1423 0
%n10486 0
%n3690 0
%n10534 0
%n