81
3018 182
43879 10148 54795 85999 61057 1594 42091 1053 91693 83788 37819 61536 24088 54939 7714 84023 22098 67069 31527 78890 18846 66756 43798 75767 78903 79639 18170 69150 38188 1636 18194 61596 73253 95748 57935 38507 71732 2067 60318 65534 39126 76489 96951 43667 77805 73679 13354 90703 82096 82693 31870 94430 86124 18703 60297 37742 84230 3234 75778 58357 84128 42253 38346 12975 97693 19365 46259 23796 32375 62457 66053 40569 6392 31642 68367 8430 62381 75580 89386 72813 86417 90217 34610 66620 15382 21114 17712 94391 81126 14698 5139 93138 22284 51657 37617 7001 67333 99937 13764 2248 7388 31554 95398 74282 70833 40560 98853 46860 45910 70491 54140 69700 2856 52676 68739 7996 6492 89900 53703 81727 29412 58195 72991 13914 20532 14747 53574 6342 72155 66377 98342 38451 42321 50091 87316 63105 66235 63379 77578 8198 7148 63605 84803 66414 81699 14373 17794 59523 58970 30437 48276 25671 26070 77905 32423 8921 47314 53912 27541 31744 99562 69832 16861 17629 25968 42146 99445 75857 57673 91242 24827 85780 8992 46747 37531 29471 16449 22474 77279 17341 24368 89649 %n469 141
8832 74879 14304 31285 1928 28992 64701 91205 47905 45156 40066 34188 46362 58817 36122 70619 72216 32298 52213 57612 85148 87434 79360 85107 64681 42477 55387 76553 85749 95068 20986 43790 95175 84592 55608 15399 59422 15561 89335 51705 31499 22533 1419 70881 845 41488 72021 71783 15793 26190 496 49886 85281 38841 14988 24388 92209 62062 46166 41960 64680 8634 40031 24434 52579 3113 85211 61893 74640 35185 77970 19407 90436 60088 98501 10625 12318 43980 42960 28339 89044 57869 92672 67235 3529 99468 67109 67404 56594 12863 46620 42226 89433 31171 77442 61216 71901 78842 67380 63585 5703 49241 54087 4427 86046 73795 69810 83805 89932 19793 67798 87499 73797 14880 17182 35528 59703 83953 18640 41278 18626 89191 66726 63898 31952 89700 64031 53579 85358 19174 34076 58907 51658 73990 70574 81034 67015 12874 74606 302 31871 %n5061 113
89948 18451 72587 49441 23137 97896 13711 14486 8346 74197 15248 98646 67674 61589 22064 47598 87357 60823 33063 62900 10611 79298 49421 97440 68691 4539 97812 40491 21833 59537 16579 49377 99129 85598 16437 23842 40358 73887 88226 86984 7044 34676 99035 63816 64792 83271 94840 84349 6494 97041 9610 85011 63119 87902 37608 79868 82084 87765 21289 6808 37269 66859 49904 87190 91343 81590 84555 60629 9294 24742 33667 3016 51023 81480 53583 27583 6635 23539 50098 77428 88640 33058 4495 9631 67893 37596 76900 54942 96157 97388 7008 72988 45053 79528 62466 72065 18105 33533 34847 72705 10870 71653 48630 30476 23624 55894 58282 40055 77693 32717 43936 86288 1184 %n2526 94
38643 77893 96867 52821 41527 60932 98705 68733 76654 38164 18412 34868 16638 44614 53658 60835 59698 28712 79075 78529 54470 58685 64422 83845 24620 14699 76057 48731 83505 72187 63368 19185 99381 90326 43632 93015 57312 3201 6004 66267 56226 53727 40173 73747 104 48979 12307 62847 36449 16279 95264 956 4367 60282 18818 58619 19008 5408 29737 73621 5728 48416 19078 10919 71440 88374 35859 90878 9001 28867 89147 25290 65527 9349 44394 97406 61576 36452 41918 63824 16939 33355 69363 26939 39555 74380 40080 51861 98073 61209 79152 66101 5810 98486 %n4931 68
53575 76260 31042 7039 54207 1974 90349 88558 80942 18771 69665 70987 42276 41382 51904 79808 38842 99133 84400 52680 17569 85093 42183 35022 50060 33866 15465 22231 24449 25730 17691 14997 99201 58371 18436 54053 78463 7198 24091 84695 27798 6511 94230 58524 98459 34039 78302 59747 68830 23063 47157 23868 89818 27198 62748 79489 12406 9484 89361 87989 63774 39563 17326 89847 83290 20438 74348 86021 %n5145 50
29170 81398 74418 10199 35879 48503 96384 39224 89574 31201 51199 32906 85897 23046 58151 80196 64264 64774 62237 50903 65244 23261 95557 30788 22460 54883 99122 78190 46561 95119 39949 58329 65775 4248 78353 35511 28724 31716 94123 89187 48844 69929 34738 33668 39414 39811 80967 93080 62852 93729 %n1437 42
91245 8608 4009 16206 73798 46660 16164 16075 60974 24945 85864 19422 78486 65117 86309 63449 12405 24685 3104 90517 65357 80277 13081 35192 96499 34562 49327 8932 35886 93358 30820 2667 5325 97606 725 91491 18472 96641 93939 35206 32089 89315 %n180 35
16214 62540 4726 9032 57763 43847 60727 20245 25786 31635 7663 74281 7640 88126 93491 24509 18996 40063 43486 15704 94910 63398 58380 13679 53327 67901 88007 26729 10885 15260 93919 48593 42959 77240 60470 %n4155 32
30257 78715 6255 87311 36256 63098 86782 54511 31232 33416 95071 79582 57111 40005 19730 63047 50139 22515 94120 84672 5022 50076 20358 52795 40593 74326 16005 81989 59519 61648 33009 53866 %n44 17
60976 21629 92117 7395 60193 34714 53213 95675 5646 15720 33573 69781 60311 62001 78581 91889 5533 %n1063 15
62048 86006 53225 16611 56319 7413 88120 91109 45599 62812 89442 9325 82850 39111 8910 %n747 6
83878 83784 3316 60185 76019 14581 %n2838 10
19685 3595 60951 15824 53264 48682 62715 63187 36194 27513 %n638 11
28293 96454 93347 68903 30896 39920 97451 90986 56113 45737 31252 %n3163 4
36915 54614 27731 1977 %n5291 3
26966 69693 46519 %n79 2
86993 84253 %n3864 3
28557 64218 41364 %n2307 1
57795 %n2885 2
31571 1896 %n1365 1
25780 %n4412 2
46972 84255 %n3068 4
78373 56950 91449 80882 %n3082 1
48657 %n3808 1
43434 %n3407 0
%n3714 0
%n3083 0
%n269 0
%n1156 0
%n4393 0
%n949 0
%n597 0
%n3552 0
%n759 1
73271 %n5213 0
%n352 1
3665 %n132 0
%n4670 0
%n1552 0
%n2596 0
%n5290 0
%n3474 0
%n3141 0
%n2450 0
%n3741 0
%n191 0
%n623 0
%n1435 0
%n4904 0
%n5252 0
%n3648 0
%n531 0
%n1030 0
%n1841 0
%n3689 0
%n1105 0
%n4384 0
%n2088 0
%n4935 0
%n2901 0
%n4941 0
%n705 0
%n3760 0
%n4052 0
%n1267 0
%n2507 0
%n2456 0
%n3362 0
%n1821 0
%n4185 0
%n4537 0
%n3253 0
%n2717 0
%n245 0
%n2923 0
%n1640 0
%n2811 0
%n3869 0
%n5112 0
%n294 0
%n