250
4054 94
45187 41588 1456 18755 97052 52343 9694 27919 91802 70469 71045 85423 80763 70991 81191 1877 78709 66017 21583 96570 78778 87008 41751 27281 77024 27267 99775 41663 41319 39351 46340 74574 66922 45933 37757 2953 71534 16244 78019 37128 66411 85790 79924 53574 90239 57164 39917 84360 32301 19682 10618 40424 94197 51996 38687 14254 75205 96336 9849 93639 63206 19686 93546 4713 46389 89291 2838 89340 28077 33619 14212 22337 34667 1427 30240 70086 87911 49005 61636 49691 14645 46489 28326 46537 196 85055 58485 52436 81582 49586 10613 42719 2220 67436 %n2503 86
25139 93280 64148 83723 13755 59083 78219 16893 66171 13243 63913 64683 37767 93251 69843 9139 8569 96439 717 97628 14023 96503 97829 2060 84053 27504 99985 26045 99545 47555 54648 94644 3905 67872 539 36302 8502 57688 62487 51225 5496 60626 27492 3842 14710 73444 57905 49633 34533 17454 84049 96387 12413 8549 3941 1670 41905 72071 72097 56405 99098 51866 1948 53318 83430 66938 22378 39874 2809 16280 99852 54464 29863 91202 48019 89721 40627 89016 78859 3255 63210 85587 32742 69229 84942 45763 %n7034 73
39074 95425 7374 14806 21074 10316 79965 5871 25052 63863 14727 93111 77893 78764 76766 58472 99698 78470 52498 41565 86351 3538 95548 3533 58575 33630 48217 29337 91550 4351 44452 50326 76368 88464 72333 41702 16034 24414 15028 35907 80482 51388 35708 85693 50314 414 45262 60648 89517 30896 25389 75242 91253 10694 73954 56287 67275 26401 86029 86801 13405 17608 774 32905 58830 87867 64902 20855 78045 74417 19545 94609 11382 %n4966 69
30584 15936 99247 4439 30831 69556 89567 79699 10050 61893 17939 15039 11783 4077 25962 21086 11634 82187 96937 96242 52749 87526 37897 26896 40906 34373 13969 19050 1951 81129 32067 17100 85017 43800 71162 29343 1606 54720 4504 25328 69304 1826 21330 15602 68571 99695 52222 73632 90572 18839 62505 70503 7643 15024 91027 71026 646 88344 50401 12096 89961 31500 65591 10122 80040 56337 5386 89411 84014 %n7632 56
27969 64210 65003 70720 13811 67822 16595 72769 3821 21802 1323 12352 17363 12114 16497 63468 50065 5988 12680 92449 90788 25601 8356 96941 87870 53673 93323 58425 72147 40867 73890 13975 32233 54344 38430 78367 975 34047 47717 90511 36536 4921 12054 25552 37735 85014 70712 40954 88074 39926 81767 7338 76643 81793 19082 14470 %n2692 51
64378 16157 68791 88824 45309 77208 9967 67172 2254 75889 74693 81498 35675 91386 7742 64273 76268 11880 31775 93166 36801 61466 15671 11526 87142 79317 32594 72771 8999 88380 51925 19052 74205 14343 7923 8236 55337 92459 53128 6870 58584 74756 31959 60583 7650 55744 76008 66198 34774 4453 81472 %n6875 40
83439 33742 39878 31495 6337 91887 83683 66027 81460 82394 36946 67310 30592 91030 22893 55500 27780 14847 95895 15852 57204 4606 12990 59962 70154 10021 21607 82403 69140 97762 93099 67454 47102 77973 58679 18307 1688 22667 64789 1185 %n2529 31
57000 60471 95763 9131 47173 6667 68493 11089 30471 70167 67323 98461 32325 16333 36896 98981 60690 88028 76360 23097 3494 24031 12022 53725 20416 49995 80379 25811 58821 84046 98525 %n3415 38
55899 65276 89281 11458 79353 37579 43248 11582 24032 63381 73197 30635 66055 41471 26210 19795 62098 49325 6692 19384 95430 67387 45252 27240 34397 81677 99143 69582 13656 95349 56647 22217 4082 87209 86773 46754 15153 95054 %n3575 28
40162 36150 90221 93940 30718 53731 51366 22240 93905 55922 15803 1232 79194 70114 46911 36633 13386 65423 50856 20670 17930 92703 56558 21757 80889 39065 55799 19333 %n3278 26
86082 97190 34804 23060 25859 72965 89075 14426 68607 19983 69702 52165 81149 66545 47492 93198 4155 18278 63935 3836 49945 17778 31733 20181 82871 95602 %n4754 31
52834 35124 97122 14648 27737 41600 59814 90494 18418 84675 83432 42008 30038 50090 59234 67529 72785 29080 65767 84411 98363 90956 11938 58041 83722 28809 41292 7199 39290 9889 95611 %n1554 23
47486 97375 61779 44038 2450 54110 40944 96972 77058 97873 54765 69289 11303 2260 61446 20336 14064 62664 36569 80346 87562 28603 78358 %n3554 19
26491 36697 2623 44664 10106 37924 50087 31452 75578 89099 78059 63384 9811 36460 42002 66805 69253 89507 53479 %n5683 14
94775 40238 32974 50711 19312 67781 13225 67236 9486 15192 76105 33028 58953 78949 %n6474 12
76540 49707 43960 35382 81970 83154 73666 69470 59894 19936 22161 68419 %n2377 11
20421 33238 49989 20920 45010 24969 67011 89446 54994 51028 57344 %n2701 19
14787 73565 62796 5148 58245 47456 35848 73437 53424 42122 37799 17613 43171 85992 71031 66731 95559 23467 6188 %n9081 10
50746 75984 39269 84687 66247 78461 44613 95477 84358 35520 %n1255 5
96223 27621 63255 27660 46327 %n6735 9
51044 58101 49250 10890 59772 54261 64587 57708 63487 %n571 7
98500 17666 7142 87690 94364 48904 13695 %n1165 2
15829 99916 %n53 3
9388 69809 72119 %n6959 6
86525 64690 50704 26462 9569 24122 %n418 2
56999 91195 %n7745 2
42791 26109 %n713 1
16315 %n1583 2
5558 74349 %n8708 1
42029 %n3283 1
80595 %n7335 2
82873 71215 %n1011 2
81025 23257 %n2241 2
2210 76251 %n655 0
%n7043 3
64397 65537 50952 %n3292 0
%n1649 1
69580 %n8944 1
84459 %n8371 2
17294 3457 %n2196 0
%n4526 0
%n1733 1
92598 %n7119 0
%n7324 0
%n8795 2
66934 70839 %n1104 0
%n6195 0
%n8675 1
90760 %n3662 1
99348 %n6423 1
41598 %n2790 0
%n8645 0
%n2876 0
%n6775 0
%n7498 0
%n8386 0
%n1921 0
%n9145 0
%n4844 0
%n287 0
%n220 0
%n9509 0
%n7153 0
%n7126 0
%n6702 0
%n5605 0
%n1912 0
%n6413 0
%n1898 0
%n81 0
%n5421 0
%n8085 0
%n3944 0
%n9373 0
%n3863 0
%n4156 0
%n7752 0
%n9746 0
%n7507 0
%n7877 0
%n3377 0
%n6126 0
%n2961 0
%n5371 0
%n3880 0
%n8838 0
%n7408 0
%n4762 0
%n7226 0
%n9496 0
%n2487 0
%n2130 0
%n2048 0
%n4517 0
%n6708 0
%n6359 0
%n1931 0
%n3472 0
%n7962 0
%n4139 0
%n3697 0
%n4594 0
%n148 0
%n9320 0
%n2454 0
%n803 0
%n9206 0
%n7337 0
%n3687 0
%n5487 0
%n6872 0
%n5991 0
%n6984 0
%n7834 0
%n6615 0
%n9452 0
%n6789 0
%n7890 0
%n3990 0
%n4591 0
%n7139 0
%n1811 0
%n4392 0
%n2579 0
%n8275 0
%n4703 0
%n975 0
%n2443 0
%n9442 0
%n2444 0
%n9778 0
%n6713 0
%n7209 0
%n6889 0
%n8202 0
%n8958 0
%n2139 0
%n4332 0
%n1274 0
%n9045 0
%n9761 0
%n9205 0
%n400 0
%n9372 0
%n5350 0
%n2299 0
%n4491 0
%n9458 0
%n3789 0
%n2732 0
%n1559 0
%n3888 0
%n40 0
%n2456 0
%n8046 0
%n6469 0
%n5932 0
%n6376 0
%n7293 0
%n566 0
%n4426 0
%n8632 0
%n1510 0
%n1801 0
%n3896 0
%n2273 0
%n5054 0
%n7920 0
%n4661 0
%n2882 0
%n7097 0
%n6546 0
%n9640 0
%n8650 0
%n7203 0
%n7712 0
%n8000 0
%n6657 0
%n1597 0
%n2448 0
%n4838 0
%n5799 0
%n9473 0
%n5093 0
%n6577 0
%n3241 0
%n8976 0
%n7718 0
%n3304 0
%n7670 0
%n4399 0
%n6338 0
%n4291 0
%n693 0
%n8763 0
%n2306 0
%n6202 0
%n2655 0
%n7661 0
%n4408 0
%n5052 0
%n6759 0
%n7387 0
%n3634 0
%n8086 0
%n9133 0
%n9664 0
%n5092 0
%n3998 0
%n6522 0
%n132 0
%n4468 0
%n4325 0
%n6357 0
%n8807 0
%n1025 0
%n6274 0
%n4116 0
%n4912 0
%n5005 0
%n6559 0
%n1715 0
%n8885 0
%n8396 0
%n3638 0
%n8255 0
%n9533 0
%n114 0
%n2483 0
%n7832 0
%n5939 0
%n1478 0
%n1634 0
%n6795 0
%n3601 0
%n6315 0
%n1960 0
%n9352 0
%n943 0
%n5501 0
%n5079 0
%n1153 0
%n2008 0
%n1592 0
%n259 0
%n2287 0
%n1087 0
%n6769 0
%n5743 0
%n