129
172 188
69644 5744 34968 16671 50353 32822 8380 96978 83928 22388 1178 69188 48026 9842 20625 37461 75157 24463 17631 51582 69556 88844 20269 93610 65740 48720 36408 35255 35265 23038 774 87845 47361 54056 62717 21750 60688 76828 42278 22638 93351 37795 89317 66007 54802 43714 45030 17436 21141 69623 3655 31885 79756 19663 48097 25247 59948 88839 63889 44092 78126 59159 27124 16931 91084 66477 3343 65569 40614 78308 68800 99264 601 62154 59771 77409 4734 59716 32808 37902 9081 34668 94790 7234 83783 41852 9892 77997 37634 77083 38534 38814 46794 47677 39189 52876 28057 97342 42178 78518 20814 12765 3383 11842 17405 77116 7763 94936 97825 58243 2920 6549 67681 46168 53118 44694 52948 4683 22592 57102 10687 73955 52113 58434 54273 93100 50081 5785 12192 7359 39737 66321 8019 23948 7270 55328 17576 87024 15386 52834 3924 87030 81295 45071 20271 82730 76234 29135 26345 33741 60784 24553 39185 69947 76208 635 28309 27247 35164 46513 36831 86598 2248 38393 94078 52355 22987 28122 56178 77352 9591 28149 94276 50356 70631 73280 36010 21738 83753 58006 53132 16160 43490 29419 28528 32747 76406 17565 %n333 132
30161 8263 2241 86394 55242 93725 87183 35990 21095 81871 49409 20571 81079 43564 36485 95185 64495 97080 81223 89131 23443 62595 88094 1336 56997 70622 93362 58555 34692 47431 13899 24864 11560 72355 84186 5858 37763 64892 41061 8578 46975 51906 10464 6704 11628 30795 48842 72459 62514 24683 64314 6119 18434 7769 56191 3515 13939 9448 17053 82860 15278 54261 12640 29572 82838 34871 24672 58360 70504 76168 18322 70932 87627 24508 14175 63038 79510 80702 36438 46674 9017 80906 37527 96479 58584 54883 2384 3019 70486 12459 79423 18674 10762 91040 41588 25346 48199 66402 56210 47858 74526 39081 19526 56645 794 52614 75134 84261 62899 96952 70973 6712 90079 49981 44689 71449 71799 37368 51084 49921 98095 3465 6343 84752 68563 76073 61016 7980 19805 82042 53670 60740 %n4489 97
79498 20402 33664 17721 702 12010 26117 77812 81110 36615 82964 11455 87258 82355 20257 71905 77404 38124 69719 96799 38221 87633 95190 64482 55919 76911 92725 41133 74845 98452 61473 89428 52910 63343 85760 54569 96151 60847 32048 27347 72606 22478 42721 74922 10896 23312 29852 36857 85291 60598 6183 19105 5090 18024 493 68799 20177 85978 31785 10398 52888 24325 86180 31208 26312 2635 71813 1487 72109 98151 10916 18158 68337 82214 82318 39831 51882 86108 50208 7848 4976 3692 9041 2431 98472 39952 71124 31566 63618 98947 27490 26168 13567 73876 48846 8818 96283 %n4650 65
59034 93280 92817 38766 54632 42207 98420 16999 64752 76264 21311 15436 17502 75942 71864 49238 60262 98535 5986 75965 45366 61732 23554 89981 57404 52864 97978 81122 76294 66370 36094 74407 35696 29645 80696 78835 12885 69920 20207 37758 22048 64669 59178 30040 45221 79159 26826 68214 83692 68833 13341 33806 90606 57826 42952 92790 31906 68509 69147 4900 67415 68373 60967 98112 19142 %n3179 46
7323 97563 3568 1810 9048 54678 22178 64406 51285 22757 27362 53877 8903 78811 35981 27200 88626 77090 19559 53563 28460 66050 17861 3316 23868 31082 91127 30212 71603 67554 25089 14477 34458 55173 92824 75941 48710 97494 93281 71043 14579 4762 96144 19653 86903 70439 %n4008 37
62501 78113 99458 66691 96602 26477 25761 80042 50285 84649 19689 22458 52710 2765 69974 61079 99481 18652 22564 30616 11079 63494 42408 1220 43180 58035 56585 93272 71482 87547 91702 79132 47020 81457 85962 34273 9644 %n1493 30
38022 31197 72455 79604 35529 82405 92062 4660 94285 19415 46649 309 540 44312 85601 5166 63894 89487 32392 91557 3434 63048 34750 48203 20742 45758 87732 84079 47305 71250 %n4020 24
8351 43022 31402 53845 50288 37943 71672 89774 19725 16347 95525 22106 13575 75793 86216 34880 27356 31054 26768 25833 35652 12016 96509 5411 %n5087 17
78246 41619 18087 62782 31771 80902 99120 22039 42600 91961 89894 3635 69714 34764 87089 18444 94002 %n3358 7
19830 57626 80141 73229 67900 83564 48957 %n3068 4
95134 92699 2503 57059 %n2297 5
9744 83268 70112 55309 36132 %n2567 2
52464 63683 %n3061 2
32237 33964 %n4641 2
2125 12879 %n1439 2
93914 32430 %n4062 0
%n2211 0
%n192 0
%n3362 0
%n1118 0
%n4242 0
%n4100 0
%n5288 0
%n4224 0
%n712 1
52753 %n1740 0
%n308 0
%n967 0
%n5119 0
%n1199 0
%n461 0
%n3159 0
%n4480 1
98419 %n3396 0
%n2 0
%n2544 0
%n497 0
%n2802 0
%n885 0
%n1268 0
%n4572 0
%n1451 0
%n1442 0
%n1288 0
%n3979 0
%n4466 0
%n727 0
%n1760 0
%n662 0
%n295 0
%n5199 0
%n3576 0
%n289 0
%n3662 0
%n246 0
%n2601 0
%n40 0
%n742 0
%n5201 0
%n4325 0
%n2399 0
%n4456 0
%n3067 0
%n2542 0
%n2850 0
%n2324 0
%n5298 0
%n2752 0
%n230 0
%n2910 0
%n776 0
%n3449 0
%n5225 0
%n4154 0
%n3865 0
%n460 0
%n1233 0
%n3079 0
%n406 0
%n5265 0
%n614 0
%n1858 0
%n3126 0
%n936 0
%n3548 0
%n4137 0
%n2289 0
%n484 0
%n1816 0
%n4361 0
%n278 0
%n3267 0
%n3055 0
%n3557 0
%n2322 0
%n4418 0
%n1253 0
%n3937 0
%n5175 0
%n3823 0
%n3700 0
%n528 0
%n3737 0
%n2830 0
%n63 0
%n1477 0
%n5319 0
%n266 0
%n3574 0
%n54 0
%n4667 0
%n517 0
%n1688 0
%n3133 0
%n4697 0
%n1722 0
%n2870 0
%n3553 0
%n2221 0
%n2308 0
%n1379 0
%n3685 0
%n5169 0
%n1901 0
%n4714 0
%n1248 0
%n5223 0
%n1232 0
%n