301
7447 131
21067 74513 91585 23990 47966 11200 93375 84750 93238 96024 34248 4164 13269 65440 23683 62925 42198 21611 99451 34348 13099 9975 21373 63940 71805 38594 15673 48472 79410 5927 28221 92825 59530 8214 17052 17108 1980 31629 44747 18107 50321 7586 41366 83101 59249 31984 18190 50636 45830 66610 92828 69622 10882 57200 99404 95550 60873 25558 15226 20367 52000 34364 33236 31654 77329 23215 97484 84660 71084 35222 68663 49508 66002 29102 2101 52001 24111 19960 84318 11060 41432 72550 49290 14809 79228 45398 87223 50802 74144 18395 17229 77480 45042 4980 24750 65690 87872 44242 89479 68337 25607 87122 78180 57472 24860 88418 42653 65318 38144 37268 42388 7292 97147 1053 27697 52535 34046 49683 76501 22678 95415 73949 51721 48464 92995 68088 51725 90613 2412 43651 83516 %n7309 103
46253 66733 46934 19780 27658 28142 30572 55 29725 12473 82979 17801 65884 47713 46140 93942 49062 69413 10735 53932 69537 60128 61348 68916 43365 67249 74268 54381 94606 26444 18113 79561 49230 83746 31955 21590 62281 55110 84859 7770 38916 98383 80000 804 69969 97721 76723 45372 96755 42526 85289 33144 74145 60328 67883 67838 84379 86633 23970 30570 25010 95911 3250 57097 89120 91086 35243 34865 5367 38170 69604 26550 41402 53091 42333 42570 40059 38191 62074 42474 15075 48936 66922 22712 87370 4398 66269 89974 26523 16727 9981 72300 46758 53218 94729 36849 43334 98935 67259 80175 77725 72421 49288 %n6709 74
57556 44979 47193 58804 7761 7666 29400 42631 64921 53980 11372 44500 87086 93760 43738 3249 8969 79357 48844 10111 63547 79394 80569 79779 20942 24028 98963 59354 98880 14728 86789 88731 45717 89761 46112 19399 88481 59779 16572 65088 98743 84715 4017 91195 64421 60844 96184 21813 8995 71623 51553 71014 67844 67173 87629 84510 86816 72670 12351 23692 78504 75561 17627 9072 80706 68115 57136 12348 62476 22646 24711 17216 72745 82550 %n245 54
17668 20286 19279 4720 88788 83841 44488 33571 5499 24604 3752 9083 21431 29162 68147 5222 65813 83427 89073 42560 68233 9314 47612 57448 82573 82432 5638 73059 3146 3737 71440 36525 26603 27314 35264 64462 69012 29342 16298 31196 96794 24432 95737 90554 20501 4806 95209 30477 84389 41017 92394 79302 3075 88809 %n5102 36
78149 26099 94157 86790 54724 46693 41637 57515 95203 67726 41436 23559 14408 86517 94909 18795 49951 23599 72502 92963 95411 71028 45158 87235 17938 61428 5190 98868 9020 53971 31906 97140 23283 56903 89043 5292 %n6133 30
82930 82982 19286 90891 30328 44506 63260 26377 77475 47210 30972 74533 6419 81852 84904 23434 71616 54854 1143 87440 89306 93106 70857 4751 35925 3800 6889 49162 11414 53966 %n901 20
26832 27494 94019 26467 36785 4298 38366 86601 56329 59880 14178 37824 48091 85434 93177 51854 50457 90397 57391 8351 %n4403 11
28163 16891 19877 43228 24402 61698 91482 48136 27171 33603 47257 %n3318 14
22853 13391 86257 93533 87728 96503 28566 43774 94115 6570 52116 67583 13867 41987 %n2697 15
50942 49749 13950 45301 49140 18550 3523 22951 41821 2933 55832 51895 26428 32752 32114 %n7455 10
72179 68526 32038 60282 86710 61831 28229 76589 46509 27835 %n4407 8
28400 92256 42158 3223 58824 39003 29237 23179 %n954 6
86659 4026 96824 81721 63979 42957 %n627 1
56585 %n2335 1
72805 %n2017 2
52926 46916 %n6776 1
65151 %n4965 2
36845 71583 %n7056 1
83843 %n4714 0
%n1914 1
63944 %n4187 1
17458 %n3762 0
%n6657 0
%n4787 0
%n1978 0
%n6538 0
%n4445 0
%n937 0
%n162 0
%n223 0
%n2598 0
%n4679 0
%n225 0
%n3471 0
%n7 0
%n921 0
%n2290 0
%n4360 0
%n5296 0
%n5355 0
%n4663 0
%n2294 0
%n3540 0
%n5780 0
%n1307 0
%n6104 0
%n3712 0
%n1504 0
%n4842 0
%n1670 0
%n4991 0
%n3235 0
%n7356 0
%n2419 0
%n351 0
%n2185 0
%n1499 0
%n3458 0
%n4902 0
%n4761 0
%n1308 0
%n6581 0
%n7259 0
%n410 0
%n2262 0
%n319 0
%n5392 0
%n5672 0
%n911 0
%n6742 0
%n4691 0
%n4245 0
%n978 0
%n786 0
%n4854 0
%n4963 0
%n3596 0
%n54 0
%n1764 0
%n2622 0
%n7133 0
%n7428 0
%n1461 0
%n1884 0
%n1810 0
%n7198 0
%n2387 0
%n2625 0
%n1740 0
%n239 0
%n2991 0
%n631 0
%n1843 0
%n1169 0
%n4966 0
%n3114 0
%n7422 0
%n1192 0
%n4812 0
%n7165 0
%n5841 0
%n1510 0
%n2915 0
%n1842 0
%n7188 0
%n1125 0
%n1893 0
%n3938 0
%n3801 0
%n501 0
%n28 0
%n1681 0
%n5857 0
%n2585 0
%n6790 0
%n5193 0
%n4369 0
%n4546 0
%n6331 0
%n3761 0
%n6758 0
%n3439 0
%n6624 0
%n2938 0
%n5074 0
%n4670 0
%n4604 0
%n3102 0
%n1240 0
%n4836 0
%n6326 0
%n3606 0
%n5762 0
%n7206 0
%n2660 0
%n5386 0
%n7034 0
%n6561 0
%n6112 0
%n6136 0
%n6153 0
%n3220 0
%n7146 0
%n329 0
%n3339 0
%n5199 0
%n6547 0
%n6322 0
%n6486 0
%n2129 0
%n4056 0
%n3359 0
%n4713 0
%n3939 0
%n727 0
%n3394 0
%n855 0
%n449 0
%n1608 0
%n1971 0
%n5527 0
%n2462 0
%n4866 0
%n1736 0
%n6277 0
%n6869 0
%n203 0
%n3526 0
%n7018 0
%n6189 0
%n2410 0
%n5753 0
%n1648 0
%n4265 0
%n7130 0
%n5362 0
%n7086 0
%n2019 0
%n4473 0
%n4560 0
%n5076 0
%n742 0
%n3955 0
%n2563 0
%n4227 0
%n4055 0
%n7336 0
%n6195 0
%n5913 0
%n1242 0
%n5488 0
%n6839 0
%n1173 0
%n2008 0
%n4333 0
%n717 0
%n7445 0
%n4458 0
%n3751 0
%n1793 0
%n510 0
%n244 0
%n5029 0
%n6962 0
%n419 0
%n6915 0
%n2218 0
%n144 0
%n3256 0
%n4968 0
%n6849 0
%n1275 0
%n656 0
%n2618 0
%n5056 0
%n2252 0
%n7158 0
%n4350 0
%n6064 0
%n4629 0
%n2347 0
%n2323 0
%n2450 0
%n5770 0
%n2605 0
%n1557 0
%n2803 0
%n543 0
%n5671 0
%n4937 0
%n6315 0
%n6049 0
%n4555 0
%n4643 0
%n4149 0
%n3014 0
%n7094 0
%n2407 0
%n7192 0
%n1483 0
%n6119 0
%n4190 0
%n7542 0
%n7143 0
%n5998 0
%n6902 0
%n4594 0
%n4749 0
%n6247 0
%n4706 0
%n1946 0
%n2790 0
%n2156 0
%n4694 0
%n1300 0
%n1678 0
%n4373 0
%n1391 0
%n3934 0
%n4869 0
%n3302 0
%n580 0
%n875 0
%n3671 0
%n246 0
%n3847 0
%n1282 0
%n2513 0
%n6595 0
%n301 0
%n4147 0
%n6807 0
%n582 0
%n6102 0
%n4994 0
%n7180 0
%n3763 0
%n6388 0
%n4089 0
%n2794 0
%n172 0
%n3987 0
%n974 0
%n2368 0
%n376 0
%n2451 0
%n5340 0
%n5012 0
%n5584 0
%n804 0
%n3191 0
%n159 0
%n3187 0
%n796 0
%n7244 0
%n381 0
%n2817 0
%n5442 0
%n2488 0
%n4805 0
%n