191
3794 18
28415 13178 18142 36887 51700 2200 60752 3518 45368 36399 28692 41954 32450 46643 14243 61192 55943 43803 %n760 18
5692 25124 2071 27978 26296 36625 33958 30128 1309 2880 43992 30684 36177 35768 52285 6533 20527 58491 %n4071 14
20704 21850 37409 13142 20583 12169 48741 45260 48481 23443 3178 30159 28605 55772 %n2817 14
58863 30386 49123 10781 35935 58486 22336 49387 37663 32689 39597 583 57906 51463 %n3079 12
49102 45514 6883 52141 13937 3481 25979 7917 21933 23463 19464 4822 %n4337 11
9296 38242 44741 25938 33473 36541 36989 23544 2660 39219 15755 %n5938 12
53802 31039 33918 16391 57256 42620 29284 43242 55654 3212 39715 60596 %n1091 12
50696 27523 42561 3498 22987 19067 25067 36779 45575 29013 12809 59468 %n6191 12
36345 13965 55480 3814 13265 33976 5426 36167 35669 54945 1080 61106 %n3125 10
22010 2957 4737 14339 9826 21496 52080 56324 55823 41316 %n1373 10
48519 25250 1379 57231 32478 41952 25849 51924 28031 6016 %n3343 7
37132 55017 21167 38880 53312 53591 21210 %n2490 7
47143 13570 7431 22117 47269 44459 2297 %n1954 11
46411 44225 50776 4050 15875 42450 29988 30317 42867 14955 12119 %n5113 6
7532 29336 60858 11656 279 1859 %n6570 6
53708 1075 29440 6191 15091 59658 %n637 2
45578 52802 %n4136 6
21436 37284 55873 5245 41733 54750 %n4426 8
22109 38519 3462 42081 1318 25531 41723 40855 %n2111 5
3631 23127 6140 15510 40271 %n2157 5
9729 44206 57272 42041 30168 %n4960 3
59242 49832 32749 %n296 6
25915 26674 44553 5928 12995 16523 %n3598 4
60340 46954 60289 30924 %n6518 5
28375 34877 33831 51414 60102 %n393 2
27421 22337 %n5903 4
37407 26082 41096 51568 %n12 2
5813 36737 %n3001 2
28283 44930 %n5602 2
49170 49577 %n5989 2
21195 55389 %n5924 2
10990 44655 %n2483 0
%n4767 1
43015 %n6724 3
37140 33194 31515 %n4993 0
%n3474 2
17300 2739 %n2478 0
%n6408 1
19222 %n3460 1
15593 %n3441 0
%n4865 1
17138 %n518 2
59075 6099 %n6321 2
36144 37269 %n2404 0
%n6422 0
%n4284 0
%n4193 1
23581 %n567 2
53056 38489 %n6218 1
27849 %n82 1
5033 %n4558 1
45090 %n6596 0
%n451 0
%n4226 0
%n3996 0
%n6164 1
10967 %n3616 1
50375 %n749 0
%n6232 0
%n1198 1
20844 %n5945 0
%n5466 0
%n5598 0
%n2554 2
11071 20480 %n4362 0
%n1765 0
%n2312 0
%n93 0
%n4963 0
%n6007 1
14297 %n5981 0
%n2849 0
%n2662 0
%n4579 1
37378 %n847 1
22544 %n2758 0
%n1312 0
%n5739 1
202 %n423 0
%n5769 0
%n4666 0
%n6412 0
%n158 0
%n1852 0
%n1556 0
%n5309 0
%n639 0
%n6600 0
%n6532 0
%n5018 0
%n3919 0
%n3327 0
%n5457 0
%n358 0
%n26 0
%n1965 0
%n4376 0
%n4608 0
%n5247 0
%n1685 0
%n2360 0
%n525 0
%n2281 0
%n1608 0
%n1716 0
%n6306 0
%n5772 0
%n5312 0
%n5604 0
%n2333 0
%n3254 0
%n6597 0
%n3420 0
%n3802 0
%n3805 0
%n6093 0
%n5445 0
%n1785 0
%n238 0
%n1334 0
%n2844 0
%n6270 0
%n3216 0
%n2976 0
%n2612 0
%n1270 0
%n694 0
%n1268 0
%n3113 0
%n830 0
%n448 0
%n2774 0
%n4938 0
%n2647 0
%n2320 0
%n2735 0
%n3532 0
%n3265 0
%n1963 0
%n4371 0
%n1151 0
%n3419 0
%n2201 0
%n5722 0
%n5433 0
%n491 0
%n1939 0
%n382 0
%n3221 0
%n1902 0
%n2455 0
%n5613 0
%n2421 0
%n2755 0
%n2499 0
%n4899 0
%n5127 0
%n2573 0
%n2473 0
%n2542 0
%n3844 0
%n5438 0
%n6617 0
%n4351 0
%n2944 0
%n3988 0
%n4593 0
%n5514 0
%n1231 0
%n2398 0
%n1261 0
%n2427 0
%n6527 0
%n318 0
%n4356 0
%n2820 0
%n1 0
%n2495 0
%n2967 0
%n1536 0
%n3753 0
%n5519 0
%n5485 0
%n3655 0
%n2357 0
%n939 0
%n581 0
%n1886 0
%n3647 0
%n5733 0
%n