503
1806 128
50984 38355 63592 7584 67319 76580 49340 39076 16973 61574 8035 22244 48959 9402 70790 34326 75425 76389 41493 66591 13301 46534 42133 34539 79083 39829 41084 17373 36982 50366 29808 42042 10008 16612 91853 36606 32977 78301 68361 61390 99839 29889 99847 9752 61062 3648 69209 30467 44909 7339 73002 22903 20429 53193 65464 47138 67399 86118 57058 89275 63891 61768 4602 35158 11652 45572 11531 68515 78953 38495 90860 98065 36523 18658 15283 35000 76343 58022 2107 80149 30235 82659 83937 99354 90422 31509 6506 75846 3967 80361 2009 76957 93276 63629 42737 1149 3049 58403 98817 10863 65082 96958 26026 28182 47823 86979 88835 61795 60803 59865 80729 2269 72421 91281 37986 52462 18341 98256 92328 29641 14322 96191 30835 93208 86791 1966 64381 1411 %n331 105
8118 1659 12264 40139 87848 26609 61985 16137 59744 12913 16250 53488 60678 20748 49224 37801 92256 34197 79693 29453 45075 79114 98420 25395 98047 96221 79122 68644 80724 376 41608 34535 19522 91641 41236 49600 6682 81076 46215 66631 67074 77609 96262 82340 79682 34162 1071 67923 38675 4582 24170 46318 66964 34930 80530 47780 31674 54329 53752 17370 84964 39499 33342 58151 3714 66025 70871 48517 79736 11657 6655 31744 54505 26268 27446 9123 32547 32106 76231 19045 40853 46723 99174 13099 50357 2401 68180 72016 54026 14897 89537 27083 755 6784 92801 23702 4855 61008 99834 67179 3679 48765 3503 85836 39966 %n2471 85
63945 88889 8582 64366 38772 96660 61106 55270 55767 35404 58795 33234 83572 48076 30705 38011 75271 81203 95305 60517 1047 81288 13203 19461 83704 54486 32644 18802 84014 95473 69894 67153 82320 93811 7633 6522 3780 65596 7707 48860 93930 65011 16566 12 35315 88094 86236 7848 88376 52338 26651 73694 71589 75574 49938 7168 41188 3533 65402 64183 48279 71671 56651 30522 2492 57164 82368 49930 91827 31608 37968 78934 18364 13619 4908 88755 34586 25182 3241 42271 45772 74983 72260 35656 83044 %n4186 74
59305 70474 50496 10452 29528 96943 5951 67595 17915 75055 85446 52180 94971 44558 63175 87621 92638 28878 50231 44255 77131 91601 65576 64567 24346 76132 46645 55487 6889 73408 94983 77683 75142 67392 15392 11689 48060 52016 99344 58018 66686 31931 94556 73151 94295 91466 57590 57336 70868 94622 69018 20475 51154 21334 48501 74763 45999 776 32583 52512 8156 66789 98112 51203 76248 7116 75023 19606 23337 77866 18926 14125 48401 53520 %n5290 55
4939 96331 49371 81911 44982 21289 99440 20110 35816 54967 35287 96653 96531 94022 15617 32786 74139 82467 92943 29603 75065 5243 71600 22478 9646 5848 51285 97660 68240 69564 95039 23558 36038 33373 96009 2122 90670 88541 76155 45810 6379 86217 43835 65014 11874 30745 58730 59859 23581 74333 24241 89934 79298 25773 81160 %n2595 46
24984 30948 31933 61436 36421 78759 47656 61290 4830 13389 70421 95778 44787 25771 51004 24898 77945 17933 70880 70597 91395 90673 5029 37483 61438 97877 44121 61819 18599 8668 58440 2266 78195 13767 76916 795 12326 457 67839 92873 69273 94607 31936 41465 77054 65479 %n855 35
96193 23679 63273 48908 59127 78249 72012 41895 82271 10157 11793 57974 97876 81992 69851 34793 88080 5169 7915 57560 95983 62433 87462 33687 85876 22135 36303 14436 23590 76527 56491 14801 24503 29592 27723 %n4622 38
47692 33178 21790 3803 41744 75664 9201 79412 45844 74019 92712 56250 82142 82876 17197 35136 80685 69423 84055 95066 43951 1185 31969 31120 86553 56768 40504 6709 17569 5787 56004 93755 86342 20113 58273 95729 41304 91754 %n7127 25
48169 28213 61238 34635 59884 15714 14491 60136 56216 99994 17487 62795 95727 83886 31759 88961 98726 61554 75886 12936 64423 4078 1885 16844 92860 %n5344 18
3047 16145 95142 12410 51876 79350 54493 41282 42091 79399 16029 98457 9080 6647 65995 51549 28009 94446 %n4021 26
91090 87903 98747 82695 140 70783 59381 18729 14246 48652 99188 20828 45741 2181 51334 62686 28864 30271 95118 75426 45950 7446 47508 63102 69226 58999 %n4674 16
95492 19362 20413 2658 87583 30026 86438 60342 69854 2071 32157 86240 55810 67998 55471 56214 %n6262 15
55952 15047 79250 24474 69101 69375 60423 3083 80869 4588 3767 2924 42257 7191 86157 %n2985 10
30983 90628 40479 38399 27538 48021 68434 54355 98147 17336 %n7248 7
86861 56708 59961 24643 83309 5513 34477 %n5686 6
47517 85085 65624 33692 17763 36976 %n7545 3
40495 82739 10848 %n2790 2
52840 5105 %n6760 1
8432 %n4712 2
67262 71851 %n52 2
45927 33086 %n1810 0
%n7578 1
82620 %n6018 1
91855 %n3061 3
72909 94525 78118 %n1383 1
54470 %n5489 0
%n3442 1
93647 %n304 1
29626 %n6220 0
%n5516 0
%n4637 0
%n1959 0
%n134 0
%n2119 0
%n6276 0
%n1724 0
%n3800 0
%n2340 0
%n1019 0
%n3897 0
%n7493 0
%n5786 0
%n2342 0
%n2805 0
%n7516 0
%n877 0
%n7457 0
%n6993 0
%n759 0
%n4471 0
%n881 0
%n2019 0
%n4107 0
%n2576 0
%n1282 0
%n1355 0
%n1556 0
%n4577 0
%n3781 0
%n3646 0
%n415 0
%n3759 0
%n979 0
%n185 0
%n2233 0
%n4112 0
%n4575 0
%n3885 0
%n862 0
%n2050 0
%n142 0
%n5514 0
%n3899 0
%n6916 0
%n1364 0
%n982 0
%n3143 0
%n1782 0
%n6780 0
%n1790 0
%n5594 0
%n1396 0
%n1833 0
%n491 0
%n2220 0
%n6663 0
%n1668 0
%n1433 0
%n2194 0
%n7201 0
%n6793 0
%n3044 0
%n5935 0
%n6561 0
%n4591 0
%n2256 0
%n5022 0
%n6409 0
%n2434 0
%n5524 0
%n5802 0
%n3935 0
%n5218 0
%n151 0
%n4733 0
%n6384 0
%n6821 0
%n5791 0
%n7547 0
%n3949 0
%n4193 0
%n3563 0
%n300 0
%n357 0
%n6052 0
%n3762 0
%n6797 0
%n6938 0
%n1027 0
%n459 0
%n5512 0
%n5161 0
%n7228 0
%n5265 0
%n3357 0
%n2453 0
%n2240 0
%n7631 0
%n362 0
%n3272 0
%n2126 0
%n1797 0
%n7443 0
%n2583 0
%n6488 0
%n4994 0
%n985 0
%n1868 0
%n3049 0
%n6775 0
%n3207 0
%n6887 0
%n6854 0
%n6382 0
%n4705 0
%n1370 0
%n5254 0
%n4740 0
%n2979 0
%n463 0
%n7692 0
%n6123 0
%n4621 0
%n4865 0
%n1500 0
%n3426 0
%n2777 0
%n2074 0
%n7278 0
%n3173 0
%n7178 0
%n6061 0
%n1229 0
%n1333 0
%n4183 0
%n3792 0
%n3062 0
%n7670 0
%n3359 0
%n7030 0
%n6269 0
%n1286 0
%n1440 0
%n1417 0
%n820 0
%n5666 0
%n2680 0
%n5128 0
%n4387 0
%n132 0
%n6013 0
%n421 0
%n517 0
%n343 0
%n6469 0
%n5806 0
%n4235 0
%n6683 0
%n6622 0
%n1238 0
%n1634 0
%n6429 0
%n7304 0
%n255 0
%n6831 0
%n576 0
%n4819 0
%n499 0
%n2994 0
%n987 0
%n2499 0
%n3188 0
%n4465 0
%n6723 0
%n6516 0
%n6392 0
%n3678 0
%n6855 0
%n3168 0
%n1820 0
%n224 0
%n4800 0
%n354 0
%n1040 0
%n455 0
%n7306 0
%n6730 0
%n3966 0
%n2017 0
%n2694 0
%n7081 0
%n6576 0
%n1726 0
%n3661 0
%n5984 0
%n5818 0
%n5500 0
%n5169 0
%n3664 0
%n6372 0
%n3226 0
%n5472 0
%n5074 0
%n2120 0
%n6915 0
%n6927 0
%n2645 0
%n3200 0
%n3421 0
%n7381 0
%n853 0
%n1620 0
%n969 0
%n5112 0
%n49 0
%n6528 0
%n2248 0
%n6277 0
%n3747 0
%n3163 0
%n4764 0
%n3536 0
%n3198 0
%n7732 0
%n696 0
%n100 0
%n6181 0
%n5198 0
%n2785 0
%n3472 0
%n1713 0
%n2744 0
%n6654 0
%n1694 0
%n1431 0
%n7429 0
%n3627 0
%n1116 0
%n7718 0
%n2072 0
%n2717 0
%n4484 0
%n5846 0
%n7610 0
%n6138 0
%n3707 0
%n3696 0
%n446 0
%n4267 0
%n1767 0
%n2236 0
%n5505 0
%n4156 0
%n3342 0
%n7576 0
%n2228 0
%n6004 0
%n4346 0
%n3395 0
%n3358 0
%n1360 0
%n3005 0
%n917 0
%n7077 0
%n2435 0
%n3372 0
%n5903 0
%n4739 0
%n7685 0
%n2238 0
%n6272 0
%n181 0
%n384 0
%n2827 0
%n3902 0
%n3135 0
%n7255 0
%n4030 0
%n1504 0
%n5004 0
%n831 0
%n113 0
%n7568 0
%n4576 0
%n1564 0
%n246 0
%n3791 0
%n4832 0
%n6328 0
%n4261 0
%n4870 0
%n6684 0
%n5610 0
%n329 0
%n7053 0
%n4829 0
%n3391 0
%n7349 0
%n5407 0
%n721 0
%n701 0
%n1230 0
%n5167 0
%n2455 0
%n4490 0
%n959 0
%n7378 0
%n4098 0
%n1975 0
%n5105 0
%n2391 0
%n7688 0
%n2870 0
%n7214 0
%n3455 0
%n4607 0
%n6592 0
%n830 0
%n4756 0
%n4044 0
%n5774 0
%n4635 0
%n802 0
%n2385 0
%n4223 0
%n4918 0
%n3018 0
%n3538 0
%n2094 0
%n105 0
%n7506 0
%n3888 0
%n4687 0
%n4385 0
%n3208 0
%n5857 0
%n3626 0
%n3527 0
%n3501 0
%n6924 0
%n890 0
%n6666 0
%n6166 0
%n6282 0
%n5495 0
%n7735 0
%n3876 0
%n6143 0
%n1380 0
%n5348 0
%n330 0
%n694 0
%n7777 0
%n3176 0
%n6567 0
%n1049 0
%n710 0
%n5784 0
%n2679 0
%n838 0
%n3072 0
%n3179 0
%n5205 0
%n3682 0
%n4310 0
%n4676 0
%n7327 0
%n5654 0
%n1533 0
%n6956 0
%n4367 0
%n5657 0
%n5688 0
%n2857 0
%n4003 0
%n5176 0
%n3691 0
%n4855 0
%n784 0
%n1801 0
%n5454 0
%n1696 0
%n6257 0
%n4298 0
%n6398 0
%n6344 0
%n7776 0
%n1990 0
%n1197 0
%n2977 0
%n7293 0
%n4822 0
%n6229 0
%n3419 0
%n5896 0
%n4279 0
%n880 0
%n5473 0
%n7557 0
%n3287 0
%n53 0
%n6583 0
%n2148 0
%n4522 0
%n55 0
%n5975 0
%n799 0
%n5716 0
%n5123 0
%n259 0
%n7504 0
%n7752 0
%n3928 0
%n3077 0
%n4294 0
%n2229 0
%n6157 0
%n2969 0
%n1957 0
%n4364 0
%n6609 0
%n541 0
%n1647 0
%n5595 0
%n4057 0
%n537 0
%n6174 0
%n261 0
%n6943 0
%n4848 0
%n923 0
%n4662 0
%n5081 0
%n3576 0
%n6800 0
%n5639 0
%n3889 0
%n7215 0
%n3239 0
%n5919 0
%n1856 0
%n3948 0
%n1444 0
%n4182 0
%n6071 0
%n3777 0
%n2188 0
%n6103 0
%n440 0
%n1384 0
%n3816 0
%n4025 0
%n97 0
%n7391 0
%n3251 0
%n2306 0
%n2894 0
%n7420 0
%n1348 0
%n634 0
%n2450 0
%n4684 0
%n1686 0
%n6937 0
%n1287 0
%n3155 0
%n3979 0
%n4919 0
%n7389 0
%n4938 0
%n4812 0
%n1112 0
%n