308
3393 126
63383 46723 36337 81123 68031 82346 48914 61634 73539 22118 56163 84614 55170 43875 95123 6134 62054 45013 800 71933 90174 11761 18261 88055 46467 17497 72369 14635 70053 85999 47045 12590 13011 97121 31129 25926 75704 24591 77553 32483 97055 28560 17090 83706 96025 63943 82406 95050 56962 33245 66045 97471 96608 63451 45785 59463 46056 92325 94617 25412 26974 9138 13136 72610 35228 38651 8592 46436 53651 57843 25100 24949 11166 20602 41936 6997 95426 91500 57199 71786 60701 82447 67146 82610 66909 87216 56449 26888 90906 12653 14197 37910 58832 48641 7610 85702 4851 37191 29078 28029 18583 51276 65870 73577 55253 88714 35679 46734 79221 10437 46000 85650 30426 47006 13649 50063 23000 35333 9104 82829 99721 41768 80103 12654 5298 13637 %n7809 94
43929 67482 64871 89574 86997 69200 29750 69827 99920 16099 25916 21180 63815 30555 27579 92764 88650 18882 80805 36767 29918 86993 14864 18443 97655 73636 74673 14185 29454 52168 36303 48787 65717 68891 71103 89587 23031 44716 71484 90190 15636 79872 13308 77920 55766 71073 92504 63572 42387 56100 66620 40635 22197 21318 19370 84564 82639 79902 55285 59172 28418 95591 23322 34470 75115 874 7395 63130 19735 4617 84659 35160 86122 72777 77984 86085 29173 32965 409 59756 45868 42828 80633 86250 14732 61081 59722 63315 76245 82746 479 22687 24764 77915 %n3111 82
78724 87414 14838 77952 67584 43699 59269 89073 17639 39456 25414 29416 17558 95677 52187 83362 31868 92517 76500 30122 50177 31950 55021 400 17084 36693 68865 48512 95874 6027 58576 22973 39885 95430 39035 78351 33362 39681 52244 78185 87290 88285 51387 26865 14754 10465 20256 42048 98164 81953 32089 8380 36010 6254 13080 59620 37969 3682 34301 81749 67913 915 63995 40773 38363 83956 18607 84287 13120 71328 7621 49989 72393 43248 11374 83809 61802 83805 9738 57733 86209 40393 %n7837 53
1119 96084 88808 3979 54400 77093 8291 48784 73370 54391 24159 34640 88642 70617 34293 84324 90860 62210 37938 13967 34990 3014 56677 99074 45085 41107 21527 96021 14921 64552 75946 3372 55606 13220 29189 15201 37493 4289 90440 14772 83092 97458 73614 23082 57108 63051 45820 63241 18414 71864 70667 38487 38373 %n5201 43
88689 13050 28763 45410 94442 39601 82259 68492 52417 62359 93471 57022 34187 43785 36147 55788 13271 14349 63287 27926 74714 33103 35944 7372 75417 73040 24614 57750 79359 17512 82026 39708 39171 84194 79017 79417 71685 97012 63013 71264 87138 78197 47188 %n2421 37
78507 41897 52297 25283 470 93837 56898 52207 96807 4081 36285 85589 40809 94980 64968 98880 4339 99771 59049 34259 71121 38314 94071 80420 61142 56130 81849 29311 78791 46733 71298 51392 43514 77943 95048 24144 76580 %n7577 23
39981 61973 82097 74817 26820 13038 56305 28842 68447 84942 42231 55246 26761 82314 19859 26893 8800 84991 52057 13072 23930 86403 37422 %n2220 15
27934 67930 94259 16915 36617 46241 14764 48115 12696 16535 63 65364 61123 79194 23303 %n2859 8
93913 49676 57922 28889 81475 84187 97348 61112 %n6324 8
69099 96260 41072 64558 58038 7642 17155 49660 %n5604 10
68618 22434 37516 58976 59605 64409 77873 94315 47589 8758 %n4356 8
42737 83385 16750 14874 88881 89998 27964 78996 %n7414 4
11950 12223 76411 20473 %n820 0
%n6376 2
39683 96268 %n4837 3
95299 79652 60655 %n4420 0
%n1378 1
59872 %n3649 0
%n1659 3
36410 11989 81754 %n6998 0
%n3503 1
65255 %n461 0
%n593 1
38545 %n3059 0
%n1831 0
%n4362 0
%n7062 0
%n1455 0
%n1121 0
%n7141 0
%n1516 0
%n2027 0
%n5710 0
%n4757 0
%n2161 0
%n4378 0
%n5170 0
%n4072 0
%n6740 0
%n12 0
%n7114 0
%n6982 0
%n1632 0
%n1222 0
%n558 0
%n6883 0
%n2467 0
%n3552 0
%n5611 0
%n5384 0
%n7674 0
%n4125 0
%n5167 0
%n4932 0
%n347 0
%n417 0
%n5310 0
%n5582 0
%n6418 0
%n1993 0
%n1770 0
%n7240 0
%n311 0
%n2287 0
%n4623 0
%n4261 0
%n3005 0
%n4415 0
%n2764 0
%n164 0
%n6687 0
%n4118 0
%n5927 0
%n7355 0
%n2589 0
%n5482 0
%n7511 0
%n2936 0
%n2658 0
%n3131 0
%n7623 0
%n5168 0
%n5422 0
%n7764 0
%n2646 0
%n75 0
%n5061 0
%n3853 0
%n3576 0
%n1116 0
%n2977 0
%n4632 0
%n757 0
%n7216 0
%n3728 0
%n6030 0
%n1722 0
%n80 0
%n2123 0
%n6792 0
%n4998 0
%n669 0
%n7729 0
%n5303 0
%n5141 0
%n1673 0
%n5723 0
%n4869 0
%n596 0
%n4721 0
%n7731 0
%n2504 0
%n2195 0
%n823 0
%n352 0
%n5981 0
%n242 0
%n956 0
%n5702 0
%n6367 0
%n7525 0
%n6302 0
%n7151 0
%n2686 0
%n4754 0
%n3540 0
%n3602 0
%n5757 0
%n3084 0
%n179 0
%n7332 0
%n7480 0
%n3515 0
%n7444 0
%n1200 0
%n2279 0
%n150 0
%n1457 0
%n4517 0
%n3258 0
%n5157 0
%n1164 0
%n3705 0
%n7563 0
%n4952 0
%n2420 0
%n7078 0
%n376 0
%n7934 0
%n2164 0
%n4099 0
%n1907 0
%n6633 0
%n7324 0
%n4846 0
%n6195 0
%n7775 0
%n4 0
%n3496 0
%n1983 0
%n1031 0
%n5436 0
%n259 0
%n5712 0
%n6688 0
%n7211 0
%n6739 0
%n7371 0
%n74 0
%n2429 0
%n3451 0
%n791 0
%n2001 0
%n1530 0
%n1072 0
%n4112 0
%n688 0
%n5727 0
%n7873 0
%n7015 0
%n6212 0
%n2757 0
%n5353 0
%n696 0
%n4576 0
%n5413 0
%n4274 0
%n5739 0
%n1256 0
%n3328 0
%n6400 0
%n946 0
%n1712 0
%n7638 0
%n6325 0
%n902 0
%n6669 0
%n6568 0
%n571 0
%n1497 0
%n3032 0
%n2781 0
%n6465 0
%n2800 0
%n3802 0
%n6641 0
%n2440 0
%n1135 0
%n1157 0
%n5671 0
%n3862 0
%n556 0
%n6421 0
%n4198 0
%n3919 0
%n4116 0
%n2832 0
%n1169 0
%n6243 0
%n5471 0
%n4256 0
%n1574 0
%n6643 0
%n2054 0
%n6399 0
%n6377 0
%n7668 0
%n871 0
%n2435 0
%n1150 0
%n5587 0
%n885 0
%n52 0
%n6215 0
%n2483 0
%n5468 0
%n2488 0
%n6483 0
%n7246 0
%n5835 0
%n3752 0
%n3541 0
%n206 0
%n4308 0
%n3699 0
%n4173 0
%n7566 0
%n6450 0
%n2183 0
%n1813 0
%n5537 0
%n4119 0
%n805 0
%n7045 0
%n2914 0
%n4911 0
%n2799 0
%n5248 0
%n6588 0
%n6155 0
%n5462 0
%n4661 0
%n5417 0
%n426 0
%n910 0
%n3765 0
%n6069 0
%n5879 0
%n3654 0
%n7758 0
%n7214 0
%n4499 0
%n904 0
%n7048 0
%n5280 0
%n2433 0
%n2515 0
%n7106 0
%n560 0
%n3287 0
%n1101 0
%n1278 0
%n7423 0
%n5822 0
%n6545 0
%n319 0
%n3322 0
%n627 0
%n3417 0
%n892 0
%n3644 0
%n3807 0
%n578 0
%n5810 0
%n3677 0
%n2152 0
%n1811 0
%n6969 0
%n2846 0
%n3876 0
%n1220 0
%n5613 0
%n3851 0
%n616 0
%n7212 0
%n5958 0
%n5334 0
%n