34
1526 270
55311 47322 82926 21213 61653 74418 22670 45312 30360 6886 34819 24428 46553 60623 22050 65960 75800 50969 13625 47302 69578 12678 42201 83157 77863 81351 75938 82960 28549 57952 77899 48104 49606 29900 53703 81283 481 18065 54336 26398 55565 61185 83645 22805 32375 49815 50133 61858 50507 52253 19102 981 50425 22039 30829 65481 65059 48144 12410 29149 40379 18460 76252 6960 40883 69836 53041 9669 66830 35145 19930 64139 4901 36092 40677 81021 35614 34865 22773 74438 67200 44540 14155 64635 31996 51947 78893 83230 9104 50578 61174 58722 48682 24385 16739 71291 72172 77645 75650 75378 34398 4892 74503 41075 49614 35924 45883 70027 37089 2 44118 22806 72995 6662 76557 69138 3224 32514 42757 25586 79222 74654 16600 36549 39503 83084 14698 45992 21730 4274 54139 61008 893 49927 73110 34165 39003 39614 18764 50854 2532 7435 50508 70322 17114 83652 58926 61248 44609 53676 38964 51162 26471 70439 7883 83739 12667 71507 16391 18816 81842 49650 41329 68545 23021 11025 28195 65503 79262 67141 58832 2741 74543 9848 27429 40993 44170 40717 24492 50254 69482 69349 39670 32588 2016 52435 76011 37698 42870 11835 17902 66553 14228 1437 13425 48173 17575 52186 28095 29783 54312 69760 24425 28219 82441 1286 84235 31597 11573 53775 71716 25363 70781 17534 42450 22123 43939 66023 70786 82403 3358 60811 57118 25454 37986 47209 26172 55879 43889 39065 57808 44740 19942 80297 33646 68765 53348 46611 82909 80427 75783 63555 3548 40267 50709 77677 62603 18819 60569 43280 78013 40656 72189 9707 62567 70246 34233 13762 56356 44249 61233 20648 697 11496 10090 20819 82778 12522 33841 18817 %n1346 46
8557 72491 53890 10020 29020 64290 63832 62190 11706 73592 15164 73900 36603 16374 6424 75615 55976 77186 65043 73917 50314 9890 74326 39327 21070 2282 41401 72685 19913 60598 19060 74293 74983 46805 5563 60028 7222 13342 75719 38976 71788 6427 56624 48949 29934 75117 %n368 46
64024 18469 4167 42646 15013 47434 79889 30036 6509 36308 55853 73468 82243 83455 3562 25877 23917 650 2212 35392 42424 38653 67985 18313 74538 37764 22156 52526 70055 14234 2570 61820 18023 37076 64287 76133 46658 12990 57699 14299 59507 32009 77970 31011 46005 80148 %n3521 45
32483 34519 26192 36028 63448 54885 73811 72782 39100 4511 70948 48059 74484 67048 42394 67439 78596 67630 36119 26004 64325 54943 52246 10600 55046 72739 62776 11232 59054 50197 63115 3288 65897 9929 74179 72314 11712 7312 10573 10736 44065 22015 32061 62125 49817 %n217 46
53521 70202 2839 50087 21297 32636 31990 11588 73035 16405 49135 41316 70383 36829 74761 82051 58557 82472 51424 54245 16420 42090 46875 61738 83421 11916 16496 7494 49185 38726 54768 9783 79631 54784 54465 66431 72059 23402 43791 22369 7675 20309 2234 49512 14423 72440 %n1558 46
24934 67303 8375 18004 65822 40771 14829 37354 32224 49491 22709 24388 82793 75732 34775 9529 61610 69968 46274 39315 68001 43531 18709 76582 33693 60942 70114 19986 32435 18630 51754 48945 14517 51004 43384 83565 15672 22840 63153 14384 65598 4301 31425 28124 57844 24414 %n489 46
82546 26529 9886 36168 37114 69752 73263 23995 16800 9208 62394 17763 53884 67874 49189 44788 32385 41323 36098 62963 2975 65244 15941 72355 27487 28132 2509 70434 24482 20944 22777 59198 56883 82033 78199 47296 83789 21017 69670 33952 67185 80007 27285 45719 22955 72363 %n1318 46
63034 14510 45073 15051 30439 19850 19686 41983 43765 79653 74031 1642 68893 26196 63570 49125 30349 81609 43675 47855 27248 58724 2524 14125 32325 6877 50317 22088 18351 60523 23492 59603 629 29323 80586 32149 58864 35989 57 67674 77227 61127 2168 58607 80022 72351 %n21 46
4656 22100 27687 8301 50138 48873 15228 102 74424 15803 9954 81119 1075 428 53043 7079 80279 1922 25720 30325 56146 48122 17532 35764 11910 2422 16010 54338 58580 24641 60861 2798 47258 63359 46777 1054 1479 83930 5604 60042 43101 60706 49660 23685 82290 78340 %n1846 45
64215 70666 49461 52276 28472 38933 79538 68234 2113 21397 54896 21603 10996 7415 64357 110 71146 18416 37588 55330 15826 11897 33505 6600 28309 37801 82411 72316 3271 7050 82138 36781 11607 78049 50194 22328 39480 67312 67437 80835 19768 24405 28236 37763 25049 %n1230 46
79788 25488 27753 23242 41848 32556 48311 9615 79119 79897 62604 68111 8936 78120 82056 17537 5732 61968 49134 2316 61675 32750 49401 18697 55263 44079 1278 33694 34156 55133 66065 9524 26055 36485 32265 29169 63961 54496 70957 17260 31504 29734 56263 45649 82007 29624 %n1077 46
82004 2656 5589 63878 50997 902 55864 8684 6947 18273 58129 69092 70624 79345 47686 60304 69322 5509 69194 72653 81042 56702 38744 42939 81749 33461 66755 76669 9390 78906 67701 27932 18370 36815 73394 82409 36944 7047 14867 43275 36422 13516 56874 38298 71722 48667 %n1046 46
25072 39733 58158 17305 41240 51776 20269 19130 29338 48147 28537 28405 17432 1937 12673 55743 83848 7347 30553 55980 3353 30504 34162 69385 65167 19844 81731 12781 66542 17788 13180 22568 54125 33486 72982 38239 72028 27393 22029 66533 61789 7815 67661 8627 9275 20069 %n897 46
61990 14197 59441 44352 16840 10944 4819 54785 19299 51018 56565 79360 67915 62803 76798 67744 75561 78398 48048 14096 38176 63361 83280 7832 15683 56213 1088 69296 11044 50475 21588 9325 78555 75259 63546 49626 12220 79148 67586 34875 8560 40475 50619 83577 54053 8495 %n1141 46
6111 78410 46786 18613 26997 49019 47407 52293 33211 58084 32763 48359 40569 64207 64289 5760 25730 21880 16139 38220 35279 27571 12835 51026 16235 11795 55697 26751 45311 14766 43562 83310 58870 61145 69374 35203 24926 23289 80411 12327 82193 40710 40294 80627 40740 28945 %n1541 46
70303 60297 65429 64503 28363 68980 60862 80792 37934 81617 4885 37933 66167 9936 57468 77367 21165 21108 60692 4150 75439 64622 71293 20832 54820 72211 11191 27982 21501 10233 39400 70423 28607 69393 39547 81237 33996 46589 49446 1450 60288 175 732 5397 7588 70525 %n2992 45
72266 70893 37019 46302 45937 76299 27517 6055 26866 76119 33336 53767 61478 47892 74101 57089 33047 13732 61131 14425 41023 46492 67848 31804 7444 20534 44811 40760 76093 30104 53964 47420 32969 48085 68463 27985 34881 13687 50476 57946 65177 71803 62053 30940 21309 %n238 46
51422 26392 56437 61270 69333 76892 61558 75317 52073 18675 72391 58154 58716 11561 47114 22651 21746 29659 24986 8482 53206 48539 26796 5565 48184 25078 1675 76623 81024 10990 46193 50333 41540 28677 24301 1493 79539 75161 78440 13294 33831 44187 10951 60460 57465 31253 %n2076 45
48351 23035 42095 78050 17503 35457 54194 26355 67729 63431 11644 52536 64760 25887 47043 29328 13178 26766 70460 3226 79953 84333 23909 13548 75654 11150 39721 33780 8842 82612 73578 27067 81200 33444 52164 58937 48020 18757 27943 74984 1104 62671 19182 1555 3912 %n1818 46
78699 38808 14869 35653 53950 76679 56603 25147 1712 9055 1740 35068 76491 4503 36665 40057 44704 62363 52139 65998 76103 68089 12332 23498 82585 36219 80919 68201 77241 3317 70905 424 8022 68402 19324 33685 51017 49130 37428 71984 24599 47465 48327 39485 3850 61296 %n1603 46
2256 9381 38255 539 31883 59476 60954 63238 12516 32473 64080 73371 64856 5539 62431 37410 65714 13823 41335 14503 1644 43198 62898 44657 84114 72636 77561 2064 35751 59938 65486 64662 54920 58893 50484 45478 59495 16012 7955 78773 64188 24500 72595 53420 36471 59998 %n813 46
62973 70613 63104 79692 18304 44325 9101 6871 9499 26143 14106 44867 78457 28953 62670 5503 61161 15759 535 78129 36849 594 77706 83675 30604 56153 21149 18664 49349 21276 51361 44349 69040 13962 22484 58658 31166 33566 76808 52054 67538 71662 30737 74229 62301 79060 %n1392 46
68383 29959 1956 49141 37395 59876 32712 71096 40972 34555 46040 28922 69790 20586 27447 59505 21671 36818 65421 66016 41422 31830 72033 53477 15914 77638 16001 42798 74203 6437 64475 53608 80622 515 59396 82718 4023 33524 64081 83507 11793 84294 71747 11632 40646 78973 %n2866 45
45053 64732 24801 25089 8401 7781 51991 46037 37116 72369 80676 1821 59147 2195 15622 65368 14835 67177 10860 20750 35083 28573 35424 55160 23127 63262 4768 50343 4626 83740 38593 61741 66931 14296 65403 75591 67174 39660 67111 13708 27987 65592 80405 58744 60486 %n710 46
12987 29309 50986 24894 39927 84356 16790 33784 57062 30863 65052 53730 11754 5775 12652 53033 30187 7537 78681 37770 13286 40293 56317 16360 66944 6425 56571 82823 37218 73053 16271 4467 26624 64417 75429 65889 13110 50816 4696 36846 27042 34579 38867 35144 61989 83743 %n663 46
20224 56485 6709 21052 32913 39866 23478 25867 37712 61846 57396 31134 76512 28876 43986 18436 81883 82817 10993 42248 19893 10199 9550 48379 65715 66364 21715 69806 76524 10980 60143 36132 31160 24779 12221 17894 51769 36326 67198 30225 48861 71251 41378 61568 5145 46289 %n1133 46
25020 32214 75399 53995 7959 25126 32503 74948 27348 54628 41387 8740 2579 42785 39405 42601 29210 38400 80890 3856 65565 32383 82797 437 78923 24636 60850 19556 15674 79633 30312 29890 15626 47256 43237 77003 23298 82806 16255 55873 39897 32642 8302 40986 67034 28358 %n881 45
54633 54963 54425 51652 11280 20725 33669 67609 79687 25988 31964 38985 81694 54109 31418 13438 19735 5753 72550 18470 50902 24206 71910 79123 11844 46511 71853 60321 5243 47932 44779 27182 68370 4684 15477 54310 33255 18526 69387 4614 78487 7932 15014 29223 2587 %n3028 45
30811 5930 10252 67215 53978 83119 68638 31305 26658 16141 27369 66958 80106 20679 1714 664 38095 53128 54191 55005 66955 36356 71129 18980 52696 71369 44277 74264 60 27442 2261 3006 75033 952 61539 80415 30147 52838 32311 31122 3757 73716 44904 61857 42682 %n1793 46
46614 15037 14126 34922 73515 65083 16295 33037 123 82782 58963 60717 83181 32038 15436 11944 47822 19875 76364 32787 39588 7133 80791 17770 56082 6737 67406 13422 73391 23216 64685 76423 20447 21763 50352 19490 26814 16214 81936 6912 84215 49235 69821 9784 13315 56958 %n3513 45
35012 71681 80419 6200 36497 25261 35638 37718 11476 23386 55325 51139 7484 62307 2874 57520 37906 2776 48985 27381 64694 3814 50992 73492 83457 38207 22054 12957 63660 18141 71204 4542 49724 77935 8286 17817 84124 81379 45441 333 27766 22090 1935 64782 30047 %n562 46
47044 70074 64883 15272 17326 66876 79567 68109 46402 73627 69918 82866 57207 24642 58535 78350 17523 60675 27979 28193 23994 72570 29187 19217 74622 10551 63775 54608 47163 82512 1971 17023 7833 44775 18344 47348 81038 5307 76673 40789 80070 78349 28578 8275 17240 78368 %n508 46
14755 27421 12353 4938 28906 14932 4556 81801 18581 20492 5041 32548 75200 59837 23989 15000 58842 63226 51292 23591 62617 19987 62087 2481 56353 18027 35890 6237 74472 38854 70876 58868 10475 21620 21635 20424 34700 23102 43311 35927 68240 47330 24458 73342 21895 71837 %n3658 45
55982 6900 77657 64046 35494 70168 16596 41426 18509 12708 32453 34080 3889 54089 44445 58829 48579 44661 32402 56833 41589 13587 39274 6257 50097 35405 40925 18624 62493 45553 46071 33730 25567 2376 59044 7298 7649 84361 80379 67285 80330 46765 4527 37480 29543 %n