138
1246 17
75177 76878 6123 59334 57541 10496 90524 68471 4702 20782 99786 99605 11423 51698 36363 54653 71310 %n2839 17
73191 67449 83147 67836 39199 39349 31676 90776 47899 77871 85615 82897 66884 1355 68768 14613 72985 %n5040 16
1241 74136 48959 45897 12971 44363 77847 74619 33401 95973 55247 46811 60799 40693 96741 2529 %n2954 16
36224 62876 89309 72974 24711 26009 73350 26492 29557 56710 72386 56684 37000 14440 75749 55048 %n1891 15
93275 73247 96214 28526 8898 34836 99593 42389 49084 78272 45420 44846 10524 73493 2973 %n4924 15
75996 10729 99447 87137 64356 32446 43042 18615 47101 3342 45231 6006 61424 26429 12543 %n5805 8
92792 18241 31464 58991 52987 6304 26169 77019 %n4647 12
42466 23002 53102 38137 32929 27380 1619 36773 79268 11462 47036 8584 %n1569 11
73284 54615 38710 19792 86928 80622 69916 94029 673 55276 92680 %n4843 9
11657 11878 57669 28660 95890 75032 52984 11059 49742 %n730 10
19193 27177 99180 51557 58244 87790 67958 13948 2502 140 %n1194 10
88213 16100 41887 68602 94034 56024 15481 37045 20093 79261 %n1514 12
37307 20150 78492 13657 47761 99481 64069 77373 72819 53772 24465 33097 %n133 10
38876 42684 31347 94426 46271 95628 52375 85702 72642 52779 %n2867 8
85774 94636 75562 32227 34921 93711 76296 11417 %n5745 6
80200 39597 5954 44415 42914 32068 %n2131 4
56667 97027 57539 2934 %n2854 4
50393 85595 74706 78254 %n2795 8
79095 31490 35869 94235 70738 66740 70292 41468 %n4997 12
71721 15984 12318 12037 46019 4970 33508 90198 86910 91034 3693 53817 %n4185 7
26780 48568 85719 649 57128 58793 86334 %n5573 7
15862 33898 5250 10129 94076 97360 36919 %n4340 11
82049 38719 45982 10687 56523 20514 67467 98884 91098 97632 16673 %n1561 6
55236 34705 29235 49072 65980 30922 %n7 8
91653 47423 3659 36957 92556 24909 3412 24647 %n2417 2
72299 90703 %n5818 6
67621 97750 49162 77170 49387 42340 %n5409 4
71604 57738 63179 79710 %n4096 3
75312 49856 27275 %n1501 2
78163 65448 %n4147 4
25712 70449 49975 36682 %n4200 4
61084 20058 26549 17906 %n1343 2
54848 47438 %n5316 1
69935 %n5234 1
20076 %n2994 7
75281 64401 60201 87007 89327 42642 91831 %n5865 3
51168 42173 32168 %n597 4
7504 20647 94566 15465 %n796 2
4929 32925 %n5219 5
58945 88547 69527 88376 66558 %n4472 3
85707 50491 3614 %n3609 4
89887 58339 49577 72563 %n5031 5
82987 46883 24188 20383 71413 %n4146 2
63337 28631 %n3148 1
26283 %n585 1
40510 %n3372 0
%n1062 3
89431 76308 72368 %n5616 1
91001 %n3182 1
51534 %n429 1
41565 %n1347 2
84248 54318 %n4249 2
54430 95760 %n4500 2
9418 6427 %n2403 1
89726 %n2736 1
82426 %n4852 3
63094 3645 27087 %n720 1
25426 %n1517 1
59008 %n1901 2
36034 23100 %n4221 1
18298 %n3089 2
9625 65638 %n2589 0
%n2239 0
%n4746 0
%n3355 0
%n870 1
90248 %n1983 2
36795 82082 %n2492 2
99732 26629 %n2293 1
23307 %n5307 0
%n2989 1
82148 %n4642 0
%n260 3
26546 31847 6769 %n5311 0
%n865 0
%n4774 1
60808 %n1390 1
17834 %n4452 1
73568 %n5677 2
42037 1908 %n2440 0
%n560 0
%n3653 1
37773 %n4269 0
%n5326 0
%n2210 0
%n2273 1
61078 %n4308 0
%n3553 0
%n619 0
%n3009 1
41904 %n1359 0
%n2884 1
76749 %n3716 0
%n4972 0
%n2924 0
%n2853 0
%n2493 0
%n2374 1
35093 %n2194 0
%n112 1
64299 %n5298 0
%n2159 1
11521 %n732 0
%n4741 0
%n2896 0
%n4184 0
%n29 1
59460 %n827 0
%n5183 0
%n4633 0
%n2539 0
%n1392 0
%n2587 0
%n3318 0
%n5067 0
%n1074 0
%n3502 0
%n1146 0
%n3573 0
%n2827 0
%n2031 0
%n4466 0
%n3349 0
%n1631 0
%n650 0
%n1838 0
%n3429 0
%n4734 0
%n1999 0
%n5019 0
%n4757 0
%n3298 0
%n3751 0
%n489 0
%n3821 0
%n4786 0
%n5090 0
%n