148
1009 590
14778 45530 56261 28553 81975 83074 56482 51193 83960 81296 86417 22080 69785 61360 79455 89528 21343 44791 19105 22153 7066 28354 58948 22253 89285 386 66872 78424 30149 48068 45398 70522 33559 21265 81839 42061 8754 31692 59838 52238 56805 72059 97887 58427 60219 14674 76435 90927 26212 71504 18429 98332 19473 47908 36832 53519 16185 41743 31348 55388 49493 46717 66879 82280 92652 51577 65177 568 55564 90049 41591 97496 57421 90862 40487 9403 24065 24711 34865 28314 97906 81967 44353 73155 88871 56623 19198 56959 68489 36989 2665 25593 39324 89900 23081 1768 21064 46965 76400 72370 43934 76739 91321 99258 43562 57257 68777 60747 49062 82097 53471 90039 66632 93737 10180 68658 61263 54201 95432 2627 72217 13933 97718 25206 81235 97781 68042 9579 5481 43426 51966 39143 79671 60922 72074 43390 64770 16205 68804 94534 40598 22708 9691 6613 225 78970 46652 19669 95620 15998 99616 57676 21052 87945 53522 42071 70669 54950 56857 27046 39038 51714 33029 6599 99629 80614 23468 21240 86874 45561 98982 58118 45745 45468 31269 11368 4786 82736 61294 55753 778 79131 66535 92898 7978 11692 75339 98158 35757 82244 93242 51656 54375 65948 38129 52758 59580 85654 88137 66713 69382 91668 25924 67606 46636 41968 67276 73961 39348 82829 71558 72969 30766 43890 78733 80046 93824 40241 50905 21751 69596 14672 70988 99228 78279 23532 68755 8112 35505 77710 96986 77133 28410 34519 431 69493 58298 94438 33655 78403 1513 43199 65035 51583 80914 41832 53984 34797 74229 50118 80503 79566 75849 36327 42948 89526 13764 20668 18207 19321 21831 61366 69833 30020 19878 17804 60222 7355 23180 97636 70939 24360 93841 53920 52194 25770 57489 66807 28873 55319 25001 56415 41206 94592 69995 40204 60844 55523 93377 36213 66326 81977 95675 61929 3633 35672 65921 92839 63392 25956 42491 7527 14928 37331 70807 37166 8015 46124 42534 16601 46145 29537 75853 12234 97834 99703 82922 76908 14763 79523 68556 15824 2437 72471 63619 64553 74965 33615 81017 13393 75067 39383 53230 70145 88627 89173 51190 66357 95601 32809 67325 17086 93898 53764 85596 87383 75173 93143 7623 25290 55883 76214 83586 83715 22430 22206 10257 87472 23414 96169 43970 47867 31622 1133 73583 75770 26501 61244 16967 81968 70601 10165 98304 18734 96055 56653 19977 95744 64646 776 19935 10857 82386 67901 65353 34119 40372 33039 28146 36396 64471 55945 9648 71115 67499 47615 94782 80555 28705 94455 53394 66251 14747 11858 9939 70137 74636 82267 60892 4962 61766 48854 90003 51965 6774 43025 66410 82639 67631 1409 51876 26928 46203 43167 1790 59916 39988 61916 33444 60491 4487 2909 92941 39385 61220 8375 77584 38067 11045 20404 32002 12075 7068 91962 54723 43761 88389 85458 16091 10138 95073 31527 82021 67297 88668 80371 79989 90238 91616 77875 35277 24391 95904 43249 73725 11346 77627 60916 20999 21342 86395 27938 40801 16152 24814 67062 22888 18031 56771 20405 64761 35572 97644 43240 57189 47249 84322 45492 38119 85164 55053 7964 39711 37059 99448 74375 3113 7048 93881 56063 12333 11176 74388 147 18630 29393 36058 68377 80801 98309 35583 90568 14114 45395 23341 18328 23641 35565 43789 99857 80980 43372 55365 52438 68427 49838 8312 66528 3237 73910 13673 68984 81361 16441 10772 33871 87600 93028 17308 52475 51443 78076 64060 78440 32253 46178 68175 79401 86418 54391 28467 91108 99731 31617 6506 63634 5666 44385 24851 90275 24313 60662 72474 19778 17813 16554 79982 99136 73790 10648 7807 27201 59298 8056 53092 10091 77558 4197 75426 23696 90823 52608 1094 61446 90421 48935 21402 54199 89399 13989 %n525 27
19697 50963 66859 13131 68847 67066 87069 30855 36754 5015 6278 76881 7761 89765 79410 23770 29417 25144 39114 51085 15309 93347 25474 93456 64485 99282 42820 %n346 27
76513 62017 10636 53148 28767 40562 95189 3019 10957 24269 55519 45805 33987 13411 90304 13076 87734 9936 26316 76996 66613 7805 49813 34630 68879 29916 72247 %n490 27
25921 90537 73185 54299 99055 21491 10804 97383 78369 94967 54962 94348 44843 31238 71910 19814 99718 13453 7179 62138 67120 81774 38436 89953 5078 32585 48395 %n323 27
76152 1998 48552 22786 31741 48539 58026 88119 90854 87787 94264 98191 89859 52142 34498 15719 27200 7554 76504 37578 32224 46843 92687 23936 56569 17881 76528 %n1499 27
45370 34560 38390 55194 97640 55781 14996 84844 88797 45617 63060 90318 44035 95299 16484 42686 26023 54913 69036 5053 76955 53916 75369 84937 76935 64559 57972 %n1226 27
57225 90057 10656 93448 44138 74827 82207 86545 34606 32069 92059 20832 22601 4588 18564 85698 6243 28195 39124 85688 57270 39588 4230 39918 1420 3667 44702 %n1342 27
39448 35667 11834 3614 86610 38796 6718 43508 33438 18396 15011 54635 21555 49555 53551 48926 98825 51199 19123 26014 27499 58960 75771 92855 13429 51559 69642 %n1566 26
42801 44012 67774 41703 31924 89657 14727 22548 69730 86091 36466 52703 94809 73656 34952 41149 22406 42827 76261 93717 40108 46723 18127 37047 71419 63717 %n200 27
12718 51253 22194 92822 84379 77281 20869 68771 71452 47793 21132 64353 51521 50730 41957 32924 25814 8518 84200 77907 15471 4478 37808 35579 3787 73940 51203 %n81 27
22043 14675 44737 56889 56012 96534 73908 10016 78739 65871 39902 45328 31784 15042 74441 77557 30698 72411 50016 13805 41709 46975 5202 9119 47858 65092 97003 %n238 27
8067 42980 63781 63240 60136 51183 28679 92939 48274 15703 54700 6500 88787 76336 47953 79200 85265 59968 58836 30594 52812 40738 38776 84730 74443 34664 62225 %n74 27
70623 75624 9464 25209 50027 20712 70357 34644 94678 45482 10174 20504 50331 41635 46293 35178 12524 96309 85371 32421 44593 79399 68968 22848 43899 29291 10731 %n1550 27
81722 74214 47284 5094 6316 34705 8174 39801 24385 75633 11987 5858 35891 23717 33889 85551 3683 1986 20136 83325 60698 64544 14602 85674 42709 93553 58088 %n1148 27
34240 74408 69546 2764 29993 36672 17697 17516 39106 41972 4621 17008 50721 73882 40131 5875 5883 6937 27546 80246 9850 26514 32337 20879 37695 22316 45346 %n111 27
31555 530 95572 80373 8192 42129 69811 39700 31915 1827 31455 45005 36554 1980 22849 89738 41475 62516 79394 94181 66243 36686 75218 38630 672 87101 67520 %n55 27
87258 69899 31698 38186 25837 27443 82638 89512 170 93805 64929 46612 65686 495 58154 76990 68188 22331 2112 82884 66581 22925 5105 33696 56484 19583 98334 %n1560 27
2074 258 47708 18509 20463 91421 37463 84933 8449 5276 70226 97068 78738 47413 91423 97485 10216 47598 78240 32015 57663 77846 67268 48163 9929 94805 90432 %n1066 27
28826 17358 23506 39619 54702 52965 68518 612 65927 63430 99110 68072 55777 82326 90871 70671 43384 66297 50612 88279 73989 95513 77469 21037 56913 36044 40173 %n322 27
17321 43121 21484 50902 27653 73888 12979 49837 96088 76473 63621 53564 73700 36420 77896 43075 55658 2836 57048 46573 40065 54350 44294 63853 2470 41792 5126 %n382 27
95519 12043 75605 21210 5193 37957 80376 14513 50738 64198 23380 21459 940 13378 15047 55702 21927 72295 99638 87660 19309 3813 2737 32216 42059 50109 48690 %n1582 26
17658 60837 75830 64653 67550 32505 76718 17079 9357 8547 81473 18949 75671 82876 59974 69125 909 95147 73330 30674 77365 51723 2862 65281 96273 13622 %n443 27
39358 77786 93351 58928 10871 41015 61007 44440 25461 93044 3873 89393 30518 39380 18693 26682 62717 73729 95434 78954 39465 6074 85039 30418 43980 22163 80634 %n62 27
38481 15991 8138 93758 86639 87689 56817 3940 21601 39345 9463 81506 137 85153 4694 55707 13606 9735 41510 4309 83099 81876 78194 21106 25861 16459 47044 %n1369 27
16893 93616 99333 66061 57608 31832 35344 93728 10267 782 48116 58219 77052 89558 23157 62680 84328 95836 43783 79253 71936 24807 77999 70674 83509 37411 44771 %n1614 26
74563 70740 27521 14069 96057 30688 99141 67217 41585 63108 15516 25609 18238 17914 91444 75545 88579 57699 2092 20584 55818 81165 45724 65195 31347 59121 %n885 27
73766 67373 1819 15532 89836 24374 51732 52099 43766 74222 99232 59191 24645 87679 56960 41597 40216 12089 17520 65314 13763 27258 44282 1885 49213 64335 66001 %n105 27
55964 59545 78991 65017 52590 42581 48031 41866 15139 83395 92573 58116 76688 10401 98524 27969 93065 15310 21092 50875 3981 19707 1475 81909 10726 28105 12882 %n721 27
66603 48381 21495 98850 47852 31057 82337 35794 92092 17654 34484 70608 37222 5479 97187 52296 45646 62488 76674 20902 72431 16238 45455 33997 15320 43361 30108 %n295 27
35588 7990 13129 26539 4312 5414 43938 76057 93257 11034 22815 72035 36233 46451 92563 42748 93519 9758 78639 25786 86530 55268 25265 69479 97734 53703 23376 %n318 27
18774 84544 40370 121 67576 87307 36434 41532 46667 55325 45778 23150 73762 91850 85732 84233 76175 96446 37046 94301 95598 69178 87885 82023 70398 35191 92395 %n1116 27
75784 3601 98544 35437 54502 94439 56495 36485 46132 48760 73712 41802 85093 16458 13583 70631 40275 65258 37769 50975 63892 29315 15464 64940 86843 84539 76553 %n317 27
64622 67193 25232 105 48133 93376 44988 53357 17807 23596 61853 19757 43485 38115 89718 7792 4805 72356 27638 69223 41212 56315 84707 87117 38762 68078 71935 %n982 27
44757 3948 71600 77830 23684 48902 89484 90702 79735 2223 24597 53121 22534 69428 67285 90819 8762 58542 61384 44515 59408 90751 42964 12640 60002 85282 21676 %n1209 27
83568 70251 85840 15158 40523 66799 54263 42928 52126 39077 13311 93156 86630 64508 58689 83428 89525 16790 91348 45109 47180 22818 19129 1467 24782 36841 24432 %n709 27
10932 75705 76373 94080 3901 82812 50423 62105 18691 84175 40464 42215 10270 8631 86422 8340 67976 60240 9046 34445 82575 78572 74962 14250 8487 56319 21056 %n376 27
95039 43337 88332 6502 49228 73243 59579 9133 8139 19813 34833 23645 28034 40938 35829 34086 68938 36997 3177 47626 18279 13822 86664 32215 20953 98503 76805 %n216 26
47530 8742 89126 7525 61877 46026 41554 71006 22575 67752 84848 20478 41698 54926 67098 71201 91134 12612 48631 73113 12939 69541 8688 3286 28559 88344 %n686 27
80062 57078 47974 92450 82885 55904 77769 56203 40542 98481 63814 64029 44679 11010 88257 50212 64711 40504 44749 42065 21567 56406 78310 17129 47580 88404 73698 %n375 27
41748 22067 47392 83720 81075 69826 29038 63923 47357 23801 15097 28400 71911 70827 80482 92549 94431 65492 78268 16026 64536 73290 68733 20580 58472 67827 85438 %n534 27
46421 95556 81611 18664 83444 74698 52166 37561 64928 49904 36836 99537 34408 25274 19471 93356 86722 49036 91970 57098 71559 11639 59262 40411 1899 5465 88573 %n748 27
86835 64616 44191 75991 9090 92415 36509 54806 68476 8054 68578 94851 77414 17051 76316 4009 34232 28402 46516 96192 89333 38116 90866 20414 66637 94811 65295 %n1515 27
20733 47943 38768 6902 39534 96196 33596 90046 12860 50124 49797 34789 20029 79237 59613 85579 99218 52574 71808 49481 16288 82083 40929 2240 7632 37168 81052 %n148 27
54482 87795 4246 95989 66864 57214 72056 4668 8988 90865 53975 6423 90320 96732 39573 54236 32531 65943 42426 93808 24500 85911 54310 66170 13107 99144 91622 %n1483 27
35239 64080 61433 90791 36919 14421 26894 61160 69714 57427 95788 57758 28454 83648 92610 4508 86832 96948 92051 53058 47798 20769 20011 42605 10310 68376 24935 %n1008 27
98118 95883 95714 97875 20872 48189 45793 98311 51214 97247 61695 66281 25727 37174 29878 84788 63858 49536 76445 48732 72437 75794 90904 47242 24952 57605 98439 %n1240 27
14354 53056 52584 5986 44507 94269 17738 47553 24930 89706 18442 63294 90289 92187 35264 50676 73559 33102 4032 48423 78844 11051 30183 21096 78906 18350 60994 %n582 27
77651 65008 37101 90041 98377 71596 79704 93007 72551 21345 81481 40960 91677 32418 97182 44761 93939 46791 67330 57364 39837 39261 30353 57107 36592 6123 75983 %n140 27
69812 58000 66503 66095 41276 44489 35601 48153 49771 60568 49464 49243 89321 20178 90602 74184 68440 80576 88938 58844 82849 14391 16182 80789 75140 82006 45830 %n1377 27
6504 11375 78113 13273 38340 91817 65657 17910 31336 35279 30581 91122 90713 97334 72559 43801 93275 85391 93771 84968 42123 98473 20391 43476 44486 85595 15432 %n1200 27
26237 29061 59692 11826 68960 96872 93910 25787 5143 53726 59426 10908 79569 49728 76644 93248 53222 6534 34577 84318 74176 3109 80811 52223 31719 42761 1437 %n1328 27
39672 54316 38774 56849 81788 34186 91468 47279 54050 43976 52835 82223 444 70283 76371 98892 3450 5903 73869 62343 98770 23117 10421 15371 52452 90892 44948 %n442 27
26640 64695 27439 78042 22921 8328 14571 83730 33159 26683 54463 45779 67552 64142 77598 51145 73994 14395 18473 98413 87892 44355 83277 88297 26159 42017 2331 %n250 27
30646 45573 64963 98157 78340 96189 85089 14752 95349 30535 44100 45651 21208 59031 81551 60846 32184 26398 8210 50263 65213 64726 6331 58187 31858 64155 21848 %n379 27
90079 67258 66400 5052 30888 32583 40041 90880 79552 17238 41188 22810 20559 48388 58178 33142 59540 43704 80763 79099 82037 79763 77820 43272 31387 50446 29447 %n398 27
80282 87033 47558 13480 41120 22697 45704 64850 57341 86361 30635 40392 47069 5766 46336 74691 47623 63706 55190 71432 26786 14835 90699 54644 25374 88358 75296 %n1579 26
35595 68082 51245 70680 2205 57449 55295 92575 99179 92615 90071 28253 27806 36475 46158 92329 96726 17185 58041 57987 36746 31126 98844 13545 26986 37223 %n645 27
34625 92794 68025 92848 42501 48376 31752 33737 74964 29791 2530 69477 40826 99406 43161 1058 89177 65774 10220 68751 4778 75212 45106 12036 28997 64135 421 %n1174 27
58756 99679 81530 47889 97324 40650 76556 25229 63540 34856 4463 83847 17469 14783 51064 25138 54249 74346 52833 71284 94716 92746 3659 47050 13338 44160 9318 %n1557 27
71586 67607 38281 76101 88873 11813 83385 83491 49084 37159 97205 89223 31329 6856 2565 99952 49354 55238 87831 82743 94093 47683 79224 30804 5258 40952 33086 %n19 27
48335 27978 48471 25976 79547 10866 6016 51312 63500 52804 52935 65130 16868 36617 10839 59012 34434 75129 83390 57868 78846 80550 10720 79016 42696 82663 18261 %n1424 27
45462 76780 48410 26327 5495 30661 44346 84655 42155 15216 39951 22135 9491 54090 72380 54568 76301 39831 84118 40353 96155 38791 2441 45744 43197 39847 54527 %n1237 27
40843 1046 70975 90595 56870 85087 46123 93556 62077 62863 25082 44122 64971 28451 38683 68682 71735 40748 15301 99837 11028 12776 53269 67733 99201 95879 96935 %n1512 27
56258 53924 99030 69189 38634 58725 76651 81497 84389 42611 76191 55372 72036 92114 25418 53891 85877 11056 5967 2609 22939 27374 78007 26086 4280 92996 20505 %n1306 27
98721 50176 89369 64347 22620 1208 8271 37606 85261 30824 86078 16982 20720 85277 63325 6771 25836 71862 91096 66592 82854 95053 84212 23433 72019 30395 23723 %n856 27
30176 85353 27199 20670 47263 61205 47549 60779 95855 33416 48921 54712 51471 91740 78929 67559 14678 25251 47750 8563 67791 68907 95632 1782 93033 85548 20723 %n106 26
88774 81280 87754 19941 68225 17653 64996 63789 32902 39599 96259 95465 26225 46778 10875 69878 21244 48271 71096 95124 88415 95393 12695 95778 66138 68818 %n1624 26
60159 60205 78264 46028 69671 50678 7779 52234 6488 31575 38164 98056 92629 74507 1020 9630 75481 35597 81878 35662 21071 98793 55891 76601 31475 29573 %n1396 27
23822 84282 68878 22243 29958 47459 52502 64905 68303 4044 73097 45780 17178 71841 5574 28928 65991 4220 10151 7366 48694 64090 29458 93801 99316 29514 5369 %n965 27
68549 54921 54344 58742 96459 12506 69742 66140 59131 14386 70400 33132 51044 99726 29965 88560 22188 93267 19229 45999 81078 40890 6271 65694 19241 83174 81889 %n765 27
7095 30865 17563 86228 30548 66694 41048 30106 87706 6324 93085 53983 74485 70560 97000 89267 26224 66758 73744 25489 80927 73895 85780 86957 76329 41655 10913 %n1187 27
99751 82640 1403 51378 2016 83959 27916 89544 91978 77100 31187 35422 44272 32628 36298 60441 64132 61392 82346 41870 59355 6690 57271 16903 44293 99196 79271 %n270 27
148 53489 883 62477 38925 39572 35133 47085 70356 44952 81831 26089 53472 43732 77433 16490 5017 25650 5626 79489 77335 14514 63667 59137 46538 97197 57053 %n133 26
22212 24399 30955 44716 68820 19009 58375 50845 7305 94525 83337 58122 55484 85171 17355 72142 87927 7773 13105 67925 78494 45355 19081 32638 6585 82496 %n658 26
43290 88671 6980 64196 30313 78324 74624 45130 38452 81483 85059 83515 86769 43758 6527 47382 19713 43954 84312 46002 87770 64406 23589 43861 28031 14332 %n963 27
76671 79801 37719 39517 84961 34375 1863 39041 50150 50822 96502 80286 72547 96613 92515 16453 50755 85068 84623 45663 57403 57333 81779 28608 43847 28744 51981 %n1367 27
19181 35161 76625 35403 36908 22244 50748 65910 65225 30025 55230 96588 25378 59817 24223 91901 42616 58956 46660 15730 10925 69808 11548 49754 91269 38788 75139 %n1295 27
56645 97468 72341 79023 48595 99559 25338 65773 40543 81749 27991 21641 35919 11447 35516 86580 90127 12428 14267 66911 79472 15619 34433 7480 56113 26446 70791 %n33 27
51622 26723 8044 94605 30913 74135 4203 40157 31382 44295 96886 11011 73932 95895 58089 18898 15621 67780 2486 34028 16480 78601 16260 42083 32060 12110 18419 %n667 27
7981 23713 94290 88360 64480 790 88733 80201 5049 21175 81634 67005 62625 12671 71676 68540 28572 52685 48404 1564 84899 12345 67821 36955 6273 92551 12377 %n1672 26
22982 98587 5683 20802 83432 19673 59452 14574 43892 78271 16201 24107 4334 85426 57907 40076 8275 93364 66011 7012 42124 53845 737 99381 32893 55610 %n907 27
5640 12049 11251 66591 17817 49989 72322 33676 33851 58729 95616 93144 51826 61175 3997 54966 41224 67145 44845 69794 37638 31406 42831 74293 80930 74939 8699 %n926 27
30972 62135 85762 64970 17633 92289 20293 68796 71061 90088 77641 368 22738 68667 85460 49681 17916 72095 65821 40147 61303 69463 78093 79114 42236 25532 30771 %n248 27
27042 56253 62943 65703 76068 40479 65140 11162 92736 64461 51387 5448 44084 54445 43614 90498 95137 4107 72266 48810 30309 38437 16774 13667 90064 75284 22340 %n1224 25
82583 58097 57817 24283 41886 28169 99113 30515 30088 29171 22728 92055 6058 30112 36588 77223 69796 86412 16127 96443 69191 64668 74097 53342 86285 %n813 27
32887 91665 84625 64590 76993 32408 10357 87949 78011 59143 17543 54021 70250 94627 75903 36398 64548 50081 41334 24613 35357 31458 64331 30439 16739 42627 53812 %n471 26
69147 45353 97200 37512 93715 37737 92863 58508 99413 24481 74251 86141 64618 44442 22894 27354 53247 15720 71710 83108 74871 79151 57958 66322 4014 66708 %n414 27
68148 78072 11288 44715 88803 86006 58837 91157 83755 19940 56321 38166 69975 91831 14464 40948 11068 5630 53616 42755 28568 8115 88183 29339 44965 61991 5860 %n67 27
51977 9824 4509 72696 31535 34003 54247 14115 60717 78123 35554 57402 91139 79374 46849 83650 11874 42137 89384 76168 69063 68186 92068 823 43957 11084 49167 %n104 26
80028 83201 59520 14808 63546 22433 25501 94041 26397 8264 21581 2466 10915 9857 78618 69973 3184 3647 94367 27702 64643 75455 28245 20674 71689 85885 %n136 27
10431 40166 4492 19535 60128 35176 24616 98723 69531 55276 51550 80692 19783 65112 32579 8620 71026 70691 55341 87049 58870 94717 68493 70420 1896 76817 70997 %n94 27
64032 53698 15638 98456 69420 4784 49573 64089 7262 83359 49883 89398 18472 97744 96659 21167 65820 45552 49244 63101 73457 25008 19219 6085 23039 94341 5147 %n639 27
9802 90760 84859 85984 54833 34747 5299 44886 3229 41181 93539 46458 73385 33413 3691 70801 97198 93756 78471 35426 73852 21339 78894 2382 51703 83087 65768 %n440 27
83442 59694 11594 47094 91135 63462 31173 15055 94456 57670 21503 79810 45713 3868 48697 38702 87676 34733 5037 74022 6322 7010 40248 71958 70624 59161 55461 %n1269 27
62910 1126 35326 32732 41012 79468 23264 64906 43620 89268 80786 36378 37973 90997 77498 42299 34717 98013 86750 84274 51975 12022 81495 53706 5204 7678 10630 %n1322 27
50974 16214 98267 87621 99799 2365 38669 71164 39626 1361 85465 70908 41715 79096 1946 46192 83335 80510 25226 30197 62885 56407 68603 91219 38291 29385 25736 %n253 27
26030 33093 27712 49005 98626 56751 96790 92529 84300 76738 47095 34142 46824 5088 36269 52775 69038 3201 12305 35813 15871 90750 97643 37714 35679 53432 88265 %n92 27
90598 4303 36730 75864 51266 26796 86657 52097 11171 79175 24695 2821 50307 16297 25245 19313 76873 81091 57280 9753 86211 3825 4720 8397 41600 84310 64570 %n681 27
30363 94614 33007 61603 1897 93307 43494 75485 14476 69013 65027 45710 37612 12446 40438 57685 97626 50756 8633 37647 35392 67807 81504 28838 43759 82011 48893 %n254 27
71988 42354 68092 8091 90990 32693 8189 4021 490 1817 92291 53918 69198 65468 73273 37257 8733 2305 89242 66163 94354 82032 74664 12394 56985 50864 18247 %n542 26
83587 15817 22915 8867 61082 23583 30788 40676 85049 50250 68480 66569 29444 616 95279 99013 25496 61525 96822 85134 30895 2323 50813 62959 51348 92984 %n444 27
26778 27364 5287 25533 94282 93391 68255 70256 74987 88903 84496 72159 51520 11418 39312 61960 66537 41630 10513 79309 18117 62047 50565 40732 5123 72575 98123 %n1067 27
84333 21261 39991 13907 71851 5214 2986 35015 32437 57163 46706 31937 93208 42805 23610 75544 69587 32267 26040 63465 89575 43202 63406 91751 16792 6252 85387 %n207 26
35964 39229 91085 67395 1854 38992 31815 38118 40942 25105 68254 67880 78386 26062 99247 26178 7701 88122 67226 65423 34761 96705 37002 69738 76300 72473 %n114 27
91646 74216 49633 56268 94362 55617 66040 61528 28187 36517 10134 81752 66578 76733 29945 81359 38621 6643 80531 56441 23032 95326 38570 5242 10369 55042 96084 %n190 27
26669 15207 26083 73247 37859 22472 98940 98065 7677 48550 70876 78943 63396 93542 97720 45869 75718 96967 43299 47495 82544 37200 61556 17360 68718 67117 34714 %n225 27
98789 69879 89760 53515 56767 6544 40333 10409 74955 80069 83875 8858 82749 17709 54130 59638 87930 93632 51930 43071 92922 86072 88837 46591 95941 56977 10585 %n208 27
74220 60070 70708 56756 68131 68638 64542 71799 60550 4897 47217 44182 59059 59117 42004 41739 68970 68655 83740 65324 73153 61370 82125 1804 87140 99428 42443 %n1474 27
55039 73867 55521 39681 73454 70609 43903 6743 33476 45655 40035 72101 87705 84252 55293 25493 22098 46299 33630 4150 43996 58135 49602 79167 87272 4244 13244 %n289 27
62419 49085 94155 31951 62349 32330 41966 10106 63460 55868 24779 62441 37073 83488 59777 4073 71147 79971 94050 58442 17177 14453 6463 39912 31727 78371 97479 %n1341 27
13775 88031 25255 24543 47611 22370 58615 3852 60982 72013 7967 684 66999 24836 97995 85724 81622 21482 44280 79426 56776 6866 82848 48852 50465 11218 9112 %n1683 26
84762 84391 23143 35139 61674 34089 89138 468 381 98040 52561 1059 80514 95563 28382 39689 83622 12474 79977 71836 68514 85561 48649 28302 98993 65517 %n879 27
5922 7192 7009 75033 72767 46062 69272 11966 87508 84150 24431 22908 96152 59705 15591 51628 27249 10574 9823 98238 69574 83343 1581 73993 32481 43312 75405 %n1591 26
99841 54569 16598 41474 47665 69328 77913 99278 60428 60336 38707 59791 19380 38313 1022 43956 10657 76296 74379 27506 98357 2004 37041 20487 33594 78333 %n715 27
12208 51466 87943 19638 62232 46511 78074 20112 80032 36889 95412 90947 55957 16242 87438 52490 74425 15145 44193 31201 17789 12708 41092 98044 66449 267 18209 %n1179 27
53849 62584 43072 10489 52275 8700 41974 36096 79084 18007 48777 97438 768 61203 56833 216 59381 80414 30032 31582 79277 38969 49700 66446 19749 57428 71711 %n642 27
20564 52707 82600 79789 79434 86980 92388 10387 9980 75894 83541 39939 18753 96213 42621 67831 30511 8906 79917 50216 98029 61441 63454 92637 4010 22464 56185 %n703 27
78792 79636 39451 3966 58601 94795 74288 39144 55049 47327 3367 81612 37819 86953 49704 33285 82323 36258 27707 94266 63982 3757 23719 65528 40262 69062 71476 %n1196 27
79308 51888 37476 57335 95235 84086 12639 48551 74391 45127 87306 45190 62206 78349 7566 20794 25291 8159 3801 82108 33703 9524 95567 59854 50235 54821 67387 %n1453 27
84632 20888 42723 12012 93101 45374 11095 14646 67265 88028 5662 88141 82227 34992 38778 22583 9308 49523 190 99411 13065 37154 11292 2089 80018 59837 98811 %n371 27
24876 75007 54695 92913 80625 79781 81751 45606 40205 87807 28535 42728 67893 9788 76061 22397 53078 98092 64149 78428 8714 78674 81238 22189 90395 67543 20509 %n1444 27
75235 91207 40174 72039 36514 85020 12647 33059 50239 92640 44260 28715 56101 14684 59840 82676 79561 77826 5229 60369 45514 15247 15407 592 25628 24199 5725 %n473 26
13580 73074 49882 73978 26269 90401 12154 1081 34804 58737 82510 66788 52924 75610 15768 25879 12701 89496 22364 93225 74078 31576 94265 92236 15319 80109 %n814 27
33908 84946 81619 47844 32696 84704 68029 83584 26984 42503 35486 72336 8242 55125 18114 83411 72845 64851 34584 4982 34702 19770 10785 22467 1474 70873 27683 %n895 26
73987 31322 44496 73348 65555 65687 13518 45661 28844 55816 26422 89600 51755 72309 32318 56165 49941 398 71173 59429 80626 45928 53831 62656 42815 73901 %n447 27
51002 11471 68298 31353 98755 88566 64669 63017 94046 45417 34316 48841 39030 69026 83044 92809 46714 49865 95918 57106 63518 50434 465 90678 88772 51290 88746 %n177 27
28338 5564 59165 10040 35099 40928 71481 37098 19407 33044 88375 93872 98442 78763 24937 36340 21969 5733 81125 56516 61880 53543 38874 95785 21093 53246 9412 %n512 27
84028 64324 55768 22578 15485 24646 80293 74206 88978 42552 85491 80523 24623 12084 11602 97969 28964 64600 839 3196 88223 52793 79079 3035 29486 62594 27089 %n1248 27
14871 98659 42828 18637 89520 23769 47489 56171 91671 19754 57872 46045 66462 72335 34473 20200 77088 48129 56130 2611 5566 92823 61078 1630 98780 46228 19282 %n1599 26
10503 18627 96170 33167 83025 42853 46449 23029 45029 49891 28566 8507 38006 91708 84703 74126 70292 84691 78452 23722 82306 17009 77159 19267 14305 55034 %n763 26
78656 88843 33568 96703 82633 84443 98961 85140 86197 32960 66409 22142 834 54576 87534 86983 92543 27825 44809 48930 46074 87934 34863 99478 97532 92523 %n1689 26
11949 17246 21594 99546 8616 86482 72178 51151 75652 5800 39240 41486 17076 74557 61230 1217 46445 19227 37730 96061 27131 4251 44292 57269 56835 2999 %n1355 27
76796 48913 96421 73561 46587 53591 22603 11690 69245 22941 47595 24491 27359 73135 59577 53162 88361 73781 71731 15278 60561 72550 32657 27815 68962 67928 44311 %n1470 27
39280 75225 13380 37022 23974 46524 10296 61811 85763 68038 12638 59967 57696 88206 29188 74938 5262 29008 4620 423 75847 88629 49196 66122 62574 59205 34656 %n1493 27
1202 97456 90811 60998 90062 37469 1754 7815 78609 13206 18110 96941 14615 39524 57577 74026 19999 64183 90752 11167 44211 23885 40679 79556 44591 65103 76430 %n807 27
78027 96687 48745 76352 52557 77439 34212 33322 56667 6851 69199 78857 36882 79302 656 87633 58410 83097 60328 371 2141 78094 50860 12822 6769 87481 30987 %n169 27
89413 46969 39891 59913 96166 36383 90785 30003 51059 66570 8796 36215 53317 82018 21353 16022 84508 72097 92293 93305 72365 81317 53265 95389 91755 42821 68081 %n335 27
20005 41853 19021 69992 28666 87524 73295 62763 33248 86475 28757 43931 71005 21197 93078 17622 63507 72416 11896 32458 7313 76942 22226 44940 93783 92851 13865 %n18 27
12064 58772 50551 81200 85828 15174 42270 51198 313 35513 88451 69576 72311 4269 9974 46184 91319 3499 56239 23443 5528 26530 29708 95055 65471 80259 89545 %n1157 26
23708 23014 8497 14112 9456 73658 33664 96060 28870 10169 13815 15074 13713 51200 81628 69520 96025 4038 39128 11579 9885 27319 80093 13801 81225 72835 %n1083 27
19180 4416 3733 77273 66408 1132 25960 62925 41563 29515 1542 64361 96670 30629 21001 49192 82696 92653 6738 38678 95932 78392 42068 91484 7613 72831 23046 %n1461 27
70976 27397 8423 42935 70933 12288 93611 54477 25791 23933 83771 70459 17032 5523 59900 21872 35359 76083 38687 7035 7535 98784 2527 61933 89540 54584 46460 %n203 27
79235 96535 63671 98501 87321 58621 51847 83711 25223 36555 83853 91879 60587 72664 43663 47333 34407 21145 8571 85883 94176 72460 56988 80705 56266 25332 67200 %n1532 26
13637 91428 348 15335 64378 987 57187 39310 30334 61098 32405 89690 29296 71632 54411 98924 67512 47577 16771 62567 24885 35981 15303 55318 50205 44772 %n711 27
28727 14812 84871 11566 41329 31261 29773 19901 94119 47332 92760 11800 12821 90486 69564 57470 76679 64926 52333 62524 40377 63126 79794 92981 18306 25379 22306 %n1298 26
34130 74426 27606 86858 69083 93537 89604 81670 89864 25600 84481 55671 3622 74882 30642 89567 77818 6093 57199 69959 42108 76517 38888 32709 90959 24168 %n1096 27
62811 39798 68917 27690 84420 1051 18165 99608 52410 25067 90816 18036 89875 36435 55733 92184 40566 86294 66995 91888 88441 14183 72028 98232 23652 92030 53163 %n420 25
53466 31632 89677 26017 20389 37665 51287 62890 19110 74392 29842 67371 22732 43004 2397 94237 93214 22624 36788 11794 59423 20028 13988 55087 33807 %n