139
6379 138
64350 70524 61077 48847 65065 14567 39580 17347 71159 46296 57460 41693 42897 838 74120 27344 55091 37331 25051 23038 52582 34455 7302 82314 50159 57040 69988 80496 57551 74762 5854 30869 1992 57377 23644 2174 88255 32392 54451 40250 6008 55191 30636 64774 18375 23080 45940 78301 74219 17677 53429 23775 702 41612 6727 32412 74190 38709 45889 74471 7219 50884 85111 26472 31441 31048 19079 43709 75185 38440 27082 30910 60847 79196 23948 15936 23868 14118 23484 6524 36721 46224 24893 5090 80301 44851 50850 16488 39585 55254 67589 55211 53733 26249 25564 50877 65655 41126 16081 71035 15445 62428 54355 44927 36267 23979 3098 265 26347 18007 25000 57453 28794 61736 66683 39560 71491 10084 18231 5635 45388 35426 77407 16181 36620 41616 66333 66473 18982 43676 74409 52978 33150 38032 28394 2050 20185 65798 %n988 71
72437 31332 55938 27271 77771 67795 32297 82670 67155 20498 39565 86854 16426 47135 14004 69118 76046 36420 49309 41446 46423 72304 62107 35657 4560 36132 20122 84811 55982 86636 84743 46408 16278 10015 68779 20363 4424 16886 8625 26666 40744 39059 49302 24847 6409 52560 82120 19260 48528 57297 58649 6749 64293 62722 63550 23563 67474 83965 58655 24441 22358 9408 5025 49779 18774 49458 29572 63966 34738 77784 31589 %n6942 31
24464 36645 77950 70614 12561 53365 48258 43910 41664 39534 14840 3181 40560 43780 53459 53915 60939 19521 56752 187 57995 20552 132 85477 86948 34684 54498 59113 68107 42254 29232 %n2356 26
63668 15451 82839 60500 56546 65882 5224 47896 37886 13987 72447 45770 4064 88003 52785 77607 31128 25072 40985 48126 62141 28333 30008 48737 44081 68003 %n2649 14
33363 82069 3270 18021 16308 86361 69999 42825 37968 46070 58389 8951 19773 22339 %n1898 6
47106 64309 26235 80785 87514 34377 %n6688 4
83616 28765 31090 76380 %n2419 1
36555 %n2235 0
%n5951 0
%n5405 0
%n5931 0
%n951 1
12011 %n2851 0
%n7 0
%n5136 0
%n3851 0
%n3443 0
%n867 0
%n5837 0
%n3250 0
%n582 0
%n2708 0
%n6349 0
%n5868 0
%n6997 0
%n6252 0
%n6486 0
%n1830 0
%n1094 0
%n896 0
%n6952 0
%n3268 0
%n6015 0
%n2767 0
%n3770 0
%n29 0
%n3189 0
%n1664 0
%n2544 0
%n4022 0
%n6761 0
%n5992 0
%n4667 0
%n3578 0
%n2398 0
%n558 0
%n6176 0
%n2452 0
%n3679 0
%n5848 0
%n5916 0
%n6652 0
%n3928 0
%n1974 0
%n1871 0
%n5765 0
%n6457 0
%n7028 0
%n7115 0
%n1131 0
%n2705 0
%n5326 0
%n6925 0
%n6124 0
%n5437 0
%n5046 0
%n2122 0
%n1737 0
%n6936 0
%n4914 0
%n6247 0
%n226 0
%n2048 0
%n2297 0
%n3817 0
%n4123 0
%n4930 0
%n6312 0
%n539 0
%n1167 0
%n2691 0
%n1181 0
%n268 0
%n1940 0
%n204 0
%n4346 0
%n5887 0
%n6399 0
%n393 0
%n719 0
%n983 0
%n6219 0
%n1675 0
%n6517 0
%n370 0
%n849 0
%n3058 0
%n3930 0
%n6955 0
%n4551 0
%n6302 0
%n1562 0
%n1142 0
%n5105 0
%n6197 0
%n489 0
%n6911 0
%n5898 0
%n5608 0
%n6520 0
%n626 0
%n1255 0
%n1999 0
%n6917 0
%n5226 0
%n6359 0
%n4244 0
%n6623 0
%n3439 0
%n4258 0
%n3042 0
%n1009 0
%n5805 0
%n1200 0
%n3132 0
%n3334 0
%n6636 0
%n4973 0
%n3879 0
%n6826 0
%n5976 0
%n2639 0
%n5762 0
%n2832 0
%n4773 0
%n888 0
%n1080 0
%n3375 0
%n