264
12527 14
52814 87523 72142 90118 35127 40948 57612 91076 40130 40651 42417 11902 12180 12850 %n4449 15
29142 23131 58876 37805 12343 69191 27125 41771 34374 26400 76252 22574 89651 10511 63662 %n25019 13
2753 79376 68147 81474 53658 65236 85957 83104 60823 68228 19579 15189 43420 %n10108 13
48192 72414 92571 4778 6143 21561 64895 88415 69448 12907 82920 75801 47443 %n17034 13
91061 34081 12435 40366 70280 64826 94544 36877 39225 59554 90036 29416 89778 %n14983 12
52452 5342 52017 16513 27512 88955 55018 18364 64178 41535 60539 6515 %n17716 10
61115 73201 92737 16453 22563 94308 28382 24498 17147 52776 %n13091 11
67893 50378 67944 13554 77490 17249 9935 27317 87288 69868 10284 %n25252 13
57711 76138 81889 93443 37462 6508 18119 71560 91696 35057 57439 71291 13257 %n2985 13
81242 88187 57169 22281 56649 8173 77871 992 11872 65890 70709 79970 27600 %n25122 10
9164 18373 87526 307 86791 28123 71310 65947 42120 41922 %n19523 9
26925 39757 1643 4721 35771 33786 34438 71717 74159 %n2568 7
84908 35978 22677 92646 90806 35283 68738 %n5637 12
34627 81669 34546 79644 70757 81099 67888 14454 40207 49214 69490 3772 %n8554 9
46815 40040 36 73552 43412 57022 63865 26315 37819 %n721 11
32555 10167 46344 14566 94629 38188 13591 17470 51175 42876 36308 %n8661 8
3499 51467 22824 61243 15768 38795 77988 33304 %n5143 9
15749 32770 20665 60337 59964 92815 92894 25434 27853 %n25394 9
12268 57613 53076 85613 7214 23790 191 21522 53359 %n666 11
35208 37397 35315 26974 15474 53805 52525 3797 3749 22119 2671 %n10007 9
45577 94661 6052 10670 19042 43350 69741 10728 39820 %n6892 8
49720 8958 86071 14218 87392 93990 55017 2249 %n11275 10
6457 42173 74902 18036 63335 92119 30193 18301 22864 76882 %n25324 6
87210 22089 28153 59586 39570 35473 %n10381 8
71678 61085 1950 81174 60400 59197 13944 71311 %n13585 6
81352 48342 19854 7601 89356 67151 %n24266 5
13780 25745 15159 59896 44756 %n460 6
54451 87630 46192 19344 11712 5893 %n7293 8
57127 62270 65809 4074 63422 82267 48246 75013 %n20832 6
91710 41002 80797 51774 42025 83847 %n21228 5
64320 26487 57600 81200 12478 %n3615 5
69516 94203 4573 27149 63401 %n7089 5
59694 26806 59339 88043 51003 %n2103 6
54125 46385 74762 69672 62800 23303 %n2923 5
59175 36602 92906 61505 94004 %n9559 6
58218 11196 15304 17915 83879 62942 %n17724 5
79831 91509 76976 53274 22902 %n4386 6
82847 93402 64592 73121 61610 70173 %n22988 5
34758 6590 79154 20306 65306 %n18092 4
26766 28884 50162 1656 %n252 8
72764 25857 91007 80207 45015 75263 54465 82282 %n11179 4
37766 47150 40901 28831 %n22811 3
1525 92328 68243 %n4632 2
74369 26714 %n5434 4
60142 51730 18386 54684 %n7845 8
76151 63690 17557 53056 26644 30854 10700 38996 %n1952 4
42121 56380 33058 9434 %n7245 4
16291 57378 56188 58349 %n21060 2
33009 6150 %n24492 2
2874 62508 %n11584 2
31478 35331 %n9555 1
55316 %n8471 1
84569 %n14120 3
20611 42897 50398 %n5205 3
4224 64013 33849 %n14211 4
77041 14960 70292 44844 %n18331 1
49108 %n17096 2
36102 74230 %n24583 5
82391 68718 91430 19805 81118 %n1394 0
%n10628 4
90998 11612 13945 56196 %n5030 2
53898 29491 %n5932 1
37292 %n13377 2
79494 14792 %n20150 2
51609 10425 %n3424 3
22111 17849 13329 %n4008 1
37002 %n14850 1
65188 %n25377 0
%n7988 2
34056 43425 %n225 1
60589 %n25250 0
%n18696 1
19186 %n9496 0
%n551 2
49929 35983 %n13766 1
6823 %n3762 0
%n11240 3
84252 23146 59155 %n24241 1
13735 %n24777 0
%n21013 1
46397 %n6407 2
68627 52246 %n5510 1
12771 %n22728 2
41926 60520 %n9510 2
33664 56799 %n19538 3
4344 79371 75877 %n23986 0
%n19411 0
%n9847 0
%n8976 2
61882 78314 %n14809 0
%n4342 1
52217 %n21252 0
%n11101 1
80331 %n15660 0
%n12565 0
%n21102 0
%n22206 2
8328 44625 %n10298 0
%n21751 0
%n5525 1
40150 %n17588 0
%n18319 0
%n22776 0
%n4920 2
52193 77634 %n22670 0
%n4672 1
89612 %n24935 0
%n23333 0
%n20344 1
85947 %n10798 0
%n13569 1
11062 %n11060 0
%n21916 1
54546 %n5678 0
%n16396 1
79364 %n4802 0
%n2039 0
%n13467 0
%n16084 1
42152 %n135 0
%n8247 1
20518 %n12 1
17805 %n25056 1
18600 %n911 0
%n19268 0
%n6943 0
%n10436 0
%n4743 0
%n4199 0
%n5631 0
%n11345 0
%n2776 2
68442 71726 %n9267 0
%n13295 0
%n3111 0
%n17506 0
%n3547 0
%n14288 0
%n10799 0
%n4790 0
%n2575 0
%n15956 0
%n25279 0
%n13315 0
%n19391 1
12485 %n14579 0
%n25138 0
%n8956 0
%n24707 0
%n20608 0
%n13574 0
%n1542 0
%n16238 0
%n19398 0
%n15850 0
%n609 0
%n24174 0
%n1863 0
%n17480 0
%n7647 0
%n22532 0
%n11896 0
%n19729 0
%n7153 0
%n4744 1
73063 %n524 1
61571 %n24036 0
%n6212 0
%n22160 0
%n2554 0
%n877 0
%n11847 1
37386 %n3933 0
%n21962 0
%n3278 0
%n17245 0
%n24681 0
%n24418 0
%n25244 0
%n13555 0
%n3765 0
%n24193 0
%n6305 0
%n7821 0
%n11192 0
%n25064 0
%n8914 0
%n114 0
%n9064 0
%n1044 0
%n15291 0
%n6268 1
28338 %n9894 0
%n23267 0
%n10164 0
%n4253 0
%n5483 0
%n6443 0
%n1789 0
%n17261 0
%n3674 0
%n16172 0
%n22889 0
%n11858 0
%n9094 0
%n21928 0
%n3291 0
%n3478 0
%n18913 0
%n22498 0
%n3211 0
%n25374 0
%n4964 0
%n11521 0
%n7761 0
%n8506 0
%n10118 0
%n8674 0
%n14870 0
%n1486 0
%n5597 0
%n15474 0
%n389 0
%n21243 0
%n12836 1
35573 %n11865 0
%n25226 0
%n10600 0
%n18725 0
%n21386 0
%n24575 0
%n13586 0
%n23983 0
%n17930 0
%n13216 0
%n9106 0
%n538 0
%n3402 0
%n10425 0
%n935 0
%n18429 0
%n18780 0
%n5397 0
%n9970 0
%n16763 0
%n11553 0
%n16271 0
%n7141 0
%n5680 0
%n19493 0
%n10074 0
%n8640 0
%n20918 0
%n8410 0
%n17533 0
%n1464 0
%n20040 0
%n5969 0
%n1489 0
%n14560 0
%n22797 0
%n17072 0
%n19603 0
%n