91
6530 37
73203 37601 23599 86644 18049 60870 77315 12619 88611 73496 54618 32198 42895 9872 70067 66478 42216 27284 85526 12590 49425 59161 63752 85780 26506 95305 57279 48712 19680 23025 67293 6388 21404 99169 63532 28356 40017 %n4431 37
4956 63560 7042 98859 75203 24095 34378 14013 86715 91833 83642 9681 62359 689 88951 12827 3569 60617 47828 2433 36320 40022 91694 90963 4575 15004 3780 87787 11640 10898 58790 21716 19090 91932 87002 68046 18109 %n2046 35
33995 39999 51943 17671 58384 57393 3238 7716 37223 32841 97950 14078 35042 57952 73854 30508 61635 86457 49673 28899 48058 68373 47767 11409 4724 5620 42911 36507 86512 28844 41583 17687 80721 66231 7146 %n2179 33
95394 30875 98027 39407 352 68365 8190 73362 43580 72156 90049 38992 85139 17027 91849 59255 97897 19848 77867 41109 75907 89316 53554 14770 20521 37424 53047 3579 9486 63444 28792 4873 67679 %n7537 29
39240 22640 80032 80378 24833 5247 32127 65923 3226 80818 32399 54829 87211 93393 47148 99184 95809 1244 81387 99125 70140 19794 68296 12022 4684 66271 17895 99657 49858 %n478 30
4258 36406 99496 16102 8148 2705 826 30148 86895 59169 38613 10593 70357 81603 23831 22516 59738 88997 70312 24001 33918 86474 7888 39470 99995 16105 66108 5863 53380 58213 %n4325 28
93347 89420 60137 55310 62429 6343 44732 73287 77210 97903 36348 43655 36279 31652 91726 22321 19216 80265 91903 46256 60627 52232 52019 2246 34351 88740 38433 66245 %n2841 25
5048 73989 33339 20774 96927 25054 73717 84075 16129 23160 39829 11231 29771 35860 12562 39438 70446 35486 59811 98750 2494 4793 7580 94040 41631 %n4521 26
74091 69306 85094 44004 67806 83745 43325 35779 37389 76334 64223 45370 79741 3765 91247 27859 38216 50856 67221 96593 74862 58186 8510 25090 1326 47517 %n1436 23
41532 414 79231 76177 27614 62116 36246 50198 4742 10398 22007 36324 83092 19564 36680 48045 18958 92649 14211 68492 21912 16660 46023 %n3656 22
29217 59298 87764 94753 21291 29002 87105 89327 45457 79660 53403 79364 17090 49968 99882 75132 15332 42455 78817 14059 41410 34834 %n4967 20
16451 57594 77263 88444 65376 19713 49953 51124 54684 11291 90413 96740 27885 86531 63199 94802 45763 59374 76266 70407 %n4857 19
82463 49768 79964 16871 21251 94035 56288 5737 76984 62842 90069 11724 65451 13824 56056 88373 11219 9899 62048 %n3891 20
31158 83284 28210 60440 50850 77052 29267 59827 79951 79463 21911 44598 63660 73446 77362 17950 9452 47242 60041 71951 %n1631 18
68192 31673 15995 19104 98678 13895 46379 86893 59248 29468 65110 21187 49803 78595 39410 3315 41700 62212 %n4925 14
81992 26457 24016 1827 23184 2691 33948 20875 35879 42887 95982 25632 11076 62670 %n6895 15
64109 5169 37063 12242 64643 54756 81239 2151 91615 66807 74168 45152 78530 73872 45662 %n5520 17
62963 96750 139 97281 67617 72541 53142 11243 86905 1015 24730 71734 72013 16087 53202 33815 24962 %n2545 20
53677 68051 56780 86755 97582 95520 14624 51893 11989 88730 80485 68858 75192 40249 4279 57756 84917 74771 91039 91567 %n2502 15
585 91103 5626 65639 73035 16174 10328 50091 49823 46262 33169 52976 77969 67972 20434 %n4156 9
17772 91245 99652 84715 786 6889 12282 30507 20070 %n7156 11
6878 67714 60833 92568 66836 28677 89804 63780 84509 2586 66480 %n3949 12
90882 6248 35535 44471 5012 22137 95300 58302 5803 18682 81324 76137 %n584 9
64126 32174 3468 99987 17210 86717 47658 41683 31393 %n3149 10
80940 37789 79457 15291 65778 22134 89203 78234 9306 75520 %n6192 13
69162 63868 19376 5695 64774 64822 30670 25922 2243 10781 521 32491 33015 %n3815 13
75743 32536 38701 81765 1608 78268 55188 82597 80420 3481 76008 33025 44957 %n4843 14
70349 34648 12191 45166 67411 45980 33594 49051 25609 5112 24835 2583 69442 79127 %n3360 8
13282 80330 57959 49703 70343 94616 74953 84023 %n709 9
58151 89564 45024 30149 86674 69204 59346 60614 66799 %n1509 12
49031 44585 49135 14548 91974 79189 38201 73460 10990 13002 98079 34530 %n6618 6
12241 32912 32668 99016 9023 24963 %n389 11
5987 29707 56920 11835 86817 62532 5825 98834 64392 31493 59902 %n2189 5
78165 36298 73312 68702 91447 %n6665 8
31237 62795 27154 62096 41437 45936 79888 45055 %n6266 3
98119 1220 16898 %n5801 6
36467 21833 61718 34590 20884 92995 %n2974 7
14300 19654 89301 87507 71982 78513 84055 %n1998 10
91742 17635 58191 52119 20534 38848 28957 63717 27609 95762 %n2662 6
23110 90411 25508 69458 78772 49211 %n4599 5
29445 83968 37816 17946 11792 %n2905 5
72188 25194 47087 68964 43841 %n3707 5
27306 62546 28456 65685 67420 %n2324 9
93461 59526 26633 23086 58502 33608 53892 23864 59458 %n1688 5
13914 96793 6687 28211 58418 %n804 3
9163 91215 82089 %n5998 2
53861 17416 %n5191 3
59572 99421 48046 %n1003 4
95389 98288 67989 93915 %n33 7
82977 82019 36759 33318 48719 98498 86293 %n2 0
%n3763 1
84513 %n2525 3
16633 71536 59189 %n6257 2
59086 81158 %n6812 3
64937 33054 35782 %n7695 2
78897 47484 %n3038 4
22267 9196 59160 21471 %n5758 3
77427 61041 36383 %n5437 1
76149 %n2216 1
21463 %n1698 4
89694 59330 31113 27934 %n7637 2
76336 55800 %n6387 0
%n5479 1
11563 %n4533 2
54518 57079 %n2207 1
18621 %n4672 0
%n3746 1
71667 %n5303 1
80351 %n7196 0
%n2812 1
68597 %n5560 1
83253 %n5374 0
%n5071 0
%n6326 1
48669 %n4982 1
55028 %n5510 0
%n5836 3
21082 53086 7304 %n3878 2
75999 43168 %n7325 2
7847 10303 %n6198 2
38954 80077 %n3491 1
48317 %n4515 1
65002 %n7705 0
%n5652 1
38707 %n6505 1
99948 %n922 1
4820 %n4758 1
98996 %n5072 0
%n6671 0
%n6163 0
%n