14
2074 200
62281 59141 21026 31991 83126 90328 46521 56251 55852 1788 14333 99603 99024 72569 45991 34641 46799 29756 54513 50879 10882 13549 33157 7756 35580 75156 52185 81293 68859 83503 15057 68309 45162 36191 30190 95929 1036 60895 36983 8878 99328 66261 32594 30890 84755 49845 79582 75270 20108 87598 85612 8618 20760 1014 20315 31695 18450 1079 16618 16200 63318 89321 52671 38878 78398 93633 48429 39373 92699 84950 56610 64428 2012 84133 33620 70971 92108 93074 30939 14634 38850 79025 39625 36885 61960 9340 15918 24005 67298 64487 74603 5312 41275 50807 27202 44919 3439 17142 62974 15228 93878 46437 58573 92866 3236 22932 85313 24016 73122 82976 29398 84052 31527 81408 44266 7499 78673 39579 9084 73786 34361 18042 18202 31513 20769 56586 16421 20026 10864 55838 18351 33494 75836 26502 71872 66393 14364 6340 52785 73760 99817 1530 47189 37225 67991 41358 33358 49120 17612 5655 9551 21933 88573 29183 16787 88872 79949 61792 5995 30822 49052 60872 4556 92260 86383 19137 61444 19880 41476 8203 21792 57263 83746 67082 16179 83287 93798 52311 73692 912 58876 83806 26005 9382 27395 34330 67201 45654 93824 79186 14379 95024 86296 52197 1831 51102 95763 53911 51056 80201 %n3267 8
19362 6266 69581 24257 42881 87665 41660 69898 %n1696 0
%n3164 0
%n311 0
%n3845 0
%n682 0
%n714 0
%n3126 0
%n581 0
%n1207 0
%n643 0
%n3256 0
%n4902 0
%n