205
2257 132
82072 23882 10249 91904 47561 43216 12257 84106 47040 28511 47202 52290 22914 72928 83743 95595 46981 7540 45732 79022 78186 15501 53803 56266 38527 18515 70501 37064 2387 37704 30854 9990 20105 16604 88324 58004 5741 24054 52868 38929 57512 63848 95381 66795 78398 15457 9969 23016 22850 9177 64191 15629 46282 63229 29584 97467 45014 77629 7510 13431 95761 77854 13756 49233 44672 60553 12595 21270 16932 94679 89330 18543 13135 31198 99128 11339 20325 70861 6248 47025 41915 31807 14039 40036 20873 49666 12294 52142 18054 79671 57671 46639 13163 84790 50914 20421 79467 9431 53264 3718 95766 23840 95171 19500 79445 28180 78771 43055 55357 68709 1636 70713 82074 19683 6461 73699 56554 63449 63288 57751 54484 68372 64467 62779 36519 62129 99140 99023 74776 63775 80495 87316 %n3259 4
89195 99544 35729 30445 %n4001 4
62103 26748 7061 80697 %n2000 4
61010 99827 25264 78641 %n7433 3
96503 43910 85931 %n1676 4
68533 90263 41979 4273 %n6687 4
97484 21597 19162 93782 %n2105 4
98059 29089 89251 59058 %n4437 4
70183 80978 19992 78569 %n2201 4
69679 93727 38766 11657 %n3285 4
13853 98517 43964 70036 %n2026 4
79999 16197 27384 72496 %n5262 4
31855 56769 84375 15866 %n4572 4
49546 18731 20163 46043 %n3500 4
24351 15723 56438 8035 %n3603 4
67350 22741 13860 26647 %n6983 4
55423 6905 7766 69897 %n4692 4
29114 9315 84030 67203 %n3243 4
76276 76809 5995 91749 %n1407 4
68830 63696 54186 84184 %n3660 4
19682 42361 71505 12468 %n5662 4
46996 44334 54705 55363 %n321 4
44050 89435 58723 24757 %n5747 4
24004 647 94931 1467 %n6392 4
59187 72495 84100 49490 %n5378 4
86596 59036 14567 60758 %n4583 4
16078 68819 41363 28339 %n2742 4
8919 36139 17719 30837 %n2489 4
27415 20783 62987 3372 %n7391 3
77536 62920 18293 %n4460 4
1774 66103 46524 18111 %n6510 4
97569 73526 35486 35984 %n1691 4
778 12275 20892 3510 %n6597 4
72432 83768 81114 32585 %n4694 4
962 58253 26826 98068 %n106 4
38943 62154 85336 33373 %n5776 4
16418 68515 89211 43536 %n512 4
73075 82726 64382 40205 %n4378 4
37053 36462 23961 45321 %n6494 4
8767 69214 81238 13584 %n2273 4
89133 96038 40421 54737 %n4232 4
54149 48637 28637 15687 %n238 4
84955 81292 27860 69660 %n1627 4
1956 7343 39858 27876 %n171 4
28179 58785 91720 17071 %n2969 4
99216 69187 96495 79923 %n3670 4
52597 38892 64833 50227 %n862 4
85904 89866 16632 3176 %n5297 4
10523 37068 62355 8270 %n6139 4
86187 65676 5934 36281 %n5764 4
96427 2465 44318 32834 %n6487 4
19999 93097 46603 49708 %n6799 4
88610 28186 95903 32397 %n4117 4
6218 65021 29181 42325 %n1952 4
19840 68142 25574 9064 %n3224 4
14629 90345 86758 62356 %n5815 4
8930 62619 80711 51626 %n6251 4
70879 1383 37695 41292 %n5065 4
83072 45247 80421 33711 %n4699 4
75260 51308 98929 59152 %n4927 4
64123 51832 59616 58290 %n6236 4
50651 68356 32757 18896 %n2963 4
87510 6832 79645 58435 %n4323 4
65467 68248 59373 81293 %n3173 4
68597 36573 36790 96813 %n6831 4
56199 97255 81683 93650 %n2886 4
43108 34120 81634 24953 %n6312 4
26524 63216 51039 44458 %n3444 4
16224 18133 61176 98504 %n6861 4
80884 22229 47845 39985 %n236 4
79762 67892 93496 25273 %n4039 4
51754 41146 82568 95646 %n4859 4
50065 89155 88318 18438 %n1584 4
57477 31507 11007 76444 %n2028 4
6549 20244 95689 20438 %n6777 4
11008 48952 87905 13426 %n4112 4
41614 40883 15783 10469 %n1111 4
60331 60511 16297 61445 %n5942 4
45142 37795 93451 62088 %n4128 4
27636 16709 60958 69630 %n5554 4
37723 34223 51767 2464 %n5751 4
61740 50654 82241 64168 %n4861 4
25834 31995 25247 56077 %n3728 4
56376 45465 26314 17697 %n6272 4
65030 52922 66896 62905 %n3731 4
29768 18746 23934 23013 %n3577 4
66128 73077 36057 30942 %n3223 4
29707 51413 18368 30701 %n1168 4
27732 51820 29725 26925 %n1011 4
14395 28143 11912 7777 %n1917 4
45273 86111 46534 92709 %n42 4
12198 79809 9367 92154 %n6873 4
11011 47405 99210 52886 %n286 4
32407 33369 77246 519 %n270 4
33723 2713 3907 43797 %n2455 4
65506 99450 28331 69399 %n109 4
41607 99257 32648 91351 %n6823 4
7926 10533 49432 70181 %n5142 4
2284 21943 50165 88299 %n1455 4
29153 93418 19673 55921 %n2746 4
21585 24695 2177 54554 %n3087 4
60195 35579 77842 14885 %n724 4
34449 82559 69676 56782 %n770 4
29527 85486 49283 7134 %n3252 4
84832 74526 15642 77031 %n1231 4
89941 77105 81187 9337 %n5250 4
958 70844 47444 65975 %n6524 4
82592 48697 84458 22382 %n3269 4
2610 37858 36762 28610 %n1912 4
9898 33367 62013 82910 %n1997 4
32033 26571 9393 2085 %n1044 4
77041 19027 82832 53878 %n490 4
79907 99757 8190 67118 %n2208 4
65712 78501 8748 88742 %n1659 4
93017 48094 99285 25693 %n498 4
90893 88713 68589 50340 %n483 4
95673 28819 11421 55084 %n2092 4
13673 66469 54316 53553 %n3677 4
23068 13472 94296 53860 %n3210 4
84093 56360 25286 78738 %n1716 4
31460 68136 44744 99899 %n1312 4
1207 87013 69419 14886 %n3857 4
71659 73236 7939 30017 %n4008 4
67689 88257 35342 84825 %n1582 4
23996 60300 71433 20782 %n6442 4
24333 17628 66459 18015 %n4754 4
9678 17211 49219 18050 %n3951 4
6268 33593 54863 80652 %n2768 4
81358 49483 25295 94305 %n1996 4
11990 64766 80287 77546 %n4121 4
20665 10773 2914 81350 %n3672 4
94796 50327 40709 33291 %n2893 4
55540 45185 20388 28848 %n6350 4
10665 8108 50132 80509 %n533 4
11881 81989 33185 85148 %n5400 4
3723 94050 32006 9049 %n2718 4
60641 44205 39269 30997 %n3851 4
29071 93177 92113 74040 %n2463 4
73736 51744 45874 8055 %n388 4
52830 70955 95209 42269 %n6782 4
52506 81094 55753 56970 %n1650 4
70363 73866 89901 67641 %n5702 4
83897 76323 52510 20451 %n886 4
42266 9803 77484 92429 %n6440 4
46988 58660 29002 78499 %n1955 4
82757 13895 950 96674 %n5157 4
49464 69907 37115 73373 %n3628 4
53073 44572 58570 31742 %n3963 4
37194 43701 29317 53794 %n5252 4
35363 55717 95750 50856 %n3921 4
79205 83378 88773 91354 %n4272 4
98783 34257 32229 19807 %n6663 4
66735 98143 50728 5766 %n6994 4
20137 68939 35257 31607 %n6288 4
41519 38856 12816 33245 %n1649 4
86257 967 69056 95224 %n6819 4
56919 20993 30303 73057 %n963 4
62189 53882 41152 74309 %n2999 4
72992 61800 65859 40373 %n1141 4
89044 20812 21485 18047 %n76 4
97536 20828 14431 28858 %n916 4
32338 17655 87139 60384 %n5633 4
2686 45287 12328 39217 %n2580 4
83475 73991 48118 13851 %n4564 4
92446 29158 13900 24500 %n6276 4
38908 51252 84753 44145 %n6260 4
912 69157 32352 77676 %n3686 4
37978 68526 89847 2004 %n3297 4
20489 81126 25789 76859 %n2569 4
39001 29898 11162 89479 %n6018 4
97030 32109 14482 76375 %n283 4
56145 29167 55928 51358 %n2749 4
10102 81874 59366 65905 %n818 4
62972 14607 70112 93818 %n3449 4
90744 47719 1704 79831 %n969 4
83483 28621 21152 90182 %n4383 4
3951 95401 49854 52109 %n4828 4
81020 25909 9436 76097 %n6822 4
52362 43141 28420 36423 %n1331 4
38985 31988 4772 42305 %n6800 4
70680 847 8545 20726 %n1144 4
37050 47332 23596 78170 %n16 4
45710 99353 31382 49487 %n2682 4
38188 2009 25435 9165 %n2066 4
20617 89114 92929 31387 %n2229 4
81221 40676 63192 11896 %n1014 4
6195 94151 54320 75137 %n6571 4
11475 57930 95831 85232 %n3265 4
7297 57775 14523 73263 %n6154 4
77759 42777 50328 24845 %n4946 4
96654 15831 40343 8484 %n5877 4
19631 22423 87284 88953 %n4681 4
12552 33538 48741 48080 %n449 4
70272 7354 86655 17796 %n237 4
4942 16126 77492 98507 %n1675 4
57371 57088 39391 63518 %n3680 4
14066 2958 30187 86732 %n5235 4
82565 68587 1761 77624 %n5141 4
62960 34525 82328 71210 %n5822 4
36761 22856 17120 18924 %n2231 4
89566 65589 64860 52220 %n1829 4
5866 94364 65963 240 %n5739 4
64138 36857 82272 4281 %n6640 4
79125 20542 7130 9616 %n2050 4
31781 57446 70035 13177 %n