141
12500 7
51609 53098 54619 24823 82886 47718 12924 %n395 8
9013 30577 92865 45660 10963 60228 11166 2281 %n19770 7
77548 62352 15421 47738 88663 24799 69917 %n18578 5
73802 64889 31703 53314 49617 %n4513 8
48838 38486 19588 10923 32284 47523 16791 92859 %n7704 7
54247 10597 39253 68335 30050 71524 20422 %n20008 7
62775 46078 72837 23638 72939 68263 32728 %n8525 8
44498 72383 77762 44303 42463 18164 61405 20645 %n15225 7
12030 41076 24109 69099 53738 39181 30512 %n6056 8
77156 44358 76982 84635 69574 83200 66186 70723 %n226 8
4397 29399 60671 85903 24203 85539 76512 79144 %n10411 7
74243 20556 85488 1274 15627 92218 91762 %n2038 7
84477 53509 80765 83512 93135 737 78970 %n8878 8
82428 93122 26018 50954 90297 61693 21060 29006 %n17966 7
91715 5297 6660 62191 89647 23234 88192 %n17737 5
60813 81540 62102 33333 35239 %n7225 8
39460 50779 59122 91663 6081 93060 43853 41964 %n5700 7
5575 38189 61141 34882 20800 9582 63238 %n8343 7
52147 30984 87771 12641 90464 27159 28291 %n8703 7
14863 79599 33548 16750 4153 92126 20802 %n7325 8
57918 18671 28873 49088 46265 7688 23535 76056 %n5354 7
4018 76925 46468 12342 66008 42513 12154 %n2758 7
17486 33656 77987 76440 52429 31332 12675 %n8656 7
30818 78096 57795 81423 75600 51275 77820 %n8470 8
74191 23133 5536 74568 58385 55603 88582 51624 %n18072 5
26541 60088 4805 28566 28985 %n14217 5
29731 65863 50143 69483 29719 %n19191 6
25609 78436 75327 61547 15335 83788 %n371 6
1765 51793 7002 40468 70184 61526 %n12963 7
21664 13890 3410 48909 46341 47755 54568 %n17755 7
38883 72846 67460 5225 70739 75944 48391 %n18889 6
89235 18577 43000 33848 80172 57750 %n9144 6
20066 43131 29338 28930 27380 36537 %n21708 6
33918 34922 26670 91385 68171 48511 %n7470 7
70233 35851 14408 89393 6916 44959 2085 %n20573 5
25199 53550 4769 41935 8204 %n3573 6
64520 46483 14615 4457 57084 91111 %n2800 8
84675 17818 56310 14482 34027 69200 68858 49600 %n5154 7
1927 37575 48347 11473 24594 50685 7155 %n1484 8
29757 72294 74642 70419 78578 18419 68558 8446 %n10338 6
562 27217 11619 92658 42468 87047 %n14102 5
69779 40657 74841 50897 23624 %n14989 4
48520 17774 61449 76846 %n19723 6
28321 70939 58062 71954 42248 51853 %n20173 4
65402 91257 21013 50828 %n13093 7
91967 88994 38937 59262 9342 40274 63050 %n16220 6
53308 87204 5193 50822 46628 40439 %n15485 4
19156 80083 34174 30272 %n2084 6
50944 87688 44051 5491 12690 8121 %n1255 7
73315 87987 78978 53180 62506 4064 75391 %n19055 6
78547 79552 61684 8480 77583 6076 %n11572 5
84888 76896 14832 80497 4043 %n6154 7
33606 33873 59246 80419 19008 58666 6489 %n2964 7
51081 38072 14899 4725 26703 9781 40860 %n12683 4
44333 53467 88930 68754 %n6202 7
17493 92109 17336 28587 8721 49204 74596 %n1826 6
51065 26950 76379 9594 81513 36626 %n10906 5
68691 27375 18215 57122 6867 %n15560 5
18548 52583 33593 37710 29074 %n4210 6
20317 29510 21621 40092 41027 53329 %n15642 7
45339 5847 70629 26709 55181 10242 90428 %n19696 7
87187 34132 11720 9784 87352 59962 47406 %n15898 6
25922 39144 38713 15417 49220 89644 %n8458 6
31635 81933 71657 25872 41407 65908 %n10808 6
8295 57676 15617 80989 83013 85169 %n10492 2
7192 48614 %n13540 4
19500 57842 36077 89041 %n6569 8
4125 12538 62944 33485 76697 45249 50029 91693 %n14686 5
7697 90640 25176 73951 83354 %n21340 4
53946 34150 46027 85873 %n4521 5
37445 10749 71026 62224 14688 %n4341 5
77171 16162 71451 88360 74032 %n17697 3
63519 31853 8525 %n16572 4
2606 76244 53930 17075 %n11771 7
18161 92189 16178 92687 86000 11685 77966 %n15355 5
3334 76565 65525 17743 57156 %n10263 6
76074 81802 89260 8833 51898 41524 %n17474 4
21345 49957 33620 82654 %n15101 3
43932 38925 26825 %n12704 5
55678 28679 82336 69948 60282 %n6425 4
27106 22855 35388 14831 %n1446 6
6833 46065 14948 38606 71040 82152 %n14248 4
26503 59696 90804 74662 %n2924 6
13297 22950 9224 62019 73803 67867 %n6835 6
26437 36547 66977 65292 45141 76517 %n19274 4
46623 60699 88689 58965 %n10825 4
75725 32040 34664 86966 %n8085 4
61876 10645 93001 75162 %n7088 5
31059 47868 24554 70551 70978 %n521 4
43582 76987 43361 62736 %n12314 4
70575 69990 16885 79067 %n4729 4
70587 20477 35154 20884 %n20946 5
70515 33725 49062 13809 83300 %n2176 4
39646 42737 46368 41447 %n9211 4
47636 22519 36976 83851 %n18015 3
37380 66899 59759 %n7557 4
55819 16080 22531 41585 %n12681 4
83407 46735 19914 68918 %n3139 6
14687 82968 22252 52281 48197 12111 %n614 4
66214 19019 67246 55172 %n4039 3
73612 21752 27813 %n11646 3
7432 16836 25564 %n6274 5
16168 21347 9906 80068 4441 %n13961 5
82757 2596 8502 49742 22656 %n414 3
19661 38898 31368 %n18 4
9825 24048 29831 36456 %n12656 4
89342 65298 81234 38839 %n7994 5
43151 547 1692 66705 43335 %n7107 6
63612 10396 56049 6315 21462 5866 %n14077 4
54775 65074 65978 36984 %n14350 5
93610 44446 73117 29771 51299 %n15160 3
72617 35283 36296 %n8221 6
37641 87570 86412 83476 86837 76585 %n13713 5
20707 9280 19114 19288 74745 %n16226 5
70815 78467 9470 84631 17940 %n3753 4
75304 80894 92133 45686 %n18667 6
1312 61167 72342 78084 34990 25034 %n10351 5
51827 3200 77327 31676 9928 %n18734 5
85596 57789 43465 12438 47668 %n16070 4
22262 69515 46577 33749 %n2190 3
26558 6288 25072 %n7285 5
69157 50272 47577 18354 15962 %n3693 2
14923 45811 %n11736 4
66672 62292 92459 26946 %n7879 4
52342 78372 28790 11715 %n6062 5
4095 15767 49435 45404 12788 %n16005 4
29685 24145 57639 39745 %n1822 4
91481 44386 41375 31400 %n14516 5
8568 24030 11292 20455 92106 %n4097 2
90413 91073 %n4685 5
38886 53716 2209 17465 25885 %n7469 4
78493 87723 73297 72352 %n18869 2
37462 13658 %n4570 3
85805 59440 83600 %n5229 5
55303 72810 53886 43624 82929 %n5419 5
11931 36803 47307 70777 36056 %n15535 2
84959 40633 %n2253 4
87797 49625 60912 40307 %n6589 4
47289 49495 71868 50657 %n2219 4
90064 56665 37642 15591 %n16915 4
32348 70138 79927 86362 %n