285
232 11
39541 89772 28518 42172 61758 10968 14677 5600 18601 93903 55638 %n1904 11
54566 94757 64754 79687 7214 91846 17497 47949 49101 47176 42575 %n4468 10
14576 74495 98191 2194 16618 79559 21049 11382 63595 12605 %n2685 11
41630 95339 74744 36060 48626 5326 21570 50325 7134 61079 24721 %n3727 9
74827 43612 49697 67523 88302 83175 84059 10355 93123 %n7161 9
70860 61285 87815 20636 49158 17197 33634 7763 39631 %n321 7
97059 80017 12064 10974 82307 20594 14533 %n5773 8
53704 96152 71185 77589 66757 9254 82160 46494 %n4838 7
93616 92138 94440 51076 78004 4420 31951 %n2561 7
65782 6155 41609 11317 33942 26073 25469 %n1885 11
82509 85148 29984 66756 34671 14425 12126 97980 27185 29713 26718 %n6444 9
23578 14020 41197 90608 23861 71638 50089 69741 44824 %n6599 10
12186 70532 69470 78416 13295 21236 48440 96963 80572 51550 %n5653 9
90254 41403 36493 88186 98735 85096 8090 90509 91748 %n6701 8
7950 36044 59848 17734 21955 78620 66912 56700 %n5449 5
80226 45543 93380 66753 46688 %n967 9
88171 53044 14772 47223 63719 64505 56854 19243 8295 %n3248 8
6522 44060 88430 82268 41329 88141 52706 14370 %n4921 8
35393 10512 66229 14579 75516 69472 28312 81614 %n5059 9
52974 57041 10853 42972 13163 67895 21357 14006 73025 %n206 5
40299 85727 29753 26834 19850 %n8125 4
53028 45981 89107 90090 %n7013 7
47566 30798 58213 96212 10459 46429 23984 %n8089 4
32313 22804 59641 71398 %n848 4
18893 1135 57374 64788 %n6144 6
59232 41347 95243 35277 80109 5044 %n8435 6
87137 22741 65044 62041 68074 44402 %n2760 4
19579 72289 68563 17167 %n851 4
41188 23460 84043 64415 %n6211 5
8855 73073 65626 3915 4380 %n4610 4
18572 32360 32593 87840 %n6766 4
2694 17444 47623 98836 %n5513 6
29623 24556 26805 5924 18075 21335 %n8262 4
91531 42295 8229 1203 %n6067 2
86609 17254 %n3335 5
12311 1188 19269 94898 42138 %n7164 3
53677 7826 87313 %n5957 3
51897 90878 89211 %n7307 7
59618 98934 96510 1921 44147 46362 81290 %n7647 4
67349 52287 77085 33902 %n2318 2
74783 73999 %n5647 4
73184 64916 55835 90228 %n7911 5
43079 49541 60797 56006 23053 %n4159 4
31281 22644 5450 43226 %n8101 3
61284 27859 91233 %n3360 6
11825 62552 33520 14740 81147 23174 %n1526 4
61324 62364 57218 7350 %n1693 3
82105 4326 23734 %n7424 3
55232 38189 29696 %n2579 2
36532 35667 %n836 2
69778 97569 %n6077 5
71568 14372 15233 77474 29934 %n1279 1
37762 %n6220 2
80645 51467 %n5020 3
93996 11852 55064 %n5667 3
29006 10097 16905 %n3842 4
86435 23900 52584 27344 %n338 3
10404 87627 43728 %n4194 2
7037 98143 %n3101 4
29892 17405 9566 78683 %n5031 4
84734 74017 7106 30235 %n1612 2
5305 28481 %n8162 2
29819 71328 %n3131 3
25495 34557 17005 %n3593 1
8975 %n5943 1
57995 %n7555 1
70905 %n217 4
45955 70340 41092 6967 %n3582 2
45742 66363 %n4474 0
%n3060 5
69796 80975 18116 36029 74591 %n4611 1
61425 %n351 1
70003 %n676 3
99815 15070 753 %n1597 3
89537 97312 25389 %n6046 0
%n8086 2
91626 75340 %n956 1
53703 %n3020 1
8386 %n5073 3
66252 59791 43655 %n5058 1
2259 %n7906 2
47752 20355 %n1625 0
%n4644 1
5868 %n4524 1
72940 %n2257 0
%n3808 0
%n7708 1
95315 %n4604 0
%n5621 3
25396 42198 89726 %n1507 2
98652 12471 %n3182 2
64248 15707 %n5558 2
75965 48064 %n966 1
18076 %n8233 1
80174 %n424 2
49244 61840 %n2635 0
%n378 1
35887 %n5316 1
96343 %n7355 3
59402 28050 55859 %n4110 0
%n2632 1
19317 %n4578 2
71870 35337 %n4953 0
%n7236 1
27546 %n5836 0
%n7155 1
71663 %n6562 0
%n4743 2
21562 45562 %n6018 1
64909 %n4795 1
45502 %n6297 0
%n6059 1
50789 %n3992 0
%n430 1
25692 %n5185 0
%n2264 0
%n7505 2
51866 52006 %n5895 0
%n1560 0
%n6075 0
%n1014 1
18139 %n1892 1
85157 %n1425 1
90405 %n6151 0
%n6433 0
%n6229 1
83022 %n6631 0
%n6668 0
%n771 1
21688 %n2483 0
%n969 1
45678 %n1976 0
%n434 0
%n8478 2
68776 61903 %n2625 0
%n1038 0
%n2431 0
%n1017 0
%n7810 1
8278 %n5991 0
%n6891 0
%n164 0
%n5118 0
%n484 0
%n4074 0
%n8400 0
%n6980 0
%n7598 0
%n6269 0
%n2604 2
4581 6715 %n373 0
%n673 1
83377 %n8306 0
%n1488 1
68847 %n1347 1
2247 %n7248 0
%n5570 0
%n2021 1
20928 %n7558 0
%n1472 0
%n7051 0
%n6876 0
%n3991 0
%n8375 0
%n7047 0
%n8481 0
%n4764 1
70671 %n7799 0
%n1214 0
%n622 0
%n2691 1
47205 %n4504 0
%n6024 1
24529 %n6034 0
%n6655 0
%n7798 0
%n2469 0
%n1368 0
%n3346 1
61974 %n3017 0
%n1335 0
%n3505 0
%n6101 0
%n4048 0
%n7509 0
%n6176 0
%n7610 0
%n4736 0
%n2898 0
%n7369 0
%n6190 0
%n5960 0
%n4225 1
28264 %n2260 1
92015 %n1206 0
%n6452 0
%n4652 0
%n226 0
%n4019 0
%n844 0
%n3072 0
%n6246 0
%n4331 0
%n4826 0
%n4190 0
%n1798 0
%n4624 0
%n257 0
%n4699 1
67400 %n7648 0
%n210 0
%n3299 0
%n5509 0
%n6483 0
%n4441 0
%n3077 0
%n8254 0
%n4563 0
%n634 1
22787 %n1998 0
%n780 0
%n2064 0
%n1954 0
%n2215 0
%n3922 0
%n7257 0
%n10 0
%n7519 0
%n7934 0
%n3516 0
%n2886 0
%n5475 0
%n404 0
%n3014 0
%n6521 0
%n3715 0
%n7688 0
%n6640 0
%n7941 0
%n6404 0
%n8138 0
%n7678 0
%n137 0
%n4521 0
%n3526 0
%n7532 0
%n2041 0
%n3706 0
%n3401 0
%n7215 0
%n5677 0
%n1665 0
%n1434 0
%n287 0
%n3738 0
%n5815 0
%n7005 0
%n8012 0
%n5242 0
%n6758 0
%n6989 0
%n2916 0
%n6054 0
%n2193 0
%n4251 0
%n3687 0
%n852 0
%n6565 0
%n2026 0
%n1537 0
%n3839 0
%n4528 0
%n3247 0
%n34 0
%n5860 0
%n8286 0
%n8082 0
%n3220 0
%n2975 0
%n4369 0
%n1104 0
%n8475 0
%n6892 0
%n7407 0
%n