74
1649 276
87536 71593 15288 84501 39037 12817 64777 35590 39186 78782 80778 15356 35153 60334 74196 97951 28015 56863 95731 30228 4120 35138 43461 45751 18693 34930 70935 73281 79697 63029 90805 70331 67000 1137 4839 15192 353 3421 92685 59287 15158 68168 58588 74794 49158 32128 50332 34504 63643 83807 96513 74486 12077 58252 14645 50719 48681 33534 7715 36533 69172 55618 2847 4635 75756 19552 94975 57580 41324 14274 24480 21066 31206 60143 77030 91870 51275 2161 61695 37937 9865 17711 99248 83709 7915 30400 66830 43037 10264 78842 52433 33205 16501 11630 47469 12034 96587 10066 83757 21862 59115 7823 87069 21247 35506 32951 20826 56979 94635 53776 89342 31723 53883 1829 10606 17377 41805 28188 13666 1277 57452 12807 52382 63922 42804 64200 27930 13612 72815 65166 92989 16138 53327 68635 86507 62616 51096 10726 84385 77828 68165 12218 17186 81799 97670 26773 84306 49772 40141 36939 41184 54286 23395 15170 33153 39598 13620 34948 65727 66757 64592 79242 75559 32661 50563 50201 51923 13717 61977 23143 3386 90906 58860 38241 11770 91359 21319 8883 88810 71484 82307 80310 39389 24567 50785 6504 96790 2650 5633 1489 54254 41883 56583 72814 35348 33250 78639 85259 85752 44518 29421 91286 66132 43660 83096 90382 69709 96036 28071 92755 87634 57316 60199 37404 46385 69531 68393 29908 46452 1693 17692 10998 3209 891 41177 35613 49354 12870 84657 7005 48104 14891 21777 23028 1068 62503 72737 5537 73027 76267 5524 5743 99261 90387 32895 15341 33278 52470 57187 39651 25678 24370 71372 53424 38111 90483 79922 49844 26701 66108 31213 9969 96131 66861 12723 51823 507 23871 98757 17698 1509 16574 20732 60393 48763 36297 %n499 180
77370 23154 33963 18435 99074 44505 62715 58321 42603 73689 42570 31269 22640 49557 9526 24585 21393 38205 41153 17210 56833 702 52493 91083 10683 67028 4475 37005 74234 71367 79639 29913 46341 75817 22922 3702 20639 65361 96434 93862 6981 57269 58499 83237 95168 17208 57412 81599 73498 60925 3340 20291 28382 76481 42930 31073 28487 40253 50653 53264 70031 89842 80727 70927 81359 83818 76168 95779 62401 59211 88974 77043 65225 13190 64421 22658 51118 36919 12663 9457 35265 35611 50734 84034 65242 82027 55446 22276 46285 80371 46884 15680 47417 99241 33517 78093 51309 34028 51000 21587 54149 29843 20290 10977 64568 62857 61375 4043 73753 15182 46470 24213 57101 53430 4967 4894 39807 58887 38181 37529 42601 67487 10440 32003 36506 89527 20512 15639 79862 47523 62339 94186 33561 56753 46800 38322 85176 46949 37512 57518 84823 57812 44905 58091 41279 44712 28492 66219 20499 78301 4696 83024 9649 13596 86775 15475 64859 58729 11040 84884 8438 36131 27406 56127 37890 48863 85911 36894 61770 63475 78567 31778 59297 966 10126 42011 97974 36617 15866 61234 %n32 118
72770 88900 36237 96720 99170 77163 52558 81720 22534 56750 64165 24319 39006 93992 49225 30233 64663 96929 49747 30110 10435 37593 25972 64296 26763 18295 21695 24798 91207 79361 45627 55211 4217 54698 51462 20536 90889 191 96078 77065 32472 16853 41713 65626 89079 82794 41119 68672 18468 46207 90043 39419 65733 84828 51656 91475 82477 20352 49575 953 65400 56929 77296 64020 99763 56642 31578 58744 3404 11627 30766 64415 14109 42300 3773 67881 1913 87562 67073 82403 5329 48100 71424 87077 89263 9729 70410 73543 92062 18318 7175 94940 38146 87004 72729 8200 60129 40339 77861 63219 58612 23781 53716 94008 81012 85579 97422 11945 3056 25266 19054 83568 22531 33566 98396 65542 66268 65497 %n915 71
59988 79589 95365 18916 6865 87595 5513 40515 97282 32261 33809 51030 89202 61961 96597 28610 47299 26867 38863 90116 73119 74582 26368 1979 50680 10309 23311 9546 12298 76862 57367 91653 43982 38333 78608 53614 33555 62542 9186 88291 3609 3961 82314 74431 3388 80340 83274 71678 31779 68616 38650 63530 87223 65249 34580 16580 88566 90888 95607 55372 94437 64737 51465 61689 85404 80663 88535 877 66303 32837 19367 %n433 48
28156 45889 90496 42452 93918 77383 90126 4817 97887 80446 50677 44259 68470 70882 58148 21422 85530 65759 98836 30215 62488 10411 30044 26364 11809 85 69843 53095 3400 61790 13019 88182 57429 90887 40787 28834 98621 20463 66078 93831 53592 59317 88618 43693 29446 25786 66828 2819 %n961 39
85787 64298 63680 63915 30660 7922 46517 8264 35544 16774 43285 22987 2969 51301 49317 80965 47823 59533 70542 2942 66125 35444 65865 26385 3199 85990 91643 76979 83122 35272 89535 17940 66533 93503 9533 67556 26656 13980 48975 %n809 22
31901 43947 76529 19886 51070 55286 70776 89688 27516 51281 8368 63349 53863 6547 37903 39516 26792 50638 51890 57329 94178 40274 %n1676 16
29322 56824 71417 3999 41474 17200 71017 32607 24312 65266 28940 25006 82072 47099 23700 8187 %n675 16
80193 46169 4360 16277 4962 36397 95503 62298 61437 73290 41712 75749 57650 16395 63997 26264 %n1870 7
11060 28947 84278 20621 19231 39324 7552 %n784 3
87226 75976 28187 %n2009 3
26207 68408 41318 %n489 2
71611 17066 %n827 1
72347 %n1598 1
15877 %n277 0
%n463 0
%n1624 1
93688 %n47 0
%n1143 0
%n971 0
%n281 1
18532 %n1763 0
%n1584 0
%n1795 0
%n1863 0
%n137 0
%n1022 0
%n478 0
%n1759 0
%n1048 0
%n1670 0
%n1944 0
%n1790 0
%n287 0
%n785 0
%n376 0
%n1926 0
%n1599 0
%n1990 0
%n1026 0
%n508 0
%n1479 0
%n1005 0
%n611 0
%n1716 0
%n882 0
%n1451 0
%n1967 0
%n1071 0
%n1615 0
%n1176 0
%n513 0
%n1875 0
%n764 0
%n34 0
%n1113 0
%n107 0
%n1538 0
%n1403 0
%n638 0
%n2051 0
%n1943 0
%n1322 0
%n1303 0
%n1537 0
%n1789 0
%n1823 0
%n1301 0
%n929 0
%n1355 0
%n449 0
%n958 0
%n680 0
%n