257
2064 207
59951 64844 5815 3026 68507 231 31488 62297 9405 53752 56852 10827 84504 66035 50316 72625 70621 78169 60406 31500 99332 36623 4959 94702 95881 15791 80677 17349 34683 12687 70194 28414 64558 46777 24246 29427 31113 96792 74733 83337 69919 28185 66757 3663 13915 49937 43985 20276 76260 22950 84633 60390 20344 66253 98438 27270 79780 13513 80862 57639 81786 87576 76840 52271 58148 19668 17444 59872 99832 94809 51445 29321 42248 86062 57916 86931 50080 91886 26094 39440 99465 45713 40576 42483 67399 82056 43043 77456 70581 53663 25745 71188 10463 64486 16837 97146 12609 57695 52277 14669 14471 11542 26154 10854 32907 20220 27283 9656 27207 53427 49337 69472 5108 27508 24236 33572 25282 21024 29358 92768 66565 95505 47827 72166 20900 39697 9096 54802 92858 64625 28914 7748 61469 24759 50503 28250 89279 17093 65776 66700 13817 20833 56716 72354 5589 20362 49081 19690 46247 6807 8316 5486 22066 48700 34253 25203 38758 84599 39039 69925 10696 39177 36960 83944 28439 24273 93624 48023 49911 45454 50800 16745 90789 30165 89236 39237 68171 42595 35953 30158 38031 89033 46010 14915 34431 93400 2813 29146 53298 45425 74930 30716 54620 98212 72233 30474 55311 71604 51852 71256 79811 29407 6238 35329 87834 76027 11841 %n4237 151
9552 32865 83764 21137 73659 46962 71294 15288 98748 28155 25068 1487 57483 87214 43529 82744 45336 72206 13782 38550 51807 3802 22754 90838 94746 28884 93011 32189 64961 74582 72965 6194 41398 6626 21902 83843 26734 92376 68022 64445 62280 49696 18471 11423 69505 51268 71026 33605 40616 53865 99150 10959 90616 53456 10357 31333 85058 64058 35634 37171 24367 36308 81772 14487 95006 29710 75517 27423 85081 64508 1841 52001 95484 9117 15298 40546 17029 10467 31458 82824 36982 8064 18692 96810 82821 19337 95443 29643 52670 43971 83167 76070 13004 21579 20368 70740 13220 20961 91474 2207 70184 49521 55071 83600 15455 63734 55262 83874 25828 85944 19383 58243 3118 49228 41772 2631 87904 27057 16060 41009 89300 55873 20435 71518 91826 8991 27664 16624 35952 9690 70294 91638 12183 32689 50425 11295 20491 21159 67696 84252 8185 25532 91639 23802 54028 58580 87709 29550 5224 68412 10731 %n2915 94
58250 11011 60098 85671 7552 37783 24585 79132 8070 11176 74418 17789 65828 84122 43465 32115 59123 46885 5275 16603 29225 74579 30574 80528 72571 65875 31290 14657 75437 4510 49661 73387 61649 46052 18084 13389 73236 29583 80165 28852 47232 50506 69676 31865 61074 57438 95717 82854 97717 47306 26249 68783 86160 58770 39710 26569 26267 94680 62227 61318 51866 53264 29322 39885 25056 11022 25643 16306 41470 24968 62522 29271 55256 3521 9702 31274 39874 56830 74390 20409 20593 69686 91367 57543 73734 63140 35544 17450 86512 20515 45373 48685 26969 37356 %n1750 78
83039 54418 91301 67247 72146 2953 12544 60625 44697 94102 75747 3952 73095 24714 91471 45249 70726 47098 8324 48058 32683 57313 60513 84388 3838 58111 89844 63061 81335 74981 24150 38588 72467 76946 61413 26813 33380 31081 3614 45672 44156 18539 44011 93982 48631 48394 40677 34964 27194 27489 27871 40984 75699 22729 39418 63864 82996 28958 36239 65979 78597 82948 56064 48351 22148 62617 34232 96127 95988 42759 20698 72693 19489 72360 24176 35462 3284 78566 %n3679 52
90110 91392 90249 48793 75894 39660 25083 87985 19852 94994 73885 29862 72436 91413 71331 77128 24061 62332 67039 46865 14467 90713 59815 86949 95935 71885 10264 1306 42115 51534 67889 57208 43512 72777 58434 27151 57320 56476 19421 29497 26743 54756 97317 67766 20005 84844 41282 48723 38320 74515 59762 40464 %n3333 32
79258 14399 34834 37731 53533 88042 813 22312 11915 27098 86612 54017 20588 92588 2756 69748 76262 39357 93388 57491 44239 90739 86498 84427 97469 99707 67042 3981 54684 56360 43744 13264 %n3821 40
79852 85925 138 10500 86849 83778 15715 84132 16621 36302 61975 49155 49907 37841 4887 15514 50543 52426 8569 31987 5095 96531 24132 89158 57440 81948 13645 35860 99065 85416 82438 50151 23943 60212 39027 46020 58498 83455 40480 77822 %n2397 23
62219 26992 49665 8855 64481 38439 51373 66323 26047 41318 74349 46385 34600 90990 4827 40727 11412 81475 37266 95660 65668 82184 82931 %n3094 11
60397 15007 53710 68386 20904 65796 93727 85939 66147 43830 18073 %n1317 9
23449 38274 18278 12440 20419 73318 71482 93295 26276 %n3434 5
52932 50956 35717 54965 16196 %n3919 3
31698 42224 57767 %n2535 4
94391 74666 11361 55133 %n425 2
25236 23519 %n447 3
91004 99226 59549 %n3765 1
16345 %n2040 1
70929 %n1136 1
54910 %n1761 0
%n3581 1
70277 %n1276 0
%n984 0
%n2232 1
88630 %n4124 0
%n1584 0
%n704 0
%n127 0
%n2867 0
%n3084 0
%n1704 0
%n1111 0
%n4761 0
%n3644 0
%n3979 0
%n1986 0
%n1973 0
%n3006 0
%n2761 0
%n3159 0
%n3028 0
%n4829 0
%n1433 0
%n1415 0
%n4781 0
%n2579 0
%n2833 0
%n3065 0
%n3387 0
%n2751 0
%n1386 0
%n1586 0
%n4645 0
%n320 0
%n3157 0
%n3439 0
%n2137 0
%n3438 0
%n2422 0
%n3183 0
%n2377 0
%n995 0
%n1775 0
%n1582 0
%n4210 0
%n3733 0
%n2424 0
%n1819 0
%n1503 0
%n4122 0
%n1252 0
%n4563 0
%n235 0
%n4164 0
%n2120 0
%n721 0
%n478 0
%n2756 0
%n438 0
%n4432 0
%n723 0
%n2396 0
%n3905 0
%n3012 0
%n572 0
%n4223 0
%n4552 0
%n1436 0
%n1833 0
%n684 0
%n2415 0
%n3168 0
%n2136 0
%n4110 0
%n570 0
%n1711 0
%n663 0
%n1316 0
%n2512 0
%n1460 0
%n4058 0
%n2022 0
%n1939 0
%n4189 0
%n2778 0
%n1019 0
%n2203 0
%n4799 0
%n1951 0
%n3197 0
%n4073 0
%n2511 0
%n1194 0
%n3089 0
%n2119 0
%n4413 0
%n794 0
%n1843 0
%n2497 0
%n4517 0
%n4416 0
%n3103 0
%n2204 0
%n82 0
%n3625 0
%n4231 0
%n4644 0
%n2248 0
%n1940 0
%n3906 0
%n4573 0
%n4437 0
%n2530 0
%n4481 0
%n4053 0
%n4641 0
%n3596 0
%n2166 0
%n4686 0
%n2705 0
%n3746 0
%n3169 0
%n1564 0
%n83 0
%n3942 0
%n1844 0
%n2002 0
%n1548 0
%n3611 0
%n4172 0
%n1218 0
%n3240 0
%n928 0
%n1738 0
%n4553 0
%n380 0
%n1955 0
%n1000 0
%n825 0
%n358 0
%n4235 0
%n372 0
%n63 0
%n4473 0
%n4511 0
%n216 0
%n241 0
%n3358 0
%n2725 0
%n2523 0
%n2806 0
%n2493 0
%n515 0
%n4371 0
%n4682 0
%n1408 0
%n1006 0
%n4370 0
%n2498 0
%n2962 0
%n3052 0
%n3768 0
%n1732 0
%n3449 0
%n2534 0
%n1209 0
%n1542 0
%n3390 0
%n4770 0
%n1464 0
%n3728 0
%n1368 0
%n4279 0
%n629 0
%n3544 0
%n3481 0
%n1348 0
%n1793 0
%n398 0
%n2618 0
%n3184 0
%n4044 0
%n3088 0
%n3032 0
%n1213 0
%n711 0
%n4181 0
%n897 0
%n1253 0
%n29 0
%n1562 0
%n2200 0
%n4214 0
%n195 0
%n4003 0
%n713 0
%n4646 0
%n2872 0
%n3736 0
%n3069 0
%n4263 0
%n632 0
%n3429 0
%n994 0
%n4736 0
%n3382 0
%n1334 0
%n1004 0
%n4180 0
%n4495 0
%n596 0
%n2704 0
%n2049 0
%n73 0
%n4157 0
%n2629 0
%n2247 0
%n2613 0
%n4386 0
%n3279 0
%n3312 0
%n3711 0
%n1176 0
%n542 0
%n3280 0
%n603 0
%n492 0
%n732 0
%n4536 0
%n3817 0
%n2126 0
%n4723 0
%n349 0
%n1587 0
%n4376 0
%n2884 0
%n2012 0
%n22 0
%n