83
122 39
52976 78489 6286 70404 10466 9494 12765 55556 48332 84855 74167 31941 29585 4074 73092 32557 65747 30822 42245 16359 56753 55196 7689 28675 65961 75084 79439 23080 64179 87725 28276 11023 33400 34645 89073 76824 40951 13837 72853 %n6564 33
87522 47792 15245 65597 7373 13136 18899 75847 4259 51358 59104 60328 96954 28983 9194 86420 31521 8445 29381 89622 26028 69814 75065 18164 478 39666 26543 70084 33355 63987 62862 95414 86549 %n8554 26
99370 37511 79773 67310 73368 87872 39053 79823 32850 33769 87573 79955 86196 30686 49006 37328 75392 33822 99435 48621 53630 67267 44109 45537 68198 24051 %n6295 19
80417 26951 27293 44920 28964 85948 89918 75562 21173 12960 88024 76121 63595 1598 51403 2705 9968 1034 91913 %n2531 13
28975 78545 57839 30895 61953 84435 92491 93315 57834 25568 93154 21053 77240 %n7974 10
97908 74897 72885 60766 6643 6409 93140 73456 98046 4708 %n2333 9
98741 15340 25771 28393 25124 3912 57510 56829 42405 %n8686 5
45269 70579 82426 33671 7868 %n790 3
14134 24357 43730 %n673 3
69322 69556 40798 %n265 2
87311 55703 %n6649 1
72110 %n3177 2
24729 56551 %n3566 2
67808 38569 %n556 0
%n1946 0
%n5010 0
%n1561 0
%n3157 0
%n1423 0
%n1744 0
%n6285 0
%n4161 0
%n7392 1
7745 %n8544 0
%n5267 0
%n8060 0
%n5723 0
%n670 0
%n1800 1
25045 %n7253 0
%n5043 0
%n1644 0
%n3714 0
%n7390 0
%n4771 0
%n8379 0
%n4269 0
%n1572 0
%n8763 0
%n2444 0
%n3454 0
%n1311 0
%n2286 0
%n6871 0
%n928 0
%n858 0
%n5096 0
%n6611 0
%n4593 0
%n8841 0
%n6758 0
%n845 0
%n1436 0
%n6877 0
%n2414 0
%n7751 0
%n6736 0
%n4808 0
%n3780 0
%n6936 0
%n8068 0
%n731 0
%n3446 0
%n7467 0
%n1864 0
%n2726 0
%n1280 0
%n4558 0
%n3025 0
%n3702 0
%n7047 0
%n6815 0
%n2009 0
%n7199 0
%n6013 0
%n2527 0
%n1844 0
%n3120 0
%n980 0
%n5801 0
%n44 0
%n6757 0
%n