37
4021 30
2655 28835 49785 49342 26728 79375 93710 67652 30506 21262 30127 12932 76286 67878 55643 97572 30006 75114 39261 48580 45430 69451 16753 84365 75163 3710 78727 72953 77305 29305 %n5694 29
93505 91756 24624 14695 70677 98868 72768 13449 37715 90470 96776 38792 9885 61714 91025 98830 17917 26056 92934 5629 96499 94051 18060 66170 98412 13065 77878 96491 40312 %n1343 27
36777 96690 60466 10560 85605 34251 98134 90282 37000 32891 51936 8712 13355 71473 27112 12888 48792 81843 10947 42287 49339 70317 8340 42259 36762 57507 5508 %n5018 28
43667 8610 75928 97447 61776 80746 18211 20939 70938 68417 62372 5661 15339 72983 47889 9047 60468 83665 33990 77261 40732 65462 21902 80537 51722 84813 82285 99452 %n4466 25
97397 67749 87205 64038 80901 48335 59034 32760 21212 11266 24807 12843 60507 52474 98298 7542 76998 34319 69608 43890 17497 54396 1472 63680 97113 %n3353 26
4634 44399 57419 56252 21104 4233 61694 97022 7522 380 20420 6731 13845 19399 40110 92714 7537 13346 68779 13514 34185 1233 18508 45450 11567 38585 %n4954 26
41067 90413 56014 51453 24907 28477 79146 15055 72279 24035 34817 7518 24439 15309 37583 84853 24238 39938 98896 87736 17511 95219 44990 38139 54849 76841 %n3109 26
57978 49388 49314 19141 82242 20924 28469 53833 28183 88609 14627 7326 35784 44158 59638 98913 40280 39996 7179 90889 31745 29895 76908 57185 60542 59039 %n5058 26
72093 57868 75160 4961 39128 72245 41369 75590 64324 28020 80048 37276 65958 85138 36037 40287 87100 63769 47482 44211 94560 61424 99816 81972 78389 42448 %n4602 19
25313 70806 26573 32005 7607 65522 91331 7495 88294 9329 73310 2975 83201 56791 39194 60020 45713 46601 727 %n4945 25
36402 94719 17311 93797 19886 98533 44326 13939 71401 99640 2126 13328 26672 35891 96187 33594 52012 57600 76487 34374 99144 19242 72480 47587 73184 %n397 22
11258 69832 74739 2563 90768 55191 20529 91001 73023 15858 97910 70219 50967 71562 74115 40605 52206 12680 86928 73317 40250 21549 %n4373 21
69650 83548 77758 70883 10713 35672 78656 46390 14974 37649 76709 95546 48256 3519 90988 59085 81660 51835 62385 82174 56997 %n2563 16
90541 79009 40406 50315 92632 34545 86996 84970 32460 57194 49194 96368 1544 34492 42746 88535 %n4281 22
47928 91653 99838 11289 65283 20952 79551 75466 91998 97943 19728 48961 22361 83065 14718 64041 11556 83800 53343 66563 56464 66052 %n269 21
43252 33884 95653 87364 97088 50989 55220 29847 21430 34472 67597 11513 48839 97591 67577 62316 44368 25581 12524 12847 93415 %n742 18
9499 59733 89568 19622 84013 78273 25966 94740 94595 12546 46276 70258 9388 91301 31157 74848 76111 46202 %n2187 15
52701 63716 87871 15863 55772 6513 91019 17536 89267 98150 14616 35438 58579 41954 73309 %n957 15
34792 58966 58868 24289 41885 37454 3636 76468 79178 8269 97842 44186 21106 98984 97542 %n3345 20
56165 94898 40443 11246 61691 42161 25820 39772 49758 7797 41741 40183 88600 31909 33755 71864 37810 10513 55187 50196 %n2900 18
7258 98674 74159 39477 13680 18583 88621 88227 18932 97363 48732 89722 73009 26765 18576 29795 42634 7193 %n761 16
2690 58323 59229 91039 72039 1730 11089 63123 36554 30692 55142 50277 21033 66697 51765 89748 %n5579 14
36693 54647 39219 90950 31143 99239 95017 19233 24711 94054 87836 92942 71279 92830 %n1740 16
55743 20047 45058 26423 54174 72657 57612 76233 39890 71928 34962 30048 75010 64782 70355 54803 %n2716 15
89394 78187 40790 56447 95901 47551 29632 74969 9556 24240 77197 43941 64658 63949 98570 %n4408 12
71868 77501 68739 8716 55624 23460 11380 32750 11505 69955 16361 38829 %n3304 13
78659 37582 37414 64585 82680 45168 28708 79734 30431 89680 34741 4319 84479 %n3753 13
59283 505 35450 58642 25422 69018 91804 94378 80695 85469 37119 10165 74603 %n1295 14
74121 46982 42599 60405 4430 45887 69582 75803 97419 10832 1789 65446 82201 73572 %n1289 16
35732 72843 62176 37070 85760 56654 38374 53485 54506 63083 43341 123 33737 76036 33231 69578 %n2012 12
82596 81325 44800 37600 65635 54674 31040 75572 21140 14177 64219 85314 %n3820 12
4499 49651 12850 23509 53829 63012 84301 6498 23024 42430 92876 76558 %n3997 11
50583 95988 8035 47209 9134 34352 50217 34888 62247 73044 98270 %n1494 12
66687 32362 73992 8050 16961 29676 60628 22145 86608 70609 24816 23064 %n3779 10
74992 21904 15031 29685 32559 92905 90002 71355 28285 51229 %n2749 11
78828 31081 66382 16010 17664 15913 47644 62520 31491 6507 71209 %n245 10
45286 89331 95920 34871 84711 16387 71797 91635 30536 72120 %n