344
23957 9
78177 73640 14519 74402 56887 43089 7790 9340 53921 %n6007 9
14224 44464 26778 72550 20357 91533 14979 58575 7989 %n14754 9
79899 65890 21763 59207 13226 93909 23139 88100 60913 %n4567 9
4761 78078 89262 41257 8529 54442 40955 93448 59762 %n1932 8
27579 2122 65052 48515 11036 63642 1386 17864 %n16691 9
42867 62890 59640 4845 57384 35284 34158 32159 72848 %n24807 8
83909 16488 47428 70454 66819 2812 64437 55599 %n14885 7
88566 52259 13469 37329 44965 83748 92672 %n18009 8
6552 42543 3821 78952 21786 48998 7290 54045 %n9504 8
92486 71835 31938 47878 21408 93383 58513 95272 %n15366 6
66433 71755 6695 38731 89414 94260 %n11842 9
8613 90269 13536 12221 92106 68977 59817 53148 64261 %n9944 8
57106 41741 57993 73958 46088 43865 36385 5851 %n2876 7
5483 63332 89712 86470 63200 79338 90439 %n10215 9
20750 26577 50380 91182 26257 1495 66527 64903 19149 %n780 9
53178 64924 57921 39910 72118 24780 60787 8237 29621 %n7263 8
85692 44339 40731 12153 30794 26293 46243 92319 %n20425 5
84404 67276 68400 19448 61867 %n12891 4
473 28905 38295 61479 %n12914 7
80955 79759 48504 69308 2512 92763 41555 %n14749 5
64307 52287 46262 10187 18444 %n3289 9
10612 12464 26540 2799 6659 2068 27923 34996 48055 %n19516 8
83756 48731 49097 80046 62491 30667 27421 2414 %n3887 8
9585 90822 71849 90009 53845 90969 64447 44997 %n9667 7
62374 76732 19245 86358 44697 68511 68431 %n18549 8
29653 18918 47873 80278 18110 4648 8278 16141 %n3750 6
72320 7564 48216 89897 23119 26904 %n20675 8
8497 52134 23255 89736 4972 82625 51252 44602 %n9370 5
50210 30395 49467 50816 71397 %n11835 7
74107 36821 33933 38465 87884 68771 28283 %n6506 5
34987 77071 78030 22235 90488 %n8593 4
66410 57014 31500 86745 %n23058 5
78945 25 13048 59647 44341 %n11787 5
12345 26982 61928 90744 94081 %n18580 7
63273 37178 40959 53125 91087 81424 61608 %n2800 5
73629 13521 81250 3007 41193 %n23712 5
57996 63291 42015 92482 28179 %n17756 2
34431 84048 %n9224 3
29827 32782 42903 %n1149 4
4503 28090 74208 76456 %n12440 6
92600 42632 57810 24043 86989 93685 %n18528 5
27684 37938 71437 8581 86431 %n2907 7
22214 89507 88619 83670 17918 67739 4398 %n18102 5
75841 31113 10817 12726 26912 %n6801 7
57403 38866 57506 52492 13434 80435 53346 %n19640 6
8432 41573 16751 85361 35593 41902 %n7534 3
43537 70740 51708 %n12771 5
26218 23092 21919 40964 60112 %n1653 7
19011 36968 73801 23275 25939 42335 87679 %n11066 3
47909 47101 15271 %n3797 4
13101 45827 44502 4266 %n22638 3
37268 48810 43510 %n5901 5
59693 27614 58069 62070 89894 %n4100 5
45776 38049 19587 82606 48152 %n22775 6
5668 88401 5609 59230 55270 83089 %n6128 4
14792 78809 69123 26789 %n7154 2
60307 51606 %n23801 2
46624 26163 %n476 3
34911 82385 32137 %n22190 3
92177 20717 25242 %n4692 5
83869 25117 94062 58349 80743 %n20883 2
57248 49627 %n11142 2
33875 4154 %n952 2
31791 53043 %n22825 4
22268 50657 95158 11333 %n19309 3
940 23494 74502 %n5705 4
76950 61860 42547 49734 %n7948 0
%n18533 0
%n19388 3
64315 655 20266 %n10409 2
7156 52682 %n9104 2
88820 44475 %n1334 3
77177 11028 68962 %n23052 3
92460 65797 79382 %n23850 2
41171 41737 %n9077 4
92957 59689 37913 75380 %n7124 2
53513 20747 %n1403 3
17356 89114 30279 %n6847 3
4001 89024 94049 %n21200 2
45982 40336 %n20418 2
17720 53438 %n15473 2
62978 95171 %n17877 1
69697 %n2697 4
83936 8182 38405 42428 %n680 2
17390 21702 %n21253 3
34472 73061 28295 %n8243 1
32841 %n6363 1
35225 %n14507 1
44692 %n11432 2
28017 20849 %n4715 2
34754 50007 %n3987 5
36362 71153 22810 78018 58382 %n18906 2
339 37661 %n14971 1
39575 %n14248 2
15170 36482 %n3651 2
37601 91536 %n17614 3
54610 39444 2611 %n11547 5
87080 37293 59780 53004 68291 %n6879 3
24737 86248 41096 %n1369 0
%n7989 1
387 %n16057 1
5852 %n22153 1
14019 %n18717 0
%n1606 2
43205 26452 %n19241 1
91301 %n4129 1
95221 %n21143 1
20803 %n658 3
17270 38818 85865 %n10327 3
24291 52423 42301 %n20866 2
72744 72768 %n1018 2
36963 31257 %n22055 3
87161 64425 66458 %n4758 0
%n7071 1
44016 %n2255 2
33838 4897 %n9080 1
21042 %n5703 2
50461 43407 %n22250 0
%n2729 3
10816 66380 86001 %n21434 1
65823 %n9440 2
636 64920 %n19364 0
%n24339 2
72572 6315 %n14409 1
75813 %n2727 0
%n6860 1
25006 %n3881 2
31244 7634 %n1984 3
44065 92620 75132 %n8757 1
3366 %n2137 4
71833 73994 94002 36041 %n14388 1
22881 %n19775 0
%n23100 1
4136 %n5078 0
%n13654 1
89759 %n23293 3
64763 81251 64913 %n19140 1
42040 %n12929 2
28657 78819 %n13961 1
71300 %n17565 1
64582 %n12892 1
46339 %n20282 0
%n15735 0
%n989 1
80333 %n15005 0
%n20619 1
29625 %n10872 2
7380 72361 %n2028 1
75910 %n9375 2
69477 15487 %n7297 0
%n9665 1
53813 %n23904 0
%n948 2
34022 91282 %n23392 1
23514 %n19918 0
%n16161 3
90475 18353 56890 %n16183 1
86030 %n19830 0
%n15146 1
3381 %n4933 0
%n21718 1
19611 %n6033 0
%n21589 0
%n22231 0
%n23393 1
32443 %n24420 0
%n12471 2
67965 37409 %n1641 0
%n3580 3
31988 81620 74423 %n11492 0
%n20556 1
31787 %n1297 0
%n7877 1
46101 %n13547 1
53518 %n708 0
%n10240 1
54391 %n10162 1
74777 %n24247 0
%n7343 0
%n14654 0
%n14755 1
69909 %n1567 3
70701 19277 78476 %n2458 1
75853 %n17087 0
%n6702 1
11422 %n7823 0
%n3939 0
%n4382 0
%n20891 0
%n21650 1
49736 %n11155 1
30564 %n20079 1
36420 %n3027 0
%n9390 0
%n6234 0
%n18203 0
%n11355 1
26866 %n19873 1
48839 %n20534 0
%n9308 0
%n15771 1
29956 %n14498 1
80666 %n5524 0
%n9239 0
%n17417 0
%n15043 0
%n6178 0
%n22357 0
%n8633 0
%n14218 0
%n10383 0
%n240 0
%n13120 0
%n16605 0
%n17426 1
74923 %n3515 0
%n8862 1
12678 %n22710 0
%n12058 1
33628 %n20111 0
%n7662 0
%n16154 0
%n8009 0
%n23649 0
%n23062 0
%n3943 0
%n17094 0
%n7964 0
%n22561 1
70292 %n11514 0
%n21402 0
%n4003 0
%n24221 1
69487 %n9793 2
93782 36634 %n5526 1
49221 %n1877 0
%n17398 1
81864 %n14153 1
4222 %n2031 1
14532 %n3766 0
%n7576 0
%n16091 0
%n2411 0
%n8527 0
%n6292 1
93411 %n15702 0
%n23001 0
%n20489 0
%n12435 0
%n1382 0
%n14442 2
64181 52687 %n8102 0
%n4836 0
%n10223 1
43158 %n23742 0
%n19087 0
%n9049 0
%n1456 0
%n2284 0
%n14614 0
%n2147 0
%n2606 0
%n13058 0
%n21595 0
%n10981 1
6128 %n5651 0
%n23139 0
%n13205 1
601 %n2149 0
%n19134 0
%n17055 0
%n14647 2
21559 91025 %n9833 0
%n14499 0
%n19900 0
%n11847 0
%n1996 1
12823 %n16411 0
%n8103 0
%n18855 0
%n14986 0
%n2276 0
%n16766 0
%n10641 0
%n15515 0
%n4582 0
%n18147 0
%n4238 0
%n19195 0
%n24464 0
%n5398 0
%n7113 0
%n21497 0
%n12126 0
%n2401 0
%n17649 0
%n5611 0
%n20603 0
%n7388 0
%n2046 0
%n14857 0
%n18923 0
%n5031 0
%n9913 1
69764 %n20979 0
%n17603 0
%n22812 0
%n10058 0
%n5554 0
%n1669 0
%n16067 0
%n8599 0
%n8652 0
%n516 0
%n23568 0
%n8502 0
%n12402 0
%n20019 0
%n18844 0
%n2095 0
%n24757 0
%n7457 0
%n829 0
%n3966 1
5156 %n11108 1
73079 %n6635 0
%n13264 0
%n62 0
%n5570 0
%n13948 0
%n15446 0
%n14955 0
%n14267 1
36017 %n23818 0
%n23965 0
%n10671 1
8997 %n5540 0
%n22836 0
%n17198 0
%n16971 0
%n2251 0
%n3873 0
%n16776 0
%n