325
3459 172
15390 62544 42538 18146 93733 60933 70040 89655 6427 54417 99354 83198 13692 92795 6521 48473 19973 12824 4230 5897 36288 94766 73629 88411 19968 79952 26054 6794 60993 15293 11514 24797 31564 87213 67802 34558 90351 37822 78729 8098 75364 10849 5020 12006 54215 19794 47947 2889 92057 75006 3477 61352 45600 97168 97788 89616 70875 12835 85269 16694 46574 87267 527 89920 57739 28207 9169 68692 22796 63657 32987 29153 39618 59439 54804 20815 24419 88569 94078 5071 81132 30293 33069 3810 33402 34743 60026 61576 5003 9349 1766 47242 81147 37365 7946 44078 53613 96186 29004 97942 16716 63257 96919 58513 72335 75628 68775 27946 78492 20111 40631 8468 10708 99892 20808 36394 95785 72529 94044 67044 44533 67993 90212 58837 33758 36874 39687 90431 44748 34871 14615 27070 36552 81041 43968 18340 73127 83367 82271 5785 61540 6051 94930 65421 51477 54462 3846 50858 80708 79811 92556 38441 26561 10452 48057 40752 98813 33162 61632 99640 1123 86974 48976 85698 80951 41311 3080 58289 12979 98170 81912 71684 %n1158 25
19348 53923 41393 44796 94166 69258 32480 69977 51052 11794 65323 32125 71808 10916 51690 52917 64231 99634 60658 55040 13875 9233 22847 46714 70444 %n4266 25
85153 45340 42411 65669 87744 19376 68125 11401 71112 84362 71268 52307 6390 57532 59163 34104 41403 21248 41589 14621 78682 17941 14666 12601 54859 %n554 26
91778 26546 30426 19220 17613 82762 43182 68821 26917 2925 81003 23172 34027 31987 44752 88359 60338 43054 93769 99680 47965 17519 47760 44169 56722 6233 %n665 26
67310 74241 41091 88535 22964 23679 52270 33951 71525 67657 21919 21643 1729 91478 90456 5360 56861 38588 51544 15095 84764 97523 4125 66831 23290 78 %n1716 25
31619 16242 36693 54844 86319 27558 89554 60466 11812 68368 48669 28604 47807 25522 92818 11126 94837 84403 34551 30604 48678 78830 95821 66266 37658 %n3204 25
87187 90355 78882 14321 16303 25568 12903 97189 78016 45795 11125 42107 26315 27903 4400 89114 11237 50387 92600 69775 5588 20392 40691 8632 3579 %n308 26
42513 49148 30985 101 62972 17624 2038 32948 89781 10853 24621 13696 4371 32560 3139 25689 21083 89506 50077 4707 9905 57862 2584 66528 75679 51176 %n3813 25
45040 71868 25842 84768 94227 20086 56340 2661 23112 50673 28726 23723 73274 72872 64310 5259 61920 15176 21858 58126 9720 30231 63211 75752 71858 %n2372 25
47641 21150 80556 4469 12719 69416 97290 60805 68462 36804 90445 62705 98525 78926 38580 168 90171 57066 35906 60879 28884 67133 48805 52292 20050 %n3242 25
24719 795 83289 54938 91501 79760 76669 83983 40564 21508 60415 78096 7282 2241 61211 33274 81743 37298 30951 48560 36808 55688 28768 73229 2357 %n2190 25
44455 36847 81203 5101 62293 27705 66241 5479 77276 49477 87622 11039 38796 1727 9052 73199 22196 57934 54170 24651 68688 40124 62344 93034 39508 %n2853 25
51917 33440 91364 85287 14176 63308 34431 19476 87074 94295 67015 25564 11070 18986 44281 7298 58749 86422 53298 93689 52832 99525 83684 31592 85168 %n3532 25
37722 69437 87590 80698 85173 14643 33316 3277 94206 45315 45105 69729 55177 89952 20773 96939 36204 7419 62999 72193 48838 29624 72662 96040 78536 %n2367 25
89371 62466 12256 2578 40070 76500 83846 36707 12097 97373 2348 39891 71909 42400 72696 68727 42171 86270 17176 58026 86740 47626 65778 56715 71703 %n1343 25
40077 58198 12271 38170 3843 30004 93807 58249 77936 56469 77691 60944 57945 82160 89542 19918 25950 76963 70319 11982 62096 685 28205 7839 68381 %n4038 25
57920 5237 33075 12852 32828 68859 49490 79982 99831 23588 53128 87803 68168 82172 5582 11626 23189 86470 46631 42206 72563 32108 29408 10522 10735 %n2156 25
24776 25691 42477 94176 11538 61536 40315 26641 76603 24404 73559 94970 9007 54920 8266 18699 2585 92401 18738 98049 84016 79685 14578 82405 7686 %n4485 25
61721 14864 2550 98950 2330 32369 94001 7160 91200 95852 52238 75039 51907 26182 89879 5797 20933 82427 37889 78950 16584 82898 11923 44150 76354 %n2908 25
7712 15077 19563 48490 85527 79362 72345 42894 95381 58213 76652 2469 75338 98660 59513 73803 38560 79896 13241 41030 87969 90357 42616 27277 15721 %n386 26
22797 66376 32703 18857 76704 32903 98353 18605 25049 37178 39723 33780 44145 49558 11096 56837 4871 39423 48403 88281 68443 8325 96702 71578 92483 67784 %n218 26
99668 80957 42196 53715 69447 70893 60653 40907 27757 91169 56760 51952 67514 3731 50403 52676 11452 58381 46151 7932 79905 25432 20806 90401 87642 1835 %n4026 25
24706 6849 79165 96643 81534 14601 78059 37121 11825 70032 71358 91407 4202 90824 25428 34334 17455 91944 15986 44228 60065 70690 1482 69124 720 %n867 25
8533 56884 77913 20912 59332 14351 7647 65520 75771 59134 45279 1319 20058 99452 10140 74884 73584 93863 12222 96491 6088 72293 21229 48231 35312 %n4917 25
95729 3026 84014 8211 15072 13907 4523 2942 88006 34021 36608 25703 28219 33632 83609 46663 67633 40996 9345 88081 38224 9267 95802 87243 66877 %n4020 24
39906 35261 80807 9784 26015 47914 18564 63545 14720 57585 93871 33597 60746 25857 95964 69558 38629 24001 32030 68224 12790 39842 79851 33287 %n3342 25
83082 81580 28396 65770 53605 76216 2743 85474 57052 689 6354 31108 97355 80109 20353 84893 22362 14716 98546 8304 11750 50600 65630 47773 58181 %n565 26
68826 79900 54034 82988 39521 73650 71434 55161 95317 33323 751 21896 33848 59606 8697 76924 87959 6426 41313 66007 58914 35798 90496 52944 74760 95974 %n339 25
40726 48779 44780 36952 47062 94539 56128 39420 98520 16886 73373 69432 74456 82298 52881 82690 3868 53686 88970 68830 38123 32537 17530 34818 35496 %n5085 24
44891 70351 45781 22278 53394 37082 33543 12061 81631 89726 9874 67639 18036 34316 68545 15243 24059 34151 21897 88682 95595 35711 16382 66941 %n557 26
30683 21187 87673 77587 95364 53765 54821 23968 94515 19957 26143 48351 81163 17705 61647 91630 25511 16855 93659 49307 5876 71523 11954 90584 41754 90948 %n1187 25
2998 16771 22674 88137 30896 50687 62555 41514 84488 49917 44190 63746 18040 48714 52345 18692 14262 70541 40989 73599 59918 68744 66613 5696 76198 %n4419 25
33831 3517 96738 81650 80511 60955 68861 83264 22303 2498 80980 72391 22758 26646 22354 56567 18235 28304 67175 86385 48556 64666 18816 24043 48149 %n4897 25
62758 67266 33842 66392 81936 16691 31314 49644 2051 48606 75459 65467 69326 2033 94110 82756 66022 28184 3573 26735 42172 97713 49870 32728 7546 %n4532 25
20485 46308 64434 69233 41092 21058 81918 51238 75360 91299 48833 92005 84221 45087 88910 3583 50313 59344 60965 18881 72131 63839 30400 41986 76242 %n2209 25
71973 75008 68951 99956 32947 58964 79822 94357 94170 53077 32102 31256 55385 71903 87051 79565 88220 28692 90010 5963 7835 50028 97776 97420 11211 %n302 26
22716 79271 84815 72830 99428 54408 2854 97762 61646 75388 38771 91681 4460 22637 2090 27929 12742 93139 76443 22842 91384 98279 80819 3944 27021 31477 %n1430 25
94526 31427 27853 82663 81607 52756 36970 10198 19505 76555 28724 80133 63317 59159 53769 3741 60614 36088 41349 59183 94217 57593 88199 12478 23530 %n3924 25
94973 8226 6493 13650 8276 79486 92177 9238 76879 22515 10057 51571 48694 69684 92612 81233 94900 60013 7480 10245 26725 62360 99693 95268 84408 %n1001 25
56970 86541 20480 22208 6926 71492 58672 17524 67087 46896 24333 10301 16394 60912 6776 42030 36916 69968 33107 11379 31338 95894 37094 95397 3054 %n5598 25
98343 74311 8151 23727 80978 1624 9660 20446 17719 76084 44441 63285 8827 78051 99931 55457 47867 84188 94851 9909 55370 88054 97976 66260 97309 %n2066 25
54753 74906 8403 47442 75997 96933 57463 7147 15773 14705 63049 34962 7228 95881 16045 26583 48496 76206 40101 25103 31822 86736 13965 38670 41876 %n5605 25
43870 8255 81322 7540 80260 9155 999 74221 86258 52884 20799 17155 56918 56536 78112 75524 33548 29774 59724 51909 22187 16336 7575 63067 95902 %n4636 25
45161 83106 45262 7994 36446 35246 57098 58380 34283 31109 92752 33339 45391 87593 46490 54639 5753 82978 43455 24658 10915 56132 53576 50863 53808 %n3379 25
75240 26589 33686 68135 28174 49216 18665 56432 65469 51662 18921 25212 67433 86142 38483 76225 82540 84263 25659 20424 14893 93084 3389 28025 68252 %n4656 25
40755 86028 301 93166 57484 29706 92627 91375 18773 87099 19863 43322 12234 5766 34721 34826 31899 82605 83250 77761 10756 3747 38817 4970 54875 %n5307 25
79389 92330 89568 34214 66204 46903 78780 70111 35268 94224 80279 65887 41900 62762 4668 67971 72197 79924 67261 38395 88346 13880 71510 75747 87838 %n5732 25
66029 31371 92162 12194 75278 96765 62689 46449 7966 46961 9380 66088 77224 16722 45576 16026 82417 99235 19737 64251 47910 38855 58917 29902 96468 %n2076 25
70714 20760 48370 11660 55102 51404 99305 77141 95339 4405 43897 44184 86434 36456 42481 47492 82753 72591 28170 21193 49498 71193 12594 75764 54352 %n1603 25
54806 99287 17823 90395 69715 6740 15495 37087 72204 12344 67417 62692 15403 28855 3393 50680 99170 67371 47099 18111 93884 48264 59243 53380 47401 %n994 25
39071 30277 43992 44270 24309 25191 50671 29002 55929 55500 93852 86220 17799 66132 18928 81073 94880 45207 28150 91146 22204 83214 59851 14060 39941 %n1241 25
12986 14980 22775 38667 26602 5407 40693 58519 75328 19137 81412 20134 28109 15616 38179 83424 20562 76081 91000 8514 46251 44727 75957 89922 33230 %n2417 25
85498 28586 4279 94256 37941 53801 41144 29669 43192 5691 66206 33926 80806 50990 97827 19169 40847 70373 48834 49247 72606 54197 31709 12178 92539 %n1803 25
53889 3569 99647 95857 74391 53986 48290 71600 394 56638 66093 16055 53597 83501 73380 14308 42585 24165 82020 4510 86857 66961 34347 64178 65406 %n4248 25
95489 97271 30151 1829 49361 51548 7706 69452 48612 1663 61666 40136 15698 6252 57016 24818 70618 96994 53395 22950 41559 59389 85491 92121 67091 %n2671 25
8742 47104 85177 10835 75659 85668 45361 21116 82746 97748 56949 97678 87166 85852 1662 37059 31154 81998 93168 51525 90766 84588 36700 22072 76105 %n2174 25
48277 36867 26295 32521 61326 25078 33525 32325 21013 10725 37181 53830 78171 3136 56718 36549 12621 49537 43440 32971 93913 76795 98395 11759 37866 %n2192 25
37875 43817 50104 9961 99919 90814 32661 55093 92917 68325 72982 22681 4344 84229 16173 23699 95936 52085 35198 81431 6697 12848 13561 67099 14234 %n977 25
32439 11513 57370 37884 2845 11710 11127 27479 82773 63333 5070 50206 26958 10464 76979 2504 63146 52150 81258 18174 23423 5791 97265 53338 45645 %n4667 25
87260 45473 45054 43309 13016 98892 3403 30577 16327 48942 33474 54333 19750 1352 58403 79229 34403 62929 45163 69314 18403 86534 64716 45815 94896 %n5252 25
38628 3049 9921 52260 16066 5702 18271 28531 99295 40649 53061 80024 38689 38029 30565 66903 37079 74289 9274 12840 76106 56310 42390 15009 19336 %n4181 25
32678 55516 67680 63325 66066 15938 30507 66285 52398 57782 48327 25387 30603 20997 72518 77315 50406 4161 18947 32468 13425 19508 50566 66128 48482 %n3881 25
68262 58937 27030 63848 3729 14922 51874 42412 93311 76908 35709 9461 48054 14700 74829 83132 16785 18183 23391 13869 43542 28152 73489 80581 71666 %n964 25
17894 42194 49433 18044 59806 17314 68073 46630 76636 22531 56978 94520 23266 75537 66099 47072 53984 6716 84915 89644 60395 22128 23801 10184 81735 %n116 26
37881 53345 31419 69610 50749 59132 86676 5703 37954 92608 93933 89003 46693 17087 90855 94373 86604 98358 48818 4966 74597 70291 23115 95104 95989 70853 %n5357 24
15394 19726 25501 46424 74 80603 47759 79228 34397 29321 41238 72358 35296 98648 6035 65304 79684 70630 53346 58064 70790 5752 13222 67225 %n2321 25
91369 43091 66744 33329 89315 98321 7088 89883 18902 2612 57813 91090 83050 61866 38498 26217 57951 62548 92411 7517 25265 88035 97090 81775 95287 %n788 26
77466 46005 54533 80726 27022 13162 37871 73579 41705 88207 9956 31464 25620 93067 83186 24434 77359 20871 70145 75674 10306 11595 57785 76966 64257 31654 %n3566 25
78797 22542 80867 84491 73130 96724 85523 64385 62470 4814 52503 54062 2409 31011 58019 62402 99224 85304 3233 97152 47745 60190 85062 86285 69250 %n4261 25
96363 35773 37617 76757 15187 85128 69 31989 50769 76039 32813 44275 68217 23505 5024 72479 27124 91260 89158 20483 34490 51366 272 36972 48436 %n1681 25
66423 48320 93625 24650 87124 57023 3821 52476 42924 61798 49802 63215 39095 97135 85681 5815 29335 70281 82318 18186 5214 13495 43868 45045 89187 %n5450 25
78565 14920 54225 36383 76232 89436 15053 47502 4231 29987 22345 74970 67575 96081 17674 51256 88046 22948 92925 95870 48717 44499 2741 95183 34720 %n1105 25
88414 87302 12985 40248 555 14945 78036 94691 92448 88496 65132 46796 698 69111 28257 22657 55059 5103 53667 887 25863 2762 85958 36846 38439 %n1530 25
21501 91352 65234 82798 78117 29108 14472 92740 76770 2830 14218 83937 93157 32365 76108 59831 93488 43177 50812 37970 69223 22085 51232 79055 24965 %n693 26
27771 31400 86366 67848 27721 9268 99353 75372 8803 9317 99677 86020 95690 96044 9982 99951 13829 63851 59027 55788 13463 43198 47447 89802 28600 54788 %n5404 24
46661 18702 63573 49382 10243 54252 42365 74447 38857 41486 448 64433 61744 65727 21308 85611 23841 61633 68034 38056 44479 67363 39864 57478 %n1779 25
2909 2043 72303 88087 14686 98678 21728 32674 73507 71084 72374 25201 22649 90640 59775 42352 73192 82337 57447 52048 95143 67117 2953 59356 65252 %n3330 25
23795 74015 8370 40614 3174 13097 73118 23364 93186 48063 67083 86864 65904 92710 22451 8947 98311 21689 99036 68144 95086 89154 63378 41296 59611 %n133 24
41112 34865 99571 64921 23506 22062 65216 54482 10812 33755 29865 87416 47089 12779 3155 63720 61181 56930 95962 67562 13331 50920 91740 68250 %n4287 25
31133 219 65994 68270 78477 83183 85680 97099 50026 81845 8727 79161 52700 74273 80774 49810 62884 96112 89576 24458 72801 88541 52650 16905 2831 %n2275 24
54118 80862 72588 19398 82775 84134 59702 1807 12580 64354 58254 77006 59882 40471 47420 9955 55990 16663 94342 42442 47383 21153 4139 3133 %n5676 25
4166 29077 92864 19166 17694 81301 84586 88136 13626 22748 9273 66939 22988 79586 65180 92385 57550 47644 56685 77456 13552 23918 87569 43691 30635 %n2493 25
40941 48396 16156 95791 76864 11781 47828 72498 29234 47105 20284 21267 65928 19891 48414 74658 1718 35681 47983 51360 8122 34155 65573 52563 29183 %n1634 25
66644 4869 97979 57156 22346 94943 93207 11482 60277 63574 3470 88772 61367 97509 89027 47068 31911 53095 79098 9823 6745 20453 96630 45104 23881 %n5177 25
98858 41163 13622 12087 40338 9774 67805 30537 24281 36675 72191 20225 46024 40273 19557 40735 86408 49037 935 43371 17700 5082 78733 13450 68281 %n4529 23
24838 83925 3891 1738 11019 63964 77111 62856 47926 63356 43145 22908 14701 57690 28946 6938 79686 87835 64063 85947 90199 95862 61467 %n4552 25
81589 75394 84860 4785 11859 84102 84041 84284 76944 2650 88299 33573 89604 16567 20146 53056 67274 78115 47661 13837 37234 80705 97097 75792 5208 %n5066 25
92256 65596 12885 56371 12375 9892 45354 73308 79766 84379 88348 92391 81246 48356 1682 45594 76188 3056 1803 11043 3143 33933 91635 19495 76701 %n5454 25
86506 79293 71180 42731 38334 29278 79119 19943 76697 48109 90927 47639 43301 33759 41721 94556 67654 1675 85373 76782 39982 23556 17228 8269 572 %n741 26
83189 58290 63999 31304 846 46482 56615 41271 26805 65604 49729 33986 92836 93150 58430 76107 13220 66411 93930 77729 28579 53618 46709 41936 84648 80278 %n2490 25
42921 94804 55482 77880 24786 81931 74627 51938 44065 88894 8515 14150 13493 38860 31863 89578 30544 46582 64478 88861 96944 25855 18393 67382 40227 %n235 26
87615 5191 75244 14971 49251 66273 68178 56600 31225 17667 75882 48937 59038 88687 36554 28031 81977 48292 9082 41469 12923 35832 14175 42116 59708 2825 %n5139 25
49750 65901 45864 14444 44268 61158 29704 54109 21963 32921 98624 72179 10471 71969 44592 19125 99358 5117 45656 55294 408 84387 99215 33154 97839 %n1994 25
45400 95561 40934 99451 19019 39050 50156 88658 35543 76025 24492 48739 99755 41749 96513 17794 81214 16484 62796 43170 19343 20978 39886 46157 95615 %n5023 25
30129 90689 97248 30917 22386 58455 45360 31093 59118 38805 57584 54409 78917 69313 12846 25491 78670 26812 65153 76517 60841 96870 83268 90892 6464 %n4136 25
70661 65181 56162 94171 89603 56006 41954 23673 48195 82588 60662 94894 37631 5351 43720 744 29305 32878 78890 20447 77080 91892 38423 77752 31525 %n80 25
98775 7375 59781 37927 13492 75981 5726 36269 23073 83215 10292 87942 35607 22298 69917 12803 86133 28550 14906 57150 85271 69262 22953 82657 47861 %n5563 23
88830 32572 80174 37495 25527 23809 43270 56795 56639 48477 48056 95126 94015 25782 35943 50173 89023 15392 37463 92530 94557 92264 35371 %n4493 25
79387 1780 66448 39914 72433 37563 67183 13467 48457 87266 85029 57454 44102 93991 58777 92278 72628 20796 61165 30730 15404 56747 98055 39341 60982 %n5034 25
85507 59116 37576 93975 38233 41026 51442 89204 48309 35980 38545 83793 49107 16788 75899 22026 42535 16664 23702 70131 45166 72403 33965 29735 40506 %n5425 25
17721 85621 90019 3243 67952 79219 13195 97332 98866 17851 61644 2626 99815 71580 22909 4495 9952 98776 38520 14796 19450 9343 97385 33654 45972 %n176 26
22042 96014 49975 17958 25165 66987 53520 68435 1513 16280 45038 43946 42689 11933 24513 27615 30020 61295 61400 31962 77239 13929 48263 40190 77748 35809 %n503 26
18232 92040 38572 50404 16703 40961 35362 37902 58646 9503 43538 10480 90576 9533 91828 42272 65015 44294 12701 72001 33924 66527 70262 68901 44482 84367 %n4152 25
74683 33592 62059 98252 88790 89200 40326 77017 13002 41304 87005 79826 8065 21579 72863 27196 55570 58739 88143 89910 93555 59117 47774 36400 33152 %n3793 25
56534 35100 34685 53610 82276 26472 84265 64096 73782 410 12067 77336 67048 40098 72552 60817 1393 56280 50216 24793 72160 62302 32860 28509 8931 %n1577 25
48938 91697 52517 16143 49348 32773 35468 34103 59198 32637 53499 43931 16624 87473 92684 88386 31061 27339 36298 25047 92562 32522 86801 96992 5618 %n3410 25
49257 64056 89087 23829 18612 71139 49857 28549 92087 22220 54314 41177 51762 71369 40242 13940 63961 21304 7793 77063 19767 71122 92704 74961 26974 %n1837 25
89824 34487 69734 25815 44543 21557 7996 99835 63742 79815 72375 89006 11882 56705 21922 77610 33826 53281 14100 54968 37229 76377 3131 59311 53544 %n4960 23
72446 65369 13899 58151 96603 88829 56181 49452 26649 51464 65528 97687 33231 43739 13314 14911 25768 161 42832 99300 12882 90762 73785 %n2793 25
84469 2799 77593 62862 95684 8595 5497 55239 84237 41812 80313 79361 57629 29744 12567 38668 34243 34844 94136 4687 35192 72814 74328 24187 56986 %n1532 25
94148 85455 12578 68424 92946 21185 19465 32342 21712 56452 39628 40051 44582 14447 19047 51585 51682 84091 56475 265 54263 70709 276 38989 51240 %n2338 25
55977 19604 30390 24820 97636 54605 29357 67231 76620 63533 53607 58718 65839 59108 35518 27942 5799 68341 70480 7727 37109 66813 85111 12346 63092 %n685 26
49023 9154 82078 20135 6157 31117 15838 57900 54207 61244 99585 72531 55686 26157 70461 95329 48453 25043 83320 76943 33218 32869 6416 21393 58477 2109 %n78 26
75971 62009 24599 80718 77755 38396 20583 2034 11819 8644 90350 8628 85777 47790 18792 82300 99439 87179 28311 20943 57794 83954 13263 60780 85900 35677 %n7 25
45037 11396 88303 27553 13852 51802 53878 15934 71486 96229 44759 72935 67610 29207 40696 79466 34335 33148 77815 605 22917 67124 72832 14144 1085 %n4929 24
70074 92819 80261 14145 35346 20292 12480 92654 98043 14905 54095 56959 77522 55707 18240 17420 54720 70494 65027 20765 26334 32255 51228 77372 %n4710 23
73290 35357 41722 28599 21768 98419 24126 78278 2822 27582 58132 74449 44630 15168 15120 82544 76249 22961 56758 88487 51096 40207 41389 %n5260 25
18971 70163 72265 81178 86876 44732 37570 80897 5547 36072 35549 97739 36248 96292 80911 45414 13401 75273 25280 37977 19121 24570 74980 47143 59211 %n329 26
10148 88493 10171 37414 33374 54644 405 77799 64873 33327 81599 49175 71706 82288 57683 41087 34661 80040 52697 42462 28094 10215 65827 79439 51858 313 %n5515 25
73277 74566 47481 87110 88931 62018 75884 18295 80152 8768 92613 16003 54032 29630 60216 20742 61118 33577 25760 4099 73510 44411 87532 44144 12114 %n5574 25
87070 48578 32746 63129 56154 8496 59141 23044 6433 52477 95200 92911 34414 206 53384 17025 27101 41776 57083 63248 26896 92586 59773 38246 55332 %n3511 25
91856 43913 87608 69308 17712 67351 92901 90564 84178 44081 97010 53880 94903 92734 97629 50237 57776 5916 96601 31144 34067 4120 44590 162 14051 %n252 26
75785 32516 40264 55982 70356 11201 85320 1838 3835 69146 4714 18153 36692 52602 31150 79533 47118 23191 93584 21119 79031 37848 84052 65148 76538 90617 %n5751 23
56065 56061 82092 47637 80710 32379 37735 77397 44573 46409 8433 65398 12879 69239 21610 88195 15995 46945 92138 28218 63326 61561 39784 %n2947 24
46473 11007 42560 8307 98922 51619 49445 44750 68100 34134 24498 95679 57568 93532 67638 54734 60559 44266 1086 73511 11941 48626 36438 53027 %n523 25
81303 59413 59121 40584 5664 72218 42529 68842 69889 94305 64498 92637 1379 78499 28440 44474 37407 25008 23976 59153 61881 78855 25421 13804 66585 %n3926 25
4238 21235 78645 91543 58171 47236 4090 19830 46989 24535 476 9699 92203 46020 29445 23347 16246 69037 11040 57634 73765 74551 20248 65662 71644 %n239 26
79385 25296 73467 88684 95290 16197 40749 49822 53463 67497 52679 63669 53586 90167 79719 84174 64905 21884 4823 28305 59894 10102 78001 8663 2634 82933 %n4827 25
3798 18244 26336 12565 33935 94246 90755 65813 40095 45008 71314 42094 94414 79831 59551 18787 43549 49656 48126 41300 28938 74024 78255 70658 59143 %n701 26
98453 77732 3002 70068 74648 99772 53206 80067 16700 33233 29644 9867 36190 82666 26505 74534 31385 83794 37861 31716 62254 56742 86173 30652 49529 91991 %n3134 25
5901 91125 95426 87721 65397 24662 50038 53317 14369 19659 41526 18288 86571 90371 92010 19931 33076 24405 38251 93976 3338 52229 26866 56223 6749 %n2295 25
21748 5813 77408 92518 68546 99103 96815 33506 95635 37547 59876 56610 9089 94164 73126 74250 63164 28054 51863 57093 64067 57528 4342 14717 60973 %n2274 25
58469 63108 92706 87160 53387 8680 34485 82375 72551 16671 30074 7868 43083 44222 28595 25314 11539 70706 38954 84286 27826 37435 8418 52516 30464 %n1593 25
52414 24661 32336 62981 36650 35668 44700 90113 42190 31457 60876 23084 43791 33306 92536 80338 38276 88108 3629 62872 74650 6221 34699 62079 90545 %n5700 24
15448 95465 89375 53142 75609 86171 80219 3469 28211 66514 88157 61149 74177 68676 69769 33962 55565 46362 78693 79450 22771 30934 80523 34260 %n5632 25
32477 43949 58313 15402 60387 8213 46221 73461 7674 3457 20328 68417 15310 43684 32883 45733 51027 30727 35542 26548 55573 37521 39146 48619 26940 %n808 25
48367 32035 69612 46908 14535 58817 20203 41680 84353 22475 18712 52548 80317 30835 59642 65607 18925 54480 952 80520 92461 44831 63735 91677 42329 %n5649 25
15125 59199 97601 29185 73176 690 5489 27332 45084 35411 2978 34788 48971 31737 87966 30667 71339 79003 40586 8302 84951 74476 20654 61820 35909 %n1362 25
92296 18580 46925 58888 97305 49584 49227 17369 15064 15111 7027 80943 87817 83810 80264 22080 25943 14337 51035 53635 7787 94018 22525 91758 69992 %n4508 25
8617 69551 13330 17913 74661 71843 69492 842 69280 11120 68291 63968 17609 59561 23682 10721 41088 85817 63980 10615 73949 55596 82669 54654 5065 %n3186 25
8115 29069 33915 4437 1940 90106 65315 30266 97083 36671 5152 90914 42607 4501 17262 44457 30557 71801 90195 51044 3893 89029 76742 52943 85247 %n5103 23
70740 38953 36511 79043 7750 92419 95654 75880 11478 97335 12921 33174 97410 46563 1978 27186 84510 81221 40000 17285 65567 70871 36159 %n965 25
77683 71108 12992 48507 75814 58180 95749 10693 53834 36509 47524 41539 72964 22896 47340 13224 82495 34742 5606 72176 49879 22377 87994 52384 84633 %n2171 25
35209 48021 38316 73882 33278 66895 45446 40943 24739 633 84418 19593 68020 76511 20937 81286 18500 64288 75270 64172 61753 81638 29030 76712 11184 %n763 25
21589 55134 37294 54800 40587 73940 61601 6875 24052 79064 4106 33663 60635 89816 11277 93347 40707 90390 34320 10611 21578 26537 36208 25642 53693 %n5685 25
89893 46587 77978 66768 61728 68357 3588 65499 79015 13093 13379 69799 45740 70280 21131 96238 86125 19448 89913 92756 62592 60043 7093 35396 13823 %n4105 24
715 61379 49976 13724 40645 51004 45410 85249 82216 41894 38009 46742 84863 88443 9010 10995 80407 18839 24516 14288 56775 10799 56360 63760 %n4280 25
3489 52921 58962 66047 63416 54885 38557 70985 90843 87757 47129 29288 47121 19211 98203 58951 87962 3402 4306 61047 9569 47292 1178 21722 55056 %n1060 25
78940 48975 59651 95371 35523 67826 67277 98736 60083 84060 1637 59223 18829 4759 43283 65297 59492 16513 34440 46224 26990 39652 57057 99940 82812 %n5775 24
40815 6679 55714 7902 93461 76492 49769 57008 62451 22234 46920 64825 63663 90462 94523 55243 94801 87627 60298 17260 4415 89488 94205 8471 %n1658 23
33012 38958 5121 43268 37904 12867 59542 38027 63391 17412 75013 63815 99850 62352 31932 11729 49297 36477 84595 36781 18472 45601 79268 %n4884 24
74385 74152 82333 47309 39617 9893 23108 76201 94279 12392 38437 70330 64721 66702 13461 41879 14969 41318 45550 81780 22357 86663 8510 99842 %n4147 25
26857 57853 87829 38271 11956 94343 70992 18573 82545 16227 87341 57773 90988 37447 39998 54677 6210 31535 88110 66483 98331 90726 70102 64541 4215 %n1883 25
82903 99380 34729 4774 87880 48523 74125 80194 22416 30019 52277 86617 38193 75224 62046 5256 22309 6511 43810 19362 8976 75452 49775 41233 53103 %n4899 24
7509 75269 85762 39894 24243 30063 59789 94431 1028 66978 12244 41958 59869 97791 13047 22211 96349 40362 35566 71225 84167 98935 19728 53410 %n1459 21
86109 53147 20462 13414 36079 52224 12799 10276 63126 65346 69559 51258 81792 17415 32011 20096 23009 76370 87436 67149 11100 %n2886 25
28437 23000 11232 85256 30957 64699 98965 49210 84249 36230 57065 15302 17800 80228 9031 15689 32483 52833 29940 47720 25006 27017 26202 194 7452 %n2677 25
62518 61294 43478 95699 88967 17445 89867 21343 80811 53130 6484 71411 51160 98800 87394 76453 52210 70629 40177 5640 4557 78596 72318 77490 34900 %n2736 25
38532 36387 95403 82871 8665 59455 35964 39205 58971 96892 24468 35494 49995 3605 29531 23623 75930 19219 99455 16701 18106 53954 12398 50333 38627 %n2596 25
47053 11801 47144 77086 88881 50072 7049 41796 10968 16189 38119 4005 73417 26672 43477 16293 39578 21323 29885 98910 21920 78145 7975 37814 76903 %n5489 25
35559 54149 23558 4833 36637 62182 31970 28280 91833 93962 57087 16115 3510 46283 54743 69598 9965 25671 36751 4769 11282 90315 28547 42564 20397 %n213 25
41465 73591 90874 71869 62008 19037 75023 60360 47289 89785 79106 73424 50898 65805 33059 4164 13877 63251 37983 73354 83517 64476 80266 44323 52525 %n98 26
78992 76337 92952 36423 65302 1212 90665 41878 9527 57908 56510 55492 90702 49665 33377 4594 31778 97719 79759 25397 44724 94390 45078 54349 29562 67006 %n1612 24
83072 41600 28534 99129 42019 27854 49084 89901 13354 23374 60268 56030 23281 93758 20484 92492 7067 45405 38302 89165 40472 15046 71795 25389 %n1062 25
59434 32662 62960 63309 11145 59323 49112 32209 3612 98073 83614 70981 73583 27175 53818 99249 94294 39260 79048 97142 6365 4179 30064 25962 5339 %n1139 25
56306 44821 74258 52232 72918 8678 46956 73223 42541 6000 34336 98047 55634 75916 56548 41632 74025 10039 83693 21565 80888 52320 56256 6520 88115 %n5296 25
6018 36702 13827 39350 69446 22083 6090 95680 46345 76984 55757 87183 99124 53676 66819 79866 44519 82834 28993 74845 70359 15509 69493 67986 87151 %n3719 25
38533 35145 38965 33070 29533 345 87978 8953 68701 38868 1634 73017 41433 49985 75026 17456 96722 96672 18243 99493 58536 19717 93639 73928 6987 %n5266 24
2521 16339 59173 16151 58758 64804 31186 83717 21113 16764 68421 23764 1980 38122 46922 70712 36924 99626 6591 62913 98168 63608 69994 10227 %n53 25
44211 87747 97397 92869 13979 61200 53831 62578 61794 76964 74789 61048 1073 87107 19755 67683 43869 70695 47044 94399 9473 36611 26617 54733 86935 %n4853 25
35591 27035 95322 60851 8775 78688 490 83618 41696 4971 63195 4804 1248 43991 72688 34716 54511 74280 92193 97560 70527 16205 21894 14323 9759 %n497 25
52947 14976 76417 17421 16453 80918 83586 35072 93274 22668 24602 1013 6089 34262 43942 54445 79403 87742 29322 98339 16176 62572 96247 8937 5132 %n295 24
69876 52089 39268 39211 29105 85145 78977 86011 96420 943 21101 93426 30065 72682 90977 31803 51717 50240 70289 12141 22073 8638 74656 42697 %n2054 25
21001 11239 85569 29739 2019 68943 17315 39848 10739 42978 74583 39721 16748 26700 84550 53485 71537 19754 98923 37391 72695 32274 64043 44334 24221 %n3838 25
99878 44623 52348 1196 87973 76316 69829 90658 47147 97723 29073 98904 92074 699 49212 36257 60363 14493 37088 91068 65999 24002 90237 8490 48475 %n1640 24
8763 9042 54622 80273 90901 54974 32355 77048 34700 6236 85822 42820 55744 5605 26520 40818 28041 58056 7933 15386 72249 34811 96230 3752 %n2691 25
78110 72683 86253 72887 9040 40600 30415 355 4767 94278 16062 92863 83597 63722 79806 2912 12288 90958 77300 92117 34889 4438 55920 95532 84964 %n1911 24
31083 94821 4333 48622 5278 16924 83626 28862 55813 83159 51732 98307 137 2435 21177 30687 94122 45277 44598 28301 53639 75303 44514 61162 %n307 26
70184 17244 82735 81844 44178 31730 14619 72537 3710 16225 67220 34014 59440 91554 16492 3041 38352 69065 75355 19621 12647 59575 62922 26531 36960 81641 %n1028 25
42898 54536 26243 32889 98462 30883 73174 82000 9996 1309 5711 54847 37515 68258 6372 86687 68213 35455 80636 66133 83097 120 71733 77008 79513 %n391 26
51102 54555 57431 59247 83673 12191 87551 29347 41706 50228 69269 99950 62738 34185 3254 12727 55660 45313 4228 79942 95109 80557 92428 64559 37679 59800 %n412 24
42763 45273 14572 12798 20228 75117 78106 92503 71878 67098 75293 90666 13740 46077 81152 64204 61495 55389 16714 69514 6557 79642 93491 82309 %n1455 24
11618 44095 67568 18609 10752 69320 17698 851 34827 26037 65341 77532 44971 40598 59927 35740 68868 82985 82306 42555 81968 45741 50063 58094 %n117 26
50074 82167 47531 64521 51862 8900 99706 21886 48035 79175 98071 7662 31986 91900 60157 20869 77306 73433 22782 82122 82465 33224 3598 49935 67963 46753 %n4890 25
49850 62672 89150 15580 25593 57307 99628 9105 70842 1878 8180 94583 48789 67780 65836 99171 56304 70223 49370 59349 78143 53633 94190 15627 96216 %n1542 25
89844 51659 49939 74974 2080 12693 22116 30021 15415 70119 59178 14279 73547 4622 80869 63989 69846 55664 467 88706 24659 92766 23445 13608 4855 %n429 25
15574 97631 22075 77949 35001 4648 12281 15817 66586 56798 32699 6571 50857 46331 29786 31754 14826 40289 86018 63580 36459 88995 45870 20466 62683 %n4683 25
32536 96095 42035 2448 56270 11562 50951 63369 66413 21604 77704 38903 784 27671 29968 28554 31283 33643 91287 42635 50421 31178 92161 23525 47715 %n863 25
49201 56084 61319 57036 62917 37020 31367 59146 91595 98533 67301 56813 35041 7190 38632 4131 60169 15323 66059 58047 82964 10435 40417 88304 30828 %n4224 24
86010 12610 17666 92632 39928 58954 28829 65012 4518 83528 55330 32014 66289 61397 98360 67256 16183 92226 14823 34576 98325 23079 21227 72455 %n4255 25
669 9043 11233 72911 44585 97132 98557 88128 90467 41126 15622 62258 31264 6708 94512 87760 17498 45721 32667 43822 84524 45882 73465 12872 38196 %n2826 24
41911 75931 14841 34908 31865 10984 38102 95051 29511 74199 87779 59595 52969 56453 53985 59354 14362 27037 66755 78646 77536 88401 36167 96533 %n3512 25
84625 97934 6307 68783 98969 60397 43241 62934 74164 71349 7052 636 79120 30558 85329 87362 81402 2459 80477 31886 95396 90448 94682 61035 25779 %n186 25
42468 46701 32235 38501 52698 15948 57665 23440 38917 73480 39465 79791 2813 18715 2959 22193 22221 24835 64997 6509 24866 81530 50257 13146 95069 %n3386 25
36184 6475 46599 21611 17615 27435 88750 90256 8505 3228 11150 77928 81906 38202 4645 62131 6296 4706 86491 6496 9340 88384 20582 18737 34987 %n81 25
81241 48948 93039 94750 82103 95873 75458 15882 71811 13509 20800 12447 72440 48929 1903 30106 1937 73377 38578 49184 77514 607 94216 96554 55609 %n139 26
62380 28745 61888 51597 45982 60094 243 84577 84855 31156 19671 15883 53352 17037 53500 52295 41483 22678 2185 23892 88923 67732 75133 9414 79203 85541 %n2320 25
77 1017 66656 25640 88688 75736 92918 76977 28615 6219 91770 28918 58478 34829 90358 55082 92350 73289 40216 45919 20313 78593 6954 62237 54370 %n3863 25
59511 71554 9716 96286 2754 89024 78719 14353 16496 15027 75422 27074 38014 7988 10867 86029 65344 60031 77174 62169 58780 48249 8912 32024 52283 %n2409 25
77559 3607 19373 19242 71953 23214 77719 48727 48794 10625 44925 88151 80562 29114 53340 78078 10492 66951 50284 12395 15561 85684 87021 41335 91174 %n29 25
85117 37727 98873 44017 52016 13213 12386 40213 45030 22825 82049 75461 1539 58826 59554 79269 37611 23274 22490 58993 44214 99907 3511 85564 41146 %n1388 25
50686 57689 1481 2178 84973 61369 67467 5874 46089 82237 9142 1455 30183 66612 91908 24479 49048 96857 2133 19388 26802 80497 77458 96895 779 %n550 26
71504 13079 46656 69324 32143 20398 43828 94195 91814 91486 87236 22310 2064 42742 18568 62944 31527 16595 62910 9061 37909 3072 43246 72886 44116 35958 %n1752 25
48815 69525 78922 29110 18057 93881 98947 51990 60753 56927 64380 13788 51018 99949 84505 28185 86844 53446 79597 46570 47314 98847 641 71789 33753 %n999 25
83366 63253 34940 8274 10565 44871 17220 39379 78369 97906 62564 45976 47124 20959 25471 50524 57754 13886 81731 97425 13633 17494 55789 75195 91889 %n620 26
58701 10314 84919 71425 73600 98843 70698 65459 11881 85317 22535 79904 6098 31226 53239 76384 46803 38655 44403 11924 46715 54586 66627 58197 74238 87433 %n706 25
55804 54147 24459 29672 86409 14804 4958 30283 20158 43599 8998 76090 27292 98610 45196 56807 92713 57599 32441 47982 64136 86592 83669 74582 30539 %n5591 24
44805 62137 37424 79054 93071 15621 68760 30970 5846 16214 68311 2235 57677 89766 37383 49010 58463 31435 4173 12712 46096 22625 73542 29427 %n4473 24
53788 73460 87916 5704 23759 88567 64406 45548 76709 40072 91913 94362 17748 39462 9806 77730 17158 11376 31024 54046 67216 68625 56620 10226 %n5587 24
14092 66213 15591 88191 93516 19118 64362 18647 49789 98328 31268 63645 41839 81119 51455 95741 73020 44141 29093 98272 6257 71520 67072 91396 %n1875 25
54113 17382 81734 22844 44413 52736 40073 18228 32912 8820 84413 20118 8950 23983 8919 78987 84203 32490 28110 11809 62175 63996 3643 20792 4583 %n3921 25
59463 73630 19183 5730 37266 29280 45732 39769 46426 83415 78152 1394 92381 24206 55002 17769 15416 49524 91811 38189 94684 14516 10779 51799 43504 %n1073 25
50164 8656 42703 67217 60377 76185 40490 50001 25089 48399 43398 13460 5793 84501 1531 50261 87828 28828 30294 86401 62152 24924 27519 10011 85297 %n2950 24
22466 45462 29790 6102 14003 22424 45993 11489 84849 46698 76813 68345 87538 88761 13387 23136 39548 35326 79620 46010 85193 69971 44022 9634 %n2620 25
23298 42551 96480 60088 5842 67990 1336 9718 33064 53659 72505 8613 49009 88702 55901 67010 65497 48631 43193 80568 76191 66220 7383 57899 39394 %n1910 25
60986 85528 6548 73070 62778 5879 35601 28653 46185 4792 36531 65307 61593 13933 84908 63109 92006 13504 88382 66655 59089 85031 98921 31659 60392 %n1003 25
20603 72166 10692 75982 18252 69920 2376 27971 14390 73301 2402 35206 13798 56320 73273 80442 21965 20722 20914 71473 23105 1707 86722 26056 81127 %n3353 25
62179 61586 45210 56259 90549 64044 59755 19580 2359 84415 37885 39265 7974 84503 94602 96038 30510 39408 20544 77445 95356 22672 38595 67299 2213 %n5622 24
29056 44828 15893 12130 79786 50987 57446 56392 15735 98556 85804 73158 24520 28418 89587 30940 43728 87574 99063 17545 40250 88126 6755 7718 %n4417 24
83526 24969 23761 11082 50103 75758 91258 8874 8574 89243 8371 7171 75114 40985 43453 76348 94103 23468 27618 43706 22492 78351 81651 68193 %n5565 24
27982 22222 77912 45827 64520 31342 81542 54848 16413 75494 34515 10414 68261 19105 76725 96381 67534 53783 74968 87743 27717 51565 49795 56040 %n1002 25
73279 60358 83666 72514 61163 550 57560 13083 27400 36885 22803 76720 79345 62456 24396 78071 60323 6141 78540 29781 78007 64727 37971 60606 35766 %n5771 24
13038 81157 64704 20635 63124 28297 5250 17217 35685 56134 73604 80632 72950 93770 65728 15786 99794 3044 18468 54350 69732 24871 49508 32682 %n160 24
66343 35050 84867 54347 40613 63853 44096 44757 29206 17 15833 41103 7377 50392 90581 91409 83346 22540 60576 14559 48450 51017 35081 32931 %n2796 24
88522 91999 14726 49903 14024 90615 68314 55375 95801 5992 81693 19615 54127 25056 9780 8423 34582 77211 67748 39326 87709 67327 48498 96503 %n434 26
57443 34180 12916 59726 35854 12379 66487 12544 66790 46681 50413 99349 50764 66437 24140 51900 91839 94745 51822 64745 36921 95519 77660 609 79426 17979 %n306 25
80406 59275 56110 43743 60757 29172 8835 32402 64217 23749 17985 22925 96355 34509 38112 32112 97605 18219 98096 70766 54695 55383 16720 61212 65617 %n5589 24
79974 79510 16344 64159 69869 59274 2943 25292 19039 37626 31495 70077 71530 72349 7433 98959 53582 81996 16395 94439 17134 20553 43980 66119 %n5716 25
83421 25858 14245 83126 92782 10526 75103 25146 38469 60072 59637 58637 90955 38922 50976 83471 49898 46014 6478 31868 77096 70139 7212 82900 70209 %n4514 25
59220 98418 73988 88241 54815 34461 36158 39225 9469 48136 90535 82861 3482 13305 64844 38270 43195 49798 8155 68056 12164 48947 71528 91344 34084 %n351 26
58913 13254 87982 82590 29913 25848 71074 8093 75661 20591 6251 77765 87392 44397 59807 4732 31928 93079 2193 21383 12788 67258 69690 34024 79453 1439 %n3818 25
69422 5067 15969 349 7472 57758 60075 34532 98326 28588 64878 48465 20092 9912 19579 13988 61454 76190 96816 84135 94053 13411 33920 13726 36758 %n708 25
38825 13878 94540 33549 42346 79986 26292 17560 85522 25157 35274 14384 38130 68430 87871 52604 46212 90693 70622 1019 89112 73894 17482 34933 42048 %n4406 25
57601 78275 91274 15227 13998 21220 96492 2104 15994 76814 72567 46279 20357 1435 2911 36132 95812 32243 70673 51735 69247 79265 90879 94561 25063 %n789 26
31572 50246 99544 38888 48538 60489 23807 39315 50789 46273 59784 58544 82458 16107 36391 1693 14813 74793 28175 74594 87639 62706 42045 16269 50986 81746 %n2676 23
71206 55549 45309 91664 57233 18965 61624 41325 40210 82710 41808 83797 31620 21684 13858 78829 56442 93151 8329 69145 13637 2215 47978 %n1113 23
37349 97260 10438 97116 29360 53467 91004 18596 65863 32988 51834 36541 22342 24456 15984 3427 57425 31885 85186 37345 17099 82350 73922 %n5168 25
30196 88300 64360 66157 61554 3691 74652 92504 11375 39323 23994 79742 17968 26875 28929 3829 15149 39560 29514 27458 25674 46667 77881 57482 99523 %n401 25
44553 63957 6401 29041 16872 8581 43610 38105 30265 91100 7607 32241 73999 390 14049 38281 8192 80881 11728 64606 59284 39825 6255 46007 64220 %n288 26
88033 27107 13362 8649 71665 9486 60871 67948 44992 77182 81121 11807 28008 35625 56399 56329 95436 27688 65114 25457 30543 2477 85864 45381 67916 66196 %n747 26
85396 95824 95842 41487 50007 86287 21205 70365 11281 98171 39807 69619 20333 28965 14706 22198 68069 63780 53874 70288 33586 10516 92304 60245 98911 56236 %n1084 24
81559 39701 40619 37320 71734 81536 99669 35802 53 76988 94426 9182 49835 93886 89232 28343 84722 61667 94795 67600 28956 8470 85612 62191 %n2119 24
39125 73166 89909 38663 36709 23701 7222 52574 41272 11678 8793 76869 53685 90289 95055 60152 14096 37018 34563 97826 6561 12925 95533 35487 %n1202 25
37422 87218 56690 41916 86750 48514 69939 3460 87279 42817 78683 70594 59296 18514 68336 90578 62991 84567 37019 29198 10944 83053 83433 82845 13596 %n3718 25
5944 82014 64667 36973 15443 18363 16708 41543 18687 68547 34697 96202 64688 42826 75347 15306 83824 83829 18611 78244 45759 38870 57592 90270 69149 %n2407 25
41658 14200 51313 79596 7848 59106 22215 296 88409 41949 53961 12403 26494 53365 49797 49996 36047 33784 47214 39250 857 75954 24862 32333 82652 %n1858 25
42586 93179 33435 14409 75094 8121 64074 85978 82120 56812 16982 73108 15756 70434 19805 91102 44870 63756 1841 8618 76623 46412 99953 31786 85877 %n3009 24
99071 16297 43923 52340 53712 68490 96004 66513 22171 10766 21237 7685 15148 20947 42977 79825 85665 11966 31184 16454 78559 47258 3521 72719 %n602 25
99210 52581 44265 17477 91939 29938 25876 37310 77594 60844 33081 18294 29176 84803 69989 85360 71319 63997 40408 50422 28083 56296 77122 20010 9752 %n38 26
46672 47786 95249 36481 35563 47008 91043 19287 17989 75193 38585 91573 55057 13061 11177 69167 68632 23800 14031 14737 54048 54984 67491 31132 39782 17885 %n5668 24
96063 60706 26320 30347 66953 4323 79740 15186 58334 67608 2523 59241 52322 85268 71154 42197 96604 19033 44197 28676 40355 55926 83446 63998 %n3958 24
61748 29983 95162 18538 86350 12047 77344 43582 64367 71276 30806 98716 40817 57327 62732 95549 12321 5899 2580 74899 76595 17570 18194 63587 %n3769 25
42816 71289 18345 41064 53491 97830 72869 59937 29392 61759 40485 62377 67786 46623 46572 46018 41933 5801 67313 53956 97074 31556 41116 12981 3247 %n5643 24
25739 31839 24195 56947 29439 79485 17672 57050 24569 20586 74517 51709 91063 59569 30176 48583 32190 88921 28619 93519 69429 15433 49396 61575 %n1856 25
91312 90931 46763 33261 32509 35841 81546 43187 91132 81528 13426 9326 64306 66867 1593 96961 52117 88615 56088 87190 32923 91919 93486 29362 30780 %n3547 24
51746 66846 72388 11525 33599 49894 52 12631 37864 7414 48059 46957 37564 30606 89966 66919 65258 64154 19856 28102 63118 80670 24063 63190 %n4769 23
16393 44975 40200 11773 18920 72559 85245 97035 91703 19475 79936 23032 4222 11935 35997 41259 90654 81849 87170 62446 73637 9945 1852 %n901 25
80102 22165 36063 478 43312 77508 158 73835 30920 10969 99386 46757 51157 79149 65954 36414 18733 15920 33999 56069 55790 42764 10999 7699 44555 %n4169 25
15732 46734 16954 28081 88866 58404 37301 61176 25767 23054 75188 64923 51784 13896 9725 64934 252 15818 80933 96443 99037 62207 60178 25618 21608 %n2159 25
22935 49039 72130 17846 39940 53751 37746 3819 80063 92968 27604 38430 80529 29468 75316 20097 37340 2812 52088 42485 57778 1290 50674 44332 60447 %n3071 25
23675 34404 32478 87565 5974 840 69203 3213 89179 10458 65614 42767 66651 13494 73037 47064 81878 80069 89096 4347 49826 45611 17899 84242 4290 %n4541 24
66823 95709 77580 72601 35415 54073 47357 90121 12785 45500 23975 39623 51488 64300 37705 33862 71204 8904 97961 15146 69465 71603 52765 84206 %n510 26
41479 43057 86357 82969 54265 11599 42674 37535 29444 42565 23819 38875 45199 42680 72580 71050 83480 68206 21258 73587 68693 9983 5133 93354 96223 21931 %n4501 25
11745 54368 12953 32146 5416 13143 90100 25747 10490 53506 33902 56004 77659 85589 56784 29483 26741 2916 98649 79076 91820 3985 67255 33476 19879 %n1543 24
99193 94667 17561 96918 44680 44121 71430 65024 48073 84007 89651 90518 5864 51865 71007 66284 76327 38468 67084 84110 99877 43117 54582 99900 %n4966 25
19941 62437 27580 91155 16168 6627 84541 60257 50881 99814 20698 41000 11831 10378 12918 37740 37962 81572 36388 10600 30237 49313 11593 32016 23125 %n732 26
24156 85063 45260 66881 6780 98062 37328 85874 92180 71945 65067 76410 37381 57757 58045 26208 25694 40637 22372 94889 7115 4957 31792 28896 2863 3770 %n5460 25
24609 80274 52966 88580 39950 9904 33187 72992 27093 39739 32226 79789 11747 96805 5894 57969 62467 32710 88258 13317 2596 77274 70178 3530 65412 %n1205 25
58922 80778 61913 29377 34313 23288 90378 63171 64045 77218 74393 35988 11748 61477 73339 52910 24981 21590 87834 32159 81318 23586 21837 98807 60212 %n2329 24
29623 80884 62788 71769 49895 8522 19205 91995 39275 97495 2202 24840 25934 12700 84451 99315 92644 88026 15663 73941 88124 97138 76437 51438 %n1754 24
3025 51560 84141 98479 38151 74886 23048 10231 88311 33163 26786 18077 69076 80648 82038 2951 85209 21823 65134 70624 45855 27925 3632 84050 %n334 26
2311 17918 38070 21935 32471 50205 83772 70802 8293 16311 88724 37623 90176 25663 79404 14372 89527 41268 17998 17883 77578 32793 31867 57188 60028 36278 %n2633 24
84890 55592 83739 9715 51969 95052 1697 69654 30605 60090 95035 39217 91888 78471 82129 77977 81426 79481 9038 81868 85755 60598 44850 23187 %n762 25
30881 2522 80982 73101 67227 32724 33044 20247 86842 34876 44714 5435 74108 7268 6596 47069 13558 83922 54019 35952 85112 57089 8722 39785 99899 %n4482 24
95663 87741 16171 68214 86611 68491 88940 92475 44041 65505 55302 92467 41688 86211 83831 36629 33605 52216 68987 8720 39210 17023 13728 14653 %n2797 25
70290 62427 60449 28640 51 9133 67900 89086 56894 31688 57874 66532 4655 61623 84940 51507 42867 71660 50279 71863 26126 96713 14561 38208 73207 %n3276 25
70045 54420 57123 88243 31444 86429 8453 35105 94445 14256 90135 68318 33307 98093 72972 84430 20420 54709 23331 94990 12952 90492 76067 19298 22280 %n4274 25
21287 59131 2669 41427 63131 84733 26599 99929 33805 64570 73337 65300 71265 61795 81946 20571 57905 74014 91608 69075 76613 17064 22772 92888 48655 %n63 25
65028 66442 20009 48846 67130 99321 94648 97447 24897 94548 783 44669 52486 59676 98827 24709 55844 28479 29743 82197 56373 97245 11696 82401 142 %n2350 25
58215 74464 86164 71592 26986 94208 75455 15241 8209 31017 14249 13871 49222 45501 11690 79701 14591 25510 11272 37656 61930 3252 81709 47862 44628 %n1426 25
12149 10788 6895 77848 2001 56566 83402 74266 30252 11604 97500 93059 83205 7672 50136 21765 32766 72020 68843 4312 7866 90998 99110 63863 80800 %n57 25
50569 99157 74660 51910 4992 3553 11785 49805 35940 92224 44858 80934 41013 10044 1058 62522 48004 58015 68021 12492 39806 24253 98269 95879 64151 %n265 26
13717 76404 43522 56135 55382 32550 24088 46012 22893 83339 86008 8435 9144 23554 74756 11471 23653 27096 58899 64892 42851 15035 72909 83486 7677 50931 %n1029 23
65203 71216 56508 63054 95041 5340 29346 24172 15385 31302 27610 8751 25791 54816 35545 40425 87345 59152 86188 67176 92988 1183 748 %n92 26
21127 20033 53199 77862 73795 58128 58258 43785 92446 16324 66948 8986 4599 64266 6068 59138 95095 66086 75216 63431 27267 24061 23825 98748 8134 28253 %n1259 24
68151 76684 23216 93299 32749 29428 43106 5137 39663 40491 63755 40926 87995 17709 66163 95556 2252 5728 34756 44009 96406 21573 83687 31041 %n315 26
79914 77200 58072 48586 27328 65810 40406 62494 804 12381 99863 1343 38394 18629 70966 51224 15990 42356 84542 52766 77646 24198 74641 6982 22937 70759 %n5101 25
68208 41314 48424 97920 86695 27649 81168 10379 9423 97897 59965 74205 36591 40499 51594 51609 25710 86909 29304 99829 67646 97876 4969 45167 41170 %n3522 25
41048 1617 97505 15548 71841 27008 84427 89976 17713 14154 8555 46090 7733 94829 10531 19050 40420 54040 13282 27234 5388 52005 38763 49372 71145 %n2007 25
19960 75532 80315 42476 33976 87755 82897 95238 18392 11654 50917 31914 36859 58208 72142 22568 2467 26788 92603 95861 59531 59164 31162 82430 37993 %n3660 24
31584 13520 73250 75756 86706 35901 74131 36516 94666 3237 26200 32104 47150 11394 89119 74060 71668 60880 53195 18576 74378 34688 84679 62813 %n3929 25
90363 12363 78185 57175 47716 106 34444 56897 52065 30991 98783 25823 89669 60931 91625 98899 93646 63480 91805 84447 33576 40998 1408 88876 45349 %n2937 24
53495 46433 81744 72081 68635 13476 84836 7628 29339 18218 97797 88745 24139 99519 13714 40495 18453 43034 67609 11619 29242 18871 70592 15712 %n678 26
11109 3476 75561 22946 18482 60509 36911 53335 52511 1275 25679 42937 50008 62477 55291 87138 79976 82622 82711 20409 12878 23492 31010 37312 92120 16105 %n5091 25
33737 47560 29894 52810 72944 70873 60014 32154 98616 85067 28424 44038 61939 15545 52208 61080 96927 53327 18927 34363 35381 23186 82662 9779 76221 %n268 26
40298 69810 15196 56725 83265 13753 32916 4044 97765 18745 25325 83845 63731 76917 50798 13082 51871 84944 96745 5365 72305 48380 8287 67792 16628 9619 %n4502 24
43282 44467 23668 91749 99732 45406 38561 39694 29833 70641 90870 62316 72021 78924 74119 2280 55014 84628 34284 85885 92001 61306 55958 75644 %n1850 24
31465 73732 55726 37184 75597 92280 30922 56752 53789 854 69366 89001 9292 50715 61991 89236 60222 67849 10350 35987 9329 52799 64206 9873 %n196 26
33992 4603 77057 99434 57201 19569 97264 33165 64931 71976 62441 94879 27659 63477 47056 49471 68142 48924 79078 38032 446 75740 91019 50804 58152 94576 %n4443 25
12257 14585 58985 49818 18302 14173 37655 33132 23921 70988 33431 68730 77352 68749 14123 31642 48348 95826 653 85625 46045 50770 28792 75219 67076 %n1095 24
42200 84133 2044 52941 72377 56665 97666 3603 95693 71266 79246 42480 34435 41340 14751 17731 51310 74589 88887 25498 74812 90208 211 65852 %n638 25
50808 86289 85671 30709 1432 42278 74991 4908 73851 8061 93622 40050 21567 52989 20376 93313 52526 2507 95089 47825 28308 34341 99282 95159 75525 %n2777 24
35325 87496 17195 23098 91087 53310 45111 2609 73871 75890 5707 26165 693 71676 73699 24865 38254 21392 37406 55268 29301 61017 42579 45026 %n5025 25
52613 96250 25714 46536 29840 89984 7797 75490 44647 59177 97610 91394 30298 67358 37097 72699 56405 738 61674 31218 58517 38374 34905 64592 13090 %n425 24
42645 90887 59308 54262 45164 57637 27242 2272 37627 97787 24161 83007 17484 78158 39207 7709 98347 34965 52556 33970 97543 12490 32574 51445 %n4696 25
5739 11341 5858 22197 16263 49304 59974 38385 81662 90676 84036 6736 79432 35183 61902 83372 46636 79409 754 31966 22981 95599 75221 2806 14341 %n5154 24
44712 20711 56386 79955 35656 56808 58344 67495 33047 90748 86956 49465 96638 52562 46990 9916 93460 35395 95033 70521 80964 5418 12795 40152 %n667 25
91295 41077 29020 18899 86679 74064 43214 9006 24081 41848 42125 78342 76179 58392 59411 38089 99052 46926 58194 46376 4928 55759 74389 73770 97162 %n1812 24
90353 79411 80745 84730 4717 5283 50035 34275 9313 10174 12983 92568 6913 19985 65275 83412 69834 3582 22281 1650 60191 84674 10319 70967 %n605 26
38838 90864 30725 68931 17424 13390 9795 33123 59649 51046 74115 7459 66863 50272 91689 21955 93652 64071 97940 26535 40958 95942 66908 32784 81315 92737 %n1015 25
31969 20325 11186 96469 61483 78093 42770 13121 99653 48384 10375 71093 31515 84626 50191 53895 41576 88144 83493 65208 10982 75894 52285 1414 24511 %n1852 23
77916 28945 63977 21505 48897 61052 74861 1657 72210 48000 32872 83422 67237 49466 69636 38786 83750 78489 48992 25807 85615 45312 65892 %n765 26
49630 89897 14858 89312 18752 30624 42722 48706 63821 76661 21104 45470 81144 35174 69906 36344 47602 16333 10300 4 20514 12652 47770 60532 78321 71680 %n5297 25
97525 39094 8871 98572 29723 14427 63566 57283 61286 91662 16732 6392 73758 88919 71992 1138 93759 16386 3775 7113 48417 985 13126 17021 64917 %n4519 24
76382 26514 54051 67540 8610 60554 59432 35502 17210 27333 59233 94964 3069 79845 67166 13946 36990 75016 72864 21707 93266 13967 93641 35834 %n3061 23
82088 55301 7207 61675 17703 19522 84772 35614 88740 44994 35295 96863 28247 91626 37923 57515 90093 23725 1053 76224 56026 46038 13341 %n3207 23
30484 5428 16445 90601 62133 17836 44830 85513 94948 95686 80592 95502 71079 90660 19394 1181 65625 9489 98864 62709 64425 64795 93452 %n5057 25
91271 67880 22576 37197 28769 74008 60678 19184 20732 51337 74352 53117 77404 91127 74271 67008 82191 49035 84116 51069 8780 16711 52897 79326 8774 %n3324 25
53827 91885 59563 86654 19916 34897 55472 9224 93190 15738 17750 20979 91522 5902 24562 23291 19432 9907 52014 97835 1184 26285 36173 76826 24407 %n1632 23
28842 52099 43677 4886 59386 98613 41416 76860 83604 18430 83293 95359 83849 57749 63776 28451 80173 46844 45595 10533 32689 5019 76900 %n1598 25
15788 35091 1487 20999 38837 49129 69031 9494 63705 56700 84559 18166 30024 78760 15438 90837 74571 28050 49892 86660 86914 17838 60437 16268 5758 %n3591 25
21053 72789 65081 207 93195 34457 84298 43408 71938 88342 25954 46325 85998 55585 70106 75430 48930 29745 73907 68440 33400 89764 90400 31558 77870 %n1360 24
53848 43950 56844 49842 37957 78793 80886 5450 78281 79044 33197 71874 48590 53075 45811 93825 596 69406 90956 23500 75968 30454 93686 50492 %n1055 23
21650 84650 14750 33930 97173 46555 69150 56083 13612 62060 24084 29934 94363 45169 34608 93425 38185 28034 16815 88301 41419 38563 29771 %n1796 25
78762 54351 26769 3547 52758 70318 45951 63256 8228 71393 1029 22541 39997 71928 68387 28223 44080 75845 59525 23371 47909 29284 96268 87879 16824 %n