307
4283 120
2748 93439 48023 28103 61557 72142 24741 79844 78217 10801 25614 72039 70256 35930 54077 261 66087 85474 9445 42702 80189 61747 19874 87930 10353 2353 67474 69535 14832 98371 33946 74433 65813 69230 26078 37264 51290 65505 87273 49615 77686 15526 85890 82128 99579 28414 78761 9754 80336 67251 93608 57595 3868 16499 73362 24352 95610 81049 27274 25520 40398 63547 64570 38936 40140 57870 75221 67024 81561 13614 83171 27221 98597 83128 31702 73844 23392 39122 94841 92423 53343 75077 48297 7774 28995 95835 34028 97760 369 5539 75654 85074 199 14966 90234 52616 5276 57699 24654 55201 16159 69686 13414 48402 43143 48060 2703 81461 69097 81821 27413 61313 53487 43820 60408 17364 88537 76615 77790 7084 %n3123 95
3977 75226 20909 37759 32429 65117 78183 92736 98714 15251 68435 82146 81548 95644 78221 23378 80379 40742 83736 83396 32393 93789 95209 11773 15800 12558 2541 16432 4664 37782 89996 74432 14720 18560 9213 9928 93114 16114 40831 84260 6948 96923 3232 56404 49278 18379 75545 83385 51948 82588 20057 73558 54592 42739 69140 33882 61918 92525 46992 86410 58765 80018 16610 61279 27995 64708 79940 25372 5942 64092 62383 39020 26993 4884 93669 37472 77374 31361 95930 23556 22790 42805 14627 19174 42610 51483 71593 26136 85337 60902 12828 1817 52649 49360 59853 %n7127 68
78008 2332 38818 32731 22613 38205 55423 2784 13235 48691 65707 75936 56284 70216 6389 63071 66793 14969 4055 30177 17328 53659 92082 14878 21545 71770 63688 78122 45151 87317 33021 53205 31941 69334 28022 50989 15634 27246 39519 16011 15843 35604 68955 75676 53879 68105 6342 95263 59980 70568 44843 738 51565 13464 62726 62600 571 21172 7945 24299 4972 95986 81614 56630 62526 82396 80024 71449 %n20 61
95971 56760 97527 6761 43186 10568 87352 73516 19795 28081 79124 8337 4351 82262 27580 19467 12695 96367 44321 31351 56468 33897 93380 86356 79310 64930 40206 45653 95234 52647 86863 56998 4046 38511 68420 12096 72014 10461 74548 36043 35932 93468 60199 77626 26293 20416 61048 54590 82386 49273 1615 1154 8021 30332 5881 10746 16695 69671 60762 21365 97093 %n2497 38
57960 46768 31621 8166 104 86274 87810 15473 20767 93005 14338 13699 40893 74640 2173 87452 33893 24191 52751 27335 93156 40785 48019 29507 54367 67753 2811 47905 2980 7139 27824 75653 33487 63575 54976 86466 79652 74627 %n938 39
56026 57735 33359 85532 31877 51231 44618 82256 44983 57914 74730 83535 84561 75938 51289 34857 34646 90269 59193 98318 15344 82741 75245 52906 90079 82275 9485 95911 50937 53472 72780 54368 75052 72989 67133 39669 12914 88570 4004 %n7056 22
35780 73709 44998 23588 7362 72678 19864 14623 56675 21355 87565 78690 69219 52222 19030 66554 37737 23856 78822 8839 45555 91391 %n2602 19
81974 90188 31203 59557 44288 94592 76410 51081 49098 91036 2111 41658 36113 73612 5326 2877 89336 55735 96817 %n1198 13
30424 55974 25335 57925 14084 87196 38746 55438 44020 53367 64280 49716 59239 %n7874 16
90947 38726 70628 43568 60251 79087 82173 78055 68999 60796 59675 71759 91597 343 34191 22119 %n5235 12
51005 13019 54830 29155 99536 55129 63364 39267 19276 33924 16209 98674 %n7265 9
20705 28482 80632 33986 49940 64900 41958 39241 8266 %n127 8
37377 68142 45870 63956 51410 12327 632 92600 %n4630 4
97028 76370 56861 76745 %n3336 2
74690 73922 %n1215 0
%n2721 1
99365 %n6674 1
41792 %n1399 1
68311 %n4331 2
56485 80566 %n4746 0
%n1207 0
%n3001 2
16455 3169 %n2805 1
64959 %n7257 0
%n1928 1
46226 %n4075 0
%n3243 0
%n5853 0
%n6129 0
%n639 0
%n3252 0
%n4175 0
%n342 0
%n3002 0
%n2503 0
%n5623 0
%n7114 0
%n1882 0
%n2254 0
%n8209 0
%n4842 0
%n5767 0
%n6976 0
%n504 0
%n7274 0
%n6618 0
%n306 0
%n4226 0
%n5572 0
%n760 0
%n3592 0
%n4897 0
%n2431 0
%n4632 0
%n4179 0
%n5269 0
%n3922 0
%n4651 0
%n6257 0
%n3384 0
%n940 0
%n5083 0
%n2462 0
%n5484 0
%n6270 0
%n3440 0
%n859 0
%n7385 0
%n5128 0
%n755 0
%n4363 0
%n2143 0
%n1851 0
%n3065 0
%n793 0
%n6937 0
%n4695 0
%n4808 0
%n388 0
%n1974 0
%n3547 0
%n2544 0
%n2014 0
%n8117 0
%n5463 0
%n5382 0
%n7027 0
%n1675 0
%n336 0
%n7754 0
%n7151 0
%n4094 0
%n894 0
%n1058 0
%n916 0
%n4545 0
%n8037 0
%n1914 0
%n3397 0
%n5720 0
%n5673 0
%n505 0
%n1550 0
%n6882 0
%n317 0
%n373 0
%n7236 0
%n1454 0
%n2009 0
%n6934 0
%n1899 0
%n7575 0
%n2071 0
%n6965 0
%n6263 0
%n3802 0
%n3597 0
%n3841 0
%n6815 0
%n2943 0
%n8178 0
%n2944 0
%n3711 0
%n3784 0
%n6586 0
%n43 0
%n3796 0
%n3007 0
%n4948 0
%n3356 0
%n1373 0
%n7319 0
%n1269 0
%n7150 0
%n7454 0
%n4959 0
%n2034 0
%n3967 0
%n5745 0
%n571 0
%n4891 0
%n6762 0
%n4883 0
%n486 0
%n7493 0
%n1063 0
%n4107 0
%n3314 0
%n7992 0
%n4082 0
%n2469 0
%n6405 0
%n877 0
%n4511 0
%n989 0
%n1559 0
%n7082 0
%n7608 0
%n3604 0
%n168 0
%n3737 0
%n5618 0
%n4520 0
%n3882 0
%n6119 0
%n3138 0
%n1649 0
%n350 0
%n4386 0
%n2883 0
%n1872 0
%n166 0
%n8212 0
%n8036 0
%n5655 0
%n4933 0
%n4255 0
%n1798 0
%n7397 0
%n653 0
%n2162 0
%n5628 0
%n372 0
%n7649 0
%n3582 0
%n7653 0
%n5509 0
%n5860 0
%n7021 0
%n4089 0
%n7228 0
%n3445 0
%n2865 0
%n6697 0
%n343 0
%n4091 0
%n5173 0
%n871 0
%n439 0
%n74 0
%n1573 0
%n3880 0
%n6507 0
%n6262 0
%n763 0
%n3488 0
%n888 0
%n6455 0
%n6430 0
%n770 0
%n6497 0
%n76 0
%n4862 0
%n3502 0
%n2055 0
%n6526 0
%n3352 0
%n7537 0
%n8153 0
%n1090 0
%n3505 0
%n4328 0
%n6874 0
%n3149 0
%n4791 0
%n2284 0
%n4002 0
%n2168 0
%n2083 0
%n3677 0
%n7969 0
%n5383 0
%n559 0
%n323 0
%n1036 0
%n1411 0
%n1081 0
%n6687 0
%n4404 0
%n8164 0
%n1296 0
%n1534 0
%n3158 0
%n6314 0
%n7725 0
%n5798 0
%n4558 0
%n528 0
%n6529 0
%n7865 0
%n7942 0
%n780 0
%n7162 0
%n7888 0
%n4095 0
%n2823 0
%n991 0
%n3096 0
%n5865 0
%n6047 0
%n1919 0
%n164 0
%n2582 0
%n5580 0
%n2383 0
%n5362 0
%n621 0
%n6471 0
%n5971 0
%n7016 0
%n6679 0
%n2366 0
%n2806 0
%n3824 0
%n7997 0
%n1874 0
%n6682 0
%n7144 0
%n5298 0
%n6385 0
%n21 0
%n5583 0
%n649 0
%n5858 0
%n7138 0
%n1316 0
%n1211 0
%n5397 0
%n517 0
%n1522 0
%n3783 0
%n3798 0
%n4892 0
%n7565 0
%n2171 0
%n6376 0
%n1408 0
%n1716 0
%n6240 0
%n313 0
%n6043 0
%n838 0
%n8338 0
%n3516 0
%n4364 0
%n1519 0
%n