304
1141 108
19508 21754 173 6543 9989 22873 25462 14470 3468 1373 9622 24957 14416 15926 8007 23169 18393 23292 2330 8286 22029 13175 7610 14642 11995 15078 23463 11473 8230 15499 16120 22454 13202 7037 25367 985 22426 16055 13550 9396 6320 25270 23665 5832 1608 9103 12838 25485 13557 12486 483 1960 10329 25734 16409 11144 18725 23192 15734 22322 21335 21881 1031 12099 24118 12044 3317 24315 15637 4850 5203 21822 21028 8882 23109 17384 17645 20095 8262 22241 22394 25470 24432 24245 5467 12026 14245 7991 24111 20041 8671 15133 16044 8477 23066 22640 20375 9253 5357 842 23785 21972 2591 12729 17325 10806 22504 12182 %n3601 5
13795 24407 4432 10525 6053 %n2555 5
1885 25224 6215 6834 20918 %n1213 5
19548 24022 16682 22213 18323 %n1514 5
6949 11364 15177 19566 2142 %n3125 5
8960 22898 2405 2400 12487 %n1131 5
24358 14731 18979 7866 908 %n2242 5
10250 18920 3155 16747 472 %n1435 5
13101 6920 4187 21842 1660 %n2582 5
13817 23451 16524 2377 18959 %n396 5
15565 11902 7195 5479 19146 %n2858 5
12904 18416 2244 22277 23123 %n2063 5
13120 14534 16056 20585 10980 %n662 5
3596 23637 13166 16433 4330 %n717 5
21756 23174 14370 14767 15397 %n2954 5
20280 3028 9483 24506 3433 %n2419 5
9410 5448 15164 7483 23915 %n1465 5
14513 5431 9440 11616 23702 %n7092 4
6068 18715 7003 7400 %n3893 5
12702 2069 7070 17470 6970 %n2172 5
1886 9041 13501 15558 21464 %n860 5
24035 8373 17808 13282 378 %n1250 5
21684 8162 25560 17168 15041 %n2100 5
13186 2511 19481 8205 10491 %n3453 5
21630 23264 22767 19716 1613 %n3184 5
2077 12667 1052 23485 10954 %n3365 5
18735 8303 2147 24144 17906 %n225 5
18582 15677 9288 3056 25060 %n28 5
16317 5814 17112 20599 19172 %n54 5
16774 20445 6670 5289 11384 %n3842 5
21902 2342 8793 25234 24573 %n900 5
9061 2254 11386 23657 10750 %n1348 5
24579 4382 20165 20897 19568 %n2633 5
6422 20257 17711 13408 18932 %n2822 5
2629 11474 8294 22409 16947 %n1024 5
5202 23483 18898 4455 3217 %n3475 5
5308 24545 16851 11077 440 %n778 5
17230 13673 13812 1765 21248 %n2151 5
12248 9188 24639 24591 4633 %n2405 5
14533 12663 24321 12806 206 %n109 5
22134 16699 22876 11497 19180 %n2541 5
19754 15493 22826 12102 17310 %n3457 5
19656 5651 22941 1266 466 %n315 5
15756 17805 12184 14656 18706 %n2110 5
18256 10429 10776 14187 20979 %n2747 5
20058 2475 25166 15553 23467 %n3604 5
19828 10758 15774 16804 8440 %n3528 5
25384 1057 5568 17570 15028 %n137 5
2379 25786 18496 19316 20815 %n3757 5
3950 5817 17193 4160 5529 %n1590 5
6728 16950 24615 17270 18857 %n3886 5
11289 624 12149 1324 14362 %n3101 5
19829 22756 22089 14088 2991 %n3668 5
3603 11290 595 23743 614 %n1179 5
17369 13972 7937 13689 15389 %n213 5
5401 11590 10777 6408 23675 %n3234 5
11038 22457 8302 7356 20755 %n266 5
16565 18741 13589 21601 16087 %n3082 5
23186 23537 24150 4241 9614 %n3075 5
13970 183 7245 3695 15410 %n3269 5
25134 1374 22556 16347 11748 %n2117 5
21401 15343 20965 20489 2883 %n3262 5
6359 12732 8184 12488 6560 %n3922 5
3957 205 17100 25660 24698 %n3588 5
5696 19561 10687 3999 10181 %n1619 5
15213 1466 10873 14072 22566 %n3053 5
24820 19329 16889 16995 18760 %n1119 5
2483 18101 18005 12033 12233 %n1101 5
4196 16647 3770 5626 9158 %n2998 5
18681 3406 4767 2011 14221 %n2348 5
12957 22136 19692 4933 25292 %n3048 5
19271 4896 13604 19525 5161 %n2231 5
21134 15930 20655 16377 196 %n3412 5
24349 6387 585 7615 15466 %n3420 5
18400 6741 7831 14059 10551 %n2445 5
13465 10216 3334 14353 3169 %n2891 5
15858 14215 10405 16698 7207 %n419 5
12159 6105 669 19974 24013 %n3898 5
2526 14455 15896 20241 9908 %n3433 5
23251 44 20527 21290 11160 %n219 5
6929 15121 7789 13242 14400 %n1854 5
17123 13461 19337 4624 22890 %n3694 5
16448 2079 12101 6491 15894 %n1424 5
10232 20602 3011 21890 16121 %n2439 5
4073 3238 18277 15079 3904 %n1725 5
12927 209 21949 3307 16233 %n3769 5
14571 15309 11312 3220 726 %n1512 5
9239 11242 12308 18957 1044 %n3117 5
9177 16032 24322 10303 311 %n2719 5
16330 10132 13235 6427 18796 %n2313 5
12558 15798 22741 20943 21267 %n2975 5
23077 11962 19246 14639 12218 %n71 5
10177 24864 21634 6638 15437 %n1379 5
24081 11607 3343 16362 5152 %n997 5
17462 23527 13110 18621 20337 %n1938 5
22146 17327 10553 21429 18716 %n4080 5
12004 1631 5103 6615 23918 %n2247 5
5673 6941 18824 579 7596 %n291 5
22973 5252 24054 5341 17637 %n2821 5
25458 20695 17386 10755 22128 %n4124 5
470 10476 269 2981 23481 %n3872 5
19536 15778 15017 6115 5901 %n1657 5
18014 111 19872 5429 11352 %n2481 5
5000 9637 9810 16368 2844 %n3288 5
18078 16054 11005 10308 15317 %n2833 5
18108 18223 7317 755 18332 %n1639 5
13569 25519 248 15335 14694 %n2021 5
24796 1653 10756 19041 7272 %n3574 5
2824 18647 4738 3529 21354 %n207 5
8781 22763 25601 713 4136 %n2173 5
7734 17884 17397 8520 13172 %n1801 5
22612 12137 15616 3055 9008 %n302 5
279 20933 21744 7558 6060 %n4100 5
8677 22059 10833 14481 18953 %n2949 5
7526 24143 1739 7187 20314 %n2358 5
20789 1627 6606 4101 11482 %n846 5
16481 19415 19170 15587 4673 %n2027 5
19430 8251 6969 6039 12092 %n1981 5
8422 6856 2630 16903 10794 %n4128 5
3166 13398 12649 4218 23064 %n2551 5
8114 4237 23373 5463 11169 %n2223 5
340 9541 24121 24867 6121 %n870 5
18281 20189 6087 7970 14192 %n3577 5
7952 11261 17803 15409 3595 %n4035 5
16543 7295 6712 20111 8583 %n1731 5
267 15406 1378 9876 24139 %n1680 5
14757 9868 21340 5576 4521 %n2229 5
23482 14751 25344 11225 25685 %n3210 5
9534 1071 22659 25142 2921 %n1418 5
7165 25451 6529 9971 10334 %n3254 5
8236 25246 2577 18532 18497 %n4134 5
21125 17698 21655 3463 21146 %n2934 5
12846 5076 16860 10227 14349 %n1544 5
24758 20351 20641 17318 3182 %n2696 5
20956 17770 7046 25749 17525 %n1957 5
19600 21685 17911 17132 13130 %n2361 5
17115 13026 11773 3450 24892 %n2186 5
22822 24280 18328 1486 6200 %n209 5
13170 7039 20415 9611 4486 %n156 5
5413 14850 275 16300 25373 %n439 5
17274 12042 6691 22646 2366 %n1325 5
18266 19395 1756 24836 24220 %n2054 5
6482 4889 5213 13493 2353 %n1484 5
9000 20993 3005 16403 21177 %n132 5
23191 9350 13599 14584 4571 %n3035 5
5819 13003 22684 1265 995 %n2715 5
7880 830 1316 14466 25005 %n494 5
16799 21722 6441 18841 5527 %n567 5
11060 6830 2796 12169 6127 %n1797 5
20471 1715 3493 5383 3019 %n2697 5
22221 6555 18922 14453 16418 %n450 5
16234 18451 10714 23803 17707 %n1023 5
18517 2221 16808 20539 11361 %n3372 5
17569 23137 23550 2863 6077 %n2702 5
24367 22354 7360 11576 13212 %n813 5
16516 16526 23296 25276 13036 %n39 5
11929 5034 16245 5474 2384 %n1903 5
10076 20624 24556 18140 7888 %n1058 5
8612 22480 18943 8828 12780 %n3621 5
9733 14662 18169 16388 3302 %n2386 5
18596 22841 18506 18057 12910 %n1398 5
18975 12954 198 24462 25832 %n352 5
21216 7946 22651 6653 4193 %n657 5
21918 23663 12441 2090 15449 %n1871 5
5941 8965 19530 380 24771 %n3647 5
23690 18049 6202 12293 1585 %n467 5
14064 13015 25733 7230 17641 %n334 5
15141 21780 23304 23751 10454 %n4079 5
23203 23984 1209 25630 16444 %n664 5
12422 11896 7024 19342 24775 %n1818 5
17951 23179 608 24103 13396 %n1217 5
19054 3679 7040 18295 11791 %n2125 5
11493 19756 9972 20131 6610 %n4112 5
15251 16421 24723 1029 15245 %n2224 5
23627 9073 8772 25231 1976 %n2737 5
23602 2403 23575 9017 4097 %n1993 5
6306 9463 25131 15479 14390 %n1562 5
10788 6364 18130 24735 5655 %n125 5
12764 22254 16924 8870 14084 %n2658 5
18119 16744 20504 9521 16680 %n84 5
3350 14793 7422 10573 22015 %n1959 5
1362 13409 16092 5159 5320 %n3452 5
13590 24644 15114 20036 2153 %n666 5
1024 17241 11743 18599 12056 %n3375 5
22164 3943 20063 10517 23351 %n861 5
13455 10455 22476 4748 14276 %n2884 5
21484 15273 17124 11035 20296 %n2553 5
7756 16887 7508 9331 8861 %n2453 5
25102 22829 12087 19098 18826 %n1303 5
14130 21364 2507 21730 24301 %n970 5
17638 18994 19174 4724 6490 %n1825 5
20968 16602 12008 5961 10161 %n2577 5
24423 9680 2503 6106 5931 %n1833 5
19785 15286 7632 2187 24009 %n3236 5
8600 9183 8061 22048 7520 %n1549 5
3331 23658 2469 7319 25140 %n3613 5
8651 10238 21091 6608 6817 %n968 5
1066 24939 7932 12520 6285 %n1765 5
2585 24538 19800 9416 16953 %n3742 5
20865 8055 6297 11331 493 %n115 5
14556 18501 23521 14563 20153 %n2621 5
10699 12460 20021 24442 412 %n1605 5
674 1413 4783 4643 23917 %n410 5
3702 20096 5721 1232 9646 %n1096 5
3513 12145 24987 25162 9815 %n3112 5
5890 8543 19312 10637 1204 %n2454 5
14171 10549 2494 19022 3467 %n3814 5
14593 14811 2160 421 10659 %n2225 5
22564 7033 6574 24107 1456 %n160 5
3593 24904 19816 13330 17585 %n1183 5
18803 20274 24641 3760 20182 %n1013 5
6058 22639 20980 21519 4618 %n4122 5
14217 404 15880 6947 7405 %n1540 5
17877 23691 24773 21161 11975 %n2213 5
15218 18250 2997 7386 1495 %n2596 5
24694 13540 20712 1427 6915 %n814 5
188 15330 14144 25766 10923 %n1988 5
11546 8375 18426 22978 14496 %n437 5
5566 19321 23238 678 21376 %n1879 5
19346 10953 15686 8492 3425 %n3740 5
8723 24814 15296 12221 18543 %n2116 5
24125 19259 19032 19000 19279 %n3019 5
22314 17093 12881 24005 23700 %n2678 5
22203 18410 6325 2983 8467 %n1207 5
17997 19376 1800 16495 17246 %n561 5
23060 2180 2879 15996 23465 %n1395 5
12990 4472 20416 11146 16879 %n3820 5
10013 15263 9657 15074 15899 %n2623 5
19791 17508 20024 10011 9774 %n1747 5
1488 22256 19217 8845 8907 %n2284 5
6591 8385 25376 12929 5201 %n1918 5
7498 7924 8667 3705 11195 %n2809 5
11601 22851 1482 20484 3030 %n3493 5
1199 8959 4030 12931 7494 %n412 5
3633 21044 3224 20947 18093 %n1008 5
6188 6391 12116 682 3752 %n2848 5
16637 370 14058 3065 25067 %n841 5
4387 4962 17490 9608 215 %n3880 5
6023 24688 84 7066 9360 %n687 5
25576 17198 19064 25604 4851 %n3136 5
20629 19135 12036 7286 10061 %n573 5
7377 13651 13100 2836 6198 %n149 5
10414 8579 16349 8770 6633 %n123 5
942 11933 24759 2786 1390 %n1450 5
13141 15770 1589 22847 15444 %n2354 5
8743 14855 8414 22205 23980 %n1280 5
7556 21733 7515 14303 12397 %n635 5
13836 16833 13995 19549 5360 %n3835 5
18500 23497 1004 10648 19910 %n2138 5
19904 8759 8924 23784 21065 %n4029 5
863 23272 8509 23721 21158 %n796 5
16131 19233 11589 8028 6688 %n4125 5
23253 2947 4344 22634 6934 %n1529 5
9732 7404 8158 5538 10028 %n324 5
1187 20352 10200 8468 7170 %n77 5
13903 13262 22096 7758 20964 %n3688 5
19368 9076 8622 20754 9976 %n1579 5
12200 5675 21470 602 2290 %n3865 5
5342 14560 22506 21961 6709 %n1047 5
1388 18819 978 8082 4819 %n2743 5
6059 4038 14583 9368 7943 %n189 5
9665 6380 14352 10220 12000 %n3034 5
12686 1432 6465 24550 7055 %n3502 5
20082 2224 25522 10842 3812 %n2089 5
10217 8605 13430 3548 15377 %n1161 5
4905 17745 5035 7552 18874 %n2292 5
4013 5960 10435 1008 14106 %n1054 5
11500 18231 1145 22914 10294 %n1212 5
4321 3956 19490 20882 1111 %n3476 5
14509 5425 2456 22726 4559 %n2953 5
12281 18843 13153 3109 7684 %n3468 5
14591 17118 12898 10112 24222 %n1154 5
15822 23475 22901 21469 2279 %n496 5
19152 5061 25218 15721 14435 %n2056 5
14086 11168 7909 8151 4466 %n2383 5
21851 2168 18217 18484 24827 %n3497 5
25744 15182 10003 15169 4536 %n610 5
5153 25477 16419 4642 8173 %n1902 5
2264 1579 10527 5897 10611 %n2810 5
10247 14473 9032 291 5934 %n23 5
7801 8695 24635 14488 15811 %n3308 5
21943 9792 22415 25642 7755 %n2115 5
14146 19873 272 7855 19187 %n1685 5
13731 7577 15794 23584 7612 %n3644 5
19029 4051 20288 18389 991 %n1328 5
1860 19776 10008 19405 24516 %n3712 5
7830 4301 7327 5102 8224 %n792 5
13291 4588 5435 14761 7988 %n1070 5
6006 22715 16502 1229 18066 %n3480 5
7078 23075 19680 21212 20431 %n533 5
19552 23590 23454 11800 4435 %n2258 5
14844 5298 18744 12792 18865 %n3316 5
18103 673 25650 8985 3092 %n1393 5
379 20148 9737 25619 17459 %n1247 5
15123 5963 8836 12879 21856 %n2291 5
12017 2172 12241 20090 3047 %n2910 5
21676 6535 21877 10640 6876 %n4042 5
8676 13693 22878 21434 7380 %n2046 5
2239 23774 21138 5856 18344 %n3833 5
5707 5713 15475 21545 5745 %n40 5
16105 16901 22114 9666 23934 %n1867 5
6668 1768 10924 1778 7808 %n2289 5
8881 12157 11859 5677 445 %n408 5
21809 7891 6298 23723 10884 %n