106
5852 105
4715 20260 8812 70516 51805 85849 9502 45771 19426 80806 74776 6565 15228 27559 12845 97079 53651 1094 94539 72795 92756 22978 17469 36686 92934 71670 23625 36599 61514 90497 80744 55014 96462 24508 28338 55194 5849 80857 85451 72648 5897 12078 74779 9651 6443 24689 93519 75577 5461 60680 42473 71096 48233 34004 63923 59019 5165 2250 14396 37357 34582 20146 32424 34839 22977 46650 8550 99485 85624 38604 34224 28120 60515 91759 42104 68431 39859 64647 8146 60308 86439 71437 10241 78638 46010 65751 17986 80933 77162 90332 55806 78771 20212 40302 47837 8376 63019 78466 5943 43953 96665 15629 55168 42773 50200 %n3281 86
1923 80932 99747 52774 41034 97640 41503 73590 36351 22724 5190 1282 23857 97112 69101 68114 54793 11323 40719 2376 26664 4602 15678 1096 43052 43104 49889 85353 4156 60445 77100 86646 81190 274 54489 83237 95358 46000 79931 90051 23531 33220 70296 62329 28909 10620 73972 55147 78226 92870 13735 15341 66728 97230 65262 10677 59612 65014 18952 35829 34603 45325 98493 2688 99274 72755 35559 32887 64823 24867 58918 91869 24339 49098 69873 6215 8201 81872 13348 67345 95912 48493 84766 27906 43597 13819 %n7450 75
45761 60764 16948 57093 30403 61328 85354 87502 62121 58675 76791 68913 57099 51675 42861 6675 87189 96335 62346 17767 94683 76349 14849 43329 96002 14053 64675 71137 53918 13364 45419 16660 25953 18838 28158 91267 68545 71505 26948 79976 59 45719 42667 76642 68508 5708 94305 86097 14608 55552 42297 96390 1589 35757 67028 43241 40170 40685 7483 10707 8726 1635 1807 88834 34954 58717 41992 44159 21515 78292 95610 13902 90592 277 78797 %n5393 53
61937 73218 16504 16136 3941 92041 39073 40964 40923 27743 51380 18084 7497 20350 68235 92746 51638 88859 8842 94172 5783 66217 20931 98653 65370 71747 69476 1196 98347 38588 15568 15937 27447 26097 75385 52434 31345 21591 31753 74959 56069 3569 93165 11677 3870 65290 88814 36343 25199 8189 6110 96017 91946 %n5417 53
62746 11154 59777 44509 71913 20255 35501 33363 76419 26421 24983 6987 35403 43603 9821 50440 81790 56126 36258 26374 38443 36355 29481 81387 13318 56759 21042 75825 87570 89874 48750 84051 38253 80654 32076 73554 17844 67852 55405 18350 57742 45362 73665 16313 41551 8578 56734 1472 54450 160 30106 55490 55064 %n8626 38
92373 17886 42585 33653 64671 2116 45647 47683 71399 94610 15464 96824 46677 99877 53885 72713 60089 35485 70993 59128 91773 11068 81169 79118 83965 8043 44207 5863 41721 85000 7844 77921 33109 50009 66069 20259 41064 26840 %n4240 24
53971 21906 4642 34017 61969 29327 80557 63726 82695 72423 38065 86883 76294 21909 51604 98207 98082 73734 10057 84924 33221 6497 58539 97278 %n6553 32
26961 503 20252 39889 34797 82936 77938 93016 94921 72776 54507 8781 20744 9783 88435 50322 51788 95842 96149 62282 88339 25533 52456 12944 2838 36470 1748 99186 95454 4468 85942 91245 %n4003 32
82667 54575 37378 58610 29482 24908 75749 99311 79661 5878 43549 91470 53201 18472 4406 3136 75359 90971 69433 9729 17654 79419 93517 4614 75874 1871 1324 50084 89065 91878 397 97634 %n6589 16
94053 99450 18162 42963 43437 35159 50086 40857 6361 50169 61464 93445 33259 30900 87793 52223 %n6548 17
80548 94024 68746 29169 12414 54816 46464 50145 44855 42944 57895 11685 77116 55160 70806 2510 94352 %n6232 9
47726 68186 32917 61806 67848 25656 11281 61054 87897 %n7567 10
98349 35968 96660 64490 41033 90519 85002 27144 18637 86391 %n3025 8
18894 6222 59322 27112 73454 70401 53386 95228 %n580 6
72585 10155 42847 73694 71782 12089 %n5727 10
71405 81549 26332 243 76377 43485 81090 48078 54675 71603 %n4620 3
53786 69594 94824 %n6770 1
21565 %n3989 3
31232 97233 30917 %n2157 2
12378 34123 %n7072 0
%n5722 1
91926 %n3230 3
23040 698 16137 %n5354 2
97814 63817 %n7907 3
64797 39171 30321 %n7043 0
%n2524 0
%n7548 0
%n891 0
%n9420 1
55936 %n4485 0
%n8336 1
84522 %n5405 0
%n4682 0
%n6016 0
%n4825 0
%n1735 0
%n2277 0
%n3481 0
%n2187 0
%n4931 0
%n404 0
%n4661 0
%n7199 0
%n3496 0
%n5403 0
%n2061 0
%n2769 0
%n3708 0
%n9092 0
%n6022 0
%n4287 0
%n1737 0
%n6881 0
%n1095 0
%n4118 0
%n4913 0
%n1999 0
%n7990 0
%n8019 0
%n7176 0
%n5768 0
%n2767 0
%n5170 0
%n30 0
%n2283 0
%n729 0
%n9126 0
%n8830 0
%n7909 0
%n486 0
%n2803 0
%n615 0
%n1326 0
%n7030 0
%n8396 0
%n412 0
%n3669 0
%n5144 0
%n6652 0
%n5115 0
%n2196 0
%n4865 0
%n5317 0
%n3629 0
%n513 0
%n4133 0
%n8945 0
%n7685 0
%n9435 0
%n2197 0
%n4607 0
%n7341 0
%n6831 0
%n13 0
%n7624 0
%n7914 0
%n6933 0
%n4624 0
%n2981 0
%n5176 0
%n5653 0
%n5647 0
%n1355 0
%n3520 0
%n9361 0
%n