136
546 23
2712 34421 20072 67557 18132 12987 76763 5377 47537 15309 51333 25949 47733 26941 68256 16934 53614 13764 3499 71358 65811 34632 56894 %n2191 18
559 13885 8008 44237 17983 25102 33906 71381 3985 25557 14126 71545 65891 1865 74874 8338 775 16225 %n7537 19
1619 43472 38399 61934 63914 10665 39236 50636 51527 46175 16789 28381 32444 22472 63937 76591 76998 74188 17013 %n214 22
8581 71904 67139 54062 26672 75606 36618 6899 23558 30406 51208 15774 65350 50428 56838 58719 19320 45030 44846 63767 6425 59327 %n5699 16
12059 64603 29388 48025 25162 35226 64053 24199 30799 46863 29226 40952 21124 58421 35887 69897 %n3372 15
51415 4124 37194 64426 62349 43351 27279 17145 68418 46735 48767 54650 8346 51148 45859 %n6583 17
37268 27467 61751 73088 48494 58552 14338 9806 28816 48118 71973 73163 57964 34472 44462 71210 49113 %n2161 17
56107 76207 18119 41830 59274 71648 36670 73530 38894 67088 73000 20115 66477 49049 22714 33582 25247 %n6770 15
69226 41786 27706 28806 60136 63577 73241 49193 13481 38809 63292 37843 20372 45180 8663 %n7753 15
15425 6226 1637 39876 23068 5597 46602 30922 39672 771 24521 20723 64826 32968 45385 %n2573 14
46194 13353 31840 44572 14659 78114 67604 19030 47119 32364 54830 3357 47108 20029 %n1815 15
53309 12553 42054 16170 9988 32657 36880 74048 17576 66193 67949 7288 68668 49539 59381 %n4278 12
43150 39051 30221 47281 28356 29886 63542 43610 12697 58871 44508 3039 %n4547 13
31441 39156 75749 29461 4535 34470 41588 44440 71605 61693 72858 34676 20230 %n7179 11
58497 46866 8024 34758 73091 16233 56302 57306 37064 11704 53401 %n7867 12
69691 3351 49474 27534 13169 36293 2268 45154 30117 69077 9792 71916 %n2704 9
65204 60801 23915 18978 66181 16555 34399 77907 52681 %n2526 11
40604 14297 57168 55780 63733 27956 67170 71649 72066 57138 34154 %n2476 9
6801 58664 37831 57682 61108 78213 69707 49170 42535 %n593 8
13747 2472 52928 28241 3762 53484 20614 49291 %n2479 11
35172 36636 36306 11584 47411 53605 17050 28375 64640 43456 40664 %n1026 4
64067 29491 66634 66035 %n4308 5
39510 39483 6290 26351 8115 %n6769 7
10513 53718 3512 26690 10103 17909 3480 %n663 4
69762 18498 69890 49128 %n400 7
52027 2126 50702 5875 44904 23060 18920 %n7791 5
14877 67129 65395 62496 22174 %n4396 6
76134 67521 23169 25864 70356 53997 %n7626 4
64193 48070 33200 43342 %n5080 3
36214 35291 30424 %n1392 3
25913 20050 31769 %n4647 3
47415 60786 324 %n6872 8
1474 28418 59723 25773 44327 57262 34634 22262 %n4943 4
22966 48746 77317 61316 %n3992 4
70328 64565 51503 67627 %n4248 3
46302 31374 62401 %n2864 2
2363 33459 %n5750 2
484 32937 %n3912 5
77616 2872 16948 57812 41489 %n1584 1
62831 %n1101 3
76814 58134 71249 %n1148 1
25123 %n4749 5
69479 55923 33096 54767 22515 %n3260 3
7571 32080 726 %n536 2
40479 34448 %n7586 5
58833 50020 60347 35053 15095 %n5611 5
1123 24304 61153 16148 58276 %n7925 1
39528 %n1906 2
16865 22399 %n3224 0
%n39 0
%n130 3
1670 61813 14749 %n6469 0
%n4801 2
28150 1114 %n4903 1
21565 %n7676 0
%n6260 2
15742 9034 %n270 4
38282 43986 59262 10793 %n600 1
66922 %n255 1
42276 %n6711 0
%n6336 1
9044 %n472 2
58191 63908 %n6486 1
12938 %n1413 1
40023 %n7479 3
75877 16653 20268 %n5991 1
36579 %n6806 2
10887 69140 %n5128 1
65245 %n5041 0
%n3662 0
%n4459 2
63674 42001 %n3779 0
%n1517 1
26549 %n3595 0
%n1742 1
58713 %n2532 0
%n7138 1
59049 %n6564 0
%n1042 2
59199 19487 %n3624 1
66126 %n478 0
%n5036 0
%n4004 0
%n1030 0
%n654 1
26421 %n1978 1
35993 %n1480 1
23674 %n5694 0
%n4207 1
51591 %n3982 1
68549 %n1302 1
18059 %n1825 0
%n6219 1
43018 %n4426 0
%n4733 1
54398 %n5499 0
%n1526 0
%n705 1
46761 %n5895 0
%n1140 0
%n5793 0
%n5927 0
%n7045 0
%n495 0
%n872 0
%n3821 2
56067 53131 %n5090 0
%n1924 0
%n6190 1
73159 %n7187 0
%n2369 0
%n2709 1
64803 %n3589 0
%n6212 0
%n3275 0
%n7578 1
67741 %n4081 0
%n6832 0
%n437 0
%n2996 0
%n3490 0
%n3958 0
%n5671 0
%n3831 0
%n4967 0
%n5371 0
%n3507 0
%n5785 0
%n207 0
%n6007 0
%n7075 0
%n5842 0
%n7040 0
%n6891 0
%n5310 0
%n