343
3709 146
38974 79891 35493 70182 67331 32995 76695 99470 12860 1106 96042 56572 19238 17265 29547 62039 1363 71976 19737 19315 90827 60318 17439 86975 16468 91740 76387 43851 15925 958 93819 11013 43183 33593 98681 54196 61121 63494 87712 79733 92254 96627 98200 31549 57931 71373 92027 82771 16367 82931 31753 52397 51656 69973 45190 869 73481 7674 80955 4860 1282 25244 57457 16425 94626 76899 50206 40824 50299 60195 19033 53544 14808 66103 26264 919 62226 48617 32936 59943 46242 83073 49097 61354 56332 48334 69071 57606 99738 92408 21006 94283 5597 72445 49852 30034 51745 20923 31604 97774 35375 9447 44765 81884 36368 36708 30936 33004 86393 95508 69450 5277 20630 24565 28368 60879 13522 14420 24308 56568 58644 11305 81469 75262 80431 80281 63860 91195 64901 10842 93565 93394 63515 83181 41146 93635 75345 97409 47351 75490 68258 2359 40529 40355 64457 1004 %n5251 113
5546 15549 30568 73833 21572 99520 34316 4078 95798 4639 75106 4495 6696 12157 31574 55383 43364 79794 78594 92467 29457 88577 30044 18148 333 11088 70006 41915 16494 28424 18074 70171 88039 83685 42754 34139 11546 57963 92244 63060 94779 77491 67170 77520 92339 15954 66601 29592 61335 41485 85920 38110 44927 19349 48312 78533 3796 42763 64 49510 411 2475 61439 86916 13806 36752 91815 18736 24354 64199 92350 26434 32785 59467 9352 96433 522 47450 50404 18524 17233 57371 75854 65327 47111 75400 93396 3614 94947 48417 23471 497 6470 50589 72787 82889 2861 41703 53473 41917 81873 98482 80139 1451 45619 94252 81681 24194 81126 53960 42921 1396 77881 %n5622 92
87573 82988 81891 47433 73214 78810 46774 72418 98046 52963 39795 40763 24949 63892 81723 13061 39900 38268 17413 66715 97244 18876 56211 8675 69612 65427 2801 40794 99623 99094 8853 98449 65008 223 21605 1714 92107 50262 18107 33243 33185 14963 98032 7218 85418 19635 20438 150 10624 9661 38434 2508 48059 11197 20016 67341 7658 157 5109 44731 18331 65325 68111 63063 68405 97358 12460 57715 2120 96768 83179 92830 27780 42166 75541 21676 47354 10064 60765 38938 66732 89503 9877 35291 21919 76595 86874 12436 16274 886 69761 47001 %n1224 67
23505 32751 76313 79969 70625 85528 75330 98257 64956 83853 80770 72801 7278 44529 18985 12919 24772 28584 3748 89812 90697 90684 88499 80683 38562 85023 30467 67515 71425 26022 72658 41334 21805 98916 58402 60600 86256 52873 43727 66278 39698 52534 41820 26123 51345 97367 44941 85065 99285 90607 89975 7966 70450 36476 9055 78140 94168 7455 72381 77716 69854 64751 9856 69074 94636 10566 64828 %n2701 50
53399 46751 12722 34314 19981 7397 17681 33333 60562 54875 34144 40995 17283 22347 43846 83194 36913 25084 4635 25536 93377 76245 67855 66190 22961 36042 88478 49082 7687 47256 1258 39978 48 24286 81003 63360 19410 26456 32874 87358 41076 96593 68334 46827 85436 8511 98185 34531 40538 7789 %n1492 43
89508 4699 30616 77265 78519 92705 91846 1249 43816 46902 54905 70478 66734 89715 49916 11213 22443 98190 41909 21598 90300 77873 89358 38413 5496 46655 98024 75656 42171 93126 92216 97435 83176 66477 87063 60821 32844 79606 15294 79020 91699 89452 97825 %n2215 44
89454 33014 39459 9946 15084 71561 53936 27982 70152 35379 26507 3122 78348 27254 48392 8626 10716 35922 64591 60876 60534 77414 37283 96748 39146 46211 59488 74787 8336 45253 89743 3981 97268 81634 98181 63040 47662 12633 32884 68292 51994 53890 34860 2525 %n3494 29
36782 95807 57105 42732 47032 43838 19041 68309 36573 59514 75165 35362 80161 41290 1127 82437 22258 318 19335 42620 94235 95428 68681 33204 14845 69475 66758 4933 16561 %n4316 33
50663 27790 91125 24362 62549 85952 1615 49119 33241 83817 49634 84515 15313 65693 10053 29406 725 78129 34965 46895 97728 39404 19609 12323 60911 25444 39113 33124 86591 87213 7099 54437 69433 %n6744 16
64202 52124 12269 18577 4347 94295 80704 40642 77632 18773 95520 52385 39327 43716 37209 95578 %n5443 13
95193 89427 48619 72102 95076 86930 34384 48232 12226 76525 73258 39741 17601 %n385 16
63104 33638 43216 45959 93728 40249 57425 81971 43070 22828 85222 96780 6481 28858 35368 91927 %n5822 10
40274 16020 45071 56036 21359 38628 29314 26182 24079 35701 %n3502 8
28418 38030 86485 9543 65701 29631 67645 86580 %n631 6
7786 24625 38958 48442 50562 15489 %n4416 1
32694 %n4987 2
28941 19690 %n1312 2
19794 22039 %n981 2
26955 69929 %n3463 1
65151 %n3193 1
77301 %n985 1
17572 %n2640 0
%n3222 1
53572 %n5575 0
%n3268 0
%n756 1
16669 %n5311 0
%n5620 0
%n1909 0
%n5634 0
%n204 0
%n1440 1
66919 %n5826 0
%n3439 0
%n2475 0
%n205 0
%n1952 0
%n2901 0
%n1779 1
92925 %n361 0
%n2236 0
%n4077 0
%n6312 0
%n233 0
%n3882 0
%n1236 0
%n6495 0
%n3954 0
%n1661 0
%n2222 0
%n5069 0
%n5246 0
%n5685 0
%n4063 0
%n2160 0
%n3492 0
%n1428 0
%n1204 0
%n4586 0
%n152 0
%n1579 0
%n4784 0
%n546 0
%n1258 0
%n2227 0
%n5042 0
%n6223 0
%n1259 0
%n6030 0
%n213 0
%n2660 0
%n6431 0
%n4821 0
%n3948 0
%n6260 0
%n4955 0
%n3543 0
%n342 0
%n6691 0
%n3320 0
%n2259 0
%n4967 0
%n920 0
%n5719 0
%n5868 0
%n4363 0
%n193 0
%n6513 0
%n171 0
%n5610 0
%n3837 0
%n1804 0
%n1648 0
%n5459 0
%n689 0
%n5853 0
%n5463 0
%n1212 0
%n3213 0
%n6624 0
%n143 0
%n1097 0
%n64 0
%n2303 0
%n4714 0
%n4603 0
%n793 0
%n1006 0
%n5254 0
%n1169 0
%n5165 0
%n3537 0
%n1951 0
%n2987 0
%n5172 0
%n3852 0
%n1270 0
%n2740 0
%n2325 0
%n4079 0
%n5768 0
%n390 0
%n1240 0
%n3465 0
%n6354 0
%n6024 0
%n1630 0
%n2569 0
%n6139 0
%n6581 0
%n4748 0
%n5261 0
%n4533 0
%n6412 0
%n4654 0
%n2470 0
%n6021 0
%n5485 0
%n197 0
%n4588 0
%n1688 0
%n4701 0
%n1458 0
%n6821 0
%n2956 0
%n5242 0
%n2412 0
%n375 0
%n1402 0
%n614 0
%n4222 0
%n4560 0
%n2441 0
%n4895 0
%n2994 0
%n4532 0
%n4950 0
%n5442 0
%n5938 0
%n563 0
%n6144 0
%n1663 0
%n3553 0
%n1146 0
%n3812 0
%n1660 0
%n3425 0
%n1535 0
%n6241 0
%n830 0
%n997 0
%n487 0
%n5351 0
%n5188 0
%n2368 0
%n3932 0
%n6712 0
%n1990 0
%n2230 0
%n5559 0
%n3524 0
%n250 0
%n5013 0
%n1945 0
%n3805 0
%n2793 0
%n1893 0
%n5450 0
%n3265 0
%n4681 0
%n3464 0
%n529 0
%n2168 0
%n5895 0
%n2951 0
%n311 0
%n6406 0
%n5309 0
%n5062 0
%n3237 0
%n5179 0
%n2011 0
%n1160 0
%n1522 0
%n2566 0
%n2558 0
%n4078 0
%n1664 0
%n3621 0
%n526 0
%n2693 0
%n3902 0
%n5293 0
%n638 0
%n4143 0
%n188 0
%n2939 0
%n60 0
%n4515 0
%n2116 0
%n4400 0
%n6068 0
%n1737 0
%n3845 0
%n3133 0
%n4883 0
%n2700 0
%n4605 0
%n1803 0
%n2350 0
%n59 0
%n566 0
%n2188 0
%n969 0
%n1519 0
%n5052 0
%n3270 0
%n2641 0
%n3388 0
%n4922 0
%n6393 0
%n2104 0
%n1708 0
%n4132 0
%n1348 0
%n5145 0
%n3933 0
%n2255 0
%n75 0
%n2678 0
%n3030 0
%n1802 0
%n3659 0
%n5315 0
%n4602 0
%n3718 0
%n3763 0
%n3126 0
%n996 0
%n5606 0
%n5330 0
%n6512 0
%n2741 0
%n2870 0
%n1079 0
%n6466 0
%n1089 0
%n5297 0
%n1662 0
%n4512 0
%n3823 0
%n3344 0
%n872 0
%n1580 0
%n668 0
%n1638 0
%n1606 0
%n2120 0
%n670 0
%n5973 0
%n679 0
%n6486 0
%n4165 0
%n254 0
%n6743 0
%n3672 0
%n4779 0
%n1042 0
%n6058 0
%n4946 0
%n1762 0
%n3979 0
%n785 0
%n4108 0
%n5185 0
%n5866 0
%n6535 0
%n3036 0
%n678 0
%n3346 0
%n594 0
%n2101 0
%n6598 0
%n5142 0
%n6001 0
%n1214 0
%n410 0
%n5431 0
%n688 0
%n2117 0
%n3940 0
%n3420 0
%n6361 0
%n6517 0
%n6090 0
%n2172 0
%n3368 0
%n1722 0
%n6201 0
%n6022 0
%n5802 0
%n2891 0
%n5903 0
%n6007 0
%n5729 0
%n2177 0
%n6191 0
%n5688 0
%n5287 0
%n6689 0
%n5592 0
%n3115 0
%n870 0
%n5491 0
%n431 0
%n243 0
%n5085 0
%n161 0
%n6428 0
%n5502 0
%n232 0
%n4330 0
%n