141
3970 16
27884 55787 68543 63622 4834 34166 90848 99997 6094 82213 11505 74761 62783 7670 16667 11701 %n5999 16
26564 97004 24111 47264 96098 78780 50821 60598 9283 9769 5544 84063 3512 18306 60759 78364 %n4649 14
40364 32491 66825 45433 67551 51512 22508 43653 75279 71169 44060 15972 61536 48992 %n3912 16
43042 14211 29113 20647 19238 45572 93020 45530 13811 65617 598 5869 97397 42569 45048 6032 %n2644 16
63855 87863 34762 17496 54357 97974 22871 52623 88717 43494 93510 96498 13305 32320 82156 73338 %n2242 13
43835 82200 51175 75444 87387 1227 79965 72483 22294 92420 29367 43072 67258 %n6368 14
71611 60386 22443 77141 79813 73643 21989 82130 47886 4018 58317 54979 72621 75649 %n5236 14
8523 79708 63374 41597 44323 36520 59241 58271 45501 68302 59252 30982 84308 13775 %n5805 14
60750 25146 18409 63616 19040 94595 27694 35743 79191 85683 14124 86438 83172 31423 %n4412 14
75922 85656 9522 45709 77052 84356 88431 55218 22889 54854 3741 46432 84828 71400 %n5483 11
34626 3837 56110 49569 49214 53862 76035 3280 34427 85322 74674 %n5915 10
2731 72226 16532 21151 60840 34855 58347 27003 47485 62125 %n5779 7
96744 95051 49044 18551 57943 30279 81974 %n77 11
70046 24481 99497 7909 20612 11789 30039 7854 59630 67249 62369 %n6716 8
78870 20242 28026 65705 66634 7734 68443 28116 %n1845 12
32379 21199 29318 37095 72872 83832 45378 92802 72587 49646 1250 94605 %n3145 9
82365 95361 56915 42800 31029 3451 55474 6812 37336 %n1551 11
40470 2319 23211 67696 69160 59852 92718 39776 60735 34252 20702 %n207 8
19915 95893 74097 61044 63694 71827 69270 58456 %n5297 7
91237 3221 51775 988 98465 83495 79041 %n5221 8
26637 18009 5328 55354 36958 16636 39855 60406 %n5403 6
63005 92337 50043 15978 81731 69968 %n5337 5
28594 15327 36957 53407 32933 %n2813 5
35905 50056 62063 87210 87582 %n4554 6
129 80462 80605 6428 80701 487 %n6058 10
21383 82402 47287 24208 47766 63521 43520 71648 21154 12128 %n5550 6
86636 20671 4812 52467 75912 53244 %n3542 2
75241 22170 %n4197 4
71651 56332 81016 29150 %n3607 5
80273 98095 46358 4825 17357 %n6345 3
9562 28361 79320 %n5386 5
61634 97689 50886 16931 79604 %n1709 3
40433 96552 15413 %n6682 4
3806 39935 39747 23946 %n5605 3
60904 77537 59372 %n3977 6
29277 3060 59313 37452 86323 59834 %n571 7
68775 42891 80781 71594 29614 19536 73292 %n5709 3
80356 83709 65652 %n2400 2
28461 42093 %n2857 4
32001 61518 72481 74505 %n6619 1
41302 %n1954 3
17634 31738 71888 %n4736 2
22594 87902 %n1953 2
78027 78839 %n4547 1
90345 %n3433 3
69950 50836 51273 %n1306 4
57430 38637 231 71587 %n395 3
62039 37486 83536 %n6210 4
53463 71123 25109 27359 %n3280 3
52965 64356 3785 %n4787 4
56975 19126 67190 16980 %n1404 6
5806 34081 24420 82419 50602 6176 %n433 0
%n4719 1
75025 %n2479 1
88070 %n2806 2
68155 9552 %n159 1
71230 %n4585 1
71625 %n1594 3
38656 5138 65929 %n5042 1
4455 %n3386 1
8083 %n5988 2
78784 15836 %n5720 2
22464 69724 %n4455 0
%n1089 3
16409 66013 54734 %n6173 1
87834 %n1696 2
84697 60981 %n84 2
32272 4593 %n3108 1
80577 %n4557 2
26043 63113 %n5241 3
54793 7827 50410 %n1472 1
37605 %n2069 1
94861 %n853 0
%n4904 1
74937 %n3875 1
13303 %n2785 1
8911 %n5056 2
34341 14676 %n6301 5
86258 32414 49329 3312 87486 %n6504 0
%n3141 2
92540 9389 %n4712 0
%n3347 0
%n1001 1
7900 %n3803 0
%n321 0
%n3895 0
%n2277 0
%n5177 1
95900 %n2839 0
%n3518 1
60849 %n1426 1
81944 %n6545 0
%n3068 0
%n5887 0
%n4488 1
60713 %n3375 1
36676 %n4561 0
%n3365 1
75651 %n264 1
17516 %n2053 1
48039 %n4380 1
77699 %n4938 1
22437 %n599 1
2763 %n1684 0
%n4968 0
%n5982 0
%n2636 0
%n2988 1
2568 %n860 1
86833 %n2603 1
23032 %n6250 0
%n257 0
%n1960 0
%n4973 1
72684 %n2454 0
%n5853 0
%n5926 0
%n6612 0
%n1455 0
%n5529 0
%n6125 0
%n4589 1
98382 %n4845 0
%n6721 1
15319 %n1508 0
%n3630 0
%n2629 0
%n4784 1
41529 %n6128 0
%n6212 0
%n1557 0
%n4919 0
%n6590 1
66820 %n5537 0
%n789 0
%n2884 0
%n1744 0
%n6445 0
%n5040 0
%n6678 0
%n