361
6096 113
78203 57932 81408 25073 37576 54449 47010 82622 93899 24819 7533 62209 62780 73523 54219 54605 17188 55820 9768 5219 49932 14265 11973 74131 34479 76817 10021 14248 38626 70239 55079 76490 4580 10740 87905 88800 16269 37408 42498 38320 4944 50999 73069 48533 7867 99597 10624 8958 32444 6156 30618 5792 20115 74785 67879 83191 47375 64807 14718 17332 67129 32789 97837 17729 55669 55920 97590 29246 73420 68539 89996 57294 88342 17037 10952 40845 39017 71530 96724 97769 66454 72488 96283 45787 23890 92302 97359 79393 88806 9066 59397 67820 22822 67215 2688 98759 89184 82855 99147 73025 74207 87559 61440 68050 60340 74249 83034 30050 11475 46120 40911 59383 68356 %n341 92
10818 95636 79110 18573 71318 34848 65580 19502 51106 22821 55223 8267 57765 93316 19049 56267 1813 87311 67678 5505 38416 55891 61100 28970 5242 67200 74087 82811 87079 52352 30409 60591 36054 5477 6031 63897 52124 80802 41211 78281 27077 88044 17870 29078 73619 52111 36361 22984 51187 95040 7731 55104 60030 76554 76113 90986 57839 48653 55256 97858 10860 80169 78349 16007 42111 3066 57023 157 58626 63342 57116 21808 76614 12705 48043 20738 35913 98273 71743 55426 34067 94921 13229 54437 36496 89972 71320 39488 32122 99347 36684 25485 %n6999 64
45232 39210 47603 49882 43094 64022 27769 4806 18754 29337 34079 86834 66908 46554 49386 32499 8768 65690 41218 17283 32087 60154 55810 26698 11601 24266 2974 7560 12751 68507 68225 28574 35818 36452 61079 24561 66597 72401 43333 6994 41045 98222 98335 41287 35330 83956 94109 19594 79251 38770 67986 19161 17600 54120 49384 45909 41605 93705 93313 87885 90652 18496 70889 94148 %n5407 58
45610 13231 27291 20920 86404 55477 53662 60508 69256 84591 65773 4006 10962 69781 90476 31148 7691 23256 48980 13288 52769 64926 26257 33227 79676 85817 46130 87902 39795 6587 65897 85761 51570 96084 96018 49840 68074 34500 99940 30391 67800 73321 38100 27459 10830 29350 8601 47702 53177 74052 83480 41313 86918 17649 7216 2437 23817 49030 %n3931 39
63094 7546 94545 86512 83050 84114 17126 80108 60101 79580 63850 67914 58395 67680 70176 15605 62016 71824 74588 30019 22416 96640 97177 82267 5214 49998 72920 70116 47579 30940 58687 93759 25245 57487 23261 64949 23541 39517 97604 %n4430 26
42813 99409 71814 58618 18974 63929 84278 68305 90786 71078 4493 51485 80092 81119 90073 20467 91050 86613 50989 75905 50875 22402 8743 71465 18054 65349 %n6996 16
10023 99983 52089 91326 45234 77126 23794 39723 92763 79098 55355 43305 9939 14795 66938 35530 %n2864 18
52793 60744 63557 18903 55340 6279 24651 37645 36623 78872 63181 92805 6922 2461 19985 3 62896 67784 %n872 14
99310 7127 86121 78283 98729 45871 60936 9995 50488 84817 33738 53775 96250 46581 %n5594 9
47789 538 84608 2771 69673 60265 75627 1870 69009 %n132 12
40932 89525 60214 29438 52132 84020 15363 69402 62473 89570 92971 65796 %n6465 10
66581 37302 69759 55259 42521 1130 34231 16778 89364 13653 %n4262 5
25221 222 52752 57990 30889 %n166 5
78784 88238 55462 88614 65288 %n4181 4
38251 92160 15451 92339 %n7125 4
2442 82273 55471 48456 %n8137 2
42318 27372 %n5134 2
32566 58311 %n5298 0
%n6936 2
57211 19925 %n3848 0
%n3871 0
%n1471 1
39485 %n3741 0
%n7789 0
%n5013 1
94157 %n1192 0
%n3734 0
%n2641 0
%n1911 0
%n1797 0
%n3964 0
%n1918 0
%n7943 0
%n6084 0
%n6257 0
%n4226 0
%n8357 0
%n6455 0
%n8157 1
2284 %n902 0
%n1083 0
%n4957 0
%n8422 0
%n8311 0
%n7351 0
%n2214 0
%n7858 0
%n2430 0
%n2903 0
%n3027 0
%n765 0
%n5341 0
%n6107 0
%n3788 0
%n743 0
%n8654 0
%n6649 0
%n5937 0
%n6524 0
%n8038 0
%n3007 0
%n6859 0
%n5716 0
%n5019 0
%n3905 0
%n2706 0
%n4205 0
%n5743 0
%n3183 0
%n7210 0
%n1886 0
%n8697 0
%n5747 0
%n5378 0
%n7645 0
%n2849 0
%n6765 0
%n7063 0
%n7588 0
%n1114 0
%n1806 0
%n616 0
%n2130 0
%n2131 0
%n8546 0
%n2440 0
%n8298 0
%n8197 0
%n6688 0
%n1575 0
%n4799 0
%n8325 0
%n3949 0
%n1748 0
%n4308 0
%n7328 0
%n6711 0
%n1136 0
%n3534 0
%n5597 0
%n3807 0
%n4546 0
%n7146 0
%n441 0
%n1912 0
%n5878 0
%n3751 0
%n6742 0
%n6843 0
%n7794 0
%n6968 0
%n6876 0
%n3999 0
%n7775 0
%n1100 0
%n2471 0
%n7488 0
%n6064 0
%n1758 0
%n4801 0
%n7098 0
%n4484 0
%n8257 0
%n3302 0
%n6955 0
%n3704 0
%n121 0
%n8253 0
%n2394 0
%n2080 0
%n964 0
%n7837 0
%n4341 0
%n4694 0
%n4346 0
%n2883 0
%n7336 0
%n3442 0
%n6266 0
%n6547 0
%n4168 0
%n3040 0
%n2746 0
%n4351 0
%n2407 0
%n6840 0
%n7713 0
%n5101 0
%n3342 0
%n1917 0
%n4664 0
%n6731 0
%n7606 0
%n6145 0
%n5826 0
%n6440 0
%n5489 0
%n7587 0
%n5757 0
%n7440 0
%n3236 0
%n2995 0
%n6802 0
%n7225 0
%n1387 0
%n4979 0
%n3469 0
%n7648 0
%n1482 0
%n846 0
%n6348 0
%n196 0
%n8732 0
%n6947 0
%n5784 0
%n4832 0
%n643 0
%n7446 0
%n5920 0
%n2663 0
%n4676 0
%n3524 0
%n6803 0
%n1188 0
%n7081 0
%n3521 0
%n6223 0
%n7347 0
%n2475 0
%n2544 0
%n8640 0
%n2935 0
%n2441 0
%n8025 0
%n2171 0
%n6723 0
%n2847 0
%n2404 0
%n1354 0
%n834 0
%n6627 0
%n7091 0
%n4236 0
%n5986 0
%n6122 0
%n7874 0
%n2174 0
%n3781 0
%n1826 0
%n2653 0
%n1751 0
%n6997 0
%n3844 0
%n1809 0
%n4252 0
%n3722 0
%n5950 0
%n6588 0
%n3818 0
%n1059 0
%n7105 0
%n5711 0
%n6062 0
%n7578 0
%n2150 0
%n5039 0
%n6240 0
%n7621 0
%n8292 0
%n3082 0
%n7362 0
%n332 0
%n7831 0
%n661 0
%n8446 0
%n5740 0
%n6578 0
%n3864 0
%n1830 0
%n6788 0
%n2953 0
%n8139 0
%n7354 0
%n8103 0
%n1995 0
%n4620 0
%n2808 0
%n4838 0
%n1279 0
%n7982 0
%n1069 0
%n1552 0
%n92 0
%n143 0
%n1185 0
%n7507 0
%n3163 0
%n4831 0
%n6877 0
%n717 0
%n5911 0
%n1037 0
%n6908 0
%n7714 0
%n6883 0
%n2411 0
%n6725 0
%n3069 0
%n5752 0
%n2251 0
%n4695 0
%n2320 0
%n791 0
%n2507 0
%n7004 0
%n631 0
%n1048 0
%n1183 0
%n8090 0
%n2595 0
%n7382 0
%n271 0
%n8028 0
%n126 0
%n5601 0
%n7385 0
%n823 0
%n2509 0
%n8571 0
%n8238 0
%n5412 0
%n2690 0
%n6885 0
%n6789 0
%n6882 0
%n5389 0
%n6443 0
%n1815 0
%n5397 0
%n4751 0
%n7192 0
%n2247 0
%n4312 0
%n3684 0
%n5054 0
%n6741 0
%n7020 0
%n4354 0
%n5377 0
%n1889 0
%n4741 0
%n8010 0
%n7917 0
%n8262 0
%n4954 0
%n946 0
%n1704 0
%n6022 0
%n5655 0
%n348 0
%n6035 0
%n7901 0
%n7762 0
%n703 0
%n6954 0
%n3537 0
%n6782 0
%n8525 0
%n5476 0
%n4101 0
%n2396 0
%n7329 0
%n6048 0
%n3837 0
%n1660 0
%n1833 0
%n6749 0
%n2557 0
%n3838 0
%n4012 0
%n4583 0
%n7876 0
%n7953 0
%n5236 0
%n1064 0
%n4834 0
%n1112 0
%n4388 0
%n3575 0
%n7169 0
%n2589 0
%n3323 0
%n5503 0
%n2406 0
%n4702 0
%n371 0
%n6633 0
%n921 0
%n8759 0
%n1554 0
%n