221
8479 113
72528 80015 10506 22076 46292 31260 90148 21883 41793 43217 24395 51911 66639 34014 46634 52771 12027 16723 87808 22645 50426 88552 55980 5781 15733 11118 42129 84540 46825 17067 50941 80563 74476 10872 65281 22911 71253 37600 13876 40206 4275 15310 9519 48202 44227 55890 19610 64319 25714 82604 52494 49551 77192 35580 56081 64978 65251 22231 65896 3535 11409 1875 15160 30357 28552 88702 86567 52679 68276 44542 29203 90773 77885 2854 77911 14092 11895 60243 62263 66336 17826 31572 73074 4536 61446 39885 56005 57923 23848 42168 83681 23519 38944 32975 57712 18017 60918 62647 491 36282 1204 40793 7780 63800 49627 54973 52510 47855 47563 53415 90435 17172 18817 %n922 70
10496 41631 44620 77789 78499 50825 64913 4441 41247 18736 54410 47288 7324 77599 14377 2724 88359 31942 25858 79152 58274 8901 23451 13139 30955 87935 30442 23501 44480 21948 61335 7706 36288 91179 54298 52074 30997 86818 37690 88443 37713 15991 72935 90330 625 20174 23890 41822 43143 9687 5271 2185 55711 89616 65838 27801 25960 5961 73142 6674 78994 62279 112 29857 49843 20903 62088 1387 10513 2792 %n1677 58
39113 80632 65424 17957 68402 11629 73761 58457 34587 51391 42716 69383 90620 60721 23160 31661 28887 40566 19877 23420 3544 6286 46200 22877 32227 81350 82274 27587 75146 8656 69255 53582 56520 32925 8612 36035 45104 28518 31517 44645 90767 38559 75501 14726 91032 53498 25505 6197 50579 44767 42909 32286 77902 24586 74742 16813 46723 81964 %n2363 39
13031 83839 90566 15247 64098 13669 88841 25349 79685 8387 69327 47371 79714 37656 22760 16538 45467 48804 15525 35941 11685 70500 40354 13393 88804 11 39944 47065 83157 70170 39473 45855 67659 66899 20561 41336 26634 83647 6034 %n5904 22
19852 65207 782 22731 10265 6194 69087 16096 20157 71034 28789 44289 61264 65368 41484 23747 6508 31229 77722 6055 70998 33814 %n5953 26
53175 1071 26570 10089 83902 49573 50886 31542 71769 9103 6027 23005 25287 86995 32790 1606 17332 81506 2037 60425 85451 58799 88619 47192 17262 71647 %n127 9
52593 76063 32016 4394 42195 78235 67218 38250 65154 %n271 6
72698 76825 47407 5064 9588 63479 %n5357 5
84212 68314 23523 84847 55506 %n883 5
50020 12207 38283 26574 88123 %n7275 5
76309 60000 89911 31465 90246 %n6738 0
%n7847 1
40867 %n5854 1
29778 %n5134 0
%n2907 1
35068 %n4178 1
50582 %n2416 0
%n2412 1
50773 %n8308 0
%n4674 0
%n2868 0
%n7407 0
%n2779 0
%n5826 1
43733 %n2051 0
%n7139 0
%n35 0
%n8776 0
%n6195 0
%n1087 0
%n1256 0
%n8814 0
%n4827 0
%n2418 0
%n2357 0
%n5464 0
%n1504 0
%n253 0
%n4283 0
%n833 0
%n5716 0
%n7511 0
%n8058 0
%n3972 0
%n4274 0
%n5297 0
%n5609 0
%n2952 0
%n3895 0
%n4878 0
%n4740 0
%n4794 0
%n5711 0
%n2291 0
%n2434 0
%n1783 0
%n7870 0
%n4278 0
%n1729 0
%n2055 0
%n7889 0
%n515 0
%n2397 0
%n6223 0
%n6884 0
%n5501 0
%n3044 0
%n3932 0
%n1444 0
%n2189 0
%n5502 0
%n415 0
%n7398 0
%n8504 0
%n4263 0
%n4685 0
%n7840 0
%n7279 0
%n4140 0
%n7837 0
%n4378 0
%n3330 0
%n3665 0
%n1458 0
%n6949 0
%n7468 0
%n433 0
%n7824 0
%n7562 0
%n4826 0
%n7746 0
%n1865 0
%n8286 0
%n4839 0
%n5901 0
%n1788 0
%n2740 0
%n3948 0
%n1123 0
%n8436 0
%n2477 0
%n3374 0
%n4426 0
%n2552 0
%n7241 0
%n4154 0
%n1048 0
%n5319 0
%n1883 0
%n2385 0
%n1011 0
%n1598 0
%n4389 0
%n2893 0
%n7992 0
%n3985 0
%n4855 0
%n2883 0
%n5290 0
%n1223 0
%n3169 0
%n7136 0
%n1528 0
%n2019 0
%n927 0
%n6229 0
%n3214 0
%n623 0
%n4583 0
%n3900 0
%n8570 0
%n4991 0
%n5916 0
%n3669 0
%n247 0
%n5784 0
%n7643 0
%n2809 0
%n4640 0
%n8392 0
%n171 0
%n2613 0
%n3227 0
%n192 0
%n5455 0
%n1022 0
%n1480 0
%n4330 0
%n4701 0
%n8663 0
%n8000 0
%n7923 0
%n2260 0
%n5701 0
%n2747 0
%n1769 0
%n838 0
%n2510 0
%n7874 0
%n4692 0
%n2575 0
%n281 0
%n7896 0
%n3051 0
%n4314 0
%n6575 0
%n3611 0
%n3015 0
%n5991 0
%n4853 0
%n2507 0
%n5067 0
%n7822 0
%n3524 0
%n158 0
%n8627 0
%n7638 0
%n4923 0
%n5890 0
%n4473 0
%n3559 0
%n6465 0
%n7145 0
%n7921 0
%n8177 0
%n8730 0
%n7835 0
%n7499 0
%n6959 0
%n5924 0
%n5059 0
%n1542 0
%n4638 0
%n5717 0
%n1388 0
%n295 0
%n5434 0
%n7718 0
%n2962 0
%n2875 0
%n8497 0
%n7199 0
%n8495 0
%n1069 0
%n7881 0
%n4494 0
%n5523 0
%n3409 0
%n7140 0
%n4348 0
%n8505 0
%n4529 0
%n282 0
%n7782 0
%n44 0
%n5639 0
%n4707 0
%n8553 0
%n6460 0
%n5100 0
%n