145
2583 10
68353 63667 1271 52486 82301 76762 35065 78999 83710 49858 %n618 10
57156 60831 74543 31416 40866 7325 81486 48881 26825 14531 %n7578 9
34834 81317 1932 31589 16815 3009 18445 8402 59473 %n10718 9
13002 10968 43454 78945 42637 16258 25843 41478 49635 %n11973 8
71185 70024 8812 83345 4376 52517 31152 20364 %n10672 7
52771 44749 61172 70303 82576 27744 75487 %n7825 8
35549 45115 64224 63409 3309 44956 65620 60977 %n4262 8
30194 53107 21109 24664 15149 54688 29159 80404 %n11217 6
79843 66284 51303 11579 19871 18947 %n13962 9
52525 73239 13775 34483 13496 34193 57209 70337 18748 %n5430 8
58603 44905 71988 42274 1919 73203 48987 52820 %n3539 10
34273 24949 46999 14669 72377 303 84529 57837 79678 37467 %n12861 8
8449 63065 48084 47269 3833 39184 49370 74497 %n7670 8
67282 33030 71943 52133 51752 77400 209 68341 %n5049 8
12147 84489 81005 53993 46891 21510 25051 43444 %n14178 7
23375 67745 75965 68566 47568 22145 4824 %n7898 6
39909 58163 41716 42388 21462 10349 %n11145 4
33275 40298 54158 25746 %n1094 8
62487 35100 48397 61287 54607 34203 78555 6867 %n8204 6
75542 28538 7787 9233 29035 3132 %n4600 7
32048 48039 11092 83696 78898 34482 52285 %n9969 5
47259 47229 14443 30390 16601 %n14937 3
81426 32061 38115 %n13417 4
67573 73513 30046 43411 %n8778 5
9078 7735 35997 58390 81454 %n4610 5
10360 54969 74944 56909 8587 %n10681 6
46855 73801 28129 24896 10476 83898 %n4128 6
77550 11868 15605 80396 48773 45652 %n8178 7
26803 42287 66129 13969 51839 65715 42073 %n4175 3
70523 70181 72709 %n475 6
77687 44804 52831 58685 79012 28592 %n12126 4
33332 30953 81114 73387 %n4285 7
18889 6099 58595 24254 1996 21311 43282 %n3985 4
19481 14143 11067 48419 %n13641 6
37784 73858 68820 37731 10415 5094 %n12752 6
14156 32710 7710 63106 85154 49126 %n9708 5
71310 1728 62821 59804 6218 %n14219 5
85148 2192 77726 19164 60173 %n13820 3
5740 17064 58690 %n5136 0
%n14074 6
5286 6176 61766 59690 38408 35818 %n7061 2
79378 8523 %n4688 4
72258 34404 60754 77216 %n10561 4
31035 46067 28605 18914 %n7924 5
79673 1905 43286 6714 34285 %n1265 3
41695 42914 32644 %n12925 2
32378 28543 %n5128 4
52011 12132 54833 14881 %n1674 6
82743 906 46621 47074 37517 20850 %n12280 3
62766 11990 76675 %n14568 2
59869 85076 %n14223 5
34824 11734 16345 74990 58819 %n10812 3
21994 28177 7541 %n5248 3
24756 77650 33685 %n5942 3
34218 52927 68950 %n2465 2
69691 30931 %n5896 5
83549 60447 48542 53727 23298 %n1545 5
1699 83582 65499 34743 11730 %n10635 3
24019 63493 12654 %n7438 3
84012 53111 46710 %n8411 2
12152 47322 %n2231 3
39942 71771 77203 %n11532 3
76934 71427 84593 %n13655 2
39427 75427 %n5785 1
16762 %n13551 1
10889 %n10214 5
78272 47887 33203 71306 7487 %n5254 4
17162 83347 6145 16896 %n14294 2
56873 31075 %n13610 3
16082 15429 68399 %n7389 2
75014 69601 %n5176 4
5705 41633 8259 79612 %n3001 2
16391 28914 %n801 0
%n10871 2
39081 38899 %n5567 1
75652 %n14075 1
6880 %n5726 3
66606 48945 74762 %n2377 1
49724 %n6610 1
47416 %n3088 1
21675 %n13995 3
81687 69394 19063 %n734 1
66043 %n13022 4
12966 39021 3330 53361 %n5968 2
3114 72609 %n14316 1
20104 %n11318 3
76923 10200 46460 %n8617 4
41312 22188 69961 29144 %n11793 1
3589 %n13874 1
76053 %n6817 0
%n10909 1
43637 %n9320 1
47549 %n9094 1
26898 %n9142 1
55545 %n3371 1
66150 %n6281 0
%n6053 2
26341 25933 %n6526 1
58657 %n12684 4
18295 71861 33854 44215 %n13193 1
26600 %n14393 0
%n4401 0
%n14335 0
%n4779 1
45167 %n942 2
72407 82046 %n5487 0
%n11237 1
43464 %n9008 0
%n5593 3
8796 35554 39662 %n14772 0
%n11579 1
72795 %n5219 2
41982 15643 %n11688 0
%n7468 1
76615 %n3117 1
43760 %n5650 2
65327 6143 %n10086 1
33280 %n2741 0
%n12207 0
%n4228 1
68463 %n10850 0
%n6941 0
%n8579 2
22677 61130 %n10196 2
44176 81102 %n3870 2
33658 15112 %n9695 0
%n12972 1
56248 %n4151 1
55045 %n13274 2
57446 12763 %n6150 1
58959 %n2169 1
81635 %n1656 0
%n7314 1
79772 %n13836 0
%n13285 1
41207 %n13229 0
%n9518 1
5288 %n9812 1
52089 %n1343 1
70420 %n9513 1
1184 %n1019 0
%n1948 1
57011 %n10000 0
%n11043 0
%n