205
6633 20
3560 97717 48990 66888 63971 78792 28747 27148 23120 50672 7343 13722 4861 71810 24522 12603 38820 91131 46796 69673 %n7944 19
26419 85337 37592 59069 30787 41921 51986 77037 18057 44847 46168 83071 94500 75284 8190 58459 33620 89051 48814 %n9530 19
78919 59229 30646 46332 27657 65930 70247 94433 71577 72234 84206 5518 83438 3263 71665 3782 91234 8645 18334 %n2376 19
20487 88182 5633 12138 54962 15707 24430 91467 75624 98333 10170 52992 49492 42899 37443 93898 23742 77479 1632 %n5639 20
83004 98037 9399 37394 54255 40505 56052 35423 36910 48368 34598 80119 47904 3492 93994 10915 5820 18113 6993 24597 %n7709 19
99195 24499 28069 69407 9816 71892 58854 6194 78733 23021 56021 67654 91415 53259 88615 70512 80735 37972 17174 %n3301 20
25109 89106 1990 31788 96993 19561 8738 16442 40547 4023 4947 38908 19556 92476 2972 87044 71697 17449 35755 70229 %n4275 20
46631 60857 63686 80892 86342 47970 99148 21220 70417 71821 2809 4338 32042 39744 95189 86091 80800 93416 98905 92110 %n9806 20
3034 7833 27565 5897 66069 66792 23799 91531 48636 63040 51194 25166 32539 75753 17347 90405 26491 45685 5999 49240 %n1606 19
70957 22806 70198 14572 16695 443 89988 87052 82204 70712 74681 81083 60313 73298 5223 92791 93400 81745 95307 %n6550 19
94970 97138 10051 35700 31067 49892 65313 11530 97857 7958 93066 63103 12759 33058 80912 57286 85050 57527 16395 %n2493 20
33551 79579 4729 43399 39918 33432 63953 32355 74389 48818 42085 15829 40108 95617 35806 8519 57871 76814 83473 58246 %n408 20
94197 31129 34200 2194 25439 65595 69455 54593 13037 95036 16803 62757 79566 69269 42226 45051 47022 68646 79586 70901 %n1418 20
36158 56241 48647 41546 70987 26719 76551 80455 90864 45974 37168 40677 20226 76713 55364 5959 49730 16675 56066 84881 %n5917 20
95004 27465 26981 22198 49539 40222 10382 65539 61491 62847 67427 44745 61071 43678 84627 80670 78933 27251 75324 8769 %n976 20
25452 69105 89648 84913 20915 2565 61575 79713 78129 70061 27399 92649 96395 40726 7768 3121 3485 61758 1581 84408 %n8696 20
35619 45104 44776 86267 17085 89554 3876 87902 38304 24855 77630 82092 78115 2284 82577 94634 66416 42488 5076 65791 %n1946 19
70491 45740 94673 81283 94057 16007 37602 59859 18216 26043 61933 5055 39379 72024 93984 43211 70889 6934 34940 %n5239 20
96215 93034 98401 60165 84253 40472 78457 72887 31060 60645 77807 77922 77815 48604 85295 32705 84030 20909 84346 99630 %n8839 19
73517 13780 93992 11548 81713 62467 17418 61444 25692 80409 4964 15830 66404 30601 79479 48420 24954 25978 76776 %n8390 20
70232 32568 42303 48266 60519 49743 87760 1030 90866 56049 52167 83316 17788 27709 65036 18962 9561 93150 90497 44742 %n2269 20
13151 68373 36013 77141 83406 54550 7341 37632 27432 25367 24443 96431 16400 77337 54049 48995 21349 79711 60244 96225 %n1379 19
40691 18061 99303 94194 50974 6759 79392 50975 29568 70157 13597 5584 98744 30402 54450 35731 91675 33885 26558 %n2054 20
92636 91659 1710 6185 27668 44097 85047 64013 64706 45711 15150 57039 78222 78287 80293 59767 94677 2201 93387 38213 %n9582 20
80930 79771 91380 49047 71517 84645 18295 65333 72460 62732 76051 38096 57117 15781 75325 82593 26027 72058 68781 25539 %n4630 20
91356 7100 57171 43959 69243 368 84719 84525 66660 28823 79817 94786 7177 82768 29479 48216 47610 72945 54033 67946 %n6263 20
29130 55483 87009 6859 94082 28689 63022 78035 17914 6514 65865 60147 55536 79926 55235 80246 84977 51412 37903 83442 %n3205 20
30243 89005 34194 809 54008 48744 20758 78036 40700 96931 71591 56958 69207 76807 69228 42953 82634 72304 84068 67438 %n3340 18
89643 82696 96673 54815 23964 77225 8177 76201 37866 7453 31484 66710 34884 64382 45755 46621 33191 1489 %n2560 19
47035 50332 87694 47585 42077 98687 34286 9355 3919 90653 30532 46678 23625 36243 53012 57157 54891 12033 61536 %n4401 17
13369 8449 55061 92631 10694 90009 53624 96546 176 12535 89240 91057 27963 40054 66987 55517 2498 %n9805 20
54566 205 53462 25462 3203 77204 55021 34639 60084 63350 85938 64975 69928 20438 82251 30928 61658 57977 23730 30299 %n6974 20
95895 65028 38847 9837 7438 41411 75842 62493 90778 44804 11666 87234 29098 79596 67111 23545 65090 80790 43942 88359 %n2664 19
52093 54995 84514 69525 70202 65434 57718 47150 73448 47589 80596 57976 96111 31295 73485 91693 60287 30059 39531 %n9951 20
30746 79279 99083 23612 51430 44718 29724 93979 49895 98805 30497 64155 77165 50703 15113 59129 75166 50730 6896 83863 %n3250 19
84792 24436 18470 53961 2956 37840 87903 74616 41381 15285 82689 3942 86017 13094 83947 85404 64919 30398 58421 %n5287 20
25182 28737 85930 45300 80276 27536 3206 10141 84768 69034 3028 70320 7137 74984 74627 8987 25386 61540 6389 78017 %n264 20
73181 32309 59053 19188 58244 88161 99300 92154 51971 49444 43906 12083 22244 68055 99607 33829 25941 49927 26064 69178 %n8046 20
19009 1801 53710 47686 67877 80588 70965 59572 93679 13731 35624 53756 23451 70753 48638 89532 9462 52846 51652 16932 %n5311 19
88308 47594 27 73422 85283 52285 82953 37385 75001 71301 41168 81510 56186 66267 5980 26765 40337 31674 76763 %n9360 20
24107 21817 50690 10309 87026 56144 78325 80313 5046 30705 90434 65510 73221 34983 24559 82589 8808 53414 61639 79495 %n2802 20
50397 23499 96771 9668 8801 45811 22263 32041 24226 16711 84309 99840 82962 35866 99134 36731 50305 12886 25769 72496 %n5971 19
29132 22135 38344 22971 30555 74513 36326 83747 37400 48281 66882 70249 29902 46878 26586 59170 89985 17058 33269 %n6715 18
35878 70288 49510 96008 9544 69349 94724 95314 3598 68116 34769 21077 98111 26822 67956 75926 92033 1147 %n7901 19
10970 29395 83517 26579 58602 29644 57830 51089 57998 2992 46423 83308 99186 18318 80845 88339 16893 72008 88594 %n4255 20
81866 86820 56287 86341 72649 86205 43634 64636 77860 30433 96564 4701 67242 99761 82795 26711 80831 49819 63616 36939 %n2922 20
32682 30076 45653 19408 42405 88220 72829 26814 75524 16526 33656 9446 87058 33208 76311 72305 62828 40862 51794 53663 %n1972 20
1204 59595 65662 65305 29462 74387 11627 78442 79347 81506 35132 8613 78954 47295 23587 74510 32969 33606 32437 70806 %n2247 19
82702 68220 38308 22281 8131 30364 37130 84230 75941 51686 996 33832 36357 48484 52810 63658 81455 68102 12144 %n1215 19
11905 72463 66450 93761 76553 72157 32697 74238 4878 38052 92420 51428 38005 31267 67496 78323 3191 28288 87296 %n1949 20
24096 18968 82966 71256 98832 52845 2883 63589 5658 7767 96757 99572 99686 77607 75188 21318 29512 46254 41367 1416 %n6712 19
87917 28022 10214 14454 4014 60773 76611 89403 15454 4260 36804 55337 62255 85203 8461 90135 82890 72059 21673 %n3445 20
66283 27253 4892 42696 33382 86625 85296 37423 51247 4035 64997 96884 81792 38675 34801 54121 21852 67596 44515 61680 %n9342 19
50743 45719 68511 99237 8794 79450 87459 1919 3597 23403 71781 70869 12970 49258 26016 54335 73823 40759 43938 %n19 19
57153 2596 41297 82303 77516 53043 53181 59697 34109 31923 15417 289 10987 62074 45938 84845 50289 84320 54031 %n5928 19
6437 89184 42070 6800 73704 58680 98020 16327 30727 58003 9901 70381 92971 71629 93169 46283 2104 89660 48786 %n9998 19
53242 14081 63916 85931 73064 7193 23867 7541 17066 97190 32067 93052 31316 78073 865 39237 34701 85027 64416 %n3050 15
7507 17096 20053 89911 80440 31709 57053 55851 41617 50044 77035 63291 69020 14042 20139 %n7860 19
48240 24305 84469 41569 3402 36445 75104 59875 19307 47710 50291 53950 9732 10683 70194 42738 420 34841 70323 %n5621 19
52140 32620 19098 7845 60026 4633 27127 12746 14822 59919 91081 45934 80098 78307 56717 34928 3209 28194 94534 %n5294 20
87435 95852 78911 93228 78899 16698 77661 80627 98765 42723 24523 35912 28350 22848 93883 99504 14456 48438 22139 48322 %n9269 20
86757 20210 9353 50815 26347 23676 93686 96352 76753 23128 37052 29253 59944 26592 19235 95977 17441 16975 57458 22497 %n6832 19
96968 91032 72490 99670 80719 59365 25371 935 26356 18282 83082 86543 65767 17907 44438 39171 22132 20256 25364 %n684 18
76599 59709 47959 96289 89530 3569 18534 62168 77143 76404 29962 7471 6642 90353 78566 17968 75396 63941 %n6350 20
91967 85008 12098 95651 74719 22137 90683 29478 88930 95079 29897 28244 13595 80162 77825 51631 91017 93115 48297 81013 %n3015 20
55366 59103 18432 34807 94206 34244 44696 84758 4840 45093 56574 10788 45619 12014 50932 62459 60802 61320 57506 32227 %n5057 18
98302 35107 51615 26128 52320 92737 91836 37004 20724 27485 37723 10394 30101 56288 69573 56493 54671 27927 %n7834 19
58700 63472 42104 34715 35584 43920 54148 15667 5965 51735 7810 60732 28688 19199 49481 66811 17644 46790 8043 %n9221 19
76388 57012 19985 67088 26344 74554 24514 70487 25306 52725 29873 90500 83297 88825 86722 93774 8245 88738 84026 %n8922 20
85397 77920 65273 41981 18982 44118 54162 39595 50624 20304 42017 66324 65981 21587 96594 67842 89647 3565 81571 84996 %n4832 18
45847 17987 8084 19225 41984 46705 91604 33710 71631 11151 69973 75615 68023 58981 93054 5466 4454 5678 %n972 20
43377 67802 47495 17859 27474 16153 41005 15185 22442 90445 2389 23737 60423 42783 67061 2497 71103 55508 54586 35199 %n7922 19
71172 98150 50517 28021 44733 97664 40713 55821 60934 53090 98409 68941 27539 59814 66895 93038 27402 87544 30135 %n6836 20
43972 7098 43887 2475 46021 73748 76334 9803 34777 35649 16538 60963 11927 8810 13539 44567 63685 47880 20434 39964 %n1133 19
89093 48670 67618 35861 41188 21741 20708 87020 41625 20269 4635 80544 50898 23940 6023 84375 23045 22869 28103 %n9732 19
34279 70399 68587 25547 45457 46395 59657 91031 14832 27469 30621 23745 16150 21619 5122 97489 97694 23923 50564 %n4433 20
64294 46541 94976 51203 51197 53097 68362 10802 54230 12864 84020 27731 43036 23365 63561 29276 19352 38711 66206 66372 %n6017 19
47062 81823 80407 27909 76518 24947 46107 23138 908 13927 76080 90235 97607 96869 90217 99079 44017 36596 99549 %n751 18
51453 15151 91075 275 29854 5449 33695 18471 15535 59538 92605 74094 70627 59492 94239 41058 65399 15713 %n5503 18
95677 24958 86943 55199 40308 18873 13043 39743 4506 56070 17089 23775 64130 84016 75005 39006 2403 17310 %n6937 20
47247 36164 80846 97743 63659 60107 85692 33859 15426 26012 90470 96138 2814 64550 20272 89923 62652 62072 44769 6552 %n9847 20
40102 53569 49572 25360 83320 76930 96190 11764 81346 98774 83562 67470 90236 51583 34886 42249 31148 86436 37905 85170 %n6718 20
1672 46024 25050 22505 86973 73545 45002 49208 90174 65227 90812 48788 76171 6306 14462 5870 84004 21013 38427 11486 %n6910 20
1819 1461 29866 84035 24360 92039 34096 77514 68231 29904 15916 59656 83844 15432 42546 74100 30148 79901 72794 10629 %n4006 19
20336 48413 16659 69553 14125 43253 27982 35677 51192 66990 26469 95141 55852 29579 11214 73549 54398 94250 70040 %n7454 20
33783 47915 64954 70501 69299 86612 96529 60581 40925 36989 4424 65962 17645 2689 31054 68045 78091 2732 62802 96982 %n7485 20
62708 92488 83709 66322 26815 12622 71957 45375 91006 11459 1530 74992 36115 97948 78824 23497 17261 75863 24630 93074 %n4188 20
55107 24790 78967 4685 65716 74653 48855 61295 3949 9443 98086 9776 42996 94512 95029 53254 61376 78816 40737 49469 %n2044 20
29958 39554 69029 71861 27066 89068 25945 63471 64546 92294 79761 7230 69976 59429 90947 34336 2766 73699 63723 84863 %n6688 20
90381 36135 9103 31997 89247 92751 91244 61095 94490 83085 81121 49367 55025 22578 31119 91570 64789 82872 79150 31499 %n3406 20
39556 22649 28551 86708 67680 2525 55139 82917 53507 3749 37390 86556 77535 82683 84299 66604 2838 36740 33196 91345 %n2830 19
73779 43765 27169 2816 85802 50999 24754 93477 11521 52506 81508 66058 69904 2023 22923 62515 74125 3571 65030 %n4024 19
85138 7872 61395 25713 67415 62073 97843 56000 74750 47185 88984 40333 56147 96867 71537 67597 74278 70994 71113 %n333 20
14167 66077 85210 54340 26728 17375 65703 77281 16094 98009 629 56452 42018 2253 22979 83552 28898 66274 43130 56312 %n6370 20
33734 88380 46583 427 32239 37690 34253 18097 91160 32566 93433 94898 93870 3501 84683 48312 43840 60385 40362 25601 %n3597 20
40462 30212 95110 43268 15572 44464 11413 10118 37962 76133 90138 43181 26650 84345 90342 82493 12667 73670 55285 59146 %n3120 20
63599 45779 89957 86000 70284 807 99902 3756 72215 41195 54200 92494 80761 74725 82105 81665 75149 16260 95577 85769 %n6468 20
33024 70998 45359 52653 12308 38772 39842 6743 5418 29476 93445 60710 84678 2730 85490 43956 3664 15038 81275 68680 %n5065 19
32542 28614 40458 9950 71471 311 6870 20130 3096 69453 75917 99038 63892 77520 71880 28703 62380 89812 99758 %n3333 18
13790 60774 67485 8836 62736 70240 85361 80553 50040 82607 30503 15281 80563 82161 46745 58261 3656 11737 %n9793 19
22105 33714 89104 35267 34477 62251 66386 66722 41565 75649 86745 79106 55245 20778 41827 65939 49750 16158 45172 %n7412 19
68343 59333 45165 52651 43542 5212 94954 33887 69932 33927 86753 9474 55422 31548 80424 34867 75750 17176 13706 %n3454 19
61351 98346 52330 32422 4898 19304 7321 79703 31384 65309 65984 65362 84783 19732 34871 9148 65778 55062 68136 %n5337 19
35646 73977 34927 64465 76649 89116 672 64741 78638 44852 25542 89207 91595 62762 39789 85424 21581 83241 24497 %n7793 19
20711 64014 18067 73878 76578 61304 94310 76605 85846 19140 72487 71042 58735 45180 32914 74441 72328 31285 32793 %n1692 19
12711 51199 1643 13679 56466 17111 19384 26326 87509 75801 36480 93036 56858 97683 93935 68516 3721 44581 45606 %n2384 19
83871 89392 74373 92352 32593 28226 75040 15032 84077 65527 72828 44035 34763 40514 6258 40138 66377 47168 52570 %n4951 18
60464 83976 54317 96872 60946 68640 17168 17051 47056 80866 4648 99435 84586 9077 81802 97325 58531 79988 %n1764 19
47404 44025 65649 11406 54107 77315 20779 14379 64281 13065 56196 21325 56985 56758 12587 48550 14640 65781 12597 %n2235 19
18597 56327 81026 65586 75038 95174 47269 39343 91372 60651 71171 90978 91502 94805 19971 4980 34107 31664 24426 %n9487 20
24335 64606 42850 62805 32525 32426 98040 76083 26750 6038 75819 54543 30970 32950 2958 75389 35812 72923 9282 52169 %n6727 18
3037 68367 169 46683 20419 27475 71129 89031 33345 9678 62815 33423 99493 35650 9975 53500 751 99419 %n7815 19
29279 83165 82861 56576 21168 9755 79735 5927 47844 48124 13176 90719 6691 43089 65395 99502 35113 90067 69558 %n2536 19
43240 99639 65180 45330 71919 93980 43 4616 56496 53599 18359 25440 71215 71439 48439 49330 26297 33712 20798 %n9717 20
24005 49619 34430 89528 31613 8818 17131 80175 54700 81030 83029 53060 31011 80746 36358 71094 87353 10492 17668 85268 %n8405 20
62327 27052 75782 17767 94531 8937 85493 4455 21434 2869 15557 14680 23404 86386 54822 29265 35887 70616 55744 11318 %n6020 19
38495 38747 65581 38092 37584 16329 6235 95373 7074 67998 25232 95225 141 35028 77779 46814 20367 55774 5209 %n2829 19
77091 27028 91436 60182 74154 85080 9546 8252 41562 13207 97508 91369 85274 82823 97725 56084 85013 52043 96141 %n2596 18
7317 89768 13673 27348 39432 81132 77235 62448 55132 61967 85984 92388 99555 99463 76435 34838 8770 27542 %n2644 20
45568 25465 76246 86827 8260 25096 53516 35291 84739 45494 57696 45285 35476 86734 21544 4356 6193 27945 43777 91944 %n1812 20
90159 89310 81393 52135 40192 89741 97811 38890 66766 85113 78702 53322 87752 86931 87679 65584 26813 54479 78892 52496 %n7585 16
52337 89139 57304 1813 31492 87122 48431 89855 15929 20683 56351 47330 22583 29629 68980 25213 %n8728 19
71936 35203 33260 69082 65433 50050 87702 32405 56671 10134 74374 73194 74978 35881 72584 47730 18116 81479 15654 %n8884 18
90230 59177 63572 26684 3550 11645 36919 20310 67226 96767 42053 82713 22326 12151 6991 55880 94654 68993 %n2195 20
79516 85567 21469 89775 67749 25329 64341 62410 42967 30283 21788 9115 59308 11111 13602 34559 462 53185 18650 31905 %n4271 20
16292 43577 24347 20987 26395 61454 18754 12340 34348 68113 48279 11583 44465 54256 86717 29450 71604 49633 28379 1111 %n3177 20
11779 77499 35387 42259 53291 8418 41280 3463 95748 36917 47795 72611 87898 3862 20571 70659 95194 6937 22071 61995 %n5268 19
72659 86087 76207 39324 38777 76981 6354 82841 27271 18226 86878 35742 67509 43629 44171 9693 92722 36824 80163 %n7218 20
75619 53763 17868 42873 41014 91340 51664 46565 67526 32922 9385 10604 19101 45458 68180 21624 7404 49821 58235 88476 %n6475 19
12560 14540 73577 651 99870 23436 66303 22107 65414 74108 76975 5887 11868 76173 82125 58887 11961 53368 37398 %n6104 17
1238 49483 65616 85380 7215 81810 67613 99545 89997 37938 96143 99653 73511 88630 79905 74752 10205 %n875 18
22879 69768 16430 83367 45012 34973 58702 25801 76351 19725 66502 7369 1076 50280 23244 24063 18696 31777 %n4513 20
38479 63081 11304 49050 5672 47890 28662 88072 71928 77628 85018 52031 60769 4090 22984 40848 38189 48415 38979 60048 %n5608 20
55890 27604 80523 47547 80381 83487 77152 95222 91541 5011 66487 77270 88551 25460 31736 81161 19034 72801 31023 77010 %n2995 18
21413 74081 1247 34544 52146 43436 9318 19261 18246 57138 63121 30202 52134 19577 30414 5441 84242 5274 %n5053 19
59378 10965 47759 45636 95967 73720 19673 93125 97335 25811 93391 63193 11913 25989 37442 56682 39551 97862 59427 %n4337 19
90856 67208 7456 96643 13160 21166 68986 11477 66217 56114 49432 64022 49828 67132 1009 65236 32526 47954 13615 %n1750 20
18814 80077 97517 91723 91749 62902 74833 84480 70715 28733 68603 68908 10305 11023 64392 7149 41618 54370 3419 44587 %n5284 18
82820 11019 23766 47601 39082 36002 19091 92769 608 71180 44832 99426 90420 84513 74656 14141 86550 50338 %n2595 19
68600 24051 74434 65394 6211 14294 53077 47277 7402 43589 20237 37988 99774 85163 21527 32210 58789 56102 4574 %n6236 20
95663 46152 89336 72514 26472 74537 37495 85494 43916 49075 71100 88550 89773 67257 89011 6736 31748 23755 21997 97316 %n415 20
35379 51182 35870 89686 4159 81386 54775 23893 38207 51525 14555 31832 27588 20048 32142 48942 61405 5888 33165 16613 %n6588 20
60125 88210 19537 75995 48982 50826 49067 50809 7618 42352 66794 98341 1988 82960 38766 2159 75758 47631 37636 36766 %n1424 19
35687 62620 5751 75603 74316 70030 18512 88092 60367 503 37377 82775 78366 75658 88949 88912 43196 32595 76808 %n2643 20
72861 27112 92516 70175 14964 47531 46099 55530 38170 60587 47714 60965 31813 72542 16944 88998 571 92984 19499 48641 %n1420 19
76512 27803 26410 18028 72371 28783 88102 74425 89894 20791 11526 24206 24401 46426 80524 39276 82035 1597 84686 %n2442 19
98604 84503 25730 48399 73543 99505 48981 58775 27609 31444 48214 4533 40660 72868 16842 69852 62385 96549 9663 %n7379 19
38833 43682 26967 46248 94394 72558 84904 71526 89009 48062 84463 53916 56832 17893 27041 74311 76988 65146 25986 %n661 20
48941 87312 32402 83190 46618 77606 50977 25973 15297 26557 49350 31489 55860 41272 44823 15973 86001 9112 5110 66405 %n5280 19
25926 20382 33324 85492 82615 85419 23202 74762 43188 59088 54599 40099 13124 61687 24160 79446 7245 40635 18672 %n1008 18
57938 78515 46188 13092 96445 51508 27054 27777 31576 49419 78428 2818 65480 52669 95842 84098 56557 16964 %n4355 19
55999 62148 73320 57430 45052 87950 1478 7753 56024 50139 81916 51294 98644 28851 13807 62132 26051 47254 60822 %n4713 20
7840 20958 42024 16018 72070 4500 47016 6256 15110 97498 15233 2430 70362 79089 18798 86903 344 55232 20393 76521 %n4139 19
37278 15677 4532 29502 99384 98735 54109 56378 66706 30583 22546 17427 31160 31040 81556 58217 49140 42697 88407 %n6112 18
21317 87586 57834 95722 96465 1051 40142 54018 78666 6901 47382 13248 31668 61716 86659 95625 93072 71160 %n9852 20
49328 43414 65136 43624 14664 11346 24273 77919 71367 17676 46923 87708 42466 47385 43809 6912 2901 76378 52206 22245 %n2383 20
91546 38361 56433 80222 26969 66935 41218 10962 26122 4339 49004 56401 9842 28930 59468 63233 31334 71921 32182 63388 %n4413 20
20941 10327 3122 28378 49728 59260 7199 46770 14730 57058 20025 86589 84151 91694 32534 68090 37650 66666 7762 18639 %n9619 19
16869 67923 53603 97570 89384 74864 71889 81817 99231 63514 93670 94054 8715 4945 41545 22074 59750 33053 66905 %n7533 19
22825 20309 49380 50358 12511 37097 32632 52756 46742 54296 52024 95154 70435 43745 69426 43403 61163 87845 45926 %n4482 20
49467 54183 10365 97425 79991 61732 90221 89662 89503 81854 67305 57388 44967 44312 93118 50173 44553 24692 78570 83502 %n8407 17
73812 1674 32342 71975 35536 24530 49023 13322 58976 61032 43528 53003 90837 553 71533 36215 29682 %n5763 20
78572 71306 24823 68800 59364 66108 94605 53371 59160 95236 63137 86642 69478 66230 53009 37166 75194 76502 26444 25576 %n1262 19
59548 37217 91379 52936 12010 99440 21917 89874 28974 81930 93039 89597 60418 97293 91993 63823 15082 4865 76659 %n5724 19
83428 63547 24578 72830 21401 8025 43701 12844 3319 16663 13122 89956 53478 4331 91251 9003 93722 19536 64761 %n4849 17
60333 21608 61887 61868 11028 12943 81491 36329 60778 31753 56882 27109 38748 86843 87643 71897 28718 %n7557 19
31883 98991 45739 56578 86238 89518 40655 4837 38895 61791 39949 82235 71193 75834 6468 90708 23140 31895 21062 %n1561 18
30326 71237 38789 92091 25619 18027 58267 92126 9880 16710 37006 87458 53032 16984 90433 5669 37612 27889 %n8472 20
40905 96439 46723 37818 28863 71149 42765 52642 74540 99210 1120 47754 42883 88166 96632 87231 27105 15709 78122 31206 %n7389 18
88532 7893 19237 73191 77292 8061 57523 65733 24479 28797 96539 55750 43180 52922 6141 50251 18996 23459 %n1364 20
46785 61473 9703 53457 22118 67215 6637 5480 50191 16602 35016 83629 13278 36175 7442 78179 43337 18075 95115 31631 %n5006 19
54408 54828 50106 68314 21514 30427 91079 53649 6050 25614 12938 18289 57867 64415 76702 46101 95257 35815 39830 %n7197 19
33752 79354 40527 45087 9789 70548 60373 57881 37221 35493 57825 50884 22905 29183 47711 32052 85002 23852 17486 %n4241 18
65406 22983 57750 63342 28901 11817 80956 62174 87208 32512 39604 94093 64581 69432 23074 72229 5812 16678 %n2708 20
82422 64931 43114 96552 14008 57484 14779 96343 58419 73774 34517 28024 74184 39506 42940 56282 83932 37677 75651 46311 %n1537 20
83836 48693 12074 77438 74527 97801 42729 91907 10681 61374 87307 33275 37321 69114 17099 72268 54007 2729 6451 86409 %n974 20
50584 81788 36841 18860 95871 2107 8501 18023 29246 52218 90806 59834 5647 34577 44538 75170 50200 59541 81697 52876 %n7380 20
49526 86398 35840 90981 91080 86337 77412 87971 28082 82460 93267 2230 12342 38921 64757 31465 37914 60172 60646 20947 %n2935 19
79361 13418 34906 75105 91478 37916 29005 89387 84668 37879 44126 89879 34047 94414 14544 7784 63695 68413 1992 %n6193 20
39912 48885 9104 81647 14845 5896 3566 8650 90838 99532 35872 46958 60882 30943 86553 6591 91125 36402 75383 80380 %n54 16
67037 84312 25896 13920 66803 72890 42403 52778 1443 50638 97254 81349 16396 49211 24468 30585 %n1542 20
48422 32276 43483 37154 57961 88883 41059 53326 91068 41041 50781 35572 23501 47800 2698 74937 46442 86246 20852 25437 %n6977 15
66128 32183 70449 71114 50143 75975 32393 17293 1942 99975 97203 16614 48057 70124 99006 %n7984 19
44930 27980 57104 6981 7690 38861 57279 91557 40900 55615 78896 88120 97991 96995 83098 98660 59248 60574 56008 %n2274 20
13812 95580 21433 5724 14237 18594 69748 706 45754 81383 51872 20424 31581 5336 83970 50802 71022 95634 89548 68863 %n8384 20
29310 76168 27699 71023 79781 90223 84313 24067 67329 15212 84933 67804 45614 54344 4986 37923 69826 34713 81966 89482 %n9692 17
991 12574 90107 94674 59362 89000 4046 53196 17138 49181 6893 38246 70740 10196 45235 44492 95232 %n7358 19
8226 6016 41726 81897 46729 65508 65619 36550 63957 45114 59605 34271 81543 47834 46203 67570 34122 51487 88944 %n6247 19
23903 93861 87397 68930 52998 13773 84919 97839 39781 43826 87127 1016 9586 82602 1267 17357 57766 80219 16436 %n7525 18
45561 97017 25477 26753 86673 42512 98220 15870 90166 52997 97906 29807 45917 39591 88013 47337 54004 69856 %n1977 18
58468 30722 86932 74523 26223 79439 89875 94900 49282 44362 80164 58335 30488 64735 67078 53076 93365 43892 %n9647 19
6639 93830 20992 36874 77077 22523 36307 29392 69201 25354 15121 35547 14951 3723 46419 25514 24037 95318 47109 %n1598 19
11607 13254 38763 51557 10902 64519 30557 38745 93254 9729 34493 79514 11831 76495 56326 3331 17390 57788 81280 %n1959 20
33065 66986 79779 37814 92586 15504 37462 8816 30360 6488 65440 30904 26841 80465 40740 78377 22070 58849 2558 26926 %n6464 18
78557 73781 58880 71231 73743 49221 42483 37271 70117 7568 84763 66338 51166 88610 42093 7421 19163 8972 %n5469 18
41959 90219 71779 61342 28439 95665 66309 94990 66396 5116 6240 53581 81175 71115 65340 34624 80793 24373 %n9029 18
8174 21238 93249 14741 86492 90513 67385 73968 87109 15784 54927 15282 67865 15325 63312 16128 76134 26710 %n3130 18
88641 56914 23567 26726 74193 74557 21113 79652 92289 51923 61595 31519 1414 82904 71423 16468 33482 59713 %n6132 20
99616 70159 78304 91995 22965 35404 31537 49399 3129 98166 7367 31414 82418 24486 53964 86473 72999 51697 26482 70814 %n2631 20
28844 95646 53154 27196 41551 48846 91910 65968 46628 98470 51443 72913 92325 86463 39248 49839 63405 11334 72613 30747 %n6731 20
23942 27771 85691 79451 47566 18816 68330 12788 75800 69452 93050 91015 52706 47041 85659 46905 9527 54323 3019 94173 %n8301 20
42833 77553 60520 77403 8668 33035 59243 80421 56580 68204 25209 94550 23887 73315 93091 86813 91618 79257 44378 79564 %n5371 20
88714 19200 148 13317 92326 6973 92824 62941 76146 27757 30254 36848 67048 49611 59805 44981 16987 17832 64207 70107 %n67 20
97380 10379 80138 17819 38474 53171 78606 23088 96609 19160 43532 29957 3776 56251 8420 70823 43389 97315 66461 13875 %n5036 20
31959 9900 45519 77929 13644 18083 92696 39903 29604 46328 30645 579 40914 39032 53126 58639 85664 13524 52674 35359 %n