215
7219 17
30095 80035 10232 61498 83244 65577 8046 79025 99905 6933 52610 56374 81402 95844 76261 46688 10771 %n4239 19
83856 72788 8835 72470 11778 27459 54302 73663 64173 30504 14163 65491 82755 96547 95436 56899 38862 41561 66500 %n6656 18
89539 44223 91324 85014 26819 31792 71534 10195 63240 77941 57352 13355 68962 18667 93514 91373 46400 95713 %n3169 20
81404 68833 21488 88523 47381 91815 27517 50325 39686 21040 45464 14258 55535 32833 61712 27591 28600 83548 51699 97013 %n5878 19
24235 69799 76678 98054 26382 66952 54676 31596 99054 40835 77185 59590 44649 74694 560 37761 84287 3227 9243 %n661 20
48941 87312 32402 83190 46618 77606 50977 25973 15297 26557 49350 31489 55860 41272 44823 15973 86001 9112 5110 66405 %n7164 20
16300 88532 51927 46932 93598 11034 22616 51026 11250 1665 26683 11969 92743 59655 89788 4667 15824 1126 32675 43695 %n8531 20
36364 65222 18210 51681 98543 47191 81979 29678 64312 76901 52444 87376 36051 95539 179 1931 63130 30210 45256 31881 %n2666 17
33667 60452 55114 24085 95190 18220 76598 26796 86730 77976 53405 78768 88819 25484 4386 15898 29143 %n4433 20
64294 46541 94976 51203 51197 53097 68362 10802 54230 12864 84020 27731 43036 23365 63561 29276 19352 38711 66206 66372 %n8405 20
62327 27052 75782 17767 94531 8937 85493 4455 21434 2869 15557 14680 23404 86386 54822 29265 35887 70616 55744 11318 %n9805 20
54566 205 53462 25462 3203 77204 55021 34639 60084 63350 85938 64975 69928 20438 82251 30928 61658 57977 23730 30299 %n9276 19
31186 42442 95442 59640 9279 35307 6272 35265 83738 18749 31961 30236 4684 69224 98806 81698 37231 16185 9145 %n2610 20
1382 65479 61304 49113 77032 48043 39325 89240 66708 4174 7820 74761 25060 53356 30494 52297 11071 10458 48745 71113 %n9732 19
34279 70399 68587 25547 45457 46395 59657 91031 14832 27469 30621 23745 16150 21619 5122 97489 97694 23923 50564 %n7833 20
48921 80729 81100 15040 75439 28263 13413 27970 6455 13335 25955 76171 17284 55296 951 65603 77924 82706 28929 96292 %n9582 20
80930 79771 91380 49047 71517 84645 18295 65333 72460 62732 76051 38096 57117 15781 75325 82593 26027 72058 68781 25539 %n6522 20
91042 7268 41959 26248 25184 15542 24622 39169 36097 16813 24468 84177 15811 50071 20421 27841 69031 81943 90661 90521 %n8839 19
73517 13780 93992 11548 81713 62467 17418 61444 25692 80409 4964 15830 66404 30601 79479 48420 24954 25978 76776 %n3928 20
1040 11109 99984 79929 30902 32229 67684 81414 20790 98055 45529 94388 36372 15018 75480 76960 27612 41979 49155 88388 %n2595 20
68600 24051 74434 65394 6211 14294 53077 47277 7402 43589 89403 20237 37988 99774 85163 21527 32210 58789 56102 4574 %n1165 18
25160 12614 54567 10049 64895 5485 32632 64918 73617 84316 88261 58805 87044 89011 2725 43187 81819 41432 %n1428 19
93846 86181 61667 94906 48620 89187 68625 24353 19174 29116 96522 20040 28211 11065 61659 16987 27125 42416 31269 %n2325 19
72250 62375 84942 88131 164 356 77998 29651 99729 35649 78626 7115 62261 9016 89195 28641 96724 99825 67783 %n6550 19
94970 97138 10051 35700 31067 49892 65313 11530 97857 7958 93066 63103 12759 33058 80912 57286 85050 57527 16395 %n9238 19
36019 10327 33758 30030 14918 91757 34014 51149 28741 6466 21048 64807 63043 52287 31605 26691 54214 21907 40706 %n3186 18
15050 60091 64921 68807 31037 33520 37262 25812 11697 12675 5550 12170 15814 96963 9898 63734 4252 13938 %n1420 19
76512 27803 26410 18028 72371 28783 88102 74425 89894 20791 11526 24206 24401 46426 80524 39276 82035 1597 84686 %n7225 18
78072 73600 47987 45480 63833 46955 14124 75726 63591 38174 3716 39801 71984 47729 71888 19301 56892 8943 %n1215 19
11905 72463 66450 93761 76553 72157 32697 74238 4878 38052 92420 51428 38005 31267 67496 78323 3191 28288 87296 %n7358 20
8226 6016 41726 81897 46729 65508 65619 36550 63957 45114 59605 34271 81543 47834 46203 30585 67570 34122 51487 88944 %n2054 20
92636 91659 1710 6185 27668 44097 85047 64013 64706 45711 15150 57039 78222 78287 80293 59767 94677 2201 93387 38213 %n1598 19
11607 13254 38763 51557 10902 64519 30557 38745 93254 9729 34493 79514 11831 76495 56326 3331 17390 57788 81280 %n3523 20
61656 6594 34807 85122 40136 92911 69437 672 89143 49092 22389 82484 66494 56113 39469 63837 46939 83589 14623 55861 %n1606 19
70957 22806 70198 14572 16695 443 89988 87052 82204 70712 74681 81083 60313 73298 5223 92791 93400 81745 95307 %n1099 20
74087 3027 1075 4067 87950 9047 85532 36520 68919 45774 9996 74838 67660 89199 429 81056 31062 46920 36492 36238 %n5971 19
29132 22135 38344 22971 30555 74513 36326 83747 37400 48281 66882 70249 29902 46878 26586 59170 89985 17058 33269 %n8090 20
21659 98574 10894 13081 25274 75020 62498 64367 96783 14841 17935 97779 77959 29305 55153 55620 66402 39309 66999 45127 %n3320 19
29761 29547 74031 34399 89313 48480 43708 2011 70630 90812 11026 91490 30588 20553 7118 91773 41739 1967 22832 %n4275 20
46631 60857 63686 80892 86342 47970 99148 21220 70417 71821 2809 4338 32042 39744 95189 86091 80800 93416 98905 92110 %n6832 19
96968 91032 72490 99670 80719 59365 25371 935 26356 18282 83082 86543 65767 17907 44438 39171 22132 20256 25364 %n4646 20
64540 30050 57217 74853 8376 78733 87555 47445 36223 73883 20136 61007 99991 61592 21572 89107 37218 89958 94651 52237 %n2281 20
41965 82898 37559 29542 15230 17153 19958 60457 86913 48566 79355 6090 62486 86939 86617 15465 37313 41258 48856 37083 %n5730 16
24823 17026 97370 15805 99539 7350 37474 63395 21283 34036 97162 5509 67271 69449 91283 51948 %n8591 18
31632 10379 50910 84079 55863 31112 79328 4367 30074 78446 94483 64419 92938 60267 60237 2595 49613 58214 %n1928 20
91387 30272 71206 13849 2137 50666 71220 56262 98559 37082 78401 28227 7612 16058 29389 9633 97196 35298 99276 83502 %n3340 18
89643 82696 96673 54815 23964 77225 8177 76201 37866 7453 31484 66710 34884 64382 45755 46621 33191 1489 %n1262 19
59548 37217 91379 52936 12010 99440 21917 89874 28974 81930 93039 89597 60418 97293 91993 63823 15082 4865 76659 %n8117 19
4576 54384 84635 82481 82206 86052 43528 45061 70570 85583 87340 25506 33954 77852 14959 25582 95339 42394 97180 %n9692 17
991 12574 90107 94674 59362 89000 4046 53196 17138 49181 6893 38246 70740 10196 45235 44492 95232 %n7533 18
22825 20309 49380 50358 12511 37097 52756 46742 54296 52024 95154 70435 43745 69426 43403 61163 87845 45926 %n3554 16
48778 27403 65033 56799 51857 36893 46872 54720 8696 32272 10731 43252 24023 90655 75586 3002 %n2295 20
92423 86721 39973 53545 42630 72977 57390 77952 94482 65724 32922 98602 99188 98839 22146 58739 17887 70899 7720 12395 %n4570 17
91782 11891 58232 63795 26278 28449 21977 53642 16651 53756 55839 18297 71029 14057 88480 11810 59802 %n3007 20
47921 42839 88255 19702 70633 33591 992 1852 81916 566 64682 38225 50121 83099 89895 79125 75235 50571 31676 83671 %n9277 19
1677 75269 26618 1404 17950 82049 76296 52765 24431 8730 95698 61344 85535 32901 69537 16941 98478 71851 4990 %n2493 20
33551 79579 4729 43399 39918 33432 63953 32355 74389 48818 42085 15829 40108 95617 35806 8519 57871 76814 83473 58246 %n415 20
35379 51182 35870 89686 4159 81386 54775 23893 38207 51525 14555 31832 27588 20048 32142 48942 61405 5888 33165 16613 %n4832 18
45847 17987 8084 19225 41984 46705 91604 33710 71631 11151 69973 75615 68023 58981 93054 5466 4454 5678 %n1537 20
83836 48693 12074 77438 74527 97801 42729 91907 10681 61374 87307 33275 37321 69114 17099 72268 54007 2729 6451 86409 %n6284 17
72451 98961 62444 59382 25619 37200 82556 32286 25517 37638 59749 50351 29167 14095 98337 13003 9307 %n2759 20
39908 59588 22593 33693 20900 90412 43513 39207 18178 48522 10911 89978 49471 90172 76238 23359 23179 91442 32169 59994 %n7072 19
23190 95736 17708 39286 3659 96718 60880 95521 23931 52746 26289 80706 73842 28666 14344 90714 96889 97556 72820 %n8738 17
34438 20614 68221 1081 46844 42857 89237 2052 92795 33701 88550 485 69069 47390 10840 36519 41936 %n6991 18
39427 36109 27179 49014 99384 40849 25107 81265 74367 1984 37168 27383 8839 64979 94663 71212 43937 18473 %n1065 19
77947 91882 87160 78289 73016 93966 56400 54970 9015 76483 33295 36080 88148 59899 39346 28543 50281 9836 95946 %n7287 18
31985 75752 35972 9724 70999 91452 56179 31373 51665 12943 47716 53773 35538 67875 18785 73935 41289 84244 %n2631 20
28844 95646 53154 27196 41551 48846 91910 65968 46628 98470 51443 72913 92325 86463 39248 49839 63405 11334 72613 30747 %n8922 20
85397 77920 65273 41981 18982 44118 54162 39595 50624 20304 42017 66324 65981 21587 96594 67842 89647 3565 81571 84996 %n3598 17
22754 53333 41803 54604 45421 48460 96438 31410 56559 93100 13292 2606 36616 25374 98058 67988 66319 %n6112 19
21317 87586 57834 95722 96465 1051 40142 54018 78666 6901 47382 13248 31668 61716 27539 86659 95625 93072 71160 %n714 16
6987 73018 54764 41524 88017 90886 84137 84719 5858 73695 74221 48880 22293 65944 30217 96317 %n7380 20
49526 86398 35840 90981 91080 86337 77412 87971 28082 82460 93267 2230 12342 38921 64757 31465 37914 60172 60646 20947 %n8407 16
73812 1674 32342 71975 35536 24530 49023 13322 58976 61032 53003 90837 553 71533 36215 29682 %n2590 20
59603 58315 54953 97615 34053 43951 70859 83513 78111 45635 29997 37688 5742 48875 24522 45069 66541 90452 42927 81087 %n7599 19
13673 85363 14510 6450 79840 84313 80113 94218 65680 87924 15740 25754 82086 44570 55343 15969 55396 15490 65522 %n1379 19
40691 18061 99303 94194 50974 6759 79392 50975 29568 70157 13597 5584 98744 30402 54450 35731 91675 33885 26558 %n6258 20
49500 39742 18166 64880 80381 89297 99517 1626 78186 6905 91261 56382 52036 4743 40405 61990 79538 86338 18399 2681 %n1892 19
34302 11103 38092 85943 24660 87297 66215 98727 91011 77475 87549 99509 24153 72918 59302 2035 19541 89770 29658 %n8924 20
12031 37607 75238 70709 11531 35164 63884 4045 74346 94983 39946 96539 82408 19112 35280 43711 36417 18916 60589 3317 %n8089 20
45108 41762 54984 9116 44812 29833 80291 61881 81815 68676 6358 25009 33351 85408 76792 94255 68442 91715 31345 34919 %n3313 19
15087 29810 39101 21240 78315 27001 16056 55400 69247 61534 27145 76838 97791 29372 86764 13500 54001 15393 12670 %n5202 18
18250 60356 31782 86155 19273 21096 65496 84690 58369 62898 97824 34541 24818 87187 84619 58381 70761 15311 %n6185 19
43886 10957 64503 26521 88182 94908 13777 85140 80553 39140 75533 1550 81670 50605 47875 53631 4259 92901 49168 %n3445 20
66283 27253 4892 42696 33382 86625 85296 37423 51247 4035 64997 96884 81792 38675 34801 54121 21852 67596 44515 61680 %n5036 20
31959 9900 45519 77929 13644 18083 92696 39903 29604 46328 30645 579 40914 39032 53126 58639 85664 13524 52674 35359 %n2551 18
14251 63646 98891 2279 63513 77586 75682 81248 4071 7810 94466 66606 65908 96644 34329 24642 10820 76527 %n4271 20
16292 43577 24347 20987 26395 61454 18754 12340 34348 68113 48279 11583 44465 54256 86717 29450 71604 49633 28379 1111 %n1217 18
53798 33223 89138 14067 54511 52743 17990 80799 10684 33646 1165 12621 58173 88232 69122 47018 49344 73460 %n7180 17
51666 78292 79550 32139 10712 41901 85905 32441 85781 33033 22472 85478 68609 3420 84006 75750 78590 %n6688 20
90381 36135 9103 31997 89247 92751 91244 61095 94490 83085 81121 49367 55025 22578 31119 91570 64789 82872 79150 31499 %n904 17
1135 16486 26397 97527 64466 31208 62617 53568 86297 37057 44808 71323 90569 7538 24713 96928 28012 %n438 19
66969 35391 83889 99274 35054 32649 42082 15813 80223 11330 66175 69232 60434 89610 38629 79345 26861 63712 27092 %n8739 18
15197 65840 67264 28491 18942 81805 73122 27095 69012 92673 85633 21253 13091 19535 17133 84815 19222 34826 %n9800 19
29458 21735 37308 62670 39110 72219 83343 72334 97820 62235 42314 23887 27170 4382 16573 84088 65584 29173 87909 %n9351 19
46662 46045 87856 39189 94942 46723 25313 57540 53821 98885 65727 55167 62353 75492 62301 86714 84927 51107 14722 %n836 19
79309 88896 58737 32937 65475 11472 43994 48816 46794 21077 33905 95451 26497 23010 65888 42037 33446 66978 56437 %n9487 20
24335 64606 42850 62805 32525 32426 98040 76083 26750 6038 75819 54543 30970 32950 2958 75389 35812 72923 9282 52169 %n1359 19
84048 68374 3128 92632 61514 43706 92916 1296 38457 23124 80642 16416 79517 57453 18195 18984 17115 15919 90005 %n1670 19
93037 3093 23129 68278 68239 9793 63980 38845 51718 56610 2236 1764 16775 7834 68138 71716 3253 76288 4625 %n7015 18
44443 54186 59319 38623 33156 39311 53688 35906 80565 95814 47361 94552 99265 4993 25739 92183 39789 26101 %n4401 16
13369 8449 55061 92631 10694 90009 53624 96546 176 12535 91057 27963 40054 66987 55517 2498 %n1963 20
36219 41579 22925 47421 21730 53039 77314 41118 27447 85379 41602 65636 60410 41207 70641 6107 95370 61203 33341 36653 %n5268 19
72659 86087 76207 39324 38777 76981 6354 82841 27271 18226 86878 35742 67509 43629 44171 9693 92722 36824 80163 %n3026 20
33065 5173 77824 54088 6166 91727 28839 96927 2743 26360 9895 22250 34292 55319 59567 59129 77345 95553 95428 46120 %n2643 20
72861 27112 92516 70175 14964 47531 46099 55530 38170 60587 47714 60965 31813 72542 16944 88998 571 92984 19499 48641 %n4513 20
38479 63081 11304 49050 5672 47890 28662 88072 71928 77628 85018 52031 60769 4090 22984 40848 38189 48415 38979 60048 %n5293 18
77256 63548 35732 82871 35175 50072 47308 9922 51538 53413 84325 10206 59325 91895 10138 47116 32663 33515 %n5287 20
25182 28737 85930 45300 80276 27536 3206 10141 84768 69034 3028 70320 7137 74984 74627 8987 25386 61540 6389 78017 %n9861 19
80881 27791 83404 39962 781 91849 22986 35112 21458 67306 16663 96143 73315 31736 57890 91812 48795 41947 48099 %n9029 19
8174 21238 93249 14741 86492 90513 67385 73968 87109 15784 54927 15282 67865 15325 9474 63312 16128 76134 26710 %n3433 19
71399 95524 5421 80172 22651 45251 83669 19146 54041 24680 98998 93282 36726 60305 94544 66059 18941 29242 75651 %n2548 19
32726 86711 57484 28728 32195 13294 33891 47803 86674 55805 45656 74100 75343 94111 84796 4499 79523 27691 52917 %n1438 20
68407 23290 2534 81831 97390 71586 70205 12833 32566 1026 57769 42181 28131 2235 8610 93989 4492 78128 10044 65681 %n6910 19
1819 1461 29866 84035 24360 92039 34096 77514 68231 29904 15916 59656 83844 15432 42546 30148 79901 72794 10629 %n2644 20
45568 25465 76246 86827 8260 25096 53516 35291 84739 45494 57696 45285 35476 86734 21544 4356 6193 27945 43777 91944 %n5172 20
51447 57499 4624 78612 70466 52269 6742 17102 52564 57587 40985 22553 863 71104 45727 8430 24432 67828 5955 32583 %n9141 20
96702 19923 3131 24182 28760 23008 52412 44401 187 24181 30393 54002 26705 88834 49798 51256 21194 67421 66431 41506 %n7172 19
29130 83274 94673 23146 22234 41440 89081 52949 4404 51444 92473 89040 62986 23852 13732 49714 97797 40229 83642 %n5387 20
5901 92732 173 31591 96791 18480 63514 9852 79307 55447 82531 25220 28799 7927 73041 7167 55566 367 59020 41478 %n1478 19
29736 81910 56764 95287 59763 21990 29280 16091 11030 70272 40915 94114 89956 99281 44076 3165 94760 16541 88154 %n1542 20
48422 32276 43483 37154 57961 88883 41059 53326 91068 41041 50781 35572 23501 47800 2698 74937 46442 86246 20852 25437 %n1551 19
57630 56068 37223 9404 57225 8504 4790 2684 97317 68416 88606 44066 60973 97265 34746 12481 51535 41567 21609 %n5503 18
95677 24958 86943 55199 40308 18873 13043 39743 4506 56070 17089 23775 64130 84016 75005 39006 2403 17310 %n3504 20
2931 86256 2227 32051 24848 6111 22243 40481 19368 35977 23888 43294 19191 81395 61649 55495 58138 37019 49790 15406 %n934 18
26019 93796 19007 52653 32138 90076 13233 12027 85234 18030 44376 86128 68630 41264 99134 55116 66501 65599 %n1977 18
58468 30722 86932 74523 26223 79439 89875 94900 49282 44362 80164 58335 30488 64735 67078 53076 93365 43892 %n1401 19
21662 36831 18325 32087 99567 40839 88283 59882 89744 35776 650 63603 33765 10209 4430 85309 63672 77727 41249 %n788 20
71733 9191 7475 80925 37079 86221 39540 88573 80778 47995 81437 52063 56596 72963 25815 44452 7660 92758 32579 60624 %n4316 19
13342 77513 87587 71294 78639 27151 14926 35146 5208 69061 37870 24007 33788 99961 59990 26179 66447 4950 18902 %n4255 20
81866 86820 56287 86341 72649 86205 43634 64636 77860 30433 96564 4701 67242 99761 82795 26711 80831 49819 63616 36939 %n7541 18
5324 19940 11479 13215 20145 52966 36106 83579 90316 38348 67202 86275 83095 39512 93685 89555 9812 36777 %n6496 19
18901 62086 68594 89444 36859 80837 77943 91222 76564 90177 34085 84 92286 70534 69718 18283 64675 45780 31777 %n8408 19
9756 16222 31076 23569 13455 63077 27938 35896 40222 47632 3312 82975 23584 5279 4098 69966 37821 22006 46750 %n5138 16
60787 52796 57020 8507 8238 79360 56052 2221 10533 39655 91315 58099 50843 20745 48386 96137 %n9806 20
3034 7833 27565 5897 66069 66792 23799 91531 48636 63040 51194 25166 32539 75753 17347 90405 26491 45685 5999 49240 %n4474 20
98925 8893 83084 60352 14861 18280 74781 68201 55416 35074 68386 43774 85556 43219 86983 97113 27083 17164 84418 96342 %n3764 19
51167 60792 85103 69583 56429 71135 95518 6181 86064 75741 60695 26712 89748 84960 69806 33508 6290 76664 4642 %n9294 20
42080 72711 16973 96726 23597 68640 97076 42870 89243 7009 57516 37909 747 37479 48181 54341 59429 87581 33522 57295 %n6897 19
56907 95402 83304 28038 71074 14860 10856 3932 87937 54263 6564 43423 14925 48793 75602 16476 73295 54084 37550 %n4482 19
49467 54183 10365 97425 79991 61732 90221 89662 89503 81854 67305 57388 44967 44312 93118 50173 44553 24692 78570 %n3240 19
3239 58788 31252 88967 24970 70624 41151 63771 40965 48404 66073 12530 2140 28472 60493 75140 95905 59117 31503 %n2550 19
58905 71671 60872 22333 66314 74903 35072 25915 43330 4811 9757 77291 98984 25849 80558 70802 58338 37967 77956 %n7860 19
48240 24305 84469 41569 3402 36445 75104 59875 19307 47710 50291 53950 9732 10683 70194 42738 420 34841 70323 %n9717 20
24005 49619 34430 89528 31613 8818 17131 80175 54700 81030 83029 53060 31011 80746 36358 71094 87353 10492 17668 85268 %n3966 14
49803 16019 57430 25622 62225 95149 74493 99125 939 54761 60619 23171 51394 11189 %n8830 18
6214 45977 57780 9647 16566 16467 35642 50171 9366 36290 97975 38328 95773 92023 94091 52113 45011 18417 %n4385 18
87882 64225 82820 15541 56812 65797 27385 1387 77536 93110 88383 50682 67599 79743 50818 80159 74939 75577 %n1699 20
32531 95118 88608 93442 79890 42149 51382 35991 71956 45762 56046 18287 41142 30576 60949 38422 13059 96266 19095 21966 %n9583 18
38361 30952 42148 25138 22618 91996 70184 98534 84306 27934 65819 982 96922 3971 66941 11881 81479 69681 %n9269 20
86757 20210 9353 50815 26347 23676 93686 96352 76753 23128 37052 29253 59944 26592 19235 95977 17441 16975 57458 22497 %n6464 18
78557 73781 58880 71231 73743 49221 42483 37271 70117 7568 84763 66338 51166 88610 42093 7421 19163 8972 %n8046 19
19009 1801 53710 47686 67877 80588 70965 59572 93679 13731 35624 23451 70753 48638 89532 9462 52846 51652 16932 %n6263 19
55483 87009 6859 94082 28689 63022 78035 17914 6514 65865 60147 55536 79926 55235 80246 84977 51412 37903 83442 %n7438 20
92491 76815 43162 1137 35463 42865 51686 50938 85581 86426 68645 50115 74677 29776 82920 7093 59314 89848 39760 60101 %n5628 18
56090 93725 50978 49668 70848 2466 65347 98738 42200 37945 62968 70865 65848 60959 19434 77697 42494 20184 %n1485 19
50290 45290 63188 17274 91393 47028 68523 1268 74662 18868 76026 20796 22952 56084 4679 33775 9283 87854 55995 %n8619 20
13613 41380 36119 15338 84382 30076 2992 22350 79332 31004 15139 98662 63017 38880 74371 32981 13798 75063 75489 38054 %n1155 19
23425 23384 27169 55144 84432 11764 25553 64607 9001 85574 43248 81625 65851 96634 99590 95111 81703 33453 10736 %n5654 17
58774 55252 49319 47669 3479 26060 89846 13720 26456 83268 59164 42559 80070 87670 10907 8560 94010 %n8696 20
35619 45104 44776 86267 17085 89554 3876 87902 38304 24855 77630 82092 78115 2284 82577 94634 66416 42488 5076 65791 %n5550 19
58514 50544 11741 1654 48580 82752 14204 80049 44942 62560 26075 95358 5669 2023 45040 41301 9351 22466 43236 %n2872 20
46245 5565 77664 3029 53109 76796 10387 21967 71926 83886 9651 39893 93211 25658 79408 37800 44347 50922 15290 5149 %n6446 19
26401 15900 97353 68545 68205 46530 53448 69144 69387 36923 35735 27618 83774 98393 35871 99013 78839 10142 58291 %n8136 15
31525 30214 56416 4820 81359 27333 44528 39774 52929 89479 57459 16539 84376 4341 88932 %n3597 20
40462 30212 95110 43268 15572 44464 11413 10118 37962 76133 90138 43181 26650 84345 90342 82493 12667 73670 55285 59146 %n7197 18
33752 79354 40527 45087 9789 70548 60373 57881 37221 35493 57825 50884 22905 29183 47711 32052 85002 17486 %n5057 18
98302 35107 51615 26128 52320 92737 91836 37004 20724 27485 37723 10394 30101 56288 69573 56493 54671 27927 %n7944 19
26419 85337 37592 59069 30787 41921 51986 77037 18057 44847 46168 83071 94500 75284 8190 58459 33620 89051 48814 %n2050 19
91098 54561 63098 67661 38205 41604 22575 47813 57326 69260 41857 14901 26804 99519 50714 98129 20173 67012 14026 %n5272 17
37152 6228 26000 54677 14946 18631 83652 52185 49264 37339 38740 37519 79790 44610 8396 50995 82744 %n1045 20
17105 25087 20595 95978 77344 63622 90560 21886 41485 54028 20566 44114 43439 87873 56316 91949 29992 39892 38313 49560 %n4188 20
55107 24790 78967 4685 65716 74653 48855 61295 3949 9443 98086 9776 42996 94512 95029 53254 61376 78816 40737 49469 %n7229 18
38439 47866 74080 51104 56069 92067 60416 82779 44285 50216 33772 23014 23023 78364 81355 26951 77985 83214 %n3566 19
99332 23447 34244 21913 41308 87341 96537 83078 38042 3879 21248 94099 95612 23914 917 82110 46784 36185 45854 %n7557 20
31883 98991 45739 56578 86238 89518 40655 4837 38895 61791 39949 82235 71193 75834 6468 14456 90708 23140 31895 21062 %n8736 20
21646 8865 94262 80692 49650 69455 33504 66827 33706 350 38512 16084 85576 11859 90079 60008 5591 51427 24446 25964 %n379 18
60701 50125 58268 83468 49135 86948 97853 93399 40299 32075 6458 48493 89172 39454 72588 64684 47267 97232 %n7741 20
9181 17677 90671 18161 47448 21046 20515 87028 33656 29353 91219 84681 36635 45832 16857 82609 41489 56165 41997 18092 %n1899 16
23284 60303 1716 62989 58204 38591 27669 57857 18414 54589 9339 3380 32672 93748 42150 25893 %n9060 19
17460 91847 85768 78524 75184 15588 58438 32288 49125 82115 73534 30539 2832 39421 51498 28418 47744 3631 21954 %n9913 16
86317 73854 34662 54421 5896 74864 11524 96531 44924 36752 93744 27883 49953 79315 26746 6464 %n1364 20
46785 61473 9703 53457 22118 67215 6637 5480 50191 16602 35016 83629 13278 36175 7442 78179 43337 18075 95115 31631 %n6836 19
43972 7098 43887 2475 46021 73748 76334 9803 34777 16538 60963 11927 8810 13539 44567 63685 47880 20434 39964 %n3677 19
68410 91765 20528 83601 76319 29016 53283 10506 70927 31189 41247 44734 17520 59578 83843 41096 91475 52122 26387 %n243 20
19979 33857 14463 40821 28617 90322 25516 34016 48340 91767 43824 22596 8039 67052 81411 66764 3667 4157 85694 27509 %n9785 18
94109 31183 33629 44001 34944 59260 3574 80556 82138 34697 90252 43724 25684 53629 18022 42219 21399 6695 %n5928 20
6437 89184 42070 6800 73704 58680 98020 16327 30727 58003 9901 70381 92971 71629 93169 46283 2104 82890 89660 48786 %n6591 19
71289 3917 20794 47170 74079 79707 98322 49517 87551 85228 91109 76733 56722 6139 52332 28308 7197 60052 38928 %n8964 20
35362 76338 96959 31142 17605 15675 97490 83880 80136 43860 80145 58163 4600 93683 75538 88448 9849 9673 53561 64755 %n5337 17
35646 73977 34927 64465 76649 89116 64741 78638 44852 25542 89207 91595 62762 85424 21581 83241 24497 %n9530 19
78919 59229 30646 46332 27657 65930 70247 94433 71577 72234 84206 5518 83438 3263 71665 3782 91234 8645 18334 %n8301 18
42833 77553 60520 77403 8668 33035 59243 80421 56580 68204 25209 94550 93091 86813 91618 79257 44378 79564 %n1764 19
47404 44025 65649 11406 54107 77315 20779 14379 64281 13065 56196 21325 56985 56758 12587 48550 14640 65781 12597 %n706 17
20841 2800 13147 33992 15331 28375 2442 10091 9322 90300 1804 68665 20981 10130 96598 21956 27067 %n5756 19
65536 53238 96998 63638 56170 12744 61638 47231 93402 34190 41802 38831 3436 29088 35867 15951 15017 84478 26779 %n547 16
91543 20629 11916 93142 76198 81690 19879 352 41852 67538 22030 35703 71853 85421 69217 82510 %n7174 17
47798 1840 8150 77661 68974 66364 90732 95982 34610 6050 76634 50194 25411 96144 519 66214 889 %n7525 18
45561 97017 25477 26753 86673 42512 98220 15870 90166 52997 97906 29807 45917 39591 88013 47337 54004 69856 %n1561 16
30326 71237 38789 92091 18027 58267 92126 9880 16710 37006 87458 53032 16984 90433 37612 27889 %n3454 19
61351 98346 52330 32422 4898 19304 7321 79703 31384 65309 65984 65362 84783 19732 34871 9148 65778 55062 68136 %n9004 20
50181 36971 91454 15081 4126 97560 43022 47208 88047 99714 81614 56579 57502 94860 21376 2341 2861 90422 42909 35105 %n1424 19
35687 62620 5751 75603 74316 70030 18512 88092 60367 503 37377 82775 78366 75658 88949 88912 43196 32595 76808 %n9855 20
60258 74200 83257 45533 55738 34698 84226 89198 14014 94033 64392 21342 79077 31629 2999 56073 18568 51479 24583 69233 %n6247 19
23903 93861 87397 68930 52998 13773 84919 97839 39781 43826 87127 1016 9586 82602 1267 17357 57766 80219 16436 %n972 20
43377 67802 47495 17859 27474 16153 41005 15185 22442 90445 2389 23737 60423 42783 67061 2497 71103 55508 54586 35199 %n5065 19
32542 28614 40458 9950 71471 311 6870 20130 3096 69453 75917 99038 63892 77520 71880 28703 62380 89812 99758 %n7362 18
11412 30868 57617 33847 21542 98195 3232 90788 7678 18756 69386 57354 20268 41627 65453 37403 25474 44863 %n264 20
73181 32309 59053 19188 58244 88161 99300 92154 51971 49444 43906 12083 22244 68055 99607 33829 25941 49927 26064 69178 %n4139 18
37278 15677 4532 29502 98735 54109 56378 66706 30583 22546 17427 31160 31040 81556 58217 49140 42697 88407 %n5456 18
2203 82694 22032 8211 23064 2724 6079 36677 87086 26549 59519 57034 83731 25761 37659 71499 52154 65290 %n8679 18
59905 24578 22541 53446 4751 72105 11756 72708 31354 8456 80923 84389 95335 9977 32609 91990 69152 80286 %n8806 18
53684 68367 62452 16845 75719 72171 58071 37049 39730 38700 78327 15056 26433 29987 4637 4935 22017 40312 %n673 19
73053 37068 58881 17215 46508 72520 50079 96349 29444 44256 93437 59134 42583 92933 97092 20178 4694 74144 65306 %n7475 16
69195 95291 89106 95673 68584 49117 56617 24988 80950 27772 85665 65288 44233 51279 96374 33495 %n