237
5686 166
95531 34078 32541 51986 46670 68666 9986 15967 91078 44476 29971 31707 44041 25372 70646 83140 7963 78717 37066 61998 15121 25410 49266 95546 54544 76947 93297 70865 77011 13750 76509 96491 37947 10286 29010 91814 73925 33303 98545 74547 96437 59900 68064 23940 19096 91975 76617 77105 19156 91812 25829 49879 18700 35980 20544 29920 47985 29105 19104 84827 71223 28488 51984 95121 14429 94076 31015 69536 95899 16404 8095 82379 48218 52564 95748 71093 81519 6073 99002 32496 23988 99249 27524 59434 63762 71402 66030 15740 46244 12602 87432 6090 58666 57632 17879 27839 43044 54071 77964 75029 73822 93284 71300 87776 77858 50037 52052 90071 80593 62562 84676 20045 86170 47386 59441 81766 43904 87144 64207 85354 94871 39987 14571 56773 60177 20049 39861 26823 19263 23669 15132 96313 87615 91223 67487 75884 42851 18456 11736 81038 97865 23630 90791 35300 47512 15954 33702 42676 30432 46972 662 18044 88570 46537 25846 49547 94492 58128 31804 24175 31253 3674 9391 74846 13713 23854 %n3867 108
20926 12611 54764 5910 80836 13424 72593 97826 42875 3566 84418 31791 43869 99191 18880 96102 26288 75323 91553 21170 97004 82850 88230 54094 10616 87605 46103 78224 25514 78818 1401 68740 83089 23027 12690 91958 75995 96355 22562 96176 53706 85377 46558 49816 76665 11431 1985 5496 20265 83652 94601 93747 82704 78139 93123 27256 97243 15205 6446 72510 50731 73170 84657 19967 50134 79670 36956 47786 70557 57856 59844 24668 84805 45744 60866 84322 68255 23836 86423 67182 13329 1235 38868 49956 89772 91334 91779 32788 19212 86000 41107 85019 37635 42918 34728 9764 80826 11316 50294 7039 72662 93542 42172 85879 92080 63027 82057 37116 %n1899 66
43681 91365 83682 85645 86565 16141 14733 19886 47097 22282 37146 84311 67618 60439 616 84411 50168 35944 43621 52915 34897 46687 64190 68760 94082 19241 96607 26981 33509 41011 22056 99447 17940 23446 7000 36681 49612 4774 67094 69446 42171 40157 54770 54349 31497 13855 3773 99482 90620 60534 88268 82591 28492 98626 45155 56936 89706 82564 18259 85683 83702 8597 24996 37327 59121 45027 %n3727 49
20810 81438 52339 23375 40764 51195 84072 28456 58935 54014 32502 46795 72241 96315 20877 71049 43031 49725 8223 48009 13577 20043 40542 3505 77204 48609 98350 51251 92832 64012 95297 16216 23891 71520 92411 56303 97443 90875 27627 82534 65224 45601 63339 8489 2760 5061 14906 4018 18937 %n1848 33
32149 41736 77133 73951 85237 78249 38020 92424 84263 18552 14090 63717 972 58780 83799 55764 12953 59314 2498 19354 49870 99215 96063 9727 80861 76198 16265 60312 14803 79870 78473 32510 73332 %n4299 15
87043 55707 56152 26257 61052 14975 46401 94403 44930 5670 35339 78744 318 43339 17331 %n1552 18
10770 34499 87504 10564 1493 94676 10466 41267 8916 22699 20339 4398 96365 20125 43276 8356 715 65742 %n5587 5
59346 37800 52524 79566 27015 %n3488 3
38781 51014 14878 %n1536 5
30674 77756 80421 98920 35677 %n3841 1
86972 %n5150 5
68975 11211 19441 63225 33133 %n2132 1
58670 %n1647 1
78880 %n921 0
%n3881 1
31426 %n4587 0
%n3235 0
%n5044 0
%n4037 0
%n2096 0
%n1844 0
%n5924 0
%n586 0
%n3262 0
%n3794 0
%n3997 0
%n2732 0
%n5810 0
%n3155 0
%n4543 0
%n3857 0
%n1882 0
%n5430 0
%n1518 0
%n2869 0
%n4144 0
%n4528 0
%n1468 0
%n5254 0
%n4345 0
%n2807 0
%n1353 0
%n1405 0
%n2945 0
%n4079 0
%n4406 0
%n3022 0
%n3079 0
%n1386 0
%n1153 0
%n4766 0
%n1010 0
%n433 0
%n14 0
%n2778 0
%n1270 0
%n748 0
%n2925 0
%n5031 0
%n5983 0
%n5394 0
%n348 0
%n5490 0
%n5574 0
%n3064 0
%n49 0
%n60 0
%n1089 0
%n4143 0
%n4783 0
%n5503 0
%n4174 0
%n1751 0
%n4537 0
%n904 0
%n4140 0
%n364 0
%n1535 0
%n974 0
%n204 0
%n5030 0
%n2180 0
%n4291 0
%n689 0
%n5059 0
%n3801 0
%n3114 0
%n812 0
%n3457 0
%n2722 0
%n4757 0
%n5391 0
%n727 0
%n2171 0
%n1930 0
%n1308 0
%n3902 0
%n1957 0
%n5656 0
%n1789 0
%n5362 0
%n5817 0
%n5504 0
%n4900 0
%n2445 0
%n3010 0
%n317 0
%n3724 0
%n1637 0
%n4024 0
%n473 0
%n1807 0
%n2933 0
%n4494 0
%n4897 0
%n2037 0
%n5194 0
%n749 0
%n4159 0
%n795 0
%n1810 0
%n208 0
%n1845 0
%n1651 0
%n5246 0
%n2627 0
%n248 0
%n488 0
%n4780 0
%n688 0
%n5008 0
%n3397 0
%n5685 0
%n5149 0
%n1042 0
%n221 0
%n1044 0
%n5136 0
%n326 0
%n2478 0
%n1279 0
%n4233 0
%n93 0
%n3755 0
%n3900 0
%n1355 0
%n3083 0
%n4817 0
%n2859 0
%n2490 0
%n5172 0
%n6 0
%n5475 0
%n4402 0
%n3946 0
%n2193 0
%n2043 0
%n216 0
%n5295 0
%n2904 0
%n500 0
%n1002 0
%n4683 0
%n3849 0
%n5045 0
%n3044 0
%n3454 0
%n4431 0
%n160 0
%n3689 0
%n1805 0
%n654 0
%n3906 0
%n5440 0
%n897 0
%n5114 0
%n3869 0
%n3991 0
%n2486 0
%n725 0
%n4728 0
%n2273 0
%n5350 0
%n5138 0
%n2459 0
%n2731 0
%n4791 0
%n5484 0
%n4047 0
%n4387 0
%n4839 0
%n4717 0
%n5448 0
%n3786 0
%n4496 0
%n963 0
%n820 0
%n4737 0
%n1783 0
%n5616 0
%n1240 0
%n5111 0
%n3787 0
%n482 0
%n3504 0
%n5005 0
%n2130 0
%n1321 0
%n1225 0
%n3562 0
%n4468 0
%n2294 0
%n1013 0
%n2443 0
%n3964 0
%n394 0
%n3160 0
%n990 0
%n4483 0
%n4891 0
%n3524 0
%n794 0
%n3870 0
%n3446 0
%n3962 0
%n5903 0
%n2034 0
%n661 0
%n4982 0
%n1175 0
%n2699 0
%n337 0
%n2234 0
%n3478 0
%n2305 0
%n2515 0
%n