343
5221 146
23505 35493 30568 33638 67331 79969 76695 99470 12269 96042 70625 68309 24362 1249 52963 64956 85952 46902 55383 19981 7397 15925 93819 81723 39900 17681 83817 38268 63494 70152 41915 16494 28424 98200 16020 71373 41290 16367 31753 83685 69973 65693 11546 72102 95076 18107 4635 41909 80955 92339 66601 57457 8626 80683 82437 67855 61335 38562 40824 85023 50299 77632 19033 67515 35922 5496 14808 88478 49082 75656 48312 64591 32936 3796 48059 42763 38628 64 83073 49097 1258 60876 56332 69071 99738 12226 18331 26182 72445 59467 86256 63063 31604 96433 19609 9447 12323 8336 60911 95508 2120 87358 69450 27780 95520 26123 96593 68334 60879 47354 13522 48417 3981 53572 97268 51345 97367 33124 69475 81469 8511 90607 98482 80139 89503 86580 66758 93565 63515 91927 78140 9055 94168 7455 69854 75490 2359 35701 42921 40355 64828 34860 64457 1396 77881 1004 %n3335 119
38974 32751 63104 5546 70182 32995 30616 99520 95798 92705 73214 19238 17265 91846 46751 72418 29547 98046 71976 19737 4495 98257 6696 1615 24949 45959 94295 71561 92467 88577 33593 333 27982 7278 95193 75165 66715 70006 89715 56211 12919 35362 45071 11213 40794 92027 3122 88039 65008 50262 92244 25536 93377 81971 50562 38110 44927 919 48617 34965 49510 47256 59943 46242 60534 86916 7658 98916 39146 85222 5109 21006 5597 26434 76525 52873 95428 16669 50404 39404 65701 6481 66278 12460 17233 68681 36708 30936 86393 96768 14845 25444 20630 93396 52385 3614 14420 56568 72787 99285 85436 80431 89452 38938 97825 34531 87213 77716 81126 47351 53890 69074 40529 94636 10566 4933 92925 69433 16561 %n4102 89
15549 89454 81891 39459 43216 12722 62549 15084 60318 86975 17439 83853 79794 40763 33241 80770 38958 29457 70478 98681 44529 34144 61121 54196 49634 18876 48619 79733 65427 36913 22443 40249 25084 89812 94779 77491 90684 98032 88499 57425 27254 1282 7218 29406 65151 60195 9661 89358 38413 19349 26264 71425 78129 26022 86485 9543 19335 91815 37283 157 65325 92350 32785 20923 68111 97435 9352 39698 66919 33004 28858 47111 28368 87063 24308 43716 67645 6470 75262 79020 63040 66732 70450 36476 81681 24194 40538 17601 69761 %n6479 76
76313 50663 52124 26955 91125 42732 85528 7786 19041 62039 43364 43851 63892 13061 18148 33333 97244 69612 22347 96627 80161 31549 43846 49916 83194 42754 223 51656 10053 57963 33185 63060 14963 21598 28418 4860 76899 94626 20438 10716 66190 38434 85920 7687 78533 318 411 61354 22828 36752 92216 24354 18736 58402 49852 60600 24079 17572 63360 66477 33204 39113 21676 497 98181 53473 91699 80281 81873 9877 93394 37209 93635 97409 68258 54437 %n2437 55
27790 4699 12860 57105 34316 4078 4639 24625 1363 36573 40274 28941 72801 11088 54875 92254 70171 15313 98449 22039 34139 98190 7674 86930 85418 76245 10624 22961 36042 21359 62226 93126 97728 44731 94235 97358 29631 18524 43727 26456 57715 32874 83179 32844 23471 58644 79606 86591 44941 41917 64901 35291 32884 75345 7099 %n5145 41
73833 21572 77265 53399 75330 46774 9946 39795 49119 11013 66734 84515 8675 2801 8853 99623 3748 48442 67170 77520 25244 725 30467 42171 38030 43070 11197 61439 67341 96780 45253 75854 41076 41820 75400 45619 12633 83181 51994 47001 2525 %n4484 31
33014 82988 1106 47032 43838 75106 16468 34314 4347 59514 57931 1714 92107 73481 48392 48232 53544 98024 2475 77414 92408 64199 35375 57371 24565 81634 2861 39741 63860 95578 16274 %n5816 28
87573 19315 12157 60562 89427 18074 21605 90697 15954 19635 29592 96748 24286 30034 47450 18773 44765 81884 89743 60765 98185 1451 91195 68292 72381 12436 886 77301 %n4300 28
79891 95807 78519 78594 93728 53936 87712 35379 80704 56036 33243 90300 1127 50206 72658 13806 57606 94283 51745 97774 15489 83176 39327 11305 82889 21919 41146 86874 %n6715 21
64202 56572 78810 90827 958 18985 78348 77873 66103 42620 48334 39978 59488 68405 52534 65327 42166 46827 76595 94252 9856 %n1081 14
47433 2508 29314 41334 46895 20016 21805 32694 73258 74787 5277 69929 53960 64751 %n50 9
43183 17413 99094 869 19690 36368 41703 89975 7789 %n3557 8
36782 19794 26507 82931 16425 150 522 75541 %n5405 7
54905 17283 40642 19410 60821 50589 85065 %n1010 7
76387 30044 34384 46211 35368 15294 10842 %n5628 8
18577 91740 31574 82771 28584 45190 41485 48 %n4258 2
46655 22258 %n568 1
47662 %n1901 0
%n1984 2
81003 7966 %n2333 3
89508 43816 94947 %n6697 0
%n560 0
%n1202 0
%n3263 0
%n3277 2
40995 24772 %n302 1
52397 %n3856 0
%n1762 0
%n1798 1
92830 %n1985 0
%n3296 0
%n2848 1
10064 %n5544 0
%n5799 0
%n6500 0
%n2 0
%n3145 0
%n5592 0
%n5366 0
%n2998 0
%n3394 0
%n2092 0
%n125 0
%n1619 0
%n3958 0
%n1341 0
%n3577 0
%n4821 0
%n4815 0
%n1817 0
%n3119 0
%n3318 0
%n2550 0
%n3423 0
%n1290 0
%n1964 0
%n678 0
%n3167 0
%n116 0
%n1779 0
%n6691 0
%n5407 0
%n5226 0
%n4783 0
%n4949 0
%n2899 0
%n4139 0
%n2210 0
%n44 0
%n1934 0
%n3534 0
%n216 0
%n1003 0
%n1064 0
%n298 0
%n5461 0
%n1407 0
%n6706 0
%n2743 0
%n2869 0
%n1138 0
%n1665 0
%n4946 0
%n2580 0
%n5078 0
%n2704 0
%n6611 0
%n879 0
%n5474 0
%n3816 0
%n1788 0
%n6141 0
%n646 0
%n2950 0
%n6480 0
%n989 0
%n2129 0
%n5687 0
%n3969 0
%n1317 0
%n2335 0
%n6147 0
%n2454 0
%n1911 0
%n2380 0
%n1478 0
%n6439 0
%n1063 0
%n622 0
%n452 0
%n1642 0
%n3668 0
%n5111 0
%n6656 0
%n5562 0
%n526 0
%n3376 0
%n3341 0
%n4923 0
%n1874 0
%n4027 0
%n5877 0
%n173 0
%n3215 0
%n140 0
%n2595 0
%n3279 0
%n4934 0
%n4838 0
%n1660 0
%n4667 0
%n3538 0
%n6586 0
%n1812 0
%n1549 0
%n4778 0
%n3186 0
%n3574 0
%n5460 0
%n564 0
%n3187 0
%n2389 0
%n3054 0
%n3535 0
%n2788 0
%n3381 0
%n5584 0
%n1889 0
%n5656 0
%n988 0
%n2511 0
%n5124 0
%n4135 0
%n6481 0
%n2007 0
%n5164 0
%n3844 0
%n905 0
%n6115 0
%n5957 0
%n5888 0
%n5646 0
%n5153 0
%n3998 0
%n3647 0
%n6823 0
%n2780 0
%n2895 0
%n2004 0
%n1900 0
%n4012 0
%n5215 0
%n5631 0
%n5043 0
%n6673 0
%n4060 0
%n1355 0
%n6402 0
%n5682 0
%n6602 0
%n1444 0
%n3221 0
%n1420 0
%n2011 0
%n3010 0
%n1066 0
%n2063 0
%n6489 0
%n1645 0
%n1345 0
%n2386 0
%n5899 0
%n1514 0
%n2599 0
%n4795 0
%n6455 0
%n4882 0
%n556 0
%n5421 0
%n2573 0
%n4464 0
%n1613 0
%n5199 0
%n2628 0
%n3661 0
%n5371 0
%n6077 0
%n6647 0
%n3776 0
%n2551 0
%n3400 0
%n1364 0
%n5420 0
%n1441 0
%n6768 0
%n2182 0
%n6727 0
%n6085 0
%n314 0
%n519 0
%n2145 0
%n1282 0
%n2577 0
%n4614 0
%n4732 0
%n3170 0
%n3837 0
%n4424 0
%n309 0
%n1492 0
%n5132 0
%n1707 0
%n6547 0
%n6805 0
%n6246 0
%n124 0
%n2548 0
%n5649 0
%n4189 0
%n3431 0
%n3024 0
%n3392 0
%n842 0
%n5597 0
%n3285 0
%n731 0
%n3407 0
%n4670 0
%n1065 0
%n4870 0
%n4887 0
%n3052 0
%n553 0
%n6846 0
%n1676 0
%n2071 0
%n2368 0
%n422 0
%n2318 0
%n3786 0
%n4004 0
%n6295 0
%n2405 0
%n6347 0
%n2394 0
%n5709 0
%n4758 0
%n2050 0
%n3306 0
%n1653 0
%n1036 0
%n6505 0
%n404 0
%n5029 0
%n1135 0
%n1583 0
%n1925 0
%n1519 0
%n4447 0
%n4956 0
%n405 0
%n5921 0
%n713 0
%n636 0
%n1815 0
%n6303 0
%n3900 0
%n2213 0
%n3702 0
%n6739 0
%n3182 0
%n833 0
%n1623 0
%n5767 0
%n5740 0
%n6486 0
%n960 0
%n4872 0
%n2363 0
%n1152 0
%n6324 0
%n5075 0
%n1538 0
%n644 0
%n1852 0
%n6015 0
%n3612 0
%n6519 0
%n3644 0
%n3990 0
%n2754 0
%n541 0
%n5890 0
%n1380 0
%n4816 0
%n2791 0
%n3122 0
%n2952 0
%n4618 0
%n762 0
%n802 0
%n5912 0
%n2206 0
%n4954 0
%n62 0
%n6847 0
%n2993 0
%n5576 0
%n1172 0
%n2317 0
%n5852 0
%n5325 0
%n3652 0
%n5178 0
%n3842 0
%n1723 0
%n834 0
%n5997 0
%n5310 0
%n215 0
%n5475 0
%n2755 0
%n