253
8516 16
34684 90600 14049 24140 59696 86537 43903 38893 96900 46325 32369 29108 24536 98504 36808 21587 %n4298 16
81267 56417 70289 53601 50120 29525 32220 44658 48081 16231 35003 55519 26818 8709 98710 91107 %n6982 15
44861 56338 45886 90390 8007 59513 25550 39282 1243 97158 17216 44338 74327 51634 17975 %n4268 14
14907 89268 35716 79495 79845 93109 90752 15313 3479 39799 75128 11351 76819 91804 %n4487 14
55095 43944 77569 4041 52490 69179 73464 64659 41045 59977 33965 88650 67191 22284 %n1342 15
27813 34624 74065 30160 86528 81619 60361 7575 70202 91979 92400 80572 47730 50501 81587 %n1503 12
70575 23204 87769 80989 53715 77103 79893 93451 38616 57216 57236 28100 %n8789 16
3928 5279 4613 22163 28446 33873 96566 47553 17472 30090 98020 32192 11322 73438 28688 61102 %n4889 11
29085 62751 9785 36363 40398 63728 47717 9865 32898 76673 6937 %n6578 15
23586 36417 60144 12886 22034 13015 63456 28676 32958 95537 18111 13274 35178 64003 59022 %n2649 7
35149 98753 245 3724 55951 75590 40810 %n550 13
7515 31149 61196 48350 8659 19529 45624 71307 37564 43122 93371 44429 68503 %n2676 11
71422 56082 29546 448 71167 59420 7391 88994 32032 28336 43158 %n4162 11
16178 5459 76479 63505 22204 47986 69859 72920 37554 6181 74893 %n9603 9
23414 27601 7394 52214 4730 83092 70174 63290 59067 %n5446 14
25405 72296 74207 3981 50832 49943 6255 87743 44657 68174 5829 12035 81052 35996 %n8463 8
98084 58746 30736 12599 77183 12559 64430 96052 %n8100 9
62047 21128 42100 36738 34229 69068 63659 67199 39535 %n5899 12
97170 67142 34569 80554 84280 54934 10069 88019 92491 86050 6667 81775 %n5164 8
89894 77225 90433 23186 32103 20548 55177 40423 %n8653 3
19209 40533 2452 %n5050 9
30188 15213 21506 93476 94624 8196 41063 7813 29072 %n9483 8
26430 53903 14752 4778 79330 51740 61722 45685 %n7081 9
2203 31430 16528 84717 7180 49615 54841 36485 45928 %n9268 12
86550 33995 51285 93640 80981 61480 19890 59461 49191 48338 87866 4669 %n4976 4
18054 13665 3264 3502 %n1365 9
52013 79228 68526 36630 80242 2603 19437 35602 22091 %n7754 7
46333 27074 64968 51171 94135 29660 66153 %n7888 8
14050 6575 86964 49545 5638 67541 66997 53106 %n6718 4
64384 16270 39922 15855 %n4654 5
92352 7379 30149 49298 8451 %n5362 9
46646 78902 40629 14435 55260 84212 61281 9328 68935 %n1284 1
70475 %n9197 5
10302 62600 74898 15773 18599 %n4931 4
41490 13046 18378 61708 %n4594 4
34107 67028 54694 46406 %n2011 3
24577 24470 11972 %n7537 7
39214 40694 92232 82523 1070 61543 75197 %n4103 5
31244 25964 88059 87344 97332 %n7977 3
68026 27265 26265 %n1110 6
32541 4631 52177 57954 59202 38403 %n1481 6
56703 75497 97483 32543 89603 66273 %n4793 5
82230 41771 38526 44474 5466 %n10069 6
97567 18911 2493 50156 75755 96454 %n8719 2
32587 21693 %n2970 3
13468 20133 91916 %n5623 1
15470 %n7241 5
76366 40794 38947 91868 11910 %n2418 2
21710 60803 %n2420 4
56909 90411 1952 83950 %n5245 3
31106 39764 17762 %n5085 5
3860 31424 61486 1099 61163 %n5477 4
21265 93178 95167 7706 %n8089 2
50724 67033 %n3677 4
91692 94884 2285 38777 %n4949 3
10259 39226 22903 %n1318 5
56320 8224 80510 42169 58374 %n7071 4
59016 773 63778 61444 %n3213 3
75303 32379 86043 %n3216 2
77172 58414 %n1987 2
35385 6337 %n3359 1
72580 %n2451 3
76328 86695 60044 %n4923 5
76862 76723 79804 51556 69850 %n7442 2
32994 88098 %n7515 2
42281 27682 %n3149 4
16259 17198 78144 11020 %n5946 3
69579 18410 2758 %n3768 0
%n4266 0
%n3513 1
66652 %n9819 1
81737 %n1750 1
19605 %n6002 2
57771 3030 %n6418 1
51329 %n6901 1
42282 %n1682 1
18274 %n2907 0
%n8902 0
%n8753 4
98499 59419 72203 7818 %n955 2
18841 50011 %n8225 1
36959 %n4080 2
59308 85734 %n8309 2
93327 4600 %n1401 1
68273 %n9283 1
27268 %n9547 0
%n1909 2
29976 30523 %n8050 3
73817 79641 19898 %n2669 1
84637 %n9532 0
%n8104 0
%n8391 2
84868 26903 %n6940 1
42523 %n8980 2
5479 9871 %n9416 0
%n8786 1
32483 %n3622 1
52116 %n5970 0
%n302 0
%n7534 2
74578 94260 %n9032 1
50827 %n1872 1
75082 %n97 0
%n1583 0
%n9154 1
16529 %n5052 0
%n1415 0
%n7093 1
63918 %n626 2
66909 50643 %n239 1
63959 %n2184 0
%n3053 0
%n8164 0
%n8546 1
86762 %n8829 0
%n10028 1
77962 %n4621 0
%n4701 0
%n2962 0
%n6691 0
%n5298 0
%n4258 0
%n9773 1
26318 %n1423 0
%n3550 0
%n1973 0
%n4605 0
%n1304 1
48315 %n429 1
30301 %n8159 0
%n8687 0
%n4310 1
51873 %n9681 0
%n5626 1
25501 %n4259 0
%n6762 0
%n6898 0
%n6035 0
%n6558 1
87324 %n9300 1
15325 %n7440 0
%n6217 0
%n2269 0
%n7465 0
%n3041 0
%n6644 2
67019 20804 %n2520 0
%n5017 0
%n8640 0
%n3991 0
%n4655 2
36661 8278 %n2030 0
%n8581 0
%n3793 0
%n3856 0
%n9589 1
94875 %n5445 0
%n2844 0
%n7813 0
%n657 0
%n6295 0
%n7390 0
%n3651 0
%n1048 0
%n1280 0
%n243 1
40193 %n8429 0
%n2784 0
%n3196 0
%n7177 0
%n2938 0
%n4378 0
%n5025 0
%n8665 0
%n63 0
%n2608 0
%n758 0
%n1667 0
%n9634 0
%n344 0
%n5099 0
%n5346 0
%n222 0
%n6756 0
%n2147 0
%n5401 0
%n4515 0
%n9823 0
%n4557 0
%n4346 0
%n9615 0
%n4897 0
%n8181 0
%n5608 0
%n8899 0
%n5199 0
%n6174 0
%n1154 0
%n9712 0
%n7811 0
%n9650 0
%n5038 0
%n2140 0
%n6365 0
%n5 0
%n1865 0
%n6020 0
%n5708 0
%n3313 0
%n8359 0
%n6862 0
%n7182 0
%n3532 0
%n8923 0
%n7367 0
%n2163 0
%n5655 0
%n8356 0
%n9854 0
%n2502 0
%n4962 0
%n5318 0
%n5196 0
%n7048 0
%n3762 0
%n9815 0
%n2497 0
%n6994 0
%n4813 0
%n4227 0
%n9151 0
%n7544 0
%n3837 0
%n128 0
%n3352 0
%n8419 0
%n1816 0
%n6182 0
%n5812 0
%n8857 0
%n8369 0
%n5020 0
%n900 0
%n1043 0
%n5339 0
%n4769 0
%n8830 0
%n6376 0
%n2342 0
%n9587 0
%n4980 0
%n116 0
%n