139
642 139
72437 63668 31332 36645 64350 67795 48847 83616 32297 82670 65065 14567 39580 82839 46296 57460 60500 55091 82069 3270 37331 70614 25051 47135 18021 56546 16308 69988 47106 57551 36420 74762 30869 1992 46423 62107 35657 32392 47896 4560 55191 64774 18375 23080 20122 45940 78301 43780 17677 53429 23775 64309 32412 6727 53915 74471 68779 31048 31441 43709 75185 26235 4424 42825 28765 60847 30910 19521 15936 8625 14118 31090 26666 36721 72447 80301 44851 50850 39059 56752 187 55254 57995 6409 88003 52560 20552 53733 82120 48528 37968 57297 25564 65655 52785 41126 80785 132 62722 71035 15445 62428 77607 44927 63550 36267 23979 58389 86948 25000 28794 61736 66683 71491 8951 40985 48126 18231 9408 5635 5025 62141 68107 22339 63966 66473 28333 43676 74409 30008 87514 77784 48737 44081 28394 65798 20185 68003 2050 %n1827 72
70524 27271 67155 17347 41693 838 77950 23038 12561 14004 12011 69118 82314 57040 65882 80496 39534 49309 14840 88255 3181 30636 36132 40560 53459 702 86361 84811 74190 37886 69999 7219 50884 46408 16278 20363 16886 23948 13987 23484 46224 45770 40744 16488 4064 24847 26249 58649 50877 16081 54355 23563 3098 265 83965 26347 31128 57453 54498 25072 24441 22358 10084 49458 77407 36620 29572 41616 66333 18982 34738 52978 %n262 46
33363 77771 61077 71159 52582 16426 53365 7302 50159 76046 48258 41664 5224 41446 72304 54451 74219 55982 38709 86636 85111 19079 38440 27082 79196 23868 6524 49302 67589 6749 46070 18007 58655 34684 39560 59113 19773 45388 49779 18774 36555 16181 42254 31589 29232 38032 %n4906 16
24464 39565 74120 27344 86854 5854 57377 6008 41612 60939 10015 24893 64293 85477 35426 34377 %n250 7
55938 34455 2174 84743 26472 19260 33150 %n459 11
15451 20498 42897 43910 23644 45889 5090 76380 39585 55211 67474 %n6905 0
%n2571 1
40250 %n6383 0
%n2071 0
%n4880 0
%n6284 0
%n6385 0
%n3998 0
%n2537 0
%n5368 0
%n5155 0
%n2581 0
%n1931 0
%n1326 0
%n5208 0
%n993 0
%n1116 0
%n1875 0
%n5813 0
%n3377 0
%n5540 0
%n2779 0
%n2249 0
%n1152 0
%n5196 0
%n2597 0
%n2457 0
%n582 0
%n7105 0
%n1604 0
%n370 0
%n5379 0
%n6252 0
%n6423 0
%n1263 0
%n3254 0
%n1733 0
%n5154 0
%n6612 0
%n591 0
%n2685 0
%n6416 0
%n4042 0
%n1223 0
%n4342 0
%n5265 0
%n2803 0
%n2967 0
%n6360 0
%n125 0
%n824 0
%n7092 0
%n5310 0
%n1544 0
%n2507 0
%n6786 0
%n4976 0
%n2086 0
%n6414 0
%n3496 0
%n6994 0
%n1819 0
%n5971 0
%n7032 0
%n6485 0
%n695 0
%n2621 0
%n4993 0
%n6184 0
%n4902 0
%n2851 0
%n866 0
%n1944 0
%n5744 0
%n3722 0
%n284 0
%n4310 0
%n5573 0
%n4415 0
%n6537 0
%n1953 0
%n312 0
%n355 0
%n2638 0
%n2393 0
%n310 0
%n6235 0
%n3314 0
%n3424 0
%n669 0
%n1553 0
%n1288 0
%n537 0
%n1598 0
%n2996 0
%n4836 0
%n76 0
%n4248 0
%n3794 0
%n4177 0
%n3117 0
%n4284 0
%n5963 0
%n340 0
%n5924 0
%n5657 0
%n5268 0
%n4250 0
%n3284 0
%n3438 0
%n3855 0
%n1334 0
%n6426 0
%n5285 0
%n5692 0
%n3853 0
%n5297 0
%n4946 0
%n5653 0
%n4989 0
%n4951 0
%n864 0
%n6185 0
%n965 0
%n6024 0
%n4618 0
%n3432 0
%n2664 0
%n2181 0
%n3608 0
%n6048 0
%n985 0
%n7098 0
%n