40
6738 124
44360 81760 28729 71322 81073 73425 42489 13306 76456 59350 21902 22141 82628 82167 66535 38852 88098 3266 98907 35542 9048 24244 58309 5949 32831 89304 38180 6339 57333 89064 49863 87070 37432 56657 17610 69960 78153 82215 40360 41250 72154 22740 68534 35943 29938 25472 14924 55879 95655 63445 51990 74796 79296 70309 18066 17260 19730 81473 43024 57453 59194 2150 86499 51190 99916 96295 20254 65469 48195 40207 54855 31427 32447 17826 82391 68082 31497 52986 78915 72830 1943 12520 65565 56810 59542 9608 95291 58784 23087 69903 97982 28523 2202 59600 69211 56789 83206 62634 13310 44133 4505 25844 7958 48169 2352 59893 95065 58828 50309 12089 84770 63653 96654 52028 17294 70378 54662 41276 17838 92332 88513 62027 48583 56375 %n1905 99
97611 82646 91429 9528 96399 24412 21136 23844 97032 67520 73693 325 95478 51928 44017 85457 10881 50547 54184 33844 53008 65383 30130 84890 64464 55983 41529 31552 51404 67598 36539 84264 73791 89438 34945 70362 51468 25168 80163 10073 46050 72318 39581 40713 59051 49130 84916 6135 32539 23461 2655 93795 28793 93393 31620 86324 63198 33206 46667 72933 72142 29499 18042 55062 39882 30869 77146 85606 47991 31734 95540 58783 41200 5427 22113 45034 98920 31292 31893 55335 73404 50746 27715 68172 14274 98930 63281 59953 64346 66382 4918 95347 57727 24915 57688 54393 46809 39876 88996 %n5244 67
28029 2625 48004 10589 76537 61903 24136 75753 73804 65891 21190 17774 78373 88572 55653 18850 8640 54456 83432 76536 93676 38565 32490 83400 8375 51109 35509 3700 86232 1308 26580 74586 33216 49253 17039 86158 66308 54697 99179 53273 77746 9377 46463 83344 53941 8706 54539 45040 78813 40200 14868 81971 50738 68752 96109 88203 38969 85590 29771 64891 26613 6643 50898 1621 40870 85512 57717 %n3358 60
50285 55903 7459 96390 13681 79083 15642 97035 58648 43466 8458 27755 40932 59781 7292 74478 32062 1344 67560 36989 71263 16987 65898 71583 66388 20287 58681 89962 57124 84001 88360 50855 69612 92434 92318 51015 51905 7041 19802 71943 12513 14564 30161 52596 39554 53815 38693 27330 38209 20766 59460 30222 13127 67502 96659 73934 68679 92302 19587 65274 %n4870 42
87537 53300 58978 95619 87244 86530 98466 48658 71302 26810 82401 5010 56627 50723 86912 69038 82230 78315 36351 11880 3786 74118 64200 97421 366 10299 82665 16719 66260 46492 82810 75536 77128 90580 1071 54740 48039 38722 57019 41522 50254 27248 %n6836 40
86651 45276 58652 79315 49804 62939 29220 57501 29347 61874 16580 62044 78210 13243 74721 19203 1115 36653 37167 55026 77069 38027 25305 8425 43257 80247 53324 34952 48593 90834 84214 16505 18694 81080 42412 30782 64993 95507 4640 92435 %n5200 27
55163 91867 79291 59141 51080 46839 56600 86501 15506 60393 10612 91398 87501 90743 79984 5099 71473 54867 38117 91703 28265 25115 80775 3565 72579 41034 30442 %n5203 19
11118 52979 74979 32065 1924 46863 70775 26167 25930 85679 96506 17732 36717 59633 28828 51536 33739 79549 61061 %n4004 15
38156 56591 4809 84262 44790 7986 5769 70111 79909 84684 9775 89359 51668 44823 25444 %n5275 19
32565 35042 17533 74726 40552 45246 17195 56167 18887 95368 43090 30827 57760 54448 10292 74527 12277 68383 57942 %n2765 6
27799 5423 75597 67259 80506 82412 %n7292 8
23162 36941 56147 19850 47319 94022 33088 1378 %n6255 6
46745 97958 32629 46284 57997 4714 %n5375 6
17725 78560 91865 68289 19741 99636 %n2681 4
6690 77270 55126 88428 %n7370 5
39964 25993 97773 31682 37446 %n5384 1
27745 %n1649 4
86627 51504 79319 15953 %n4703 2
65769 21105 %n2787 3
53393 88965 1880 %n1330 0
%n4225 2
42881 89538 %n7714 1
61836 %n5365 0
%n6901 1
45149 %n5597 1
62366 %n3904 1
96042 %n4388 0
%n4545 0
%n3930 0
%n6726 0
%n6114 0
%n3261 0
%n7938 0
%n2639 0
%n2390 0
%n5835 0
%n545 0
%n4660 0
%n4326 0
%n