257
3800 207
59951 5815 73659 28155 85925 1487 48793 66035 50316 72625 43529 82744 60406 99332 13782 4959 95881 87985 12544 44697 60625 80677 22754 75747 90838 37731 19852 70194 24714 28414 94994 45249 46777 29427 74733 83337 13915 3663 43985 41398 48058 21902 77128 84132 76260 32683 16621 57313 66253 60390 67039 98438 16603 80862 57639 813 14467 33605 40616 58148 17444 53865 99150 59872 26047 30574 89844 99832 88630 41318 74981 57916 11915 38588 65875 75437 40576 77456 46385 90990 61413 31987 33380 53663 31081 73387 71188 10463 64508 71885 52001 16345 97146 44156 18084 16196 31458 51534 8064 11542 39357 67889 18692 96810 93388 13389 10854 32907 57208 40677 29643 9656 27207 80165 47232 50506 49337 69472 5108 33572 24236 25282 13004 43512 95717 82854 92768 70740 47827 91474 63864 47306 58434 27151 49521 9096 56476 82996 92858 26569 64625 7748 94680 89279 62227 72354 53264 20362 97469 19690 6807 12440 25828 78597 34253 81475 84599 37266 3118 82438 73318 20005 55256 3521 55133 35952 42595 22148 9702 70294 34232 39027 11295 39874 42759 38031 20698 74390 14915 93400 29146 45425 20593 69686 8185 57767 91367 74930 91639 73734 40480 23802 48723 63140 35544 38320 71604 74515 35462 68412 26276 29407 26969 45373 51852 87834 48685 %n4539 149
9552 62219 60397 49665 62297 60098 15007 85671 98748 84504 57483 78169 52932 25083 42224 36623 72206 138 17349 53710 38439 70929 68386 12687 3952 73095 28884 73885 51373 24246 15715 69919 84122 94391 8324 83843 32115 62332 62280 22950 49696 18471 84633 46865 84388 5275 65796 3838 49155 29225 76840 23449 49907 37841 50956 74579 4887 51445 90616 53456 22312 86931 86949 74349 39440 27098 31290 35634 14657 24367 49661 81772 14487 8569 76946 54017 5095 1841 10264 92588 45672 2756 18539 57695 17029 52277 4827 14669 66147 20220 34964 27194 43971 28852 83167 40984 53427 69676 61074 29358 97717 72777 58770 26267 50503 17093 56716 29322 39885 46247 26743 54756 97317 67766 25643 48700 20419 39177 36960 95660 67042 27057 56064 29271 41009 49911 45454 50800 8991 30165 50151 82184 91638 35953 3981 20491 21159 67696 41282 19489 77822 54620 72233 43744 37356 35329 40464 13264 78566 %n2819 110
91392 90249 15288 10827 31698 54418 91301 31500 91004 64481 51807 3802 10500 64558 86849 93011 72436 64961 47098 31113 74582 72965 28185 6194 49937 74666 26734 92376 24061 54910 36302 88042 51268 81786 58111 71026 52271 90713 80528 10959 91886 45713 67399 82056 72467 36308 43043 95935 95006 34600 75517 20588 64486 11361 95484 16837 9117 96531 54965 85939 40546 10467 38274 24132 76262 48394 27871 76070 31865 66565 13645 68783 25236 55071 83600 15455 63734 61318 36239 99065 22066 25203 38758 62522 58243 99707 41772 16060 65668 18073 55873 20435 27664 90789 16624 23943 50425 95988 46010 34431 20409 82931 54028 98212 30474 54684 56360 11841 6238 10731 %n2306 71
58250 83039 53752 14399 56852 38550 79132 34834 17789 29862 53533 91413 66757 71331 20344 11423 81335 10357 72571 31333 59815 85058 26094 52426 42483 26813 35717 70581 25745 27423 69748 93982 82821 29583 20368 20961 72166 26249 39697 54802 86498 66700 11412 5589 65979 41470 16306 24968 49228 83944 2631 43830 24273 48023 89300 91826 89236 48351 39237 62617 60212 32689 96127 23519 2813 53298 57543 17450 29550 20515 71256 %n1248 54
11011 26992 3026 68507 21137 79852 75894 8855 8070 74418 70726 43465 6626 60513 29321 50080 50543 4510 1306 15298 14471 26154 95443 52670 18278 57491 57440 81948 44239 57438 13220 70184 99226 19421 28958 61469 24759 28250 5486 39039 69925 82948 85416 87904 93624 71482 9690 70277 56830 84844 93295 30716 83455 58580 %n3772 37
83764 9405 71294 25068 87214 39660 72146 70621 45336 2953 15791 94102 94746 20276 59123 46885 27270 69505 19668 63061 15514 61649 44011 82824 36982 75699 27508 39710 51866 25056 35860 19383 71518 59549 30158 84252 76027 %n492 22
90110 32865 231 24585 34683 61975 87576 42115 89158 48631 73236 95505 86160 20833 49081 8316 85944 10696 58498 72360 24176 59762 %n1168 17
31488 11176 91471 64445 13513 64058 93727 99465 86612 20900 40727 55262 28439 68171 55311 3284 79811 %n718 13
67247 96792 66323 85081 27283 27489 21024 28914 84427 65776 13817 87709 86512 %n1105 13
79258 37783 65828 83778 32189 20904 29710 19337 21579 29497 11022 16745 12183 %n4247 6
46962 94702 68022 37171 72693 5224 %n408 7
64844 79780 42248 24150 12609 22729 83874 %n3795 3
94809 3614 31274 %n3156 2
46020 25532 %n4501 1
39418 %n283 3
86062 2207 89033 %n4314 3
7552 90739 57320 %n1723 1
46052 %n3236 0
%n2915 0
%n391 0
%n50 0
%n1454 0
%n2513 0
%n981 0
%n717 0
%n3966 0
%n1900 0
%n264 0
%n2628 0
%n789 0
%n551 0
%n2146 0
%n4490 0
%n1598 0
%n319 0
%n1990 0
%n2374 0
%n2268 0
%n2264 0
%n466 0
%n1600 0
%n3391 0
%n1010 0
%n3565 0
%n1546 0
%n4012 0
%n988 0
%n2103 0
%n2125 0
%n4565 0
%n3925 0
%n621 0
%n414 0
%n849 0
%n1497 0
%n985 0
%n35 0
%n3187 0
%n430 0
%n2778 0
%n1740 0
%n88 0
%n4131 0
%n516 0
%n3147 0
%n113 0
%n3872 0
%n240 0
%n2987 0
%n2312 0
%n1283 0
%n825 0
%n3307 0
%n4376 0
%n2719 0
%n4030 0
%n1017 0
%n3576 0
%n4275 0
%n697 0
%n138 0
%n862 0
%n1564 0
%n230 0
%n3331 0
%n579 0
%n4433 0
%n143 0
%n2771 0
%n917 0
%n655 0
%n2682 0
%n3658 0
%n1593 0
%n2427 0
%n3191 0
%n3562 0
%n2279 0
%n1628 0
%n3133 0
%n1710 0
%n3341 0
%n4688 0
%n2960 0
%n1155 0
%n2277 0
%n3498 0
%n3687 0
%n1412 0
%n2097 0
%n1834 0
%n1009 0
%n2283 0
%n2570 0
%n2010 0
%n2056 0
%n1813 0
%n200 0
%n2791 0
%n98 0
%n238 0
%n930 0
%n2112 0
%n366 0
%n4783 0
%n1676 0
%n157 0
%n154 0
%n3400 0
%n4386 0
%n4252 0
%n4037 0
%n4254 0
%n4183 0
%n120 0
%n1038 0
%n4281 0
%n4255 0
%n3103 0
%n1279 0
%n2749 0
%n3829 0
%n2336 0
%n266 0
%n3275 0
%n4099 0
%n3073 0
%n3324 0
%n254 0
%n3785 0
%n446 0
%n37 0
%n4481 0
%n1156 0
%n1589 0
%n1431 0
%n3722 0
%n4351 0
%n2697 0
%n4676 0
%n1822 0
%n2493 0
%n4534 0
%n4774 0
%n965 0
%n302 0
%n1250 0
%n3374 0
%n3109 0
%n1063 0
%n2113 0
%n3430 0
%n3696 0
%n4397 0
%n2676 0
%n3333 0
%n3944 0
%n2467 0
%n3195 0
%n3434 0
%n1423 0
%n1126 0
%n932 0
%n376 0
%n4673 0
%n2211 0
%n241 0
%n3332 0
%n1988 0
%n3867 0
%n2528 0
%n883 0
%n4793 0
%n3879 0
%n627 0
%n3158 0
%n1053 0
%n4227 0
%n591 0
%n1024 0
%n3899 0
%n2054 0
%n2564 0
%n3038 0
%n248 0
%n1523 0
%n2122 0
%n4201 0
%n2911 0
%n3567 0
%n114 0
%n2631 0
%n317 0
%n1342 0
%n2793 0
%n275 0
%n3463 0
%n3543 0
%n4502 0
%n4197 0
%n3060 0
%n3701 0
%n1101 0
%n3007 0
%n3433 0
%n2787 0
%n1915 0
%n1144 0
%n110 0
%n3085 0
%n1494 0
%n3835 0
%n2293 0
%n177 0
%n4354 0
%n3504 0
%n4597 0
%n1887 0
%n1811 0
%n1164 0
%n3845 0
%n4324 0
%n1761 0
%n4724 0
%n3499 0
%n3153 0
%n1916 0
%n4771 0
%n3980 0
%n4786 0
%n1482 0
%n777 0
%n1908 0
%n4658 0
%n4602 0
%n3740 0
%n