198
626 250
80525 72768 43162 41719 64458 32693 36688 58039 17608 11472 8186 8473 68452 57325 186 14628 42397 51803 76903 2326 902 73713 44142 48353 24140 16737 10163 68673 52572 15114 80838 5616 37993 15209 21631 1510 65898 37363 6974 62372 80415 80039 36603 29003 50815 44062 56577 51243 18396 28812 6464 77210 45966 12499 54853 56591 8329 50667 72876 23736 1466 13879 78232 21166 7078 8354 6300 21355 72684 21443 35412 60974 43711 41600 26435 67110 78130 72896 77082 64072 27795 14121 31805 34017 41179 52447 18859 16869 68091 34421 38538 80221 35550 73276 1486 62648 62021 42235 42522 28379 23594 41067 19756 21156 57727 39134 40844 48111 9408 26040 28030 68747 53642 54106 43402 34299 33878 12167 40086 10349 50018 43518 34963 23680 62011 24256 43912 27384 71829 24209 69207 44658 10640 15873 57995 80702 9141 53731 62937 76451 3887 60552 67012 31420 899 47364 25894 67882 19086 17229 4551 64552 5213 48248 9389 67737 23467 27011 14426 27167 74320 59911 54126 33603 30756 73933 17998 60911 27376 44089 43047 40323 494 35654 4364 2674 21753 46762 35130 38235 17850 14734 73715 66841 20666 57206 49400 16716 65613 54543 3108 23984 67890 42372 22799 35293 43230 7456 39453 19416 27212 47475 71978 81147 39387 38311 78664 29397 11629 60008 45967 69515 42787 62504 77179 18030 53807 53027 25181 52974 45977 21084 13974 13018 59407 26186 15221 56500 31590 47339 19336 33585 18646 77188 31566 46374 26643 25532 1825 70545 49645 14860 81382 13366 74413 50489 34330 67895 7618 52150 %n1232 32
14829 13849 17584 76270 39020 56870 62481 78197 11215 20382 66915 54310 34202 27611 28663 9135 34776 770 76782 1686 51288 40539 36883 22632 75799 28814 75884 60126 56212 2291 60832 35102 %n1009 6
76550 8393 6253 70268 64327 77591 %n3309 0
%n36 0
%n369 0
%n1907 0
%n253 0
%n603 0
%n2214 0
%n779 0
%n2105 0
%n60 0
%n2038 0
%n2098 0
%n1278 0
%n851 0
%n678 0
%n3087 0
%n3584 0
%n3344 0
%n2629 0
%n393 0
%n3044 0
%n2005 0
%n1301 0
%n313 0
%n2494 0
%n2379 0
%n3629 0
%n1173 0
%n915 0
%n2213 0
%n1947 0
%n2760 0
%n470 0
%n2077 0
%n2928 0
%n1316 0
%n1794 0
%n913 0
%n2653 0
%n1160 0
%n3010 0
%n325 0
%n1109 0
%n827 0
%n3250 0
%n3134 0
%n3538 0
%n3565 0
%n2151 0
%n545 0
%n42 0
%n2427 0
%n83 0
%n2531 0
%n3657 0
%n2568 0
%n3773 0
%n1279 0
%n1292 0
%n151 0
%n3414 0
%n2930 0
%n616 0
%n2587 0
%n800 0
%n1638 0
%n1736 0
%n3501 0
%n456 0
%n558 0
%n2993 0
%n3907 0
%n940 0
%n3093 0
%n1595 0
%n1992 0
%n3486 0
%n2880 0
%n1836 0
%n3399 0
%n3891 0
%n1822 0
%n1139 0
%n3649 0
%n1246 0
%n3379 0
%n3499 0
%n2862 0
%n3005 0
%n1572 0
%n2009 0
%n2687 0
%n3212 0
%n260 0
%n312 0
%n2497 0
%n1303 0
%n3782 0
%n3437 0
%n2542 0
%n1785 0
%n471 0
%n2464 0
%n2942 0
%n127 0
%n2130 0
%n3424 0
%n1732 0
%n1559 0
%n3079 0
%n2342 0
%n3311 0
%n1770 0
%n2779 0
%n3290 0
%n3321 0
%n833 0
%n1013 0
%n921 0
%n2361 0
%n3230 0
%n2876 0
%n3460 0
%n3917 0
%n2176 0
%n1837 0
%n1208 0
%n3280 0
%n857 0
%n540 0
%n737 0
%n3222 0
%n3354 0
%n787 0
%n2675 0
%n3462 0
%n2119 0
%n473 0
%n1775 0
%n2075 0
%n3825 0
%n1591 0
%n2834 0
%n2506 0
%n1410 0
%n3984 0
%n3341 0
%n3969 0
%n1925 0
%n2364 0
%n3208 0
%n1587 0
%n3173 0
%n910 0
%n982 0
%n2767 0
%n1759 0
%n247 0
%n1952 0
%n2013 0
%n3923 0
%n3796 0
%n2936 0
%n1180 0
%n1209 0
%n875 0
%n1741 0
%n3552 0
%n3556 0
%n2902 0
%n538 0
%n2177 0
%n1107 0
%n1012 0
%n2854 0
%n1307 0
%n1071 0
%n1337 0
%n2961 0
%n3968 0
%n3103 0
%n171 0
%n1161 0
%n708 0
%n2060 0
%n3504 0
%n197 0
%n2134 0
%n1464 0
%n850 0
%n3602 0
%n2952 0
%n1286 0
%n3835 0
%n1706 0
%n