285
4457 11
4581 51897 67523 61974 21236 41347 78004 8975 33634 52584 17167 %n7637 11
23578 49697 29006 66363 85096 57374 96963 70905 47949 77474 56006 %n7087 11
80226 21688 98652 57041 69472 95243 7037 7134 93903 63595 27185 %n3954 10
18572 11825 19269 70340 80017 90509 24721 89107 18075 20355 %n5690 8
43079 82105 70671 53028 40299 10853 48626 73999 %n8433 8
31281 36493 14579 59232 77085 68847 33902 14370 %n884 8
42295 18076 49158 35277 53703 23984 27344 4380 %n8279 7
64909 70532 36060 98735 16618 67349 46688 %n6942 10
73073 68776 55064 62552 42972 62364 29934 50789 5044 29713 %n2226 10
87137 32360 22804 36532 86435 13163 47205 41329 29696 19850 %n909 10
74744 98934 5326 21955 2194 45981 59402 9254 19243 87313 %n5265 7
43612 90878 33942 94898 52287 97980 51467 %n43 6
93996 91531 59848 96510 83022 12471 %n818 7
94440 98191 14677 11382 35887 47176 81614 %n2476 6
22644 75965 6522 83175 64415 26718 %n3846 6
45955 14576 46362 29819 98143 71663 %n8374 8
92138 66756 29623 32593 75516 56700 26834 22787 %n6719 8
52974 2259 69778 65044 61285 23900 88302 59791 %n7875 5
1135 36044 71638 42138 17497 %n2780 7
99815 41630 26805 7106 96212 72289 20928 %n6555 6
74827 41197 90608 75340 35667 31951 %n7778 9
93616 87815 41403 21562 68563 60797 14006 90228 35337 %n7708 4
59641 95315 28312 37762 %n124 2
78620 81290 %n2962 5
78416 20636 16905 1203 41092 %n5614 5
39541 51866 73184 7214 20594 %n1438 6
35393 14372 17444 70003 64505 66252 %n2559 5
53704 84734 92015 5305 42575 %n4687 7
12186 74783 10512 10968 8229 64916 97569 %n937 4
32313 62041 8278 68074 %n4678 5
74495 27859 63719 15233 80572 %n4685 6
96152 88186 97312 8090 79559 91748 %n5219 2
77589 98836 %n5925 3
80975 29892 9566 %n6148 7
18139 28264 25692 30235 4420 8295 17254 %n4803 3
61284 85157 88141 %n5667 3
23861 10097 89211 %n3601 5
6715 33520 72940 51550 27546 %n3760 4
12064 52006 55835 82307 %n4160 6
54566 6155 49541 82268 21570 55859 %n4903 5
2694 38189 36029 5868 3915 %n3807 6
15070 74017 87627 47623 55638 25469 %n5243 3
55232 69796 5924 %n885 5
7950 45502 7350 23174 6967 %n2707 4
82509 71870 17405 29753 %n189 4
88171 49244 10459 90090 %n1982 4
53044 18116 19579 93380 %n7331 4
85148 59618 84043 91846 %n6896 3
94757 83377 43728 %n5512 4
65782 25396 58213 96343 %n2844 5
18893 14020 15707 17197 23734 %n2604 4
17005 10355 28050 61840 %n6153 4
61758 66757 753 44824 %n4975 2
1921 67895 %n2022 3
26073 87840 71328 %n1673 1
61903 %n7555 2
25495 57218 %n5375 3
45742 79687 45678 %n499 2
74591 52706 %n5044 4
11317 97059 10404 5450 %n5565 1
89772 %n7263 2
2247 80174 %n5830 3
85727 57995 39631 %n2793 2
66229 47223 %n3840 2
14425 93123 %n6128 5
69470 14772 61425 81147 21357 %n7887 2
48440 12605 %n6011 2
67400 61079 %n6317 3
1188 45543 73025 %n7483 4
24529 30798 84059 89726 %n4976 0
%n4460 1
41609 %n1889 1
7826 %n8235 1
4326 %n3247 2
65626 66753 %n2623 3
71568 24556 10974 %n4719 0
%n2066 1
7763 %n3568 2
45562 80109 %n1708 4
90254 91626 47752 21049 %n5641 2
71185 44147 %n6955 0
%n3621 1
48064 %n1616 1
91233 %n2351 2
44060 43655 %n3456 2
53677 44402 %n809 3
8386 12126 25389 %n3086 1
34671 %n5455 0
%n7413 0
%n7009 0
%n1836 0
%n5545 1
88430 %n2771 0
%n1577 2
80645 50325 %n6419 2
22741 42172 %n4826 1
43226 %n5708 1
82160 %n7441 1
5600 %n3629 1
42198 %n3735 0
%n6157 1
14740 %n4594 2
8855 47566 %n4720 1
18601 %n3717 2
86609 66912 %n2702 1
69741 %n811 0
%n7739 1
28518 %n2573 1
50089 %n7699 0
%n4097 0
%n3386 1
13295 %n3448 0
%n2541 0
%n3918 1
95339 %n419 0
%n3194 0
%n5803 0
%n4027 0
%n7256 0
%n771 0
%n3530 1
11852 %n2183 2
19317 90405 %n858 1
41188 %n55 0
%n7408 0
%n5426 1
64754 %n6362 0
%n7173 0
%n5330 2
64248 34557 %n5225 0
%n6187 0
%n2063 0
%n2085 1
23053 %n3201 1
89537 %n461 1
29984 %n416 0
%n7137 0
%n1238 0
%n6545 1
12311 %n6209 0
%n7597 1
71398 %n2938 0
%n3189 1
46494 %n3893 1
46429 %n7864 0
%n905 0
%n3179 0
%n7343 0
%n1262 0
%n6383 0
%n2325 0
%n4610 0
%n3855 0
%n2354 1
21335 %n6051 1
61324 %n6481 0
%n746 1
28481 %n6804 0
%n268 0
%n3018 0
%n67 0
%n6266 0
%n3203 0
%n3495 1
23460 %n5849 0
%n7996 0
%n5656 0
%n6017 0
%n1479 1
56854 %n7698 0
%n756 0
%n7636 0
%n8317 0
%n2523 0
%n170 2
51076 64788 %n7439 0
%n3252 0
%n5070 0
%n6877 1
49101 %n7953 0
%n4304 0
%n2674 0
%n3986 0
%n8404 0
%n5753 0
%n2562 0
%n7438 0
%n5100 0
%n4031 0
%n7700 0
%n7232 0
%n4243 0
%n527 1
70860 %n8453 0
%n6186 0
%n718 0
%n7684 0
%n8337 0
%n5842 0
%n2482 0
%n7070 1
78683 %n2556 0
%n5391 0
%n6143 0
%n3667 0
%n524 0
%n4781 0
%n6466 0
%n2171 0
%n6822 0
%n1521 0
%n4350 0
%n4045 0
%n8026 0
%n1056 0
%n5039 0
%n5481 0
%n3869 0
%n7011 0
%n5587 0
%n7741 1
17734 %n5021 0
%n6247 0
%n7537 0
%n2369 0
%n2464 0
%n7851 0
%n7007 0
%n8001 0
%n1408 0
%n6469 0
%n3486 0
%n14 0
%n6180 0
%n4392 0
%n2054 0
%n968 0
%n4175 0
%n5386 1
14533 %n8201 0
%n6509 0
%n8010 0
%n139 0
%n3729 0
%n8139 0
%n1905 0
%n3713 0
%n618 0
%n4024 0
%n2701 0
%n6793 0
%n7034 0
%n2646 0
%n8342 0
%n8041 0
%n8422 0
%n2144 0
%n8343 0
%n6664 0
%n7486 0
%n899 0
%n3127 0
%n8000 0
%n7976 0
%n479 0
%n6982 0
%n3149 0
%n7801 0
%n6006 0
%n1958 0
%n3666 0
%n380 0
%n207 0
%n8183 0
%n6448 0
%n6767 0
%n4353 0
%n3638 0
%n6538 0
%n2665 0
%n2345 0
%n5449 0
%n7769 0
%n7061 0
%n