138
4972 16
27177 4929 9418 88213 36034 84248 51168 4702 77847 95973 74706 37000 94235 47438 72368 2973 %n1510 17
96214 33898 75032 90524 68471 54318 70449 63337 72563 18298 49162 47761 79268 2502 2529 73493 36363 %n3887 15
74136 19193 41565 67621 649 3645 27380 29235 69916 37773 99481 26429 82082 3412 33097 %n569 16
36795 20058 68602 45897 33508 23307 73568 66884 140 90703 49742 97360 60808 78254 51698 76296 %n1358 14
11878 93275 1241 75177 10729 20647 85595 26009 20514 11462 55247 82897 27275 61078 %n3467 15
89887 28660 83147 47423 12318 99447 49577 1908 65980 64069 91034 44846 50491 55276 24465 %n4183 16
82049 92792 82987 57541 51557 64401 99605 32227 9625 56710 94076 13948 60799 10524 76308 26169 %n4034 15
73191 50393 51534 42684 78163 34705 24711 27087 3342 35869 52984 72386 70292 6304 49856 %n842 9
95890 7504 12971 67467 67958 77373 42914 42642 14613 %n709 12
58339 76749 6123 8898 58991 49975 49387 23100 61424 42340 26629 71310 %n4792 10
42037 18241 23002 40510 32446 56024 78272 99786 14440 53772 %n3574 12
71721 57669 24188 39597 79095 33401 36957 91831 35093 88376 77019 32068 %n3869 8
85774 20150 62876 26492 31676 1355 6427 8584 %n2668 6
38137 20782 34921 11059 68768 85702 %n1799 9
38710 57128 97750 37045 47036 11423 3693 673 41468 %n1663 7
15862 10496 90776 13657 20383 16673 11417 %n391 13
11657 61084 85719 47899 59460 90198 10129 32168 65638 91098 41904 72642 24647 %n1672 8
73284 73247 94636 5250 63179 45231 95628 36682 %n2274 10
54430 16100 75281 43042 18615 47101 87007 46811 32925 52779 %n3344 9
80200 48959 31347 39349 94034 44363 99180 89327 92556 %n2919 4
69935 59334 49084 31490 %n3979 4
64356 80622 3614 54848 %n3090 5
3659 58244 46271 30922 70738 %n3857 6
76878 90248 97027 77871 94029 52375 %n5485 5
63094 4970 57738 44415 64299 %n110 6
28526 72974 19792 86910 58793 12543 %n3778 9
26780 91653 59008 71604 98884 71413 82148 40693 15465 %n4319 8
89726 89431 58945 91001 6006 88547 25426 66558 %n4290 4
86928 60201 17906 79710 %n1872 3
25712 49072 99732 %n5770 3
10687 20093 55048 %n4615 6
87137 26283 95760 79261 52987 20076 %n2754 4
5954 72299 36773 66740 %n3485 2
67449 74619 %n4096 5
37307 53102 75312 97632 86334 %n4919 2
36224 11521 %n1254 5
38876 39199 56667 29557 45420 %n3255 1
53817 %n4211 2
48568 32929 %n2131 4
78492 1619 57539 2934 %n4927 2
41887 42173 %n4973 0
%n741 3
89309 87790 93711 %n1551 2
26549 92680 %n307 1
77170 %n4565 4
82426 85615 6769 36919 %n4588 0
%n1935 0
%n3416 1
15481 %n5399 0
%n1390 7
17834 26546 73350 94566 56684 75749 72819 %n4225 4
38719 31464 99593 24909 %n5207 1
94426 %n434 0
%n225 2
54615 67836 %n453 1
55236 %n2479 0
%n323 1
34836 %n4084 1
46883 %n2764 1
42466 %n5738 0
%n4379 0
%n2462 2
45982 12037 %n3685 1
69527 %n2702 0
%n1087 0
%n3377 2
42389 85707 %n1400 0
%n1839 0
%n4856 0
%n1131 1
72985 %n2573 0
%n5526 1
56523 %n4982 0
%n1151 0
%n286 0
%n5083 0
%n5819 1
28631 %n5713 0
%n4664 0
%n339 1
96741 %n1000 1
31847 %n3299 0
%n118 1
46019 %n1525 0
%n2354 0
%n454 0
%n2124 0
%n1896 0
%n4483 0
%n348 0
%n1966 0
%n874 1
75562 %n4155 1
65448 %n4376 1
54653 %n3349 0
%n900 0
%n922 0
%n5081 1
15984 %n5046 0
%n12 1
75996 %n5324 0
%n5682 0
%n2912 0
%n3476 0
%n3153 0
%n5767 0
%n4656 0
%n4594 0
%n1478 0
%n351 0
%n1137 0
%n5062 0
%n5230 0
%n5317 0
%n3106 0
%n174 0
%n4542 0
%n5795 0
%n4886 0
%n3427 0
%n4115 0
%n5444 0
%n471 0
%n3095 0
%n2989 0
%n396 0
%n5471 0
%n1590 0
%n154 0
%n94 0
%n3694 0
%n2746 0
%n2721 0
%n3863 0
%n3263 0
%n2613 0
%n2031 0
%n