94
282 304
3966 38931 84278 24728 25076 82489 20516 53617 66648 74165 41806 77069 88886 57710 9940 14005 45176 18499 43718 54242 71433 62344 89273 26177 56778 88564 95917 29835 69817 41066 83692 17115 63828 66165 60420 14692 41049 36117 40973 10020 73187 22440 87765 43615 65319 31742 93529 10209 90921 59238 532 69901 84883 51700 67101 41672 399 32516 39114 73364 14845 27442 77382 58951 17469 77437 13532 17827 61849 27367 28568 542 99944 94832 55433 18126 68173 52690 21851 97764 69865 1303 44425 55080 34198 38722 43192 98159 49407 82810 9545 4184 14769 28855 7845 9611 94824 27943 96560 60386 97327 20726 85578 23916 32167 77020 50464 10966 21885 90827 63442 98801 36615 31454 84586 38574 96000 32732 29430 62004 48600 47937 25022 17899 73493 56150 91351 17287 902 48305 59725 5425 3021 39172 15542 58166 19405 22812 36655 28544 69179 59015 66845 7404 18298 67233 68898 10631 99523 8193 44960 94871 74822 42163 71822 61766 41204 59175 53337 80318 2291 38068 32771 29193 57322 64178 62898 10409 4682 64201 39438 72521 33640 87719 26214 8199 98334 49047 80788 3361 97503 12779 26838 46393 2975 5248 63593 31176 20466 34480 99471 98864 8585 95609 9397 36207 13828 35104 9968 66979 90077 68940 52684 69082 14858 81293 86637 1884 712 75047 57706 44537 70849 54312 90711 56955 10474 1890 67081 90761 71368 52838 82877 59523 7903 13736 15667 74081 15627 47368 48242 88441 44495 17838 36260 80319 11935 91421 91969 84638 31915 92831 63531 30426 78185 43797 23918 45541 15934 89633 5711 76598 55843 88475 13470 89262 38268 66383 62653 97963 22882 47123 66902 20102 7883 50134 87282 76073 89186 44842 84821 8780 44319 42151 11869 35595 67451 93038 41366 26016 32950 33553 99160 52772 42816 23148 2286 49813 10686 95631 64517 23795 23719 9534 86553 18083 76792 59043 52613 71633 16548 20274 78347 50379 %n2059 180
89540 35194 43699 14192 55088 40109 76247 23104 92787 2811 65970 49729 39603 79170 83427 94749 90212 85204 96547 75954 70383 47440 72684 20216 63142 1847 95380 42562 67947 2231 63757 8081 64781 80529 94482 38005 18209 39653 98675 84149 55046 21027 43616 28847 41535 47450 97923 58658 419 61496 76899 64926 60145 45395 54523 15322 81757 22012 6366 74234 6139 82883 81033 86839 41109 62018 45104 43331 98269 41836 86075 51572 26469 66917 95585 1649 82790 59754 55791 58655 33748 58687 82334 76944 81461 46344 14612 74767 56412 42435 83168 20543 85307 66996 2977 76942 56358 83328 16096 10935 30322 18237 6311 5346 61744 64351 50483 42954 29031 52890 83321 30196 36740 26730 4030 732 58391 19082 48478 84521 90011 19328 22050 79222 42211 999 74985 75971 94455 33076 63979 45685 29272 38684 53472 7424 47492 93284 17654 72193 9926 75366 24138 83143 70885 66609 99829 67853 56602 87814 20169 33401 10257 19216 84320 22157 10836 58719 50021 41371 80967 7110 27757 44335 35486 51975 1670 31088 50748 15176 41923 10155 35353 63332 22583 8495 1332 4581 74305 40652 %n41 96
70526 47058 91669 2241 42472 64148 97864 80099 39588 95837 6274 10126 17776 10714 13169 43376 69856 89533 4154 97245 1363 91012 45611 63890 48655 75929 49281 19921 85188 62065 73816 73533 47184 21424 7768 8461 67295 91527 40804 36570 40814 80307 98961 90449 62393 78944 36847 18939 60511 32975 2103 42767 68740 27346 62703 91953 45590 8132 89552 83993 23799 53078 45457 15358 21391 8332 22467 24410 57451 99643 21267 31946 8534 52761 23363 88968 35966 45238 64872 28591 28613 77754 57428 49665 28482 98745 2323 54645 5804 42719 82343 89300 29963 89442 73476 56250 %n3225 64
47120 34252 93971 75801 48746 21693 61450 25204 52725 29452 8827 13964 16663 90435 83621 37624 61013 41088 13204 73251 98766 52040 10780 55543 46417 97547 37443 83931 60187 73698 28486 18054 17984 40336 70690 29497 48744 29142 19895 2470 50978 77012 20206 44358 77967 41422 42889 78381 44969 38230 66970 78151 82746 53340 3007 29435 20281 40806 16744 25604 45650 40826 47032 79991 %n2221 43
70367 7980 90121 80149 78622 27791 1825 86992 98289 56009 4390 24862 94007 83709 96695 1732 57901 59756 72893 31616 55747 68162 71531 62907 10147 3319 82216 63323 52680 19055 79340 29283 55264 20338 49668 69437 81420 44816 12231 70567 65340 88063 62175 %n2858 16
71620 12069 57864 44770 92943 34408 2097 86092 10890 44651 66853 84738 72116 77046 31327 3106 %n1309 12
63629 80692 38876 60183 20387 16032 63871 85407 50252 38893 71150 53418 %n1293 10
5433 59562 11805 32240 40382 91436 20548 97997 41 77188 %n1980 4
33218 9109 60119 39722 %n2066 3
67881 22309 93669 %n2946 2
81301 66623 %n1431 0
%n2722 0
%n1509 1
27923 %n209 0
%n1010 1
14924 %n1320 0
%n143 0
%n694 0
%n1754 0
%n835 0
%n2494 0
%n1158 0
%n931 0
%n665 0
%n1843 0
%n3114 0
%n655 0
%n631 0
%n847 0
%n3272 0
%n2433 0
%n1666 0
%n64 0
%n3027 0
%n701 0
%n2135 0
%n990 0
%n1329 0
%n2496 0
%n3119 0
%n3097 0
%n113 0
%n1519 0
%n1389 0
%n1793 0
%n239 0
%n846 0
%n1037 0
%n527 0
%n304 0
%n2642 0
%n2738 0
%n364 0
%n2800 0
%n69 0
%n279 0
%n2976 0
%n164 0
%n944 0
%n1727 0
%n1968 0
%n2854 0
%n2060 0
%n3136 0
%n1136 0
%n563 0
%n1310 0
%n3133 0
%n1857 0
%n1704 0
%n1731 0
%n2114 0
%n1017 0
%n1234 0
%n650 0
%n1530 0
%n616 0
%n555 0
%n1668 0
%n257 0
%n1987 0
%n218 0
%n2550 0
%n2047 0
%n717 0
%n770 0
%n939 0
%n1490 0
%n1620 0
%n2113 0
%n287 0
%n1246 0
%n2272 0
%n