101
4836 201
39427 19671 4940 44566 16068 10533 13601 14939 1931 6131 6894 10539 30958 39984 23267 41686 4591 2433 1888 16841 15164 3349 27255 43199 37210 19598 9915 32233 7045 19985 35538 27549 954 27964 33245 31112 4939 31144 6628 19050 6512 30161 19773 27428 34549 21914 3747 3752 28871 36408 44443 31304 37730 35772 30288 24538 16385 39156 40846 8424 39140 13694 44271 29570 38401 34348 39747 10516 2195 43853 36240 25654 576 14123 15539 22606 18113 16861 16779 24090 7099 15408 33802 27653 3737 39236 31072 20526 35629 7817 44541 20172 24472 14995 15604 41135 11217 24817 29141 27542 27052 44481 11497 18098 40543 18384 13778 12870 2058 29880 10508 10311 23246 23500 37660 8649 36900 38635 29894 15910 38019 8568 19862 12369 29150 38770 2484 36953 23606 35064 27168 35623 25275 16976 1555 2480 41616 17616 43902 21435 33640 16475 33926 15056 42075 31870 32998 23660 30811 1509 4647 42824 22773 28300 3214 37756 43664 8245 26122 29722 28326 26185 2127 37415 8900 10241 43846 1520 13175 42299 4972 27203 33670 34364 410 34183 19071 3602 41844 30993 8234 6267 6164 20505 2566 824 15677 16769 9192 10045 15545 11102 12910 10714 2501 37095 42098 24821 29244 3809 12795 %n143 73
39784 40022 36589 20601 39200 5986 33586 40855 5053 22645 34353 42453 20840 3467 35511 42182 37976 17385 2246 29009 5844 470 7879 27552 8439 44584 3738 44369 33602 10924 6199 13557 8648 3094 36285 26205 21735 33255 40125 26017 6297 39851 15119 38204 19003 26708 38252 4566 30476 19091 41305 28014 30246 38369 43844 37575 18176 36935 2191 30516 31310 38810 11508 30608 24502 5935 41120 11132 1057 24984 15886 13573 41085 %n2945 72
31785 5829 38982 43724 16197 15159 17634 44551 22962 26700 29494 18708 43633 29855 23602 32760 6681 39588 38102 4878 28574 13510 10816 16439 33728 36861 35979 21018 40297 1417 16623 5647 10236 4506 26368 2125 32367 41329 36441 11446 7437 43383 29465 43432 40276 38436 6385 29259 30690 18366 19602 29922 9183 8338 40077 42877 10652 3569 15709 36913 8166 4280 42929 17473 14372 4586 19197 26792 2182 37603 33946 44037 %n48 73
20718 36707 30369 1516 44493 31141 27130 34165 10052 31504 31042 42521 17123 39356 5627 34710 17601 5994 1716 7344 13923 23447 22259 2370 659 26078 3739 35949 44357 22994 11744 20500 29054 4850 13865 22899 35228 40600 39999 37901 981 9565 20106 34540 17916 2299 31244 13493 37148 39708 13251 18693 36028 3136 32509 27466 27279 41045 35262 25499 4446 29770 2954 42997 30490 2400 13965 24923 39947 40822 18661 14491 23808 %n1908 73
16685 6982 2337 6027 7300 5055 26448 8271 22887 6904 24949 7331 18951 30207 7079 12165 13848 33159 21436 27538 7725 20351 24069 1237 40324 27671 28639 11522 35932 3941 21709 2438 16731 40294 34635 2535 20748 39119 42963 4762 33264 36543 34905 20078 33797 5556 22534 41468 9400 24743 28633 42376 29654 33921 42683 3210 7302 13430 30488 37150 19908 20528 29295 36438 18249 41733 27956 37185 33886 1551 2914 7767 42246 %n1003 73
41958 8602 10966 2853 29193 22658 16091 12052 7594 34327 271 30057 6461 890 37199 38769 41306 27607 42328 4655 8790 14727 4391 33496 34219 20890 20230 9672 33098 22984 36625 21848 13795 2850 3724 2852 28183 38624 6513 1939 5475 42232 17164 6784 1241 373 29374 44537 3699 28169 12831 39243 23457 27660 16558 44111 42500 9585 38614 19788 28834 11835 11720 3693 15077 39982 9695 10858 33373 9295 40366 2644 17511 %n4946 72
19185 37482 28104 34978 43241 40217 41592 40423 9812 29362 35865 40648 5029 34401 21945 44513 29975 2793 37302 20253 26884 34020 28458 19543 28391 4897 23561 41671 43223 14298 22987 19918 40927 20498 39106 7876 13701 30117 43688 6088 20846 39068 41653 43838 5380 17043 9346 29829 31301 5282 32124 40847 27665 43731 18101 10819 28797 39968 13770 5487 2000 10838 34331 26081 24610 9143 9324 44472 7732 30766 21948 10145 %n525 72
43779 10079 24250 33415 18933 32660 10779 14472 9957 34950 6039 32374 37978 837 7081 35791 19167 30120 33533 27397 22657 25349 23598 1162 14387 13749 6426 19567 17834 24259 17507 18343 31075 34752 5761 40829 10412 7341 41618 24505 2957 35122 27976 17630 4468 36946 6206 24875 28472 8228 795 36293 41941 26601 19514 9466 19459 30517 42529 891 39544 29458 28442 81 35371 29445 20805 36080 27507 36578 25176 2937 %n4918 72
38513 41746 24793 2041 15078 7947 41766 14788 42484 6677 12565 35049 42597 20192 24179 23135 16511 24698 15059 37154 38197 3543 22528 31103 1578 8119 36386 20698 42937 5476 15103 25236 32172 41201 9541 13680 42346 32647 27647 35271 43278 35276 21344 20727 25955 15150 19179 11272 41220 8899 32473 41652 6496 32865 1173 42368 2647 30252 3472 39380 13230 37528 24998 40046 2421 43182 37252 9001 27633 8064 3164 37551 %n2097 73
28985 25186 37595 20710 3059 24023 24389 14237 20741 27745 44564 29377 8561 7983 6694 38293 9027 30870 22316 11712 22901 13528 32718 21082 2778 25518 33985 16525 31308 8405 27061 22416 18120 36631 14710 25112 32568 23938 36776 32332 11500 27513 35613 10607 42303 37187 24281 2573 31613 36982 42452 24293 13083 24460 5104 1069 38082 24848 15653 8940 7726 1432 22050 29519 5064 43525 6942 16546 21277 29925 43451 34645 3529 %n1030 73
34774 16013 2636 32567 16087 40570 17670 31528 43635 29318 19115 19431 22735 40671 4609 24869 20692 29600 22040 40070 25805 43610 38809 25228 5325 34943 30029 40174 42338 5056 23976 25162 4550 8292 3590 31794 27229 21993 18636 37939 39656 7188 12587 36590 20008 12432 9491 34614 2822 14212 18678 523 6292 16722 5018 37500 8041 9617 15796 15362 42661 21652 36567 24528 13235 1178 14594 18259 20098 29701 1771 12406 15367 %n838 73
28089 17647 10025 14733 16360 33820 12890 18274 28547 20273 37903 28319 4366 27675 15352 37233 34519 18537 6663 32032 9921 12473 10433 27370 13790 36368 2176 39439 2599 13864 6588 11392 18689 10182 36011 13900 12484 28555 14840 26112 43212 14856 16022 2834 6935 32261 23213 18332 14339 4740 28429 15574 39649 5227 17516 7040 7999 44282 23010 4614 28500 38851 2880 15912 9522 26196 42617 18303 22072 15228 36211 38957 37217 %n3874 71
34525 20010 18528 21765 23488 34316 10445 19662 31330 28144 2117 28691 40146 21737 39232 9521 24754 2466 31114 9635 10468 23357 30364 22895 5589 12349 16400 40306 26597 19984 24539 36942 19555 1097 22350 20224 1704 11859 38040 38926 40188 16241 11991 12828 16072 16595 18960 18538 30526 20174 2346 21956 5413 42757 26986 28641 24481 34536 44547 34662 6670 1513 21304 5599 23725 6143 35561 9876 11111 27108 10618 %n1067 73
26727 42925 10827 43832 34448 27228 8385 34284 40014 38039 31031 22800 8042 33040 7438 28413 43862 40446 9697 13693 9628 41173 34197 1138 15800 36206 26611 37245 11459 3651 33178 34034 22908 22418 39709 20800 36991 383 3058 13348 4079 32092 18451 15530 44388 12480 12677 37897 132 31653 20953 43395 8550 28233 24549 5630 30997 32672 7253 10301 4124 23670 4912 43109 15728 36218 7755 5527 17145 18173 9507 25201 15724 %n2113 72
38331 39176 41567 2347 18674 25272 40611 42173 41333 39791 8325 13583 25018 7972 42791 39016 19562 20219 21641 3299 32855 16506 15518 3694 39996 9190 28218 12437 12032 18372 4658 4477 19069 1515 15023 6798 4013 42666 19731 20747 25297 17768 12818 13062 9577 4951 43411 19271 3064 1390 33280 9097 24608 11437 11831 5038 29661 1006 24226 34140 416 38461 35459 36735 28675 35679 18843 1102 3859 17545 18561 38417 %n799 72
38758 3904 42633 6195 32018 44695 43891 433 2084 24708 38207 40187 14519 35261 12912 1915 24741 18540 32835 2901 22744 39 4767 27404 13849 16684 26141 16640 18793 7407 35676 29573 31280 4355 9110 14568 40026 38983 33226 37652 37057 35231 11305 4831 5558 2718 7777 7523 20706 42903 8996 31442 23442 8670 23744 5958 33204 19767 29986 22628 3893 17458 19665 26128 40434 21630 15939 19629 33036 20199 28538 24594 %n4767 71
22124 30506 33812 29741 27097 39732 18972 24518 44207 3644 27677 27795 27792 8052 32696 37620 10019 12958 29737 29461 31861 10632 18319 15030 23872 31867 5355 37738 1044 1726 20960 16291 9703 27546 2597 22257 33263 12583 4149 7808 6264 23472 15262 3972 26084 21346 44087 14936 13024 5301 15258 33416 33090 5645 37675 17271 39321 38008 35477 11544 11260 37979 7281 20918 1973 29282 15708 26336 21891 34438 17463 %n385 71
8965 12175 2594 9571 35335 9257 24978 42196 34931 28754 12593 18349 18664 37666 21919 3892 28324 36201 22816 25635 10344 39228 11158 9954 11794 3091 9588 44158 42190 41585 11579 40223 18227 4386 21552 12803 657 33612 44293 19667 36075 10140 4555 17492 31085 38366 36812 538 8559 40851 21644 35062 34799 12931 23942 36826 5156 44153 31385 25058 19184 25824 16024 16285 2561 43792 37421 39492 18635 31040 31514 %n2483 72
30284 30637 23955 30574 26423 3451 9345 43598 18545 29399 12840 40281 5905 41032 389 11362 24493 31968 21874 8740 20654 42547 9468 23101 29138 24665 32796 34025 26106 18691 17551 32475 43301 641 7153 28554 17094 36990 376 16019 25765 15541 20655 13088 3944 37843 28341 39975 39704 39491 41863 9128 44004 9966 34313 13769 39980 19502 19263 21467 40171 29075 7426 3422 13596 5458 11322 31848 16096 9525 33961 38262 %n81 71
16200 23626 37743 32905 39276 9213 8173 14954 25419 18657 34657 11558 41632 18145 4547 37132 5812 33175 15751 33777 9164 4695 32700 8819 41527 23514 7604 40399 17903 36731 37215 9689 38496 32880 27996 406 43817 28254 7017 1302 42492 5739 2485 42655 38539 32011 27443 34144 35769 14103 25086 13358 42689 15895 38491 34082 30227 34688 6391 30510 22393 36183 21110 43236 5485 20689 39402 10455 22575 30514 30347 %n4653 71
5980 20309 44647 17348 40378 20406 28325 8985 1896 5661 35324 15148 41751 25079 4109 40499 18815 14869 4251 14190 30873 5189 9309 40263 37744 32591 24712 9580 7952 6848 20832 41717 19006 2500 34765 25430 14489 41262 3584 10315 19261 33431 14901 999 4674 44175 27202 110 15447 35816 29101 20247 36614 34610 32742 14271 28115 3709 3609 7413 18338 8786 10413 30143 1232 9407 32175 25078 30982 31959 31630 %n4682 71
6079 20715 27090 43274 35171 14979 40724 39354 21089 41628 40712 36677 13449 9069 19147 10810 11774 41478 10953 23338 7992 39925 3993 15730 589 18261 29536 13211 2282 15035 8258 6810 24771 42624 7692 21937 13645 34658 26594 38112 10245 36588 28462 17563 40411 22843 7907 36098 39371 17152 40204 8782 9733 37517 11422 37718 30983 17400 30560 16652 22189 34647 32037 44477 40135 14446 22305 11284 19139 43656 38310 %n1325 71
36008 41241 13808 16471 23503 44215 44144 1594 14773 32756 12619 8455 946 26222 42514 28061 30550 15420 21076 41992 28624 20360 38589 4664 42091 6925 27570 7241 177 22234 3383 29046 25559 42085 7262 4596 39601 42857 17493 23104 26612 14714 20318 34643 43017 5577 22347 27391 19861 8983 24356 10549 20707 33843 11122 21610 30137 2493 21461 22745 3183 41256 11002 35633 15679 2430 20089 6940 10615 12362 32565 %n4010 72
16754 42535 37405 7546 13959 4699 9550 27051 16965 6919 18655 11029 33883 2207 21279 28647 15524 4973 25814 41421 29203 29694 21146 27649 26464 34569 24648 5928 35524 7670 30205 41666 13879 2764 22386 7576 20757 37494 9692 26289 33094 27036 10813 38307 10107 40631 3166 4627 13784 33657 42037 8672 41207 35904 15302 14538 8314 21962 31483 9311 25748 4501 30424 12703 38639 30746 39856 7693 37352 35716 40567 7234 %n4448 71
39454 40586 19352 465 9493 35634 26068 40195 1705 30905 2003 4438 3298 34500 14449 13301 43495 1350 14052 35700 8377 35518 26346 24074 27646 32161 1099 40545 39093 6096 4864 844 40734 6908 29077 21666 25669 16395 34894 534 37958 4100 10693 31482 41273 44371 9648 33815 2695 15899 31370 32715 37220 11236 4312 16331 7918 24532 40590 3438 31273 22067 9660 43009 6062 36580 25913 6772 37433 3672 30872 %n1356 69
13697 35891 33091 6675 29613 30847 35687 21714 4017 15356 3685 72 30175 34903 43988 2799 20458 6466 43202 1400 42680 14861 39933 27750 691 13255 32027 38280 3232 30050 36164 19469 17362 4570 22091 41007 10121 4560 29659 991 12503 23133 17850 35790 18322 703 38548 43126 20754 7745 39812 38661 6837 35880 18776 30900 24326 30862 21955 33668 2811 14808 39963 39413 6287 2992 7716 18816 21846 %n1354 73
496 7479 28100 16130 31200 30336 17843 229 3289 27794 40412 20845 38079 7307 12156 34170 29275 11910 7771 809 44615 15197 35736 41446 9818 41217 17250 29069 16422 32059 26339 42549 38278 5135 24511 1286 30171 15965 23128 6222 28477 18577 23412 20297 6215 14388 27970 26954 879 33387 3566 19558 35106 40455 29974 30061 27872 13135 1835 2779 18987 10442 40893 17454 23863 16678 37702 19537 934 43105 19280 4334 24125 %n2062 71
19596 30792 5526 18940 33889 22309 620 43067 26753 22915 16328 4343 11219 10105 15668 10055 38492 10352 13085 20818 42127 8378 2154 33324 21784 25874 12315 9366 28328 24497 40068 41875 29153 42985 22042 28896 12134 44323 37094 44237 43996 34967 6069 9 39822 12913 15397 3326 35387 41522 8856 13372 23062 40905 6119 2208 42900 27882 20349 5590 7489 9613 28068 25675 24690 11043 2417 10169 3371 34570 37975 %n1663 73
14026 16763 20343 38290 9509 1256 10290 13496 42599 33479 8780 9784 20830 5279 20029 19335 22179 38394 29441 27344 9225 29886 38559 38355 23820 23881 29591 27710 23510 16855 42542 14424 9989 30806 24980 31854 17997 20811 38978 6396 36364 9931 42428 38608 967 27809 36440 27942 5092 23334 43789 12323 40486 7500 31360 17481 2938 1248 31234 27889 29980 12750 12012 17010 15283 33771 33951 24406 1981 27173 10525 39154 26298 %n3746 70
26107 12702 14612 44307 30569 31635 37310 41889 16687 29635 3145 44223 20640 23678 26804 17974 5768 39869 23693 40051 36445 30350 41410 38481 21393 34633 24229 2832 7318 10361 44137 36383 7507 13063 24857 40426 44581 37759 5219 31255 17868 18962 6441 31984 30221 5310 3578 42166 14296 43976 3640 42774 5654 27012 37059 30570 26717 13637 18081 33051 14503 34128 43235 33528 36661 32902 17542 12223 13957 30380 %n1602 69
10630 20175 11340 31697 5650 162 20059 20630 39085 9663 3075 20041 3024 2980 21017 33710 28984 14871 5188 10203 9303 33932 9678 28258 36502 30217 2052 23968 43119 4436 41730 41004 4867 37852 11481 17367 9986 1470 39314 14415 42946 23522 2679 41341 38787 36833 8139 9437 2730 31158 26328 1404 3126 31639 42567 28380 43750 10128 44254 41257 8147 36860 24575 29521 41384 6832 3638 31535 41238 %n1160 72
35858 38925 22873 30635 21313 27054 14196 15483 11058 20182 27150 29344 37801 21584 44190 15205 20653 12822 32956 17376 18781 22452 23933 31980 26094 28577 13087 4339 15713 28418 9558 12026 326 6977 3430 16119 21959 7 18942 4901 41885 26376 42288 39683 11478 9970 30339 11214 35360 43372 19062 42874 7956 39994 19039 43258 34980 33519 36516 6194 42630 7632 1663 12716 29595 41373 32566 15284 26199 13866 25954 34297 %n4373 70
23919 22812 8312 40381 7935 10058 28352 33742 37539 1461 1165 39139 30389 5747 40853 33169 31470 30444 34324 27736 423 42367 43279 22514 34382 38030 4388 40339 43984 24113 8763 24325 18233 33334 24201 29866 23982 5946 3763 1337 11771 4412 38218 9221 40181 9133 16479 8510 36922 7148 36786 37225 13079 28019 17082 36863 7012 2149 24496 14938 43327 24523 744 22726 26801 29985 14007 3254 42779 5127 %n2310 71
31326 33775 41943 42663 11069 29333 3811 15579 2513 14335 26305 16760 40053 4689 26655 12627 39349 2227 21629 36039 15528 43508 35054 2658 29375 10490 118 19265 31525 37281 22138 540 12068 831 17209 15299 8100 30749 7508 9477 13110 9664 4774 24676 24638 1511 43019 6516 15410 5856 21609 30874 15230 13654 33751 11266 8768 35505 11669 35844 38345 25333 20771 32302 1824 19881 33291 32734 3787 35337 15802 %n684 71
34779 29460 27462 17632 19319 25024 1941 30479 6963 43858 7008 3243 36481 17438 4478 38598 29512 536 9841 33257 23204 35859 42017 9139 31004 2656 2401 41981 8318 44389 12879 6850 38067 41648 43698 8838 11415 28004 31872 31670 8833 20855 28078 42503 2124 13999 29020 22269 42475 16011 41209 39533 27663 245 34180 2050 6770 43417 17664 35199 24835 4029 40902 8401 43694 18885 27760 15985 7772 34465 38490 %n726 73
5985 24260 41888 43506 10619 3816 32357 21198 21386 21776 8714 33208 25213 9687 42235 887 13807 36344 4805 31935 36748 39355 43298 40247 23601 5204 36213 31740 35314 4259 28241 41382 25791 19384 38415 912 11737 766 33102 14379 37047 28886 39004 24416 6097 33651 25183 17392 30455 10721 38211 42321 44594 21051 35502 16828 39424 14791 36119 9066 6678 14391 26428 11292 3260 9269 10326 38416 18808 3373 13947 39680 14584 %n4930 71
35957 42442 29294 26841 18839 20617 30039 23646 2280 44384 14862 38329 22631 44205 17887 25498 24237 40776 19647 41557 15565 39103 15994 30214 15021 32019 18337 11540 31536 22968 24291 42801 12564 41856 21505 13716 3392 11332 11054 21672 4517 10190 27974 33930 11866 9609 22995 1827 3762 11154 23174 29040 2751 20634 43491 24605 7892 5919 31086 6835 30316 38001 14407 33647 29226 8572 20298 28286 17315 31710 9162 %n1453 70
18681 12823 16401 23758 43921 34161 34595 25785 42717 28316 42131 34612 25410 5793 10500 38517 22168 27923 12060 36835 28820 163 25530 820 9888 35443 21454 44109 9655 37043 11728 42013 42421 41564 14211 16050 7849 4413 34922 7390 37274 19968 37474 39414 11251 27876 2626 21478 40384 15396 35584 15824 1566 18301 7353 5138 11269 34188 39599 12695 31938 43030 7193 18213 41887 16232 8440 1549 15791 20202 %n4883 71
31736 17354 35439 22079 36052 36525 25974 19501 10793 23793 29858 1233 43374 791 20509 27396 14207 44654 6052 13367 21836 29389 12227 16356 3550 7836 29112 37835 41584 24378 25660 5564 21676 34808 6611 3645 25062 41843 2725 10683 36265 27446 31071 10509 15951 29967 18911 11959 34705 33152 17456 41659 33410 21911 29845 4683 10251 12696 4802 23992 3869 7709 38868 2014 35102 43552 3621 7697 10425 25187 29146 %n1972 69
9894 25963 23239 4426 10537 19624 8313 34191 29913 7214 38095 18329 31999 27287 43250 15087 35357 16517 41974 33377 13419 32063 15733 18437 40000 5452 40560 22949 22152 29511 12059 33824 42936 8592 23410 1809 34842 26174 28575 35165 29693 42399 6984 3793 43023 21600 1358 31202 10094 22835 5540 3402 12751 22 29017 2070 42233 34074 15937 18767 13331 19398 31436 10543 19623 39750 36668 25392 35034 %n2972 69
33312 15757 40732 8603 24822 25878 1528 2450 42218 7664 18480 32546 22613 24644 6322 10151 34487 35403 1177 21361 29793 12082 2040 26641 14730 19396 20734 36527 17746 21582 41890 17338 34938 41106 21658 35843 25244 31773 25288 4906 15710 15469 3481 14233 14112 21125 36298 37873 25616 18133 24600 17398 43502 14172 14231 23910 10467 2004 36210 15970 26374 37630 34682 11862 1071 27851 38511 42641 12425 %n3091 70
17880 13313 41003 32741 35353 38206 6224 20652 36985 12866 17660 26400 42242 21954 9475 44105 39897 31475 44489 18027 8918 40997 27977 16620 31988 28743 27738 32561 29060 34546 4002 44017 30204 25284 4938 1482 27630 4845 34717 35277 3830 39804 20359 42078 24571 13154 16054 37659 35028 28396 29472 35776 7350 9068 13890 38093 6153 17304 6084 44498 372 30859 31186 11610 8624 9908 25022 23238 3625 24327 %n2257 67
14770 6761 3206 5023 24447 5257 43334 5242 27869 38540 12446 31873 6309 16790 366 18156 29520 25129 21706 21108 43559 22626 5549 27434 1430 37330 36924 32740 42625 19521 25578 10481 35022 25784 33422 789 41148 6981 34623 8909 3395 16699 24800 33504 44512 6685 33037 13173 34230 14137 25579 16281 33639 11996 17059 16597 23898 11893 12027 6607 33005 6887 43834 15560 10466 23041 36626 %n2399 72
37684 43201 28553 17689 31188 10408 12401 17066 36751 12305 20625 33206 37442 4637 24160 26695 30366 36696 2351 36141 11064 13699 38898 8560 9819 6301 33253 6033 6257 11164 11172 8058 25081 35416 24168 16524 5113 23294 33501 7700 6709 43331 1830 2653 32402 32693 11689 37282 31849 43098 9506 12642 22788 12040 35116 39898 43115 39381 26262 35885 2387 43300 30318 33638 21730 19807 34389 40793 18175 18424 3305 9640 %n3830 72
22946 13558 10818 9060 3519 21451 9976 17756 11770 18385 22021 23147 351 33379 43516 33002 3912 15117 44054 40617 21598 43884 18446 7085 43603 43337 30114 42086 21696 42554 2213 44142 25224 2784 27826 27199 4152 19756 10376 41723 32787 13618 26239 1194 3675 4227 5187 39690 22885 35355 25021 26231 35187 27514 42965 14283 26507 10088 25476 17019 1493 9722 3932 32630 2518 42696 42588 7773 33233 42407 41807 28473 %n2780 70
504 26383 33759 36367 25205 35494 23629 25926 12782 41016 3901 39101 20931 17410 3198 23217 22708 39211 43671 14877 29136 1746 32728 2353 2226 41073 34038 30352 4723 36485 4885 11165 35503 20147 41097 27860 24104 40535 28412 1463 236 37091 19001 26263 38126 9195 3086 19836 37123 41634 2949 2769 35193 3282 34164 19568 43605 31003 4786 25563 528 42208 21139 8739 4117 25898 22665 38616 17499 8453 %n3110 67
44064 25727 13299 32464 25006 37510 16839 23061 42787 26570 23952 20465 11350 17357 35089 3806 8009 38141 17937 11688 36999 4213 14344 9988 21449 32642 15038 41046 23298 20213 14899 658 14362 22403 39615 38976 8691 26565 27088 26357 23907 41219 19783 2617 15062 10504 33339 1579 18362 8558 33072 35529 43935 4728 40684 12749 1478 34590 18135 5340 26441 31640 38157 8750 24043 17931 21890 %n710 70
2301 7403 24700 17288 40813 31889 6528 14467 9961 8490 35708 29744 8716 40764 25334 14841 17075 1533 12928 33259 35300 5672 11297 30244 19404 24988 10913 8755 10744 41948 19430 32308 1285 40086 2487 37299 22343 11399 34426 22775 4937 38980 37018 12925 38872 34148 4106 35050 14870 40193 12853 12097 31568 27388 11088 2526 6298 8499 32846 15225 38048 19747 24593 28991 6956 26344 40197 43271 32973 10687 %n907 70
4567 42304 40264 29197 8677 22725 230 12581 29586 15152 22387 23190 9144 29606 32856 7095 44000 19615 27752 11242 16780 1503 44567 13236 39261 29802 36428 11360 5311 41370 29121 41558 27365 19110 20815 1912 12657 6247 21305 35015 1825 14802 1731 7372 3155 762 27316 10488 15657 38056 43379 20624 43346 26797 18507 7698 15810 10666 39310 3290 16791 24859 5750 24871 44049 44712 5512 2635 9020 5395 %n1177 73
23575 33833 33420 5161 28274 39538 38515 40746 22311 20173 20733 30962 38178 17266 28687 27406 40629 25588 32446 2624 28904 20246 16734 31570 22264 11170 8279 34502 33648 21778 13215 7599 12100 28202 44552 39867 16047 12622 20101 17723 37060 32101 33107 29268 22694 22518 39477 10653 40083 23576 44684 14807 5376 2919 8115 31358 34135 3708 13439 138 37323 11724 14565 36319 27664 26622 32313 8665 29677 3425 29129 38134 11936 %n1269 71
24382 10942 22302 8870 41679 34926 22501 43501 16148 17309 15568 20793 28684 28734 11026 20149 36275 35812 24701 15948 8408 1747 29478 12215 43478 18336 17128 20161 30298 556 43099 34055 41575 11183 3511 11354 22919 6976 18999 41335 4856 25724 39803 24806 44708 34572 40497 17517 10279 22933 38408 30308 41601 34534 284 10572 38647 4451 23789 34134 43602 17867 14011 23961 35236 38582 3027 30963 16896 25536 19445 %n2284 72
43378 23584 8852 39118 19585 22837 23983 12901 1952 7224 28329 29887 11861 15463 29592 16042 385 39294 25157 25269 27520 10846 7143 28431 41417 6575 19804 1384 25023 24711 41924 39003 22941 24136 9244 37887 19630 24223 21860 15476 39981 44180 19924 43568 42071 19142 32934 32439 36892 30008 22289 37311 38007 35147 10293 35242 16585 8202 22478 2072 30074 31476 17930 41900 10396 18289 37062 5186 43695 43195 39604 15975 %n2383 69
33719 28262 37892 31500 28649 32916 3850 12491 1793 28869 19370 34282 20449 28271 2396 30487 21723 8123 20073 1373 38727 19406 35917 34235 17302 3194 26733 34888 25209 30837 9391 37242 17863 31893 32387 5594 28584 10501 40706 2362 18787 3280 29844 14282 33969 21006 19799 37714 23891 37560 33017 19693 17780 17722 40620 28926 23511 14945 43717 2403 1955 20156 42843 24720 43317 1014 14118 34698 37950 %n3621 70
8040 8606 521 25096 41838 3022 21224 3845 23647 28006 26131 20736 15272 10678 29676 13307 14672 38949 40920 8770 9645 25251 1751 30230 13926 18354 20673 29178 37921 28154 28239 9165 24479 28838 41911 33857 29725 11719 2895 32752 41658 2872 20303 42451 9770 40672 38470 11555 32802 35805 12548 16403 21020 42585 14281 14034 32748 2950 14380 35931 39005 20862 19083 15670 39246 15918 34627 8877 11781 15202 %n1027 70
4489 16433 13446 12232 22031 36689 4980 12606 26898 27217 7131 17051 36442 2854 18925 13861 20450 13484 11421 39896 12326 10832 18914 40464 24852 32141 17052 42867 36808 22229 12407 20666 44309 11470 28336 24930 2252 16402 31096 15310 36155 5321 1419 26892 21966 25613 3335 24783 36002 24003 30513 19929 5153 10072 39597 32936 15343 21872 29444 1185 19274 33799 41758 10849 40458 2824 12621 42423 13966 17812 %n4584 68
12041 2678 36068 10762 42149 34412 12911 12959 19878 10772 23159 42866 20557 17612 4305 25382 23444 9141 40469 44733 15903 44119 16090 41211 41140 36938 43021 8957 10606 25876 32463 39575 40267 14695 9847 37229 31222 15947 6747 30250 40798 6188 5699 8547 25464 14244 27375 30034 33705 31325 18181 22573 23583 20152 22284 1900 26999 9979 29943 40548 35995 27873 14342 31683 41703 4653 29754 31549 %n2 70
15650 28749 29386 20085 22713 22175 6181 35194 699 35208 35961 22254 27626 18520 17975 30445 13499 35328 22731 14481 36295 44740 29206 6070 43540 27359 15799 28111 40205 30495 6381 18564 3548 2187 31025 25528 38609 409 44027 16553 17265 42486 20688 6927 11749 10219 28355 30990 31380 11431 3848 21972 17631 20335 23363 32339 22508 1573 8610 8883 9595 38891 25092 16735 35682 5025 23562 14226 30106 39643 %n810 71
24119 44556 35063 24298 3192 37909 35596 32395 9971 18392 39022 5663 6353 35372 31738 22041 14303 6146 1038 36563 8912 3924 1921 25313 11125 36646 8131 33270 8330 31264 32492 4545 31912 28116 26861 33603 11396 30829 5329 18410 15552 15852 7495 33154 26066 3186 6519 19557 10087 12450 39834 13551 26497 31413 38629 23060 6328 7361 4133 14382 40726 2075 23703 40911 9616 25480 1536 35688 29477 32614 41846 %n51 69
37850 13755 8007 35264 25005 12374 26688 12511 26027 18005 30795 39592 17638 32079 32874 18350 41229 17807 12832 37149 40551 9513 29906 32862 35526 33044 20311 33834 33691 35916 31457 11395 21740 17705 38440 7756 20869 42794 16482 40840 42505 36017 23112 22969 26193 43356 37406 29884 41771 27253 41192 3084 12594 12838 25178 5163 12900 39178 18654 23957 15584 37862 3002 6060 36070 21309 8571 4835 12667 %n281 71
6025 40693 5888 8365 5875 38728 35553 38169 20340 41477 6294 22460 37965 43242 32469 11167 31373 20124 31967 763 7857 35260 20642 13224 16820 10000 17239 23671 29031 20328 21378 27581 13151 42265 39169 7450 11310 8201 1543 12278 11827 22896 39489 44742 36089 39540 34279 5528 5001 3296 33326 7069 14958 38579 25994 40727 1434 332 19254 17778 23463 21072 18140 7227 19987 12048 40676 24636 11666 11372 22794 %n1353 71
3741 16645 20207 10887 35491 731 16599 1420 7621 1808 16456 5592 44304 30528 2683 22841 13676 44530 30066 28246 26117 41191 1882 1712 13978 20327 9720 9810 14383 5769 23517 40936 21102 32622 18857 22143 1849 40318 37944 21845 5454 16337 40638 43987 13580 33056 17435 12789 25902 12093 30850 26322 35547 32095 14327 40691 498 44140 38969 25350 24295 41460 3468 5020 22472 6955 25603 9997 37592 17798 6076 %n3990 69
5876 18057 35178 5746 1587 34689 32184 13678 1279 14394 22672 38361 25813 17783 9649 17336 25167 39605 39641 8756 7231 11201 15694 41164 36819 40844 39343 19417 43753 23420 727 24773 21608 8747 42821 43604 17658 18653 15640 6425 32080 39890 4107 9284 9867 30499 32208 11063 11935 5031 734 30353 31764 16706 19560 29569 18948 2090 31561 3994 13409 43173 38908 39476 19077 20495 39766 35845 817 %n88 70
44177 41571 20596 21551 1246 40017 22900 42062 17206 22061 26153 1 3006 4548 35741 1948 14241 41850 26284 21336 2257 37951 27920 18893 31005 20504 26210 20384 12441 33698 7473 37941 26312 41098 31620 31552 9983 26627 31837 5952 9067 33385 30785 34801 2723 11657 42163 35134 37866 38644 43032 9235 8333 24070 29574 21513 10697 18719 24697 41177 32168 34773 20623 37570 27587 631 12849 2138 27200 44129 %n2112 66
24067 30964 9901 30338 8457 16494 37118 28852 44533 30682 15145 39177 30301 21752 5759 41794 31267 17568 27903 19934 34246 19150 44418 25388 5081 26752 12553 38315 34616 4456 32724 42949 16317 39954 13105 28077 9395 1766 16899 7384 16447 18871 37864 15543 39311 36193 27104 27129 31646 18903 5629 16486 22909 24009 1224 18215 22883 16064 25435 25230 41969 23662 38448 28123 6843 4258 %n3445 69
1105 40754 25535 43743 36599 37844 9863 30236 39586 5111 39472 10222 12819 24782 33046 36282 34762 13199 17297 36469 14042 17977 11197 28637 13078 19353 31348 44642 20333 12015 9347 334 2873 4375 22880 26846 39828 40624 35720 11190 6260 13273 40907 28487 508 25477 10723 43364 28432 36734 39209 29821 15647 20162 32167 15020 7699 29204 30456 29499 15120 30652 13855 300 7139 40100 16579 25019 27356 %n4860 68
32005 19536 32708 527 35290 21417 43748 23489 26049 25554 36277 23414 27975 5548 2910 2537 25809 3790 16387 7284 10451 12363 43431 38051 20587 41316 32240 41716 3434 4992 14667 29764 25082 28975 32587 15956 12113 34086 27572 37216 2548 22118 5313 40729 34233 25090 23542 23652 2815 31815 21303 14749 27029 1392 40346 17061 1495 33157 33389 36687 22389 15160 24283 997 42948 19795 546 10528 %n241 70
26590 11095 35499 11679 1841 26299 16934 14480 12290 29502 36531 925 2298 24948 1324 35784 40488 35177 21745 23614 42060 34994 15897 14206 1212 3184 20430 6379 23208 3779 30073 14297 32488 32729 26385 39112 22231 22769 38749 7792 21079 19162 976 19916 4238 41920 29907 7651 8398 6961 26098 28631 20791 21122 1678 854 16077 34669 43961 40150 16333 938 11686 21212 40221 26361 3259 43045 33150 20935 %n1519 70
2628 17285 29881 24212 23895 17387 40348 1292 13582 32207 44521 28578 28655 7397 10930 36000 19889 9176 6397 6989 15327 16901 30692 6087 29531 28366 25008 16983 35133 9534 32704 25806 19939 19127 10259 30088 32735 39567 21989 21631 13115 25279 25416 40553 3673 20277 34344 6522 42309 13362 23011 28732 11740 18429 25931 16962 17346 23469 16179 27778 17895 33866 39344 15768 38286 35487 44275 40123 21773 44279 %n4393 67
28705 37046 30390 17436 17709 37649 23020 25206 18408 21164 37993 41708 34766 20836 12094 42613 31864 11668 8503 25618 2143 7264 9270 3485 41930 42049 19480 15875 5646 29824 42919 9849 2738 3452 36063 2724 4983 3238 884 20093 315 5763 34122 6371 8525 13873 8978 37022 20294 15063 28634 11921 21071 36117 15739 12183 15877 6031 34796 32560 31372 35196 32626 39502 33916 21942 4407 %n196 72
7221 8678 19946 672 20934 12209 853 29891 38592 16465 10845 29738 38847 25544 22084 31032 21988 4488 452 39050 42540 25379 25674 42718 28930 11908 10941 23057 42408 20211 20785 1954 42615 24167 29589 1427 21586 5498 23717 1305 20676 34659 15128 23305 22747 30668 43113 6078 36907 31047 44106 23071 10945 24883 23508 13489 40141 16250 1972 38013 8995 23506 36949 33124 2122 35678 36104 40236 26304 4169 22786 15596 %n38 68
15203 25351 3754 23437 39717 32523 22761 23156 18506 13456 38713 27157 28252 24264 19613 28136 31757 35705 40189 23230 35138 30383 19189 18017 24101 19600 525 27325 4342 14953 5151 44256 34672 2572 3506 27455 9791 36242 2160 42040 42170 30631 25745 14292 25746 6852 22622 37953 21707 30611 17221 13481 40397 4362 735 15029 26983 26603 34281 42897 34278 7893 8016 20023 5425 31284 35124 226 %n1677 65
32887 24120 17359 33022 7890 43636 31770 9432 39272 36363 1264 38824 34858 2650 9835 10294 9774 42561 34867 5568 36762 29140 19366 42751 14999 24148 37082 18013 14957 20476 36805 6024 33279 32349 11880 16466 8356 20871 1442 6233 26692 35021 37586 2248 14187 1005 15371 37654 31732 22024 18904 40108 28251 19374 44405 4108 32990 39145 29787 5992 9714 15519 12459 42082 23772 %n3982 68
39992 28924 40871 19833 2549 9620 12334 4761 2458 3314 19823 36720 9584 28176 20483 562 26714 2259 26575 32217 19879 9885 24132 37809 25712 42691 13082 477 43650 13856 19375 42316 12066 2675 36191 12579 35884 12972 2787 10347 4731 38384 32142 5973 34831 19860 18522 28439 25822 4424 24861 30539 38659 40795 42339 26253 31805 4491 10022 3984 21445 26230 25041 16334 33458 32481 2100 2545 %n3615 67
28968 8947 29002 21162 15036 35492 11138 23123 27528 25405 13259 28361 37841 17922 5685 31712 40722 16396 19573 31163 924 2878 25538 22033 27725 39362 18782 12944 16380 37522 12508 39958 7083 11630 41434 1429 14010 21061 6393 29883 8491 8149 32912 39930 14772 4007 14019 11286 11957 20096 14866 25348 34374 18890 24944 14273 41294 28036 35463 39638 4818 29926 36890 36920 18234 36693 3030 %n4807 69
30286 36526 22233 26439 10224 3258 39102 14267 16617 33359 11256 4542 2354 29860 41439 3577 42706 5330 39333 5901 16860 34343 33073 41741 24468 2388 23694 26609 1541 15822 33271 10449 20195 35451 32346 22866 14167 31062 32892 30537 21320 3384 14699 1752 42628 40537 28290 6883 33805 36544 26251 11239 28238 29026 170 13803 840 33725 1077 32121 2051 16508 35811 24095 3872 42411 25446 12404 43901 %n2212 70
35330 33034 27880 34434 34756 24813 44509 4556 36031 39617 41465 12233 16970 1452 24526 9993 33453 22447 13658 36490 26058 44480 36573 24836 27679 14028 26209 21120 25125 7801 34351 26653 4469 15403 21399 35801 42826 8112 34520 6566 5270 7082 35320 32016 11199 2913 43466 38184 5077 39993 32497 43937 41555 44210 25250 11764 13611 14723 18641 33174 22081 6875 31599 40176 34338 34841 1130 2067 7273 25110 %n3596 69
29071 2375 1359 31885 37623 7232 4307 17278 19468 37537 38781 26853 25877 7052 22854 20984 39374 26391 29401 21270 21155 40708 35997 31352 36076 42067 22101 16263 10988 23581 8442 5166 42358 41165 34326 8625 5530 35079 11208 6338 10850 44226 27020 17869 42464 21742 18607 682 37770 26584 8704 713 24760 5588 36694 16459 3458 16445 20502 2611 24738 38777 15993 8306 29195 39858 39182 32663 2978 %n197 67
40183 20145 1135 40982 39684 38798 40566 21253 36143 40925 22863 4920 9919 44267 11494 1803 16542 8475 10406 39037 2585 9560 37259 38379 22560 25048 25153 32088 15473 15033 37894 43672 23814 38927 16815 37376 13781 16810 30579 40500 33835 31424 19507 6358 36057 19457 2415 36270 20302 40084 20908 11060 24034 2281 37729 35718 38162 23551 7569 6056 11506 33378 31597 29748 21695 19164 36323 %n4562 69
20930 28950 12729 8920 6590 41563 24936 32451 8809 22906 23125 2158 17118 34009 9724 33975 5278 35107 40877 11000 7525 15490 38519 21256 8094 35558 29457 33915 20007 1242 44572 9909 24142 15084 14533 36742 11582 187 2451 1458 25026 6917 15618 42878 24757 38692 35738 38437 10256 18038 2099 22677 10881 43828 15865 8370 9453 9868 17751 37497 36096 31951 15648 340 6163 19593 34942 1114 32131 %n2234 69
17020 41289 23526 35796 3977 11552 43826 8795 194 19702 28021 15991 42813 24059 8353 31157 35441 28683 28005 36639 6232 35600 36817 11143 31963 6456 35399 2633 8727 36019 18000 24499 31084 34226 15563 29517 29657 21053 43277 733 29181 37294 11511 745 11134 18837 32072 8868 9403 41834 17527 5264 14293 4763 28012 36964 26953 31948 14216 13000 1762 15376 29639 37987 35906 26850 36421 20280 24425 %n4867 65
22583 8646 18267 10962 23990 8645 7165 22221 1198 18243 40921 30125 17845 19455 15722 31368 4208 19899 27435 27142 6866 23854 686 20900 40945 2897 31675 1112 16507 1230 16104 13801 1284 20339 14535 5287 7105 6786 31510 37322 18195 38139 3150 343 25664 43580 24985 41905 3950 9072 23766 20490 4874 40310 34288 38718 43912 30760 40148 18861 5345 6395 9566 31816 30664 %n2773 70
30367 2434 25492 3565 29016 5756 22659 35326 348 8968 43024 26555 24147 33317 38451 5075 13477 15093 1018 24691 12222 975 38464 23890 285 13388 42870 44295 13238 24918 22385 869 30470 4969 17679 6184 15874 40549 8673 17193 14002 8120 38917 12656 1944 19578 34424 19382 7813 30382 28768 13772 15167 41668 35914 7959 26719 10831 13893 31505 42295 3954 13815 6918 11479 16037 11255 23958 7457 4698 %n2198 66
5308 24258 19024 32534 42846 39091 1167 21383 28710 12231 28407 2806 32495 16840 18586 37607 16478 24715 21133 43679 20411 39761 14270 22693 25652 42243 37834 31575 26958 5462 38836 24734 487 17252 18107 39066 30966 43390 34177 13228 18331 29505 26276 11466 21830 15616 2670 6660 37552 19935 14836 3815 9906 32601 19427 22746 28621 4459 39471 19383 14514 37175 7155 5215 2757 10960 %n3084 67
37037 29311 3301 43760 16703 10469 24345 10095 12715 13970 34211 15835 43796 23337 6901 44052 13443 37846 28388 10657 16156 27197 15127 5474 7535 44308 18830 11130 15304 8580 17327 779 25243 9017 8787 18251 7157 34477 32617 34609 11090 25844 4526 18699 31718 39192 1885 9348 7644 31836 4121 31206 3839 12271 42369 23538 24562 5920 15381 216 16549 14033 11918 14142 35172 34377 8685 %n3584 66
21296 0 34379 22990 31647 17448 41011 38996 12289 4793 7358 40368 30047 38130 14998 1629 36313 20894 39482 17430 28979 39653 34222 4551 9217 41050 33362 44022 20694 18643 12690 38567 38321 31391 35400 1929 19020 42684 4027 25747 20184 1210 24834 33715 43668 20208 21165 17485 43883 23886 37288 3048 33660 4923 11833 311 15521 32610 20157 21953 7782 5422 28737 2660 7531 193 %n885 69
13129 43239 34347 25170 20744 16033 36071 39452 11905 2684 29208 13327 38104 21297 16252 15061 37661 39049 29159 14766 44736 31461 43799 25918 16532 32982 3889 28839 9274 13165 38424 90 40597 43872 37466 37526 44446 15249 5464 24135 31817 38879 37072 18239 27324 16502 39023 25525 30586 3795 18862 26767 23078 43983 43532 10512 4900 42713 31769 21635 2646 36995 22481 27333 20637 6738 28874 27678 39778 %n2774 67
7163 37884 41579 6946 23263 28548 10211 16314 39044 6318 32214 25854 11325 39555 3591 6732 39921 33111 25180 10889 34754 13469 16971 38364 124 43920 25437 42569 20861 31176 2894 27830 22860 10255 21626 19235 35266 27810 32404 39824 22846 1365 10879 40862 32442 32939 10716 30427 36737 42226 40362 19245 44624 26914 5538 250 44439 4999 22353 12087 13434 37226 24655 8867 4875 38673 24257 %n4762 71
40948 18764 12952 4670 38177 27342 4207 31703 16399 3594 7674 4304 17662 11124 5122 8328 1316 20515 23949 22981 2589 18897 13955 7421 36346 37368 10934 12856 34919 37451 13888 29329 27180 3618 15701 28457 8931 30764 18731 34964 35162 2680 44185 21167 14872 34937 9706 4160 38346 18535 19575 19471 19159 15972 37084 44617 29323 42355 39907 19329 25945 26874 37915 41425 39328 14214 31104 6705 26409 39682 41103 %n4750 68
23372 11393 42180 16732 3503 30843 8032 2376 26917 14812 24566 24436 19549 36806 41978 33132 43712 31569 9551 25933 7878 21334 34606 1335 18676 8210 5619 38403 24664 15162 14329 29317 32379 26561 19190 22256 31524 38587 6994 42209 5198 22680 24130 38826 31713 8585 1992 37715 28542 38946 15267 25168 24284 11221 18580 36232 44065 15995 18683 39911 59 12518 6771 4574 24399 36236 1060 41071 %n3116 69
33754 7395 14952 29755 16041 2807 1401 29028 5503 25445 37516 42461 43040 42967 27915 6415 34724 13713 4816 25106 25166 24704 13137 25552 7802 12393 18192 41189 24089 37828 33582 29012 3606 5832 2372 6766 41063 1074 29357 6126 14020 25781 11106 38932 41196 14098 35701 43757 44402 3083 35896 2034 17334 10947 15037 13074 13806 33459 38458 32884 9834 42700 35142 27868 17859 20550 34893 33770 8079 %n296 71
39490 12506 28628 21684 17893 29812 26057 3019 14852 33774 41429 8169 19171 34991 21322 24812 34709 577 5834 12540 28292 37599 1294 24066 43149 37695 34184 2510 16272 38484 43494 30422 15966 29003 33750 34044 4848 41074 5851 9124 30149 13183 36607 33341 6968 13325 3160 10119 28070 17158 7904 14398 13162 39069 15628 34843 27622 13823 24426 39018 16304 44435 39703 24338 330 4315 36020 41259 38913 7852 38070 %n693 68
39095 719 4657 7850 37331 2455 42259 29289 27690 22861 10489 14139 14546 27886 13216 35512 14564 16152 24155 33231 6344 38707 37521 44536 321 44611 14980 27412 43486 476 36974 26267 11096 10013 19154 28592 17420 6667 32098 38243 42712 38452 10792 3428 9202 22265 15577 27875 33619 10842 3957 4349 16251 19192 20212 43641 1253 43915 16938 32925 33065 43237 8758 34618 9140 750 14946 17547 %n1392 67
8160 40191 29190 21772 43345 31881 5067 41127 24062 44321 26799 13401 38626 24559 18887 7056 22117 38332 20872 2993 36959 28527 2982 39646 2136 40493 13464 3245 23661 33478 19207 9608 16088 42467 37540 6871 25093 44589 7654 6171 19314 41483 32528 1583 36904 40063 1139 10710 12251 14599 18542 15564 7645 7869 26652 44150 30044 17950 4396 35879 35645 6589 35113 41340 16184 31107 9441 %n325 72
32436 2425 3948 21035 20884 32604 40315 22632 24041 22640 20874 22307 36458 12070 42135 26353 9406 9363 6416 38372 2498 3271 24081 26663 7063 7636 43761 16801 31183 38463 8789 2172 1290 34224 35448 36787 153 6450 2876 20063 1582 34809 12652 26246 31636 28122 8661 12835 34844 34874 39043 42302 42629 18453 41472 31269 23653 40630 31584 25142 8153 9980 32820 13268 31342 25976 5069 4569 2977 35295 20873 14454 %n1379 64
36936 37561 18458 12806 341 19226 12876 23937 25571 11503 20014 33720 27703 10622 29727 41517 23261 34494 8024 20784 6535 12489 9333 23799 17985 44368 43588 31066 41386 35913 23415 10355 20912 35559 32013 8476 27268 1372 30166 30416 4138 26943 37297 19199 33764 43822 39581 26349 22912 9123 30917 30191 34133 15570 39558 35581 31790 33369 9481 39122 21855 26776 5749 24993 %n4311 68
24895 2945 4428 33035 9857 6692 22633 10839 5937 6268 15364 38820 16881 31445 6337 9488 1903 16435 2604 35359 25982 33053 16666 11505 35247 4271 5203 35918 28727 22328 7396 17086 23099 40414 24282 14797 4589 4340 34512 21807 27783 19470 5284 38044 36493 14018 21287 36419 4974 36703 894 3916 23567 3385 26757 5003 12345 31724 33039 2932 18091 1431 2291 14625 27018 36452 29747 30823 %n3619 68
20647 5442 21647 10334 13311 32600 10125 14370 43097 14291 40377 11570 24986 3757 21899 29367 32931 42942 38338 24958 8485 13610 29976 16772 25825 5317 18935 9912 19636 7202 43806 35397 34508 28166 413 15931 32139 22785 3721 43563 33246 10371 1145 41402 32134 33497 21241 25188 35842 32269 14986 36691 22939 42046 35287 13639 40728 17495 36759 33448 38623 38004 23574 8195 12498 26610 44264 25304 %n1633 68
27573 15548 4758 28371 19217 6218 2540 18820 27258 42175 19979 20344 19364 7287 38291 41991 22806 39916 40119 8403 30881 25478 20875 32159 23815 43709 42030 40249 191 18178 42835 14368 21927 31997 34190 5586 35185 3612 5012 19447 31422 10541 12488 18138 26607 35520 23640 6336 37303 5226 11703 38300 8343 11723 14743 41532 12341 22172 15418 6853 2672 21743 11092 11543 28372 39710 28922 44091 %n1074 66
9754 24932 40878 40508 30940 38733 23838 42614 14579 37807 11433 15632 30773 4713 29794 4078 36204 5737 19415 2030 37697 30153 38116 2776 15534 23223 41654 30388 22997 36824 36205 13125 20074 22469 12161 16082 39768 33138 13964 25673 38357 20263 28760 34467 13688 27402 7785 22165 8015 10129 37722 5931 24613 38631 35911 11739 27125 44171 135 609 32450 950 3234 40382 16821 24183 %n2202 71
7547 2423 22160 17821 34583 5391 38656 4671 37874 16629 10339 15218 4129 15979 33353 506 40534 20554 1343 9361 9317 22185 23960 2702 42643 41057 37673 31022 40634 26070 25310 24087 14051 23604 35809 16635 19045 26425 10524 15750 38875 35265 26454 18842 19533 37626 29791 41503 30951 36794 10898 29286 5060 24190 39687 8350 17983 19218 37138 23028 2019 44456 10181 29809 18625 30004 21327 30384 35514 19561 16660 %n340 70
29189 7936 40917 31976 27579 16601 28461 16857 42433 6790 13453 31282 15201 3042 1650 4509 1767 37430 1890 24729 38255 20299 18989 1718 32794 20284 21284 13022 30201 12361 1414 4015 5379 4194 21203 7024 17906 13055 3783 4425 19769 21804 27854 40105 1970 41363 11020 28088 33236 2412 22904 6785 1994 26060 12420 39805 22049 7259 36610 20569 23304 27355 3808 6525 16127 35818 33400 2022 9684 7235 %n