97
2544 21
29400 54762 36582 13932 58218 10758 95808 77215 38819 98195 7352 20076 35323 7543 73986 31164 15949 40636 64729 86718 29068 %n3684 21
81745 31419 64409 43496 23940 81053 62536 97544 88231 1275 61487 75841 25552 76948 55049 46691 23570 58946 98862 87359 31982 %n589 21
74215 10816 1276 32914 86710 16753 47438 11955 28971 58213 48593 49081 71727 60823 39314 90498 65627 6514 47185 85685 19786 %n482 22
10486 46607 25883 38573 22115 46703 51724 5717 27855 45025 6381 72945 10446 96550 91112 60030 88660 72694 6562 72683 1898 75621 %n7022 19
53448 58281 47625 1423 4942 3601 95005 70855 12679 84580 21410 73372 99385 38209 66980 21782 37388 78979 60763 %n8287 17
97564 38803 7630 22099 52158 98617 78124 97731 32466 44263 59725 8934 78971 4417 16155 33695 58470 %n5736 15
94667 20072 40322 65394 77757 22096 75907 84168 42019 59784 52490 40066 26308 33163 72650 %n7772 12
81165 61009 28381 11637 93470 35212 89759 56957 73732 26307 60016 34251 %n8451 15
6147 99081 61718 80136 55585 3604 7687 64706 51506 28924 50201 32273 19630 58730 1049 %n3160 16
83103 3355 7028 56188 24877 20462 77035 90870 72224 41391 4002 1217 11288 30176 89556 88149 %n2105 15
46549 35553 19712 70816 78989 56135 27556 72235 9029 76335 16114 7741 44547 29603 28040 %n8056 13
64380 5917 34599 78621 92309 12878 90141 75691 49242 73555 11072 93697 65961 %n6196 15
34825 18935 86362 82623 82680 65122 49804 28899 98435 27259 90096 20740 40677 92991 82426 %n4822 11
66035 83905 15628 50569 4077 14200 8429 13614 86518 69831 78212 %n5343 10
36287 80044 31728 56447 83705 36199 42868 54523 95540 85508 %n4487 11
7182 79057 65340 83819 11975 1238 2866 63709 63628 28157 9257 %n3672 11
99905 79024 79950 16969 70232 67184 73118 261 28622 45457 49592 %n1446 15
34372 73403 60918 95869 19746 8267 67182 73611 55489 7051 3513 15499 89297 53743 57839 %n9714 13
40835 67604 12318 58482 67981 28122 42525 42756 22006 52925 82087 16755 87711 %n10087 10
35195 3472 24952 50226 16903 24795 85053 77206 9812 30187 %n3358 10
63043 32827 55886 97800 88924 44910 11 11241 61392 69574 %n2289 13
20711 7324 32931 63857 57102 2623 61650 94524 40924 61289 64429 46282 86937 %n1397 11
41042 83281 10704 36113 36138 2172 32828 15484 61396 30192 40862 %n8488 8
60970 61283 28491 48192 99335 62039 21045 3264 %n11294 10
43432 81196 41945 21195 5680 13235 7328 98029 79079 71336 %n4398 9
86085 65102 28258 34324 69735 15818 31237 81383 64206 %n7298 7
34086 28642 40501 15193 49174 13162 81861 %n11329 6
60852 95178 3422 70279 31335 97310 %n4027 12
68647 18882 21137 92386 83450 40571 86868 63973 7534 23904 90935 64168 %n10661 11
86155 79830 55268 58811 90871 78832 22833 11104 53663 17414 25654 %n4686 7
56292 69548 91441 45378 59003 56391 4214 %n756 7
25029 6564 78830 60510 98050 49537 29890 %n7776 10
82813 44160 18196 47340 13218 2645 52233 81670 95764 14148 %n7662 5
71026 54843 11654 48000 74088 %n1410 6
52480 62835 66201 77246 92517 57092 %n6555 5
32867 42290 26596 21822 29881 %n8615 4
23354 44235 52727 33088 %n992 9
60475 25954 97976 71671 80776 12563 4180 30487 41406 %n3978 10
96599 38058 98830 82297 26526 15017 29021 21562 7368 39208 %n6420 1
61690 %n3253 4
95238 84955 54812 42632 %n2303 4
13640 85714 64124 16235 %n198 8
61949 53122 61278 22732 45579 4176 69540 96569 %n11147 6
55649 62525 95502 7118 65596 85156 %n306 5
24982 43333 62080 85288 37657 %n329 7
17017 41653 56659 85836 80263 52860 98897 %n7521 2
59798 15549 %n8297 10
25367 5077 4611 93584 94472 5357 55706 78146 32876 34025 %n10793 3
66067 23836 8136 %n6016 7
42317 28588 63595 50877 1874 43140 51661 %n1951 4
69158 65661 66376 11618 %n2212 1
60234 %n8354 5
7277 16470 18427 43335 7446 %n6998 4
17502 44165 89196 39164 %n11396 3
52657 40347 44176 %n10868 6
11395 62616 70104 36068 11139 61793 %n5167 7
87230 44990 50043 50636 77755 9758 62341 %n5186 2
88773 3643 %n355 1
97031 %n957 2
67911 65919 %n6919 2
3393 31986 %n8540 4
63419 88196 80650 95801 %n8313 3
86356 71803 6636 %n9968 2
74645 96614 %n7952 3
72288 14622 18367 %n4167 6
18757 86839 81603 43632 51721 5925 %n3710 2
79040 53532 %n1040 2
83556 23736 %n5283 5
47656 69416 41692 17222 22091 %n4831 2
28904 16968 %n5676 4
23032 2537 48962 54805 %n7556 0
%n7479 3
47499 88201 24570 %n3399 0
%n8110 2
72545 53547 %n971 1
7265 %n2454 0
%n5909 4
98084 4638 75697 77973 %n5766 2
2087 76685 %n5540 4
38539 25851 59189 20863 %n3226 3
51659 56700 39212 %n2676 2
30835 44874 %n10894 2
69836 48732 %n515 1
1427 %n2280 2
17495 92775 %n9694 1
61801 %n4147 4
50983 40972 30482 9445 %n6508 0
%n2553 1
19570 %n7257 1
25824 %n11382 1
38345 %n7248 3
55648 19429 68275 %n1937 1
67084 %n5043 0
%n4738 1
13781 %n3290 0
%n3097 1
65087 %n