307
313 120
78008 57960 28103 33359 79844 95971 10801 25614 70256 13019 38726 65117 66087 38205 42702 87352 65707 70628 28081 80189 3169 83535 75938 8337 14832 19467 66793 26078 30177 44321 14338 44998 37264 40742 53659 92082 56468 21545 76370 95209 63688 93380 60251 7362 56861 15526 41792 74640 99579 78761 33021 87317 37782 40206 79087 93608 55129 18560 55438 95610 24352 33893 9928 82173 63547 21355 87565 50989 15634 40140 52647 93156 13614 40785 98318 54367 73558 54592 35604 83128 68955 44020 36113 82741 33924 68420 16610 48297 64900 61279 59980 95835 72014 41958 74548 9485 95911 44843 25372 77626 26293 73922 14966 8839 632 54590 77374 53367 1615 69686 4972 2703 14627 19174 69671 16695 60408 74627 49360 52649 %n706 96
93439 56026 48023 90188 78217 90947 59557 32731 46768 6761 261 9445 10568 44618 2784 13235 48691 98714 8166 61747 79124 87810 15473 51289 69535 82262 25335 27580 12695 57925 65813 17328 14084 31351 65505 32393 93789 99536 86356 15800 2541 82128 28414 67251 69334 3868 81049 49098 24191 14623 25520 84260 2111 64570 6948 38936 78690 59193 20057 63956 16011 42739 52222 31702 4046 38511 37737 80018 2980 10461 90079 34028 36043 93468 13464 59675 73612 39020 26993 4884 54368 21172 1154 343 22790 72989 48060 86466 81614 62526 22119 39669 64280 53487 88570 8266 %n3977 83
81974 75226 20909 72142 55423 97028 73516 82146 19874 87930 81548 6389 74433 23378 96367 51290 33986 34857 87273 14878 13699 72678 77686 40893 2173 80336 53205 89996 68311 45653 37377 27274 34646 91036 52751 63364 96923 39267 27246 49278 39519 67024 41658 81561 98597 75676 73844 2811 46992 75245 68105 47905 12327 49940 66554 58765 28995 64708 60796 60199 369 75654 62383 72780 90234 5276 93669 571 82386 76745 91597 80566 92600 42805 89336 5881 42610 71449 77790 98674 88537 1817 97093 %n1443 55
20705 2332 37759 28482 61557 51231 85474 82256 44983 92736 57914 104 68435 98371 63071 29155 69230 49615 78122 94592 93114 16114 40398 90269 3232 45870 57870 83171 29507 15843 86863 69140 15344 78055 67753 61918 75077 27995 35932 50937 53472 20416 24654 55201 16159 7945 95930 91391 10746 82396 61313 17364 60902 59239 71593 %n4147 41
2748 57735 35930 44288 99365 31621 19795 84561 64959 83736 83396 71770 85890 38746 64930 87452 74432 40831 27335 33882 92525 53879 53343 7774 52906 68999 51565 33487 62600 57699 75052 34191 31361 30332 96817 81821 27413 12828 12914 59853 49716 %n7981 32
56760 72039 97527 30424 56284 15251 86274 70216 95644 87196 4664 45151 9754 31941 14720 28022 56485 68142 18379 56998 51410 94841 95263 738 61048 37472 13414 23556 2877 95986 16209 7084 %n3332 14
32429 54830 80632 43186 20767 43568 33897 79310 56404 97760 5539 71759 43143 67133 %n1989 26
24741 16455 22613 67474 14969 4055 80379 23588 76410 16499 75545 75221 82588 48019 19030 23392 39122 92423 79940 75653 5942 23856 64092 85074 24299 26136 %n7623 17
3977 31203 12558 19864 9213 56675 51948 27221 69219 82275 199 45555 48402 81461 56630 51483 60762 %n7847 9
35780 2353 11773 51081 62726 49273 8021 43820 21365 %n4222 7
54077 75936 78221 16432 74690 27824 55735 %n4323 9
73709 55974 4351 33946 93005 73362 19276 63575 54976 %n5486 7
38818 95234 86410 12096 52616 69097 76615 %n200 5
51005 31877 5326 79652 80024 %n3417 2
83385 7139 %n2798 2
78183 6342 %n4844 2
46226 4004 %n4030 2
85532 74730 %n5951 2
10353 57595 %n6564 2
70568 39241 %n4956 0
%n6925 1
78822 %n7324 1
85337 %n2954 0
%n4064 0
%n1442 0
%n8129 0
%n3244 0
%n7492 0
%n5453 0
%n7944 0
%n7464 0
%n4850 0
%n5585 0
%n3460 0
%n6153 0
%n4780 0
%n2532 0
%n144 0
%n206 0
%n6042 0
%n789 0
%n777 0
%n1800 0
%n2600 0
%n4507 0
%n7566 0
%n5402 0
%n187 0
%n1811 0
%n7115 0
%n7784 0
%n1014 0
%n8066 0
%n6414 0
%n228 0
%n5893 0
%n6394 0
%n3548 0
%n3744 0
%n4492 0
%n2683 0
%n1513 0
%n3677 0
%n3100 0
%n5203 0
%n903 0
%n7963 0
%n2518 0
%n1535 0
%n1252 0
%n8138 0
%n5286 0
%n3753 0
%n2046 0
%n3243 0
%n2050 0
%n5501 0
%n2339 0
%n8060 0
%n399 0
%n6457 0
%n6081 0
%n1953 0
%n1873 0
%n5073 0
%n1196 0
%n5982 0
%n5358 0
%n3569 0
%n4829 0
%n5345 0
%n5430 0
%n1993 0
%n5002 0
%n6871 0
%n5226 0
%n6606 0
%n1790 0
%n8102 0
%n3179 0
%n7426 0
%n5572 0
%n5289 0
%n3886 0
%n3495 0
%n7732 0
%n2395 0
%n4133 0
%n4426 0
%n4991 0
%n1347 0
%n6280 0
%n6131 0
%n6789 0
%n8355 0
%n5949 0
%n7991 0
%n5256 0
%n5465 0
%n7898 0
%n2036 0
%n6294 0
%n1410 0
%n8346 0
%n4728 0
%n3272 0
%n6526 0
%n7752 0
%n4591 0
%n5074 0
%n5185 0
%n4785 0
%n1476 0
%n2870 0
%n7980 0
%n3774 0
%n4781 0
%n5143 0
%n5726 0
%n393 0
%n1977 0
%n3549 0
%n2054 0
%n3856 0
%n7916 0
%n7996 0
%n7886 0
%n7444 0
%n4150 0
%n2312 0
%n5524 0
%n5280 0
%n2326 0
%n3968 0
%n365 0
%n8249 0
%n4796 0
%n2416 0
%n30 0
%n8088 0
%n3155 0
%n7192 0
%n5466 0
%n2983 0
%n2988 0
%n7217 0
%n6563 0
%n2743 0
%n7465 0
%n4184 0
%n2584 0
%n3564 0
%n5160 0
%n3028 0
%n2686 0
%n5057 0
%n1076 0
%n2285 0
%n6804 0
%n1049 0
%n7383 0
%n3930 0
%n6459 0
%n4987 0
%n7139 0
%n7307 0
%n8229 0
%n7908 0
%n7511 0
%n7548 0
%n6071 0
%n7959 0
%n3482 0
%n6364 0
%n646 0
%n8085 0
%n3971 0
%n6233 0
%n3109 0
%n5508 0
%n4268 0
%n5255 0
%n460 0
%n1246 0
%n1096 0
%n7534 0
%n543 0
%n8124 0
%n3226 0
%n4976 0
%n3998 0
%n6803 0
%n994 0
%n2852 0
%n8026 0
%n7183 0
%n6398 0
%n2214 0
%n5232 0
%n2193 0
%n6269 0
%n2642 0
%n4015 0
%n127 0
%n492 0
%n3249 0
%n6554 0
%n3890 0
%n434 0
%n1225 0
%n4025 0
%n4388 0
%n2020 0
%n6556 0
%n6229 0
%n1741 0
%n6907 0
%n5566 0
%n1436 0
%n5147 0
%n3928 0
%n2522 0
%n716 0
%n2017 0
%n4129 0
%n2133 0
%n4338 0
%n7821 0
%n2733 0
%n7761 0
%n6324 0
%n6987 0
%n5024 0
%n6084 0
%n3161 0
%n4057 0
%n3128 0
%n5348 0
%n3325 0
%n5556 0
%n4272 0
%n7936 0
%n3600 0
%n5819 0
%n567 0
%n1669 0
%n7989 0
%n31 0
%n7871 0
%n2163 0
%n320 0
%n1654 0
%n5927 0
%n6236 0
%n2337 0
%n2550 0
%n4073 0
%n4824 0
%n7071 0
%n6668 0
%n1668 0
%n3176 0
%n5607 0
%n4386 0
%n8352 0
%n3756 0
%n2051 0
%n7238 0
%n7832 0
%n556 0
%n7868 0
%n4312 0
%n2069 0
%n1718 0
%n1746 0
%n5084 0
%n4659 0
%n3909 0
%n7207 0
%n5338 0
%n7054 0
%n302 0
%n7671 0
%n1177 0
%n20 0
%n4841 0
%n