232
3761 149
26101 44090 5360 8101 17054 95350 95069 15145 80792 63058 62124 670 47903 10429 49311 47860 29158 6740 81837 65424 28348 99610 41915 32759 31391 33874 38896 12014 11621 21562 71325 32299 87622 61767 92008 8284 28274 30862 76835 15673 1311 56748 95947 5898 11854 27376 65011 40207 46533 79672 79970 92797 12505 16547 65106 20267 4833 45199 63596 85472 14477 13306 10341 48133 57929 16594 21341 82991 93024 51050 28550 21399 47481 86663 63993 89142 33536 82066 6151 91659 86889 36269 13334 20646 43781 61135 70471 27329 47220 25857 64507 27129 55233 57387 23341 72579 87104 15998 3779 26984 58052 48095 95984 50332 99871 99234 91133 52339 41200 24197 18403 22485 60149 70241 71592 1823 20512 44598 71517 66537 33679 91441 66531 71205 85020 55690 56154 56439 36790 10893 7589 85068 82528 80527 42564 75954 87983 52654 88747 53859 70998 36653 58049 38843 61502 12127 36168 88326 8753 %n5108 130
56860 2397 79860 33774 71829 2731 42060 82984 34214 28689 892 30246 13870 51771 60482 94123 87866 92157 74821 39466 94727 59701 8831 92103 8610 65653 47773 34826 3430 9160 47580 77523 76283 72420 535 42059 98518 90217 18866 45909 9715 67408 62606 84675 49713 62901 67638 71093 53256 27619 95516 20161 60766 33381 20366 20157 9558 63666 30747 52638 43515 99888 77601 75606 93316 28925 68986 69680 38997 16179 84853 52531 75438 95150 32867 21687 93891 40250 99562 56421 41773 17075 26457 10215 14255 12430 99133 84845 52706 70926 71503 30462 40927 89635 63617 71279 27069 67948 73626 80630 20059 88011 83148 27926 88403 75996 8077 92546 51658 72528 44118 62256 70077 78821 18400 39034 10974 33181 85291 3242 78112 26872 9631 19672 9793 79028 87352 60386 1790 59065 %n1710 91
47926 19543 52763 1868 68992 56313 51656 15460 87572 49754 87184 53148 98883 11992 23495 16294 92138 37158 68627 4102 33305 48178 35092 66969 23028 16602 35308 5965 29758 76872 9208 39963 56517 78062 40941 1023 58453 48022 24163 94128 13059 44830 49756 33878 46832 41202 39114 85300 60252 66144 34689 17058 99773 6840 43832 56574 30680 31706 66784 12823 27911 72897 75838 76009 48311 40686 82351 17185 15565 90812 75807 98932 47654 50860 65116 85879 37150 81716 9105 8196 70084 22397 32076 80098 4493 56111 28937 63864 48805 91765 75905 %n5665 99
60259 8379 86636 11941 28188 62534 22946 89304 42772 84572 40757 12378 62269 14029 33560 13174 87308 8135 61201 77040 75161 85101 88261 54693 92373 45162 40803 63583 69652 74501 32765 75160 42845 9168 97583 14754 58403 27026 18342 39728 3824 69420 89259 93360 53153 60941 99313 53628 2129 40501 15305 35852 40062 2137 88811 66377 18010 48406 27568 7983 14963 78859 64140 6094 72922 44715 9513 84595 58704 83230 62874 43634 52186 9557 50487 64996 44533 64778 13535 77487 4839 32422 34348 36694 1001 53131 17875 14406 38231 79895 20629 2728 4309 95695 76114 86511 38995 23226 59602 %n402 79
82653 23522 52583 87306 73858 81001 77951 78886 66219 3395 54695 30640 43869 37739 20399 906 58698 46668 39232 18362 88507 48397 69005 9451 41495 97904 58158 65398 10243 39069 70098 65910 34060 15801 36681 94796 30341 94874 86492 13487 81148 24484 29034 89043 36486 87049 84130 30571 18422 83025 46723 12664 76081 99891 36483 84102 20149 86296 87442 63320 73629 14875 51123 34242 1995 78964 28899 217 14048 29163 28342 96839 12248 98007 56763 66833 22448 23261 421 %n3259 64
89077 38637 85637 3381 47803 46200 78163 37024 39638 40375 54556 30800 75828 23265 53738 32773 70523 29270 44985 33927 21041 71488 95377 46669 99497 44110 43834 25480 9896 92018 4466 14834 21418 15753 92057 96203 76455 97223 4722 83592 47142 68621 69493 7064 76331 5188 86750 85410 19976 68338 16359 33707 98610 3151 45164 91515 97894 70723 34460 86385 70100 90896 64839 63196 %n1442 68
66886 39516 35167 25186 29247 5011 26832 4911 10275 96083 853 27205 64912 82072 48137 45270 78068 35973 54459 20680 41089 84279 2174 57301 92691 22641 73462 62973 40036 28131 25854 12750 34116 23548 96665 88541 83464 6561 9594 863 61875 23457 49973 18181 49064 47148 24452 71385 76856 96967 6669 8047 24459 88038 9729 80420 66822 96580 42664 25349 31500 22721 22978 47260 3290 30731 28100 70135 %n6392 46
13882 16672 18744 88376 27892 14191 49794 34506 24081 59949 87285 74838 64899 98135 30013 5837 4585 86581 88094 64350 12701 20765 60588 88938 77405 51500 78767 48004 17453 21212 96106 75026 51209 16798 20452 14456 65895 81468 19870 2110 65638 61440 20876 83793 10118 98181 %n1913 36
79704 13814 2499 3838 26279 52935 39163 88497 25128 7514 45515 80993 95216 29257 87778 96873 52361 74162 11005 88245 53958 44311 46237 61948 88980 78856 63092 35238 90567 78585 11330 49545 91295 62704 71637 90636 %n4558 34
37177 15738 7493 3628 25966 54796 49862 43348 85067 85401 7542 85128 64873 64758 21461 50580 40636 54955 54439 4199 94864 34440 49145 9108 8537 81339 88729 25293 58843 8669 58962 77876 59873 28401 %n4003 28
90676 44789 23287 21047 12081 44230 55157 87089 11874 38741 50546 86744 99640 40318 87391 4539 77863 8066 13127 5031 30637 5465 9046 82790 73916 48409 52378 51327 %n6040 20
64462 38320 48580 54206 94687 51628 31810 27285 33116 52434 394 36319 42423 24297 63128 60032 63987 7939 98878 82129 %n4933 9
34379 12998 94643 98462 98933 87486 59674 64357 52408 %n2546 16
50947 19498 44466 94780 98233 53090 83819 52468 50902 23294 51648 58571 20405 97640 10398 43774 %n192 13
87947 78202 98204 21509 87015 42802 16829 27470 55552 19761 54207 95206 66557 %n2432 15
81884 10234 30628 14812 97162 9872 64588 63580 50006 53258 12977 54943 68497 15888 8173 %n39 8
3441 31077 72304 43704 25331 49023 86718 2011 %n3561 8
76750 25004 16955 73839 73699 63837 41285 77984 %n629 5
26538 36255 5 16784 81715 %n4457 0
%n3364 4
82415 89144 77533 54205 %n590 3
51195 16136 32509 %n2399 4
21313 3219 22620 90883 %n2903 2
2496 84523 %n4612 2
21197 17971 %n3286 2
94871 61358 %n6423 0
%n5731 2
65411 61813 %n4027 0
%n1095 1
18185 %n3488 0
%n258 0
%n2190 0
%n5649 0
%n2477 0
%n3218 1
74981 %n3919 0
%n5684 1
80250 %n5278 1
17340 %n2397 0
%n1266 0
%n31 0
%n5420 0
%n899 0
%n3785 0
%n2056 0
%n4344 0
%n973 0
%n4251 0
%n5147 0
%n4357 0
%n6004 0
%n5205 0
%n6537 0
%n4166 0
%n5565 0
%n5740 0
%n5693 0
%n937 0
%n836 0
%n4220 0
%n6324 0
%n5146 0
%n5528 0
%n535 0
%n5520 0
%n2703 0
%n5375 0
%n6325 0
%n195 0
%n4392 0
%n2032 0
%n1642 0
%n1327 0
%n4284 0
%n3709 0
%n5297 0
%n2797 0
%n6184 0
%n4909 0
%n4673 0
%n4012 0
%n272 0
%n4523 0
%n1345 0
%n3381 0
%n748 0
%n361 0
%n1718 0
%n5409 0
%n5165 0
%n2493 0
%n5229 0
%n3793 0
%n5708 0
%n581 0
%n240 0
%n4175 0
%n4794 0
%n852 0
%n417 0
%n173 0
%n1938 0
%n5862 0
%n2755 0
%n5156 0
%n5170 0
%n1622 0
%n1097 0
%n1597 0
%n2152 0
%n30 0
%n235 0
%n4731 0
%n4836 0
%n1513 0
%n3861 0
%n3828 0
%n2026 0
%n3327 0
%n3771 0
%n3953 0
%n176 0
%n3554 0
%n371 0
%n3224 0
%n5654 0
%n6486 0
%n1656 0
%n1568 0
%n4586 0
%n4307 0
%n3024 0
%n6136 0
%n306 0
%n3917 0
%n2762 0
%n5592 0
%n6311 0
%n406 0
%n6293 0
%n672 0
%n4443 0
%n1348 0
%n5344 0
%n786 0
%n3247 0
%n462 0
%n5061 0
%n5998 0
%n6391 0
%n3391 0
%n863 0
%n684 0
%n5803 0
%n701 0
%n2518 0
%n6363 0
%n4537 0
%n4930 0
%n109 0
%n5601 0
%n5097 0
%n1219 0
%n2280 0
%n5144 0
%n3629 0
%n626 0
%n5975 0
%n6320 0
%n3103 0
%n5198 0
%n2118 0
%n3080 0
%n1525 0
%n2383 0
%n4886 0
%n6115 0
%n3072 0
%n5717 0
%n5854 0
%n6631 0
%n4545 0
%n2391 0
%n3458 0
%n3563 0
%n1906 0
%n3077 0
%n1947 0
%n806 0
%n1393 0
%n1618 0
%n5489 0
%n5625 0
%n1548 0
%n57 0
%n1689 0
%n2364 0
%n3814 0
%n167 0
%n276 0
%n2719 0
%n6012 0
%n4579 0
%n4961 0
%n6584 0
%n1299 0
%n6088 0
%n3911 0
%n3434 0
%n5307 0
%n5967 0
%n3467 0
%n1180 0
%n674 0
%n4466 0
%n4885 0
%n1515 0
%n6465 0
%n2961 0
%n545 0
%n269 0
%n5172 0
%n6307 0
%n2779 0
%n4525 0
%n3590 0
%n3154 0
%n792 0
%n1331 0
%n3584 0
%n5036 0
%n