233
2276 270
91806 49881 28926 14005 62534 50366 91086 54540 71491 17618 68631 14094 92391 37150 45422 65507 34461 56726 71151 96098 79387 41344 12344 30096 68901 36839 79850 21103 33197 95023 30329 45656 77067 83522 38804 82104 44002 22843 88857 25380 50544 10490 3912 25743 81452 60991 7874 48330 8928 95447 40097 4013 76463 62826 47892 85672 78401 21591 76595 9864 6090 80680 99258 59238 61198 51011 79161 56714 45573 29993 19463 23029 78182 61834 98539 55071 68063 52151 17184 74531 13117 74146 94461 82265 94475 62584 8135 77577 98661 35363 56040 7488 75081 40204 76970 31636 62156 87831 89638 31354 30019 1296 83174 40046 80633 7265 20850 40045 75608 9105 81820 90069 5561 98482 41152 82878 47996 90843 47731 33657 92946 53989 82704 69725 16565 69880 83046 69117 82231 34844 31726 80011 72601 14088 48781 78307 39329 73294 93833 43276 80209 16997 97332 47933 77854 82802 26717 42799 43615 22643 54132 32927 85806 60052 96050 972 90685 61777 17227 510 12222 4185 80293 25122 14748 85445 15360 71644 21280 37613 89458 50824 67244 35018 97956 48743 50071 86994 69133 52045 79222 157 7312 21850 29283 33299 99140 85887 84954 23315 53604 3995 20633 56418 48566 86075 36906 92832 74808 85714 58715 73887 83648 13756 22158 68683 80779 82259 88591 58905 60022 20759 45507 67048 43089 90662 5689 24185 92696 14728 58452 20113 35422 64515 83331 87374 76550 74287 10272 46905 55312 66281 26256 98974 36920 93499 19499 77975 97975 21719 43138 59693 67488 90757 88717 86716 37915 88053 98478 93133 98363 20632 41308 52823 64740 42077 54247 1599 99027 71005 88937 65201 16496 17111 53221 37601 79000 503 8187 80088 %n483 106
29767 40521 47070 50788 86904 69172 20868 63839 54347 25009 70038 25697 8518 86445 16530 48400 68648 72624 95414 92837 24946 23855 78683 33506 85017 36568 59651 47111 86734 64497 70754 23008 14627 49679 20127 66585 59533 7395 29344 62773 96989 93255 39796 30427 70529 298 5387 28379 71313 87994 42736 33888 23432 89802 28962 35850 443 28612 86609 12591 76736 2530 37121 46569 88181 96713 80605 59479 85490 22891 81383 9557 3053 91373 61157 33947 40495 19759 58464 29033 75409 28185 54669 80704 28305 3961 28617 3415 85346 19168 27556 24765 9259 70932 74251 68864 14681 82111 75941 21277 16897 96038 39666 40635 73362 85985 %n2623 49
59005 35749 92954 16397 35963 61170 25205 43957 68609 52878 46274 21792 36636 91331 60901 92618 7833 22754 79215 60514 54876 14296 52836 74911 51987 14099 67826 47800 32844 30246 22415 67450 48428 54619 13990 46383 27015 16892 20337 42522 95383 25811 32765 57484 85528 73177 1739 65685 87074 %n2410 26
7690 39226 62327 63211 45064 76598 860 65148 12703 61983 41072 20934 61201 55330 7705 50067 24150 16988 79567 11255 74333 68587 42272 88445 69740 65660 %n3377 9
83235 44258 24550 23341 3642 33961 76599 77377 43368 %n109 5
9159 14717 86164 92110 33812 %n951 0
%n2459 0
%n1825 0
%n1040 0
%n2223 0
%n2355 0
%n3265 0
%n3683 0
%n2870 0
%n2538 0
%n1433 0
%n1130 0
%n3462 0
%n2761 0
%n1488 0
%n3635 0
%n2218 0
%n735 0
%n514 0
%n540 0
%n886 0
%n803 0
%n105 0
%n202 0
%n86 0
%n3552 0
%n3148 0
%n333 0
%n957 0
%n1339 0
%n11 0
%n1567 0
%n874 0
%n1963 0
%n2758 0
%n1099 0
%n67 0
%n623 0
%n1401 0
%n1857 0
%n2013 0
%n3030 0
%n2193 0
%n2988 0
%n983 0
%n2967 0
%n875 0
%n3002 0
%n2651 0
%n305 0
%n2160 0
%n2803 0
%n1012 0
%n3561 0
%n3322 0
%n1370 0
%n995 0
%n3193 0
%n2196 0
%n3439 0
%n530 0
%n1581 0
%n903 0
%n667 0
%n444 0
%n3531 0
%n1392 0
%n1584 0
%n1388 0
%n2999 0
%n3649 0
%n2423 0
%n3318 0
%n359 0
%n2946 0
%n9 0
%n3045 0
%n1723 0
%n1352 0
%n1323 0
%n2262 0
%n1361 0
%n2382 0
%n3084 0
%n1115 0
%n371 0
%n2053 0
%n573 0
%n3282 0
%n162 0
%n3559 0
%n1909 0
%n3004 0
%n2772 0
%n819 0
%n1608 0
%n406 0
%n2128 0
%n1841 0
%n1786 0
%n1522 0
%n2199 0
%n2494 0
%n43 0
%n158 0
%n2084 0
%n3180 0
%n2117 0
%n1678 0
%n1021 0
%n458 0
%n1914 0
%n1638 0
%n438 0
%n3594 0
%n21 0
%n1864 0
%n1497 0
%n149 0
%n29 0
%n3671 0
%n460 0
%n3089 0
%n3038 0
%n2861 0
%n2650 0
%n2312 0
%n1073 0
%n3472 0
%n1668 0
%n1731 0
%n1557 0
%n2706 0
%n2666 0
%n2547 0
%n1562 0
%n273 0
%n3539 0
%n3168 0
%n678 0
%n470 0
%n978 0
%n2729 0
%n2710 0
%n2798 0
%n3144 0
%n2181 0
%n405 0
%n1798 0
%n2005 0
%n2186 0
%n3042 0
%n259 0
%n1753 0
%n3482 0
%n1837 0
%n2020 0
%n295 0
%n2400 0
%n539 0
%n3105 0
%n1520 0
%n3352 0
%n3386 0
%n3029 0
%n1854 0
%n3311 0
%n225 0
%n1814 0
%n2675 0
%n2142 0
%n265 0
%n257 0
%n1650 0
%n966 0
%n2212 0
%n1571 0
%n3395 0
%n3640 0
%n2592 0
%n1348 0
%n3548 0
%n3243 0
%n3015 0
%n323 0
%n2136 0
%n3260 0
%n397 0
%n586 0
%n2298 0
%n556 0
%n3567 0
%n1331 0
%n3032 0
%n2376 0
%n916 0
%n2327 0
%n3018 0
%n683 0
%n1104 0
%n1057 0
%n1767 0
%n293 0
%n1320 0
%n793 0
%n1670 0
%n1779 0
%n3544 0
%n2463 0
%n1338 0
%n113 0
%n1461 0
%n1395 0
%n1371 0
%n451 0
%n2984 0
%n98 0
%n607 0
%n2033 0
%n1596 0
%n2278 0
%n2611 0
%n3024 0
%n3149 0
%n1569 0
%n352 0
%n3451 0
%n