205
5474 132
82072 10249 91904 47561 43216 12257 84106 47040 28511 47202 8920 52290 22914 72928 83743 46981 95595 7540 78186 15501 53803 31296 56266 38527 18515 37064 70501 93855 37704 2387 30854 9990 20105 16604 88324 58004 89433 5741 24054 38929 52868 63848 57512 95381 66795 78398 15457 9969 22850 23016 64191 15629 46282 63229 29584 97467 45014 77629 7510 95761 13431 77854 13756 49233 44672 60553 12595 21270 16932 94679 89330 18543 13135 31198 99128 11339 20325 70861 6248 47025 41915 31807 14039 40036 20873 49666 12294 52142 18054 79671 57671 46639 13163 84790 50914 20421 79467 9431 53264 3718 95766 23840 95171 19500 79445 28180 43055 55357 78771 68709 1636 70713 82074 19683 6461 73699 56554 63449 63288 57751 54484 68372 64467 62779 36519 62129 99140 87316 80495 74776 63775 99023 %n3050 4
93885 93119 60037 79028 %n6371 4
81622 46228 79351 170 %n3851 4
29071 93177 92113 74040 %n404 4
99947 5838 81010 97677 %n4719 4
68887 47984 11443 3428 %n1676 4
68533 90263 41979 4273 %n6487 4
19999 93097 46603 49708 %n1455 4
29153 93418 19673 55921 %n2768 4
81358 49483 25295 94305 %n1659 4
93017 48094 99285 25693 %n6983 4
55423 6905 7766 69897 %n1806 4
70865 33836 64042 69140 %n1627 4
1956 7343 39858 27876 %n3680 4
14066 2958 30187 86732 %n2257 4
23882 45732 79022 9177 %n3484 4
48987 90431 11912 69398 %n6819 4
56919 20993 30303 73057 %n4848 4
27273 69087 57003 46802 %n1582 4
23996 60300 71433 20782 %n5654 4
95543 79362 6332 94346 %n6741 4
12088 64008 81522 24049 %n1650 4
70363 73866 89901 67641 %n3677 4
23068 13472 94296 53860 %n555 4
164 26242 32754 29656 %n4927 4
64123 51832 59616 58290 %n969 4
83483 28621 21152 90182 %n1157 4
84012 9307 19843 83848 %n3450 4
44864 54321 42275 81807 %n6799 4
88610 28186 95903 32397 %n5942 4
45142 37795 93451 62088 %n2229 4
81221 40676 63192 11896 %n1912 4
9898 33367 62013 82910 %n5235 4
82565 68587 1761 77624 %n1099 4
85564 47359 53085 3491 %n5406 4
50060 33286 54005 36964 %n3248 4
47564 90911 21318 51423 %n6288 4
41519 38856 12816 33245 %n4681 4
12552 33538 48741 48080 %n2820 4
62565 94573 50407 64296 %n3121 4
80105 64383 670 96401 %n6104 4
10496 75770 17269 37394 %n6383 4
28224 83936 97483 29851 %n512 4
73075 82726 64382 40205 %n490 4
79907 99757 8190 67118 %n1111 4
60331 60511 16297 61445 %n5633 4
2686 45287 12328 39217 %n2963 4
87510 6832 79645 58435 %n2059 4
86489 65060 4559 86789 %n6301 4
15945 7602 63471 60285 %n2431 4
72432 4124 25254 64844 %n1188 4
50563 91300 6480 18922 %n2035 4
78723 69751 99917 54941 %n1639 4
45911 49932 7629 7631 %n4572 4
49546 18731 20163 46043 %n6018 4
97030 32109 14482 76375 %n6861 4
80884 22229 47845 39985 %n5866 4
49958 78510 12979 88869 %n3969 4
75260 10176 87961 43785 %n5038 4
92324 7884 51111 23707 %n533 4
11881 81989 33185 85148 %n6251 4
70879 1383 37695 41292 %n5056 4
72774 87915 68120 231 %n5739 4
64138 36857 82272 4281 %n42 4
12198 79809 9367 92154 %n1716 4
31460 68136 44744 99899 %n6410 4
95696 31372 72566 21772 %n6442 4
24333 17628 66459 18015 %n5307 4
50210 93363 2725 25559 %n5851 4
16168 64985 87403 86634 %n3577 4
66128 73077 36057 30942 %n6272 4
65030 52922 66896 62905 %n283 4
56145 29167 55928 51358 %n449 4
70272 7354 86655 17796 %n439 4
47546 71376 67482 81064 %n3731 4
29768 18746 23934 23013 %n3519 4
36095 43754 7097 66113 %n2066 4
20617 89114 92929 31387 %n928 4
46192 21546 87564 27001 %n2105 4
98059 29089 89251 59058 %n5702 4
83897 76323 52510 20451 %n6912 4
62325 31615 20469 9816 %n4625 4
78986 58053 36739 5634 %n2569 4
39001 29898 11162 89479 %n6800 4
70680 847 8545 20726 %n5916 4
64654 45272 31717 34828 %n1025 4
38553 61803 15836 6073 %n4128 4
27636 16709 60958 69630 %n1331 4
38985 31988 4772 42305 %n1231 4
89941 77105 81187 9337 %n4330 4
78865 66548 63668 23288 %n916 4
32338 17655 87139 60384 %n5939 4
23108 97374 98851 39053 %n5554 4
37723 34223 51767 2464 %n2014 4
36580 36680 72829 7465 %n6154 4
77759 42777 50328 24845 %n6823 4
7926 10533 49432 70181 %n1996 4
11990 64766 80287 77546 %n2026 4
79999 16197 27384 72496 %n2050 4
31781 57446 70035 13177 %n483 4
95673 28819 11421 55084 %n4795 4
31875 32194 25747 91667 %n3444 4
16224 18133 61176 98504 %n5822 4
36761 22856 17120 18924 %n4377 4
785 81015 49211 14765 %n436 4
12948 21218 80617 60872 %n6947 4
96198 60932 58188 22957 %n6127 4
62631 53506 54677 32812 %n3815 4
19685 5707 73933 17107 %n2751 4
74967 96201 18270 19204 %n6860 4
962 21824 98400 41346 %n3660 4
19682 42361 71505 12468 %n287 4
55887 19884 24827 86146 %n6350 4
10665 8108 50132 80509 %n6937 4
33572 1168 35911 70495 %n3574 4
17491 44050 42827 67387 %n2742 4
8919 36139 17719 30837 %n2886 4
43108 34120 81634 24953 %n3857 4
71659 73236 7939 30017 %n8 4
1082 73824 51703 87381 %n1168 4
27732 51820 29725 26925 %n4897 4
78373 35488 18885 60099 %n5142 4
2284 21943 50165 88299 %n6831 4
56199 97255 81683 93650 %n5764 4
96427 2465 44318 32834 %n3628 4
53073 44572 58570 31742 %n746 4
24443 17943 17050 24309 %n109 4
41607 99257 32648 91351 %n6139 4
86187 65676 5934 36281 %n1014 4
6195 94151 54320 75137 %n2817 4
34392 11513 91327 29466 %n4866 4
96084 26675 23047 33997 %n6494 4
8767 69214 81238 13584 %n2746 4
21585 24695 2177 54554 %n171 4
28179 58785 91720 17071 %n4121 4
20665 10773 2914 81350 %n1154 4
38457 90072 1932 77495 %n770 4
29527 85486 49283 7134 %n6687 4
97484 21597 19162 93782 %n1057 4
40299 83631 63164 15975 %n3951 4
6268 33593 54863 80652 %n5262 4
31855 56769 84375 15866 %n1312 4
1207 87013 69419 14886 %n2682 4
38188 2009 25435 9165 %n3839 4
44728 71188 5208 9873 %n818 4
62972 14607 70112 93818 %n4754 4
9678 17211 49219 18050 %n286 4
32407 33369 77246 519 %n1584 4
57477 31507 11007 76444 %n4823 4
11631 55678 7010 66292 %n6223 4
61723 92852 25864 82382 %n4383 4
3951 95401 49854 52109 %n3267 4
95319 95397 19555 88701 %n3265 4
7297 57775 14523 73263 %n3249 4
76792 8863 75020 34128 %n6709 4
80060 33249 27594 75964 %n1879 4
62182 30489 14409 59710 %n3693 4
61662 38163 56170 44685 %n1296 4
97414 58723 18019 70808 %n4793 4
5956 88333 18055 59908 %n5589 4
3915 26852 94393 54583 %n2212 4
86585 25796 33687 53706 %n2489 4
27415 20783 62987 3372 %n3783 4
10235 68526 23848 94185 %n388 4
52830 70955 95209 42269 %n5877 4
19631 22423 87284 88953 %n6446 4
85130 3362 29370 316 %n2000 4
61010 99827 25264 78641 %n6524 4
82592 48697 84458 22382 %n4510 4
75663 97144 37836 45791 %n2098 4
89724 58710 85956 43435 %n6310 4
85616 91652 86571 5022 %n498 4
90893 88713 68589 50340 %n7391 3
77536 62920 18293 %n6474 4
37681 10844 18070 43926 %n1417 4
96367 76897 94330 67142 %n3787 4
92838 15108 27353 63375 %n6873 4
11011 47405 99210 52886 %n4117 4
6218 65021 29181 42325 %n3243 4
76276 76809 5995 91749 %n3173 4
68597 36573 36790 96813 %n6782 4
52506 81094 55753 56970 %n1955 4
82757 13895 950 96674 %n3728 4
56376 45465 26314 17697 %n4828 4
81020 25909 9436 76097 %n724 4
34449 82559 69676 56782 %n3297 4
20489 81126 25789 76859 %n4039 4
51754 41146 82568 95646 %n4232 4
54149 48637 28637 15687 %n6401 4
58600 14246 80360 90322 %n2316 4
83097 36009 64477 19186 %n4445 4
66505 44191 67166 9333 %n3603 4
67350 22741 13860 26647 %n1027 4
20846 87869 96352 40917 %n4849 4
28143 24190 1513 96474 %n1691 4
778 12275 20892 3510 %n5747 4
24004 647 94931 1467 %n5234 4
13213 99208 3367 98258 %n3670 4
52597 38892 64833 50227 %n1748 4
33795 21570 31884 71983 %n6640 4
79125 20542 7130 9616 %n6994 4
20137 68939 35257 31607 %n4460 4
1774 66103 46524 18111 %n1516 4
22310 74126 13607 78877 %n6571 4
11475 57930 95831 85232 %n