304
269 108
19508 173 6543 9989 22873 25462 14470 3468 1373 9622 24957 14416 15926 8007 23169 23292 2330 8286 22029 13175 20972 7610 14642 11995 15078 23463 11473 8230 15499 16120 22291 22454 13202 7037 20099 25367 985 22426 13550 9396 6320 25270 23665 5832 1608 9103 12838 25485 13557 12486 1960 483 10329 25734 16409 11144 18725 23192 15734 22322 21335 21881 15595 1031 12099 12044 24118 3317 24315 15637 4850 5203 22890 21822 21028 23109 17384 17645 8262 20095 22241 25470 24432 24245 5467 12026 14245 7991 24111 20041 8671 15133 16044 8477 23066 22640 20375 9253 5357 842 23785 21972 2591 12729 17325 10806 22504 12182 %n1200 5
13536 16258 12479 9461 14438 %n4013 5
11060 12210 3531 12966 22236 %n7502 4
1020 12061 6169 22138 %n3710 5
17462 7475 9169 12323 23013 %n1725 5
12927 209 21949 3307 16233 %n2242 5
10250 18920 3155 16747 472 %n1325 5
18266 19395 1756 24836 24220 %n1000 5
24696 1969 4617 6751 14042 %n1747 5
1488 22256 19217 8845 8907 %n3577 5
7952 11261 17803 15409 3595 %n2617 5
8016 24596 15114 10371 3518 %n1980 5
25079 15895 21285 8796 9492 %n2256 5
23996 17686 12398 9963 4140 %n150 5
14893 20341 8992 3224 3888 %n494 5
16799 21722 6441 18841 5527 %n2998 5
18681 3406 4767 2011 14221 %n2125 5
11493 19756 9972 20131 6610 %n1328 5
1860 19776 10008 19405 24516 %n115 5
14556 18501 23521 14563 20153 %n1179 5
17369 13972 7937 13689 15389 %n2195 5
18804 10882 15822 15205 5598 %n2596 5
24694 13540 20712 1427 6915 %n657 5
21918 23663 12441 2090 15449 %n1362 5
11437 23167 16990 5938 5541 %n2848 5
16637 370 14058 3065 25067 %n2318 5
12108 17542 22727 8219 3368 %n4139 5
13291 2018 11589 12654 18651 %n407 5
12951 6120 10951 14791 3819 %n3420 5
18400 6741 7831 14059 10551 %n2387 5
6867 8437 1183 18731 784 %n2622 5
19691 10424 23396 15049 16108 %n1091 5
8373 8783 18350 20965 6338 %n1290 5
3834 4274 783 7659 10356 %n3872 5
19536 15778 15017 6115 5901 %n2386 5
18596 22841 18506 18057 12910 %n4128 5
3166 13398 12649 4218 23064 %n2420 5
13170 9183 13704 25839 18870 %n2954 5
20280 3028 9483 24506 3433 %n650 5
7211 11147 2221 1005 3917 %n1917 5
1147 19351 16053 21728 23437 %n672 5
2827 24758 20175 12230 9753 %n2339 5
8600 2973 208 10190 25107 %n2439 5
4073 3238 18277 15079 3904 %n870 5
18281 20189 6087 7970 14192 %n165 5
5053 23628 8289 22649 25686 %n2419 5
9410 5448 15164 7483 23915 %n3941 5
9822 17950 21453 24677 2038 %n3588 5
5696 19561 10687 3999 10181 %n3712 5
7830 4301 7327 5102 8224 %n1779 5
24455 25165 1209 13886 18185 %n1629 5
15253 18121 16248 17284 14341 %n4125 5
23253 2947 4344 22634 6934 %n304 5
24993 23422 11574 3989 16037 %n3908 5
982 12032 20273 24400 7613 %n291 5
22973 5252 24054 5341 17637 %n687 5
25576 17198 19064 25604 4851 %n547 5
15956 13896 3458 8087 24588 %n3101 5
19829 22756 22089 14088 2991 %n1418 5
7165 25451 6529 9971 10334 %n2218 5
21009 9778 16465 8109 4424 %n2551 5
8114 4237 23373 5463 11169 %n6850 4
7880 22052 12264 22034 %n2355 5
21684 3187 23748 6815 16898 %n1579 5
12200 5675 21470 602 2290 %n315 5
15756 17805 12184 14656 18706 %n353 5
23501 14544 9143 17928 17237 %n3051 5
23215 11883 25681 14841 5494 %n1617 5
9179 21542 14995 12687 20524 %n207 5
8781 22763 25601 713 4136 %n3546 5
3193 15311 2453 2924 21352 %n4107 5
3232 14208 22349 22617 15112 %n632 5
10948 6823 25548 20249 4056 %n1762 5
11845 14230 12491 13058 12154 %n3062 5
17022 17940 10015 7938 23332 %n2459 5
17545 5566 7555 17660 23871 %n151 5
11937 5952 15036 14555 18586 %n467 5
14064 13015 25733 7230 17641 %n7092 4
6068 18715 7003 7400 %n3771 5
12348 1227 23898 22680 13542 %n1398 5
18975 12954 198 24462 25832 %n778 5
17230 13673 13812 1765 21248 %n3022 5
18153 14768 812 12461 9948 %n1903 5
10076 20624 24556 18140 7888 %n4035 5
16543 7295 6712 20111 8583 %n1422 5
6728 8449 13122 9889 14386 %n1346 5
5347 13842 23630 14095 7755 %n3989 5
3968 25560 16803 5496 22409 %n2224 5
23627 9073 8772 25231 1976 %n2172 5
1886 9041 13501 15558 21464 %n1388 5
19434 12678 13107 6947 24235 %n3780 5
14593 4129 6398 164 23814 %n1248 5
25744 17103 11095 8082 3620 %n3892 5
17812 24930 1814 8700 16770 %n2649 5
1785 5316 15199 21819 319 %n2100 5
13186 2511 19481 8205 10491 %n707 5
8263 15700 10833 5449 20957 %n250 5
19523 9425 11009 9683 6811 %n3228 5
25063 24695 5103 18251 25111 %n5571 4
8266 12192 3900 6860 %n1685 5
13731 7577 15794 23584 7612 %n2967 5
18930 747 17037 13401 25609 %n3893 5
12702 2069 7070 17470 6970 %n3496 5
11766 1393 8181 2916 19437 %n56 5
8947 8357 22249 13347 17798 %n2231 5
21134 15930 20655 16377 196 %n3886 5
11289 624 12149 1324 14362 %n480 5
1198 15027 22451 9547 11753 %n574 5
25298 10429 18591 16503 12537 %n3075 5
13970 183 7245 3695 15410 %n3819 5
15868 15782 9552 13734 4066 %n794 5
22374 13795 21759 23009 25156 %n3166 5
5197 11578 348 20868 19247 %n1818 5
17951 23179 608 24103 13396 %n180 5
3111 18205 12673 909 2783 %n2361 5
17115 13026 11773 3450 24892 %n260 5
28 24097 8440 5164 25780 %n2821 5
25458 20695 17386 10755 22128 %n635 5
13836 16833 13995 19549 5360 %n2678 5
22203 18410 6325 2983 8467 %n3412 5
24349 6387 585 7615 15466 %n3094 5
15271 993 11273 23571 23721 %n2331 5
6237 16861 8687 10227 18056 %n2436 5
11139 14829 25701 17740 19389 %n1064 5
3257 9339 705 13951 15386 %n1012 5
2379 5708 24314 24885 17134 %n1514 5
6949 11364 15177 19566 2142 %n334 5
15141 21780 23304 23751 10454 %n2742 5
5686 17990 8851 21925 23917 %n410 5
3702 20096 5721 1232 9646 %n664 5
12422 11896 7024 19342 24775 %n3048 5
19271 4896 13604 19525 5161 %n2327 5
19368 9838 14801 20710 19037 %n3005 5
22578 16267 20599 19616 9658 %n2480 5
19676 5381 21364 18034 20877 %n1020 5
3772 18472 2936 21078 5437 %n2598 5
19541 18426 944 17234 19911 %n3184 5
2077 12667 1052 23485 10954 %n90 5
22125 20141 14291 2866 24595 %n92 5
15702 13986 1672 3349 5664 %n3531 5
7110 410 12197 23377 19146 %n1450 5
13141 15770 1589 22847 15444 %n408 5
21809 7891 6298 23723 10884 %n125 5
12764 22254 16924 8870 14084 %n359 5
17884 5740 13534 8984 3752 %n2935 5
15013 25552 25710 248 13560 %n856 5
2667 384 24739 4164 13044 %n978 5
1199 8216 1497 6184 9384 %n1096 5
3513 12145 24987 25162 9815 %n533 5
19552 23590 23454 11800 4435 %n3668 5
3603 11290 595 23743 614 %n968 5
1066 24939 7932 12520 6285 %n2588 5
15010 14600 23889 12811 7227 %n663 5
620 2040 4390 8551 19235 %n149 5
10414 8579 16349 8770 6633 %n4124 5
470 10476 269 2981 23481 %n1280 5
7556 21733 7515 14303 12397 %n3528 5
25384 1057 5568 17570 15028 %n3107 5
25184 10578 10000 9320 20023 %n3286 5
11264 18858 1817 11809 1997 %n3165 5
5208 829 14508 22030 15710 %n3244 5
7639 3496 23742 18587 13788 %n2089 5
10217 8605 13430 3548 15377 %n3468 5
14591 17118 12898 10112 24222 %n1444 5
858 16421 22381 6430 6211 %n1101 5
4196 16647 3770 5626 9158 %n2476 5
21442 20346 6837 2198 5333 %n2091 5
16472 10096 1058 6287 20730 %n3647 5
23690 18049 6202 12293 1585 %n970 5
17638 18994 19174 4724 6490 %n981 5
11398 4522 12065 25094 15265 %n617 5
9881 3731 15569 15211 3200 %n77 5
13903 13262 22096 7758 20964 %n3614 5
4316 22932 13042 11777 3549 %n302 5
279 20933 21744 7558 6060 %n841 5
4387 4962 17490 9608 215 %n2885 5
21741 18902 4816 17729 17247 %n1653 5
23844 25789 19830 7143 23500 %n2623 5
19791 17508 20024 10011 9774 %n2605 5
22181 392 17125 23421 13864 %n2453 5
25102 22829 12087 19098 18826 %n2929 5
25535 14673 15951 11877 6010 %n2098 5
25006 1846 7587 24612 6084 %n2512 5
5000 2100 25032 7511 417 %n2284 5
6591 8385 25376 12929 5201 %n189 5
9665 6380 14352 10220 12000 %n3387 5
21538 11417 19680 5691 5331 %n1564 5
18245 11508 13512 12246 16949 %n3984 5
11239 18424 3291 18742 18252 %n2223 5
340 9541 24121 24867 6121 %n3329 5
8508 1621 1563 10136 14062 %n3234 5
11038 22457 8302 7356 20755 %n2555 5
1885 25224 6215 6834 20918 %n3740 5
8723 24814 15296 12221 18543 %n1121 5
18075 25669 2982 9557 21356 %n900 5
9061 2254 11386 23657 10750 %n2092 5
4327 11662 24217 17306 24126 %n3769 5
14571 15309 11312 3220 726 %n2696 5
20956 17770 7046 25749 17525 %n7029 4
2292 19049 17033 23443 %n601 5
4426 406 23736 23857 21585 %n3475 5
5308 24545 16851 11077 440 %n54 5
16774 20445 6670 5289 11384 %n1993 5
6306 9463 25131 15479 14390 %n2719 5
16330 10132 13235 6427 18796 %n225 5
18582 15677 9288 3056 25060 %n160 5
3593 24904 19816 13330 17585 %n2046 5
2239 23774 21138 5856 18344 %n1938 5
22146 17327 10553 21429 18716 %n2202 5
23529 21020 8144 16432 10586 %n1151 5
20951 23777 21379 7968 12417 %n3835 5
18500 23497 1004 10648 19910 %n643 5
18620 1611 16358 13114 3280 %n2021 5
24796 1653 10756 19041 7272 %n1435 5
13101 6920 4187 21842 1660 %n213 5
5401 11590 10777 6408 23675 %n2810 5
10247 14473 9032 291 5934 %n2697 5
22221 6555 18922 14453 16418 %n3586 5
20656 15966 3604 7656 1195 %n3694 5
16448 2079 12101 6491 15894 %n132 5
23191 9350 13599 14584 4571 %n3313 5
1388 1017 13475 21306 11704 %n1054 5
11500 18231 1145 22914 10294 %n582 5
8545 2482 19175 17299 18312 %n1532 5
8422 20657 1230 25621 2737 %n4121 5
15955 15163 11148 2692 11396 %n2289 5
8881 12157 11859 5677 445 %n1217 5
19054 3679 7040 18295 11791 %n109 5
22134 16699 22876 11497 19180 %n2729 5
18630 15875 22798 17828 5624 %n1183 5
18803 20274 24641 3760 20182 %n4118 5
2245 23208 24343 9908 17613 %n469 5
4220 19635 11899 22339 712 %n637 5
14783 3839 13696 4901 14256 %n2063 5
13120 14534 16056 20585 10980 %n6751 4
14513 25663 11072 21238 %n2689 5
5705 13318 2908 22046 1607 %n2364 5
24420 1197 5977 21258 22939 %n2116 5
24125 19259 19032 19000 19279 %n2654 5
24907 21655 25772 11259 2404 %n3934 5
515 12451 24693 19241 7512 %n2056 5
14086 11168 7909 8151 4466 %n738 5
16922 10180 4031 9992 14599 %n2800 5
16317 8015 12316 3669 17361 %n666 5
1024 17241 11743 18599 12056 %n1171 5
18690 11088 2835 16674 9740 %n1379 5
24081 11607 3343 16362 5152 %n846 5
16481 19415 19170 15587 4673 %n37 5
10613 554 24074 23526 17854 %n2577 5
24423 9680 2503 6106 5931 %n1058 5
8612 22480 18943 8828 12780 %n1302 5
7810 10889 15152 14537 411 %n1119 5
2483 18101 18005 12033 12233 %n3644 5
19029 4051 20288 18389 991 %n2582 5
13817 23451 16524 2377 18959 %n820 5
3181 25157 5608 19052 13917 %n3020 5
17097 24022 16049 24146 5778 %n3574 5
2824 18647 4738 3529 21354 %n177 5
5684 454 15604 11197 19854 %n779 5
18670 8220 10662 7508 12870 %n3210 5
9534 1071 22659 25142 2921 %n2672 5
2939 19469 15506 8309 8292 %n1879 5
19346 10953 15686 8492 3425 %n1935 5
20667 10417 6895 10765 19347 %n2858 5
12904 18416 2244 22277 23123 %n1483 5
379 22062 25796 3176 23119 %n706 5
9021 10556 4047 25738 5548 %n2220 5
20383 8162 23524 5192 22222 %n1681 5
6336 7377 20600 22478 14930 %n419 5
12159 6105 669 19974 24013 %n1651 5
22112 3934 3318 5271 12434 %n1745 5
6765 12624 18961 6592 1723 %n2804 5
7078 2560 18332 22026 8113 %n646 5
6422 13455 13088 18234 5940 %n1193 5
3068 6720 12178 13389 20976 %n3339 5
22448 25591 17370 12117 22662 %n3035 5
5819 13003 22684 1265 995 %n3880 5
6023 24688 84 7066 9360 %n2354 5
8743 14855 8414 22205 23980 %n3316 5
18103 673 25650 8985 3092 %n1070 5
6006 22715 16502 1229 18066 %n2054 5
6482 4889 5213 13493 2353 %n1161 5
4905 17745 5035 7552 18874 %n1512 5
9239 11242 12308 18957 1044 %n7564 4
5657 2752 22461 22719 %n3842 5
21902 2342 8793 25234 24573 %n4082 5
6567 12540 12324 7768 25600 %n1291 5
21657 807 17476 23171 24598 %n1867 5
6668 1768 10924 1778 7808 %n266 5
16565 18741 13589 21601 16087 %n2033 5
20365 20895 18466 9729 14282 %n561 5
23060 2180 2879 15996 23465 %n717 5
21756 23174 14370 14767 15397 %n2078 5
836 19233 12378 4814 17191 %n3365 5
18735 8303 2147 24144 17906 %n2383 5
21851 2168 18217 18484 24827 %n2747 5
20058 2475 25166 15553 23467 %n2368 5
21928 2448 9832 15564 16692 %n813 5
16516 16526 23296 25276 13036 %n2910 5
21676 6535 21877 10640 6876 %n3083 5
14625 8538 24804 2191 8558 %n2417 5
2666 14586 11305 706 4675 %n7416 4
1207 8226 11797 6683 %n324 5
1187 20352 10200 8468 7170 %n