37
2063 30
57868 89331 40443 93797 19141 24907 98134 90768 8716 19399 24289 91001 15055 505 92905 55643 78656 1730 27112 98298 40354 98150 75010 52206 51835 34720 13065 96491 99452 73309 %n3766 30
93505 7258 56252 33884 95920 70806 14695 84711 380 20952 21430 73023 25820 70219 24035 29676 17917 11891 83065 51229 34185 65911 64219 34492 1233 90988 18508 92876 7193 63579 %n1770 27
25313 81325 44800 15031 8610 7522 41369 91039 28469 94384 47551 94595 16387 7495 97572 39890 87127 49758 9556 475 33990 1544 76036 42430 59085 87736 73572 %n3392 28
97397 57978 17311 68921 74159 31081 59034 90950 92632 15863 19728 9885 12843 91025 59638 74969 52474 34962 92934 7542 14177 28620 66697 91635 81660 29305 89748 77108 %n2946 26
46982 43667 28835 36693 61776 51453 40406 85605 55191 77758 65522 14627 97910 91804 47482 80537 12378 78727 71279 38829 84479 33009 32547 84813 52587 85635 %n818 23
41067 75928 26728 20420 79375 21262 58642 98830 90002 69582 10947 37649 17497 37428 71797 96499 64041 25581 60020 60989 35438 38139 82285 %n1138 25
52701 21904 49651 95653 4233 84013 78273 39128 19886 37414 44326 58868 15339 47151 38792 53829 57612 40287 48792 9329 63123 43890 94054 88600 60542 %n1289 27
35732 36402 72843 62176 37070 85760 56654 20924 38374 61691 28183 53485 3636 35891 11089 54506 63083 24439 36554 43341 123 33737 33231 44368 70317 11567 69578 %n5084 25
57419 34792 94719 29685 98674 72245 56014 77501 40790 60405 42161 86996 48961 68779 57194 28285 86894 55142 9388 70836 78389 25532 56464 76841 12655 %n1972 22
9499 87205 99838 21104 89867 75590 40110 91331 54674 84970 76998 11380 48732 6498 22724 52012 97842 29895 10165 31491 46601 98984 %n4412 20
49388 74739 64585 67652 28477 47209 47889 31040 35672 71178 96187 84912 75803 21140 30048 62520 3611 34741 45713 5508 %n2622 24
69832 90413 68417 30506 55624 24807 88294 9134 76468 30006 12888 60468 63012 70177 22145 96036 75163 42746 66170 36762 54396 29459 62385 74603 %n2457 19
44399 20047 72768 20529 88621 32760 58712 37454 18932 46276 98913 75572 71928 40732 34888 16478 69552 98570 731 %n2714 20
4499 60466 87364 28051 71868 82242 32559 50315 90282 19750 7607 4430 34817 67337 50277 12524 1472 44990 25834 84564 %n1489 17
90541 55220 70677 20939 53833 73992 99640 59283 2126 10713 48839 26056 22361 34374 18576 24238 39938 %n5240 19
74992 4961 26573 50583 98533 32005 12727 39219 79551 34472 96776 70883 8050 97363 69451 90889 77197 66563 22961 %n2000 19
89568 45058 13939 79146 71473 94378 36037 80695 69608 10832 40183 21033 18060 89680 29795 31157 47587 10513 54803 %n4106 20
55743 43252 78659 78187 18583 94740 88609 13328 73371 40923 79178 83665 32750 95342 87836 57600 70609 97113 44787 66535 %n2640 18
82596 67749 96690 37600 66382 11289 65318 28708 87871 54174 72039 76233 85981 73044 98270 86510 58429 77878 %n1347 16
74121 72093 91653 24624 80901 12850 90470 30814 43966 40280 77261 23024 47644 10129 31745 8340 %n5155 16
79009 39477 65283 31143 91998 37276 19233 34352 49194 97591 34319 73310 42287 11556 4801 29503 %n3396 13
59733 56165 39446 75160 32362 17664 9047 24240 62371 41741 73184 40250 97542 %n1044 10
64038 49314 42599 6731 26423 71401 75466 91301 30536 37810 %n2393 11
54647 80746 13449 5661 82680 99239 39772 48580 89722 3710 42259 %n5128 12
58323 65635 93710 8035 35784 13355 44211 83201 65446 39194 91161 66052 %n4271 12
19622 37582 58966 34871 37715 8712 29632 73009 15309 65462 76908 44198 %n397 13
11258 2563 37000 15858 50967 71562 74115 40605 21902 12680 86928 73317 21549 %n3067 15
2690 45286 59229 66687 11246 23509 72279 26672 61714 75114 2975 69955 86608 83269 85314 %n6115 12
38481 61694 35450 80048 95017 85138 30431 81843 50217 17536 45450 71209 %n1383 10
83548 32891 64324 7537 55772 79734 7179 28386 26913 60048 %n992 11
29847 62372 76286 7797 71355 89267 3519 83800 42634 92830 72176 %n727 12
18211 13845 88227 44158 13514 52380 5629 94051 16753 14718 32385 63680 %n5243 13
2655 97022 68739 28020 45887 24128 16361 44186 48256 72120 16565 68315 31396 %n3637 13
94898 49785 61545 10560 48335 97943 67878 15913 64020 39261 21036 99816 27230 %n817 12
4634 63716 78828 34251 70938 67597 60507 12546 87100 8269 30692 99144 %n153 9
69650 89394 13680 30127 12932 1975 23460 14616 93415 %n2018 12
50989 16010 11513 69018 73430 84301 24711 49339 53343 6507 58118 41954 %n