109
6445 22
42190 43802 60813 33811 27154 632 54280 61243 29633 63462 3997 66446 23887 46278 16500 13545 58784 29041 5501 17077 57999 29242 %n4024 20
7475 62604 21356 23667 75049 35746 20023 13184 40481 47954 40033 33213 11968 12388 72076 32897 51244 36673 7832 46755 %n11314 17
2533 1604 17311 19936 28338 39320 66676 37032 38354 31345 14692 23537 61250 28336 41348 43353 25526 %n9827 18
57203 3195 33263 49780 35328 592 62117 41711 72824 73758 45543 5364 9200 11094 19363 2993 21215 60805 %n4887 18
20988 74054 4103 25396 36015 69097 72034 8272 16184 49904 68364 39675 1878 38071 16411 73347 73555 40500 %n1810 16
21663 23581 70040 16392 70000 4643 73306 36511 55562 22157 25867 66928 20323 51573 63368 71202 %n8820 16
5745 6611 56376 46383 37442 51727 18960 26743 33551 31921 11407 47458 58492 68354 273 11447 %n9068 11
62403 64653 8913 42401 58122 58310 31111 68647 68962 39203 60573 %n9763 16
14662 18928 4465 32212 61877 23451 18752 28173 26117 33117 57909 22537 4373 40338 66252 50418 %n867 12
64608 26768 67692 44503 14671 49370 22153 55484 71461 74208 4294 72458 %n3253 9
29063 30781 53192 67006 42222 46860 66709 10247 65758 %n9222 8
39431 15179 59416 38324 33809 61675 13243 38724 %n8219 10
51070 62166 55510 50994 26427 34650 21447 16287 28139 38728 %n3974 11
21019 42836 46795 56631 5872 70115 6415 46901 50650 44117 32699 %n3499 4
71373 4365 55936 35600 %n6998 6
71627 28493 43938 9288 34021 33907 %n4530 5
16073 52494 18367 50231 20682 %n9893 7
57246 53654 54574 62046 69501 23458 65126 %n8921 6
61860 55124 13951 60058 69715 51042 %n2093 5
64626 61836 56452 60144 35735 %n8586 5
60509 47178 70874 70405 60221 %n377 6
39003 33991 31437 58318 29912 39430 %n1871 5
41509 68408 28615 15629 19019 %n10027 8
10216 34598 42221 18300 24443 22667 35830 4909 %n10169 2
61820 50362 %n97 6
71762 37506 15366 53967 24192 20486 %n8011 3
9705 1861 59643 %n9476 3
19553 57583 34962 %n9828 5
52921 57219 65440 28197 743 %n5077 4
2523 63331 55025 37747 %n10468 1
3873 %n5448 1
72512 %n5061 3
14674 8479 32746 %n2157 2
38007 24876 %n8454 2
22627 29632 %n8373 4
47096 67894 38385 35255 %n7650 3
67135 57247 52947 %n7871 0
%n1608 3
15812 32986 35959 %n4824 1
63145 %n6225 0
%n8240 0
%n7760 1
53507 %n10920 1
28614 %n6402 3
40291 68698 54599 %n8172 1
28187 %n8971 1
1872 %n5137 0
%n7817 0
%n8221 0
%n2730 0
%n9381 1
39902 %n7115 3
40250 11498 5903 %n6946 1
41404 %n7575 0
%n5353 0
%n2884 0
%n11575 0
%n6549 0
%n4151 0
%n11140 0
%n5199 1
17448 %n2685 0
%n10849 0
%n3919 0
%n7369 0
%n9804 0
%n11677 0
%n2066 0
%n7581 0
%n11389 0
%n10297 0
%n2108 0
%n11066 0
%n5437 1
69164 %n4021 0
%n4839 0
%n6164 0
%n2417 0
%n8245 0
%n2169 1
56297 %n9483 0
%n10885 0
%n3623 0
%n10402 0
%n5735 0
%n8748 1
19641 %n6598 0
%n10700 0
%n5785 0
%n1147 0
%n1307 0
%n10677 0
%n5559 0
%n9491 0
%n2697 0
%n3293 0
%n8593 0
%n9725 0
%n9559 0
%n11208 0
%n5763 0
%n11700 0
%n5160 0
%n4160 0
%n1072 0
%n209 0
%n10222 0
%n3168 0
%n