325
5023 172
15390 62544 42538 30129 93733 90689 60933 97248 70040 89655 54417 99354 83198 13692 92795 6521 12824 4230 5897 30917 36288 88411 79952 26054 22386 58455 45360 6794 60993 15293 31093 11514 24797 87213 59118 67802 90351 37822 10849 8098 75364 5020 12006 54215 47947 2889 92057 75006 61352 3477 45600 97168 97788 89616 70875 12835 16694 46574 85269 527 89920 57739 28207 9169 22796 63657 29153 32987 38805 39618 57584 54804 24419 54409 88569 94078 5071 81132 30293 3810 33069 33402 60026 61576 78917 9349 5003 47242 1766 37365 7946 44078 53613 96186 29004 97942 16716 69313 12846 96919 58513 72335 75628 68775 25491 78492 27946 78670 20111 40631 8468 26812 99892 10708 20808 95785 65153 72529 94044 44533 33758 58837 90212 36874 39687 90431 76517 60841 96870 34871 14615 27070 83268 43968 81041 36552 18340 73127 83367 82271 5785 61540 6051 94930 65421 51477 54462 3846 50858 79811 90892 92556 38441 10452 48057 40752 98813 33162 6464 61632 80951 1123 3080 81912 48976 99640 41311 58289 98170 86974 12979 85698 %n1612 25
83072 41600 28534 99129 42019 27854 49084 89901 13354 23374 60268 89883 56030 23281 93758 20484 92492 7067 45405 38302 89165 40472 15046 71795 25389 %n391 26
51102 54555 57431 59247 83673 12191 87551 29347 41706 50228 69269 99950 62738 34185 3254 12727 55660 45313 4228 79942 95109 80557 92428 64559 37679 59800 %n29 26
85117 37727 98873 44017 52016 13213 12386 40213 13093 45030 22825 82049 75461 1539 58826 59554 79269 37611 23274 22490 58993 44214 99907 3511 85564 41146 %n5671 25
8357 2031 54005 67351 37987 77697 30493 6834 61976 75872 62832 16558 41370 98212 25387 42025 97067 43501 63295 19153 55325 38332 63618 91928 47596 %n1187 25
2998 16771 22674 88137 30896 50687 62555 41514 84488 49917 44190 63746 18040 48714 52345 18692 14262 70541 40989 73599 59918 68744 66613 5696 76198 %n218 26
99668 80957 42196 53715 69447 70893 60653 40907 27757 91169 56760 51952 67514 3731 50403 52676 11452 58381 46151 7932 79905 25432 20806 90401 87642 1835 %n1964 25
9812 39133 90938 2982 49202 62630 99089 39650 41527 28038 76512 27159 81977 80412 12223 78258 77785 79747 82624 9330 49036 53966 95481 84299 29341 %n5085 25
44891 70351 45781 22278 45315 53394 37082 33543 12061 81631 89726 9874 67639 18036 34316 68545 15243 24059 34151 21897 88682 95595 35711 16382 66941 %n5462 25
51659 85733 14009 49425 62959 56967 48707 59172 20073 29767 90800 1288 92840 14256 73632 6418 35398 76106 22492 88516 11954 62629 67367 3764 84562 %n5565 25
27982 22222 77912 45827 64520 31342 81542 54848 16413 75494 34515 10414 68261 19105 76725 96381 67534 53783 74968 87743 27717 51565 49795 56040 93034 %n223 26
94699 95677 64639 58464 38813 39014 57632 18596 37943 44741 32353 50480 11333 3583 44556 42528 35000 251 28303 31372 86806 12543 89370 50572 74129 85290 %n5154 25
44712 20711 56386 79955 35656 56808 58344 67495 33047 90748 86956 49465 96638 52562 46990 9916 93460 35395 95033 70521 80964 5418 12795 39341 40152 %n2691 25
78110 72683 86253 72887 9040 40600 30415 355 4767 94278 16062 92863 83597 63722 79806 2912 12288 90958 77300 92117 34889 4438 55920 95532 84964 %n708 26
38825 13878 94540 33549 42346 79986 26292 44096 17560 85522 25157 35274 14384 38130 68430 87871 52604 46212 90693 70622 1019 89112 73894 17482 34933 42048 %n3522 25
41048 1617 97505 15548 71841 27008 84427 89976 17713 14154 8555 46090 7733 94829 10531 19050 40420 54040 13282 27234 5388 52005 38763 49372 71145 %n2625 25
56869 70947 92086 57691 24992 29392 25630 56122 10918 92678 34407 44205 92769 90637 37026 97883 49535 10078 43359 97262 9520 7556 23905 2587 68281 %n703 26
14330 24827 89053 99808 9075 44627 12641 21239 79132 34516 24420 6379 63709 81464 6361 42030 24273 23045 36923 40636 92151 92996 5878 21358 18583 26746 %n901 25
80102 22165 36063 478 43312 77508 158 73835 30920 10969 99386 46757 51157 79149 65954 36414 18733 15920 33999 56069 55790 42764 10999 7699 44555 %n5216 25
71108 57448 49341 8709 28815 86540 39373 31063 46498 72022 68163 90999 77541 76584 29749 67869 29335 70348 5217 48074 22097 84126 15741 99828 20152 %n5025 25
52613 96250 25714 46536 29840 89984 7797 75490 44647 59177 97610 91394 30298 67358 37097 72699 56405 738 61674 31218 58517 38374 34905 64592 13090 %n2088 25
47053 64968 55344 96254 35364 19665 93252 339 99606 87279 95740 64277 21621 93021 68404 61243 47896 24577 10577 50235 77237 5968 76166 92114 44775 %n4897 25
62758 67266 33842 66392 81936 16691 31314 49644 2051 48606 75459 65467 69326 2033 94110 82756 66022 28184 3573 26735 42172 97713 49870 32728 7546 %n5632 25
32477 43949 58313 15402 60387 8213 46221 73461 7674 3457 20328 68417 15310 43684 32883 45733 51027 30727 35542 26548 55573 37521 39146 48619 26940 %n1158 25
19348 53923 41393 44796 94166 69258 32480 69977 51052 11794 65323 32125 71808 10916 51690 52917 64231 99634 60658 55040 13875 9233 22847 46714 70444 %n4799 25
21247 22788 53867 31194 60335 29155 68506 31245 7751 52979 68646 60931 39095 17308 26271 60194 18155 20016 46117 1146 48295 84385 92190 71851 47936 %n701 26
98453 77732 3002 70068 74648 99772 53206 80067 16700 33233 29644 9867 36190 82666 26505 74534 31385 83794 37861 31716 62254 56742 86173 30652 49529 91991 %n1856 25
91312 90931 46763 33261 32509 35841 81546 43187 91132 81528 13426 9326 64306 66867 1593 96961 52117 88615 56088 87190 32923 91919 93486 29362 30780 %n1004 25
46625 59612 60308 48733 77991 5545 7414 25115 18207 4451 64507 32114 12268 4017 79958 95746 67592 50735 25710 10337 66426 97884 71278 45865 67319 %n308 26
42513 49148 30985 101 62972 17624 2038 32948 89781 10853 24621 13696 4371 32560 3139 25689 21083 89506 50077 4707 9905 57862 2584 66528 75679 51176 %n2007 25
19960 75532 80315 42476 33976 87755 82897 95238 18392 11654 50917 31914 36859 58208 72142 22568 2467 26788 92603 95861 59531 59164 31162 82430 37993 %n1337 25
9137 95857 89907 84849 72173 64012 83846 91879 60835 38514 59969 38673 74537 31701 81349 69490 51795 64682 44079 69620 64198 26674 1606 8363 6590 %n915 25
95663 75866 74385 40300 43870 5367 93479 59601 88928 22044 86035 32077 82027 17430 81839 49693 30006 55587 12414 77001 10588 79205 13987 13246 50969 %n627 26
47641 66677 95166 57745 69005 24599 7127 66027 38607 13560 52012 45726 32012 70514 37447 64016 92710 61741 13025 7231 25397 36454 14269 12900 91213 82555 %n3566 25
78797 22542 80867 84491 73130 96724 85523 64385 62470 4814 52503 54062 2409 31011 58019 62402 99224 85304 3233 97152 47745 60190 85062 86285 69250 %n2586 25
42684 71697 96986 76485 92478 17644 44351 35309 15064 5564 29969 26889 13527 95823 78501 57573 6132 80402 17005 21093 92733 20834 60153 45941 60451 %n4601 25
86289 36973 42788 88718 55726 33958 41290 17149 5334 86756 86261 42535 36380 30562 57049 85201 34339 97517 74081 72525 53618 18638 31954 24159 86722 %n3728 25
47330 87907 34656 2997 68237 22515 11426 65040 22720 76744 18179 36680 77022 88152 53649 81120 65943 74280 31877 44063 2398 79393 3549 78264 73798 %n5473 25
73615 93483 400 64004 90669 66413 61663 41637 83117 45539 4803 55874 5733 90061 12895 2819 15718 12326 61247 72018 27785 16244 58737 1272 73766 %n5011 25
53306 38410 12071 29319 30455 74182 24766 94327 54278 46102 29423 16833 17137 56313 42571 91932 50741 37407 99267 72639 92359 57499 47070 36626 33234 %n1350 25
96755 29672 66286 62293 78408 58849 86287 69142 92842 77460 6399 21173 43946 38434 9287 42152 20488 83313 70600 91723 78996 28003 77037 86870 55278 %n3810 25
26070 10335 31971 62803 41329 66294 87579 6796 19846 50575 69922 28755 26209 67051 85879 11783 2826 42686 18650 65036 91614 29805 95379 46825 44736 %n4406 25
57601 78275 91274 15227 13998 21220 96492 2104 15994 76814 72567 46279 20357 1435 2911 36132 95812 32243 70673 51735 69247 79265 90879 94561 25063 %n810 25
42031 79222 5461 48209 86308 60911 23929 64357 34336 2992 60876 48957 52242 50190 7504 9339 3533 30010 10769 70790 90671 10183 35186 65603 60350 %n4674 24
91585 11638 12375 62821 7786 5044 87390 51741 45042 70811 69147 24581 9898 75069 40806 81545 23693 81151 8217 44748 54328 2970 60795 12439 %n5563 25
88830 32572 80174 37495 13016 25527 23809 43270 56795 56639 48477 48056 95126 94015 25782 35943 56567 50173 89023 15392 37463 92530 94557 92264 35371 %n3838 25
99878 44623 52348 1196 87973 76316 69829 90658 47147 97723 29073 98904 92074 699 49212 36257 60363 14493 37088 91068 65999 24002 90237 8490 48475 %n3393 25
9866 75362 57717 14640 7085 22519 1570 64899 30580 2923 4630 67170 92689 7588 56087 18380 5420 60936 67711 86557 59894 35506 12070 16070 52816 %n133 26
41112 34865 99571 12194 64921 23506 22062 65216 54482 10812 33755 29865 87416 47089 698 12779 3155 63720 61181 56930 95962 67562 13331 50920 91740 68250 %n4493 24
79387 1780 66448 39914 72433 37563 67183 13467 48457 87266 85029 57454 44102 93991 58777 92278 72628 20796 61165 30730 15404 56747 98055 60982 %n3720 24
58198 19726 43122 25303 22897 69731 66181 15091 20528 12344 54959 51444 58300 16901 57872 76787 84211 83916 79598 48865 57232 73586 40978 5755 %n2037 25
10191 68923 35726 49741 13983 67221 40009 17008 58735 99491 83418 76134 69284 38354 57834 19979 35814 58503 12419 66786 7468 16938 97186 18263 19544 %n1658 25
40077 33012 38958 5121 43268 37904 12867 59542 38027 63391 17412 75013 63815 99850 62352 31932 11729 49297 36477 84595 36781 18472 45601 79268 23530 %n2161 25
34054 44821 86372 47939 42145 17428 859 1122 98466 84527 7354 80781 21770 18556 69405 84149 13760 55539 7118 64448 43848 88203 96572 27216 45245 %n4327 24
74159 60641 43101 88883 3371 96985 19275 50289 18604 25925 84738 85102 46868 47746 90192 43710 46636 12710 19057 87738 90948 29344 25695 27425 %n5247 25
47016 9739 39584 42436 9048 30690 17314 49556 13825 17529 1038 37146 16123 54167 24553 75194 22695 48122 40292 21292 61002 62534 88637 95094 41603 %n5034 24
85507 59116 37576 93975 38233 41026 51442 89204 48309 35980 38545 83793 49107 16788 75899 22026 16664 23702 70131 45166 72403 33965 29735 40506 %n126 26
83805 17332 78860 30366 9892 36714 13810 79228 57307 54510 42349 67317 10654 26174 46518 40464 53868 13039 62389 22434 97560 35138 8722 83283 15561 93098 %n2338 25
55977 19604 30390 24820 97636 54605 29357 67231 76620 63533 53607 58718 65839 59108 35518 27942 5799 68341 70480 7727 37109 66813 85111 12346 63092 %n5126 25
74373 92162 33037 92424 14768 13843 96336 11472 32364 85773 74538 37319 30247 71378 16693 60969 93267 26430 44169 67398 24978 92948 48340 10247 11869 %n2502 25
8617 22935 72609 40264 79782 10561 76574 33068 74120 76234 29786 44069 43302 34764 99155 89597 39706 79323 73876 40626 5682 56722 93951 74650 58957 %n734 26
65709 71417 86373 59426 62345 3199 89364 63978 45386 97486 17760 43145 84147 46089 67296 79762 54127 28712 43364 38348 37714 29085 45261 64423 57267 64126 %n445 26
76353 51599 74345 24545 18039 36970 80348 28650 66730 52899 18487 34894 49642 80668 41994 47667 63961 96402 61539 228 78351 16914 7412 17470 22495 18606 %n1913 25
2075 11708 57399 54877 92725 84643 58444 57696 27400 63664 75338 6711 56140 79267 27369 18787 46375 59772 91952 99998 13333 47566 66507 71148 93974 %n5382 25
55979 95824 30660 49897 99554 44258 56922 11226 20789 75209 66954 66427 47985 38310 23170 22830 51041 74739 14868 92639 68649 73378 38824 90140 15508 %n5125 24
8124 94094 8856 39955 49769 85287 15193 69058 60729 72248 79336 77400 59495 11133 94621 1936 22291 67615 87626 55145 88636 59805 51088 57082 %n61 26
47273 39655 98209 19942 24268 1387 3590 89876 55305 39298 17013 72451 52555 96948 94823 8158 52054 65486 29957 82833 58827 53327 90002 23385 30904 47869 %n763 26
21589 55134 37294 54800 40587 73940 61601 6875 24052 32325 79064 4106 33663 60635 89816 11277 93347 40707 90390 34320 10611 21578 26537 36208 25642 53693 %n503 26
18232 92040 38572 50404 16703 40961 35362 37902 58646 9503 43538 10480 90576 9533 91828 42272 65015 44294 12701 72001 33924 66527 70262 68901 44482 84367 %n3186 25
8115 29069 33915 4437 1940 90106 65315 30266 97083 36671 5152 90914 42607 4501 17262 44457 30557 71801 90195 51044 3893 89029 76742 52943 85247 %n1972 25
15733 14142 25780 12825 23658 97466 17079 77878 84049 75458 39693 17353 59517 10972 39846 28644 28895 38923 71642 76432 73884 72865 8291 44025 19168 %n160 25
66343 35050 84867 54347 40613 63853 44757 29206 17 15833 41103 7377 50392 90581 49048 91409 83346 22540 60576 14559 48450 34818 51017 35081 32931 %n5591 25
44805 62137 37424 79054 93071 15621 68760 30970 5846 16214 68311 2235 57677 89766 37383 49010 58463 31435 4173 12712 15627 46096 22625 73542 29427 %n693 26
27771 31400 86366 67848 27721 9268 99353 75372 8803 9317 99677 86020 95690 96044 9982 99951 13829 63851 59027 55788 13463 43198 47447 89802 28600 54788 %n5302 24
43316 87675 26546 36749 45849 64927 78854 78594 89752 97506 81978 4249 66980 78924 78926 61374 83273 18335 77471 90880 65824 78921 3013 10092 %n2865 25
18640 25550 72581 95407 47537 17938 19037 66105 1467 24754 88286 29106 10569 55854 40650 55555 12923 50899 52730 67019 84208 53884 21678 96357 3304 %n4443 25
12257 14585 58985 49818 18302 14173 37655 33132 23921 70988 33431 68730 77352 68749 14123 31642 48348 95826 653 85625 46045 50770 28792 75219 67076 %n1858 25
42586 93179 33435 14409 75094 8121 64074 85978 82120 56812 16982 73108 15756 70434 19805 91102 44870 63756 1841 8618 76623 46412 99953 31786 85877 %n5587 25
14092 66213 15591 88191 93516 19118 64362 18647 49789 98328 31268 63645 41839 84174 81119 51455 95741 73020 44141 29093 98272 6257 71520 67072 91396 %n1927 25
20485 599 62799 55823 88715 67294 9803 26250 98473 61443 79844 41783 89791 25510 74669 92582 70678 20510 74667 40160 38694 63893 23290 10439 98662 %n1223 25
83608 58742 89137 6433 59779 15365 58830 86728 11843 22552 94831 31496 46233 66863 49451 64472 51553 17463 57993 10600 99317 93540 75956 19698 94640 %n3857 25
78565 74820 13026 61322 96295 10339 45399 87846 61712 26040 59568 12700 30558 16943 94428 49136 66199 28538 53567 24373 421 34615 85606 69475 704 %n116 26
37881 53345 31419 69610 50749 59132 86676 5703 37954 92608 93933 89003 46693 17087 90855 94373 86604 98358 48818 4966 74597 70291 23115 95104 95989 70853 %n67 26
3888 90003 25681 12434 15571 11305 53594 91100 3365 8209 39031 27894 6610 44409 87853 1947 62055 52080 96321 29342 2703 32435 32707 49512 39340 2929 %n4255 25
669 9043 11233 72911 44585 97132 98557 88128 90467 41126 15622 62258 31264 6708 94512 87760 17498 45721 32667 43822 84524 45882 73465 12872 38196 %n7 26
45037 11396 88303 27553 13852 51802 53878 15934 71486 96229 44759 72935 67610 29207 40696 79466 34335 33148 77815 605 22917 67124 72832 14144 1085 74961 %n2827 25
10589 53273 83057 29310 69416 65995 53491 7457 77713 21080 43837 74231 65647 20617 39450 29395 6282 2737 41967 58302 78367 62358 9303 41435 9680 %n2079 25
37028 95917 60814 24819 71760 12754 31009 55952 35184 69213 53705 33123 99566 25729 31783 54613 16468 59847 994 94034 54551 84442 31646 4939 71921 %n402 26
96394 68452 51938 70356 84165 40318 98586 43585 31088 64226 8342 87858 2603 75113 75090 72879 31991 59302 13811 21851 38066 16441 75991 77823 4025 72951 %n746 26
86412 42060 45835 51000 45425 42134 76007 14847 26797 44607 77617 88743 74185 40097 15844 79701 93109 65719 27951 58822 7198 53661 27602 49785 64795 52987 %n222 26
74311 52228 35234 27668 6769 7814 25755 93339 85065 27066 30697 46541 95539 25937 93863 181 57722 54774 38701 9623 82354 82777 12841 78116 35510 21701 %n1241 25
12986 14980 22775 38667 26602 5407 40693 58519 75328 19137 81412 20134 28109 15616 38179 83424 20562 76081 91000 8514 46251 44727 75957 89922 33230 %n504 24
14200 74258 58190 53441 83593 66572 38220 28426 43973 26094 85780 23740 86798 16883 39875 91084 10010 63419 376 35238 7586 82939 73233 29505 %n5297 25
97525 39094 8871 98572 29723 14427 63566 57283 61286 91662 16732 6392 73758 88919 71992 1138 93759 16386 3775 7113 48417 985 13126 17021 64917 %n3793 25
56534 35100 34685 53610 82276 26472 84265 64096 73782 410 12067 77336 67048 40098 72552 60817 1393 56280 50216 24793 72160 62302 32860 28509 8931 %n196 26
33992 4603 77057 99434 57201 19569 97264 33165 64931 71976 62441 94879 27659 63477 47056 49471 68142 48924 79078 38032 446 75740 91019 50804 58152 94576 %n1459 25
86109 53147 20462 13414 36079 52224 12799 22303 10276 63126 65346 69559 51258 81792 17415 32011 20096 23009 76370 87436 37970 67149 11100 8663 2831 %n3813 25
45040 71868 25842 84768 94227 20086 56340 2661 23112 50673 28726 23723 73274 72872 64310 5259 61920 15176 21858 58126 9720 30231 63211 75752 71858 %n5676 25
4166 29077 92864 19166 17694 81301 84586 88136 13626 22748 9273 66939 22988 79586 65180 92385 57550 47644 56685 77456 13552 23918 87569 43691 30635 %n1082 25
10653 11649 47343 58321 83688 89783 73458 38502 69963 57065 90259 4289 45129 87248 96091 10492 86578 85576 87284 93715 16117 39418 77655 17073 99218 %n2168 25
42084 35207 78665 98306 97048 77519 42071 7195 17988 36053 39166 67922 41921 50712 48644 75729 54523 79077 99163 67299 10096 88758 31091 36686 86949 %n2192 25
37875 43817 50104 9961 99919 90814 32661 55093 92917 68325 72982 22681 4344 84229 16173 23699 95936 52085 35198 81431 6697 12848 13561 67099 14234 %n1043 24
26026 15742 52546 55119 33329 23393 68491 2850 37158 42615 76333 16038 93439 96791 72891 8014 46534 59402 13685 82062 75649 38259 36357 83037 %n5205 25
49750 45581 80706 72601 33657 1264 88909 3024 13379 29732 18898 49574 5848 87366 82160 42867 15130 31758 53694 28632 62141 6572 75938 13792 33266 %n1444 25
56504 21427 99213 30682 59194 27003 93052 25497 27503 64480 54032 32352 85765 78796 14682 56102 65409 96025 66794 90031 16235 91684 72461 55452 52331 %n434 26
57443 34180 12916 59726 35854 12379 66487 12544 66790 46681 50413 99349 50764 66437 24140 51900 91839 94745 51822 64745 36921 95519 77660 609 79426 17979 %n4147 24
26857 57853 87829 38271 11956 94343 70992 18573 82545 16227 87341 57773 90988 39998 54677 6210 31535 88110 66483 98331 90726 70102 64541 4215 %n320 26
56317 34521 58083 27973 25548 76149 78213 91732 26431 83278 61391 18373 84431 60079 6611 14767 65179 18820 94832 74375 90617 36951 12752 33484 43519 32778 %n4644 25
87087 92234 58085 80371 97457 14050 91774 13120 61205 97353 79628 37264 79102 64553 27489 76497 39766 64788 66607 25518 53097 67932 34198 62356 12407 %n1001 24
56970 86541 20480 22208 6926 71492 58672 17524 67087 46896 24333 10301 16394 60912 6776 36916 69968 33107 11379 31338 95894 37094 95397 3054 %n2139 25
59275 7771 14782 34821 78919 49580 27415 72469 51582 54042 26932 75377 34773 10283 2975 28041 93729 8845 20780 27583 1474 75464 73970 27348 82524 %n3013 25
88572 53437 30113 20305 30071 29052 20923 29545 25175 70908 49810 72966 39807 40046 98862 84670 82477 56694 63034 5270 46248 28159 72244 885 27114 %n4951 25
42898 16080 391 19696 36779 83128 9353 72551 22919 88348 65416 17443 87521 98902 419 69224 68486 37801 14083 39162 71630 41819 23202 36747 31938 %n2873 25
81879 5911 96017 72918 68547 48160 70328 77491 4681 36772 17495 12676 85415 87506 78435 80672 6786 9292 13798 77517 19523 4752 52114 97561 58553 %n1577 25
48938 91697 52517 16143 49348 32773 35468 34103 59198 32637 53499 43931 16624 87473 92684 88386 31061 27339 36298 25047 92562 32522 86801 96992 5618 %n2547 25
59985 31223 72932 61785 97692 89615 97845 88095 23772 1345 3882 45058 65863 58374 9156 1824 93915 23830 65947 6871 50444 40140 53049 22380 81077 %n1632 25
28842 52099 43677 4886 59386 98613 41416 76860 83604 18430 83293 95359 83849 57749 79403 63776 28451 80173 6365 46844 45595 10533 32689 5019 76900 %n5716 25
83421 25858 14245 83126 92782 10526 75103 25146 38469 60072 59637 58637 90955 38922 50976 83471 49898 46014 6478 31868 77096 70139 7212 82900 70209 %n3579 25
49276 81398 82769 78006 14812 70969 64451 40645 98434 90744 99774 93789 84003 9841 5801 71632 32401 83973 62883 2789 74162 3955 94026 36177 46395 %n5433 24
30196 75450 48280 42508 47848 91779 29999 80248 13562 28529 33200 44319 36514 82857 63182 42222 47045 63562 38966 73450 66660 15478 65406 44241 %n5695 24
60919 85398 45422 77913 7134 84797 70683 37543 14353 78187 11296 3379 92951 55997 56255 27743 38483 33313 24818 26280 90045 68052 59813 95886 %n1651 25
86972 84461 71061 13293 39907 95471 58009 85724 52052 8222 90913 31394 91531 10410 75139 42848 97365 20265 96606 53054 39461 61437 8873 21511 43986 %n5657 25
30980 74 6459 39268 88132 30063 90883 51339 28974 18677 72770 68734 80187 53026 4589 82115 15521 29522 59625 99310 47176 36832 15309 64784 20556 %n5767 24
15278 14002 37738 33142 68139 11894 39989 48869 56736 53024 58597 1362 8658 24338 97607 97743 70669 14070 60 86962 61706 18923 26744 4190 %n5091 24
33737 47560 29894 52810 72944 70873 60014 32154 98616 85067 28424 44038 61939 15545 52208 61080 96927 18927 34363 35381 23186 82662 9779 76221 %n4867 24
42556 42796 24934 27075 58257 41996 17947 33963 57139 52267 39255 12745 44640 17625 13324 17122 56341 12118 60263 77278 67909 64610 839 44772 %n849 25
86920 67227 46689 47050 25236 9920 34158 13443 46312 63793 68388 85473 61982 35492 27455 22963 16840 35402 83331 58912 50011 53554 76807 39539 44518 %n5751 23
56065 56061 82092 47637 80710 32379 37735 77397 44573 46409 8433 65398 12879 69239 21610 88195 15995 46945 92138 28218 63326 61561 39784 %n4391 24
8563 41225 54224 10485 38589 34907 94363 69320 76555 52306 40042 14972 80156 1407 12814 40992 61795 20472 12041 10072 70484 12144 95466 327 %n667 26
91295 41077 29020 18899 86679 74064 43214 9006 24081 41848 42125 78342 76179 58392 59411 38089 99052 46926 58194 70359 46376 4928 55759 74389 73770 97162 %n2885 25
78763 47927 11840 95814 77023 74110 37707 37683 45970 123 88745 59845 9534 9906 46222 77513 58325 35729 75919 20127 40793 76282 8637 88293 50924 %n247 26
24472 2669 5080 45072 5227 11164 82943 52388 81423 38264 56516 77618 93810 83738 28562 99743 99650 38719 10548 88271 17065 21586 43877 89774 30034 1127 %n4767 25
55081 56338 62574 49267 4958 1912 36383 53232 37788 64994 43102 56269 93344 83065 68023 17343 60737 78662 87131 11548 85387 2442 17238 64077 87265 %n198 26
80515 18146 70929 27709 183 51859 25537 82693 88874 93871 59222 92747 9379 12559 91435 7206 32410 57657 77470 41294 47787 35094 91861 20163 89084 41887 %n147 26
13968 52252 70126 14634 66547 42756 58832 26274 71470 40368 20599 51230 17709 4581 1941 39484 69574 33754 54326 67247 59966 43660 19581 72311 49779 674 %n2025 24
36967 58888 74053 33611 37657 34380 93087 44166 48614 10209 5888 11140 8005 94550 78188 7997 39228 822 56956 33639 62989 46359 99077 27396 %n2844 24
440 1339 81165 34926 72709 69024 20864 71669 43131 25088 50416 35429 61324 39468 16289 64848 45599 74702 9060 7339 82051 55107 92875 82316 %n3409 25
6411 53142 77929 96361 68575 39121 46207 49747 52620 51751 10277 17522 37423 53691 92316 20958 83130 12659 59808 82319 12105 47696 64762 90316 32595 %n773 25
86121 47924 39345 35986 52454 42934 31526 34461 25505 43325 44465 79979 44876 4486 82494 81574 69941 2579 21565 40711 81877 19776 70549 9530 83396 %n1883 25
82903 99380 34729 4774 87880 48523 74125 80194 22416 30019 52277 86617 38193 75224 62046 5256 22309 6511 43810 19362 8976 75452 49775 41233 53103 %n1875 25
54113 17382 81734 22844 44413 52736 40073 18228 32912 8820 84413 20118 8950 23983 8919 78987 84203 32490 28110 11809 62175 63996 3643 20792 4583 %n38 26
46672 47786 95249 36481 35563 47008 91043 19287 17989 75193 38585 91573 55057 13061 11177 69167 68632 23800 14031 14737 54048 54984 67491 31132 39782 17885 %n461 26
39882 51953 97397 80526 33518 30923 90649 69140 96490 98310 47755 72783 34061 49472 72688 68873 24423 27755 58539 62567 9027 65395 79347 89949 37876 9033 %n4912 25
35279 96313 68797 7881 99946 58971 48361 48731 18912 3510 86656 55869 93679 40932 80338 95840 58102 62949 94012 73403 71 73972 70176 96734 88901 %n3926 25
4238 21235 78645 91543 58171 47236 4090 19830 46989 24535 476 9699 92203 46020 29445 23347 16246 69037 11040 57634 73765 74551 20248 65662 71644 %n2671 25
8742 47104 85177 10835 75659 85668 45361 21116 82746 97748 56949 97678 87166 85852 1662 37059 31154 81998 93168 51525 90766 84588 36700 22072 76105 %n3205 24
94688 37815 36596 60293 81848 51508 48872 61692 5579 6299 23952 99406 9544 85817 64983 24157 21826 29940 88434 98339 57821 62857 57129 68038 %n557 24
30683 21187 87673 77587 95364 53765 54821 23968 94515 19957 26143 48351 81163 17705 61647 91630 25511 16855 93659 49307 5876 71523 90584 41754 %n1866 24
93820 1369 716 96486 90238 34272 27660 25989 16655 74242 42820 57118 6212 62183 12933 60470 42092 5370 79876 84062 31006 8418 27326 34524 %n2171 25
35209 48021 38316 73882 33278 66895 45446 40943 24739 633 84418 19593 68020 76511 20937 81286 18500 64288 75270 64172 61753 81638 29030 76712 11184 %n401 25
44553 63957 6401 29041 68821 16872 8581 43610 38105 30265 7607 32241 73999 390 14049 38281 8192 80881 11728 64606 59284 39825 6255 46007 64220 %n4173 25
88056 64201 52339 15903 20657 38443 60397 84398 61173 24603 47285 14120 68636 6154 74881 3601 82034 60834 75517 5853 27560 63985 89770 80018 38320 %n3612 25
26787 52515 30843 49884 69749 83816 81799 22445 77349 7413 83714 53906 78532 7249 7858 41981 48459 80478 43592 74264 28452 94151 14724 4623 71221 %n4581 25
75995 69304 99718 12992 59313 76194 85613 35596 97099 2261 29234 76550 39375 96913 89140 83162 5485 61998 39417 97641 91378 63484 56501 70013 87956 %n678 26
11109 3476 75561 22946 18482 60509 36911 53335 52511 1275 25679 42937 50008 62477 55291 87138 79976 82622 82711 20409 12878 23492 31010 37312 92120 16105 %n3 26
91998 58622 88321 72820 43181 23559 59348 89037 66443 84223 48399 66830 38385 39090 6942 65961 1054 59916 17423 62541 80652 80762 76498 59819 32432 30886 %n4519 25
76382 26514 41487 54051 67540 8610 60554 59432 35502 17210 27333 59233 94964 3069 79845 67166 13946 36990 75016 72864 21707 93266 13967 93641 35834 %n203 26
47902 84500 57183 65366 70447 44095 95325 22150 77719 65037 80418 57608 27930 55071 71152 13364 87629 24791 36178 39242 45498 22182 16758 98309 73659 44374 %n3768 25
45160 20690 90196 65257 79619 56019 55256 67458 23066 37747 53334 90977 87589 42725 66913 18197 85607 81826 25420 85783 80121 15624 96225 12915 95957 %n5668 25
96063 60706 26320 30347 66953 4323 79740 15186 58334 28604 67608 2523 59241 52322 85268 71154 42197 96604 19033 44197 28676 40355 55926 83446 63998 %n931 24
11745 10131 43309 82975 80748 48859 86697 78915 86180 948 36571 41970 48004 10318 67473 25037 89525 33343 77061 68398 39614 69832 45948 67457 %n5006 24
1643 44564 828 26153 56560 35845 85969 70195 65415 39744 17250 23149 71431 28121 31316 27829 10133 18661 47349 16740 16037 58210 57846 63428 %n4224 25
86010 12610 17666 92632 67826 39928 58954 28829 65012 4518 83528 55330 32014 66289 61397 98360 67256 16183 92226 14823 34576 98325 23079 21227 72455 %n379 26
33419 88989 7287 92188 64329 93702 48772 81044 52349 96844 72235 73335 68530 63 7344 8996 64686 46340 99147 15930 72121 14400 17359 97875 33009 17206 %n351 26
58913 13254 87982 82590 29913 25848 71074 8093 75661 20591 6251 77765 87392 44397 59807 4732 31928 93079 2193 21383 12788 67258 69690 34024 79453 1439 %n1070 24
89528 68972 15213 14637 75183 2772 48271 32508 37154 11600 14746 47472 8319 95509 89541 36213 21154 19536 73434 46787 55456 41097 16077 17050 %n81 25
81241 48948 93039 94750 82103 95873 15882 71811 13509 20800 12447 72440 48929 1903 46283 30106 1937 73377 38578 49184 77514 607 94216 96554 55609 %n1012 25
3867 62420 36511 84785 79589 32723 13281 32219 32050 98047 92590 51888 52666 79441 28545 24952 17467 44914 90841 90104 17088 15083 54931 20381 45850 %n5700 24
15448 95465 89375 75609 86171 80219 3469 28211 66514 88157 71112 61149 74177 68676 69769 33962 55565 46362 78693 79450 22771 30934 80523 34260 %n336 25
99100 41289 99630 2360 54584 10636 95799 25747 23129 89058 40758 96210 91634 42015 19171 80191 17136 9489 9046 15550 58536 4963 24240 4290 4894 %n4710 25
73290 35357 41722 28599 21768 98419 24126 78278 2822 27582 58132 74449 44630 15168 15120 82544 76249 22961 56758 25103 88487 51096 40207 76242 41389 %n1062 24
59434 32662 62960 63309 11145 59323 49112 32209 3612 98073 83614 70981 73583 27175 53818 99249 94294 39260 79048 97142 4179 30064 25962 5339 %n5260 25
18971 70163 72265 81178 86876 44732 37570 80897 5547 36072 35549 97739 36248 96292 80911 45414 13401 75273 25280 37977 19121 24570 74980 47143 59211 %n2285 25
4468 78508 46634 97494 95031 21797 17698 8557 89416 93272 8099 44896 70312 43847 7747 94606 13127 60782 75501 72619 62056 82938 4818 63675 32692 %n741 25
83189 58290 63999 31304 846 46482 56615 41271 26805 65604 49729 33986 92836 93150 58430 76107 13220 66411 93930 77729 28579 46709 41936 84648 80278 %n2633 24
84890 55592 83739 9715 51969 95052 1697 69654 30605 60090 95035 39217 91888 78471 82129 77977 81426 79481 9038 81868 85755 60598 44850 23187 %n5368 23
94219 84340 92926 10781 16197 29721 53902 94483 29075 78262 71479 69865 43795 11423 61055 90470 73392 30255 29167 22286 18274 36940 65091 %n128 24
30638 6077 69045 62687 63838 32201 10354 9934 81268 64681 11533 19078 15367 85623 31665 98832 51110 29383 99541 59406 84957 52330 64455 50966 %n2604 25
42643 51280 61831 20538 96384 91069 37746 67477 73566 34788 47962 65232 25438 61106 54357 68159 30944 62424 83374 69461 27770 96314 33281 51015 13063 %n2852 25
83335 25509 78525 23361 93606 6415 10766 45826 34888 91107 37295 80573 73544 40131 83370 54756 42966 7044 39113 91948 36683 78038 24632 58829 54628 %n1003 23
20603 72166 10692 75982 18252 69920 2376 27971 14390 73301 2402 35206 56320 73273 80442 21965 20722 20914 71473 23105 1707 26056 81127 %n2220 25
48725 48277 81864 11404 64667 26711 6738 63238 27730 8989 12262 52485 93359 8117 62489 59280 77334 43918 12299 15949 11528 2368 47827 14267 10513 %n3644 24
82447 45210 7007 41597 98643 23967 11899 38561 31933 3603 58555 6021 71788 45608 94329 64300 91467 47894 61140 66951 36603 77374 49131 27828 %n3127 25
96409 96974 62689 42164 38099 49089 41105 5620 88159 34961 94215 16557 32655 89998 16162 29122 7612 32022 47118 19885 80499 91945 58076 40962 2029 %n2295 25
21748 5813 77408 92518 68546 99103 96815 33506 95635 37547 59876 56610 9089 94164 73126 74250 63164 28054 51863 57093 64067 57528 4342 14717 60973 %n550 26
71504 13079 46656 69324 32143 20398 43828 94195 91814 91486 87236 22310 2064 42742 18568 62944 31527 16595 62910 9061 37909 3072 43246 72886 44116 35958 %n5296 24
6018 36702 13827 39350 69446 22083 6090 95680 46345 76984 55757 87183 99124 53676 66819 79866 44519 82834 28993 74845 15509 69493 67986 87151 %n717 24
92526 54073 50951 58945 1446 95735 84293 87792 70792 90350 13956 36710 19106 86621 31657 20226 29139 50445 81324 81824 99158 17336 68897 29898 %n4766 25
12130 5098 78716 72096 32362 71637 3664 49137 5522 59687 80744 50702 97117 98554 3219 35256 45817 15007 36500 11880 58265 24062 31944 44118 81139 %n3196 25
52268 45073 5220 6440 96517 47286 82768 1809 97871 76125 61193 15066 5032 6325 68068 45121 79673 39027 41489 19388 29609 13356 67034 97598 92555 %n1044 24
67687 88657 31555 11186 70890 12075 97358 91240 59056 21915 95505 31686 2738 93825 79580 6663 71898 1242 14448 32275 86033 83030 28747 12961 %n4853 22
35591 27035 95322 60851 8775 78688 490 83618 41696 4971 63195 4804 1248 43991 34716 54511 92193 70527 16205 21894 14323 9759 %n107 25
32367 59365 50258 70589 24184 4005 9581 37612 38140 71303 86480 32969 59956 72703 87950 60310 83802 49006 75046 88691 37786 44227 2825 59680 27084 %n5760 25
66814 99451 87001 46141 76358 54655 18770 82500 2925 74890 71746 9950 60098 63651 84827 8015 51390 86120 55457 50014 81742 53329 41654 63887 62355 %n3624 25
37884 21819 10833 52132 64889 35070 45533 31688 27018 24120 48561 76006 68401 76098 69653 76296 69634 35760 32603 30841 68630 22529 86129 65373 80905 %n182 24
12864 62637 8487 85673 10592 31331 52373 39112 94691 41304 59817 74139 86186 79566 51099 81875 53938 83208 14965 72402 10051 9140 81440 52765 %n5307 25
79389 92330 89568 34214 66204 46903 78780 70111 35268 94224 80279 65887 41900 62762 4668 67971 72197 79924 67261 38395 88346 13880 71510 75747 87838 %n4960 25
72446 65369 13899 58151 96603 88829 56181 49452 26649 51464 65528 97687 33231 43739 65304 13314 14911 25768 161 79896 42832 99300 12882 90762 73785 %n1796 25
78762 54351 26769 3547 52758 70318 45951 63256 8228 71393 1029 22541 39997 71928 68387 28223 44080 75845 59525 23371 47909 29284 96268 87879 16824 %n4927 25
52947 29138 34995 39267 83347 39302 2169 76338 60299 64335 71491 27698 8494 86421 77564 66741 20618 88274 37113 82887 27324 5267 8235 67721 76926 %n98 25
78992 76337 92952 36423 65302 1212 90665 41878 9527 57908 56510 55492 90702 49665 33377 4594 31778 97719 79759 44724 94390 45078 54349 29562 67006 %n3669 24
19548 44606 17939 64611 2922 98809 91267 61725 67915 20874 8560 24070 9995 19385 12963 79341 8447 89997 99987 8995 90174 66018 67936 23166 %n2320 25
77 1017 66656 25640 88688 75736 92918 76977 28615 6219 91770 28918 58478 34829 90358 55082 92350 73289 40216 45919 20313 78593 6954 62237 54370 %n4457 25
51729 76328 93041 53623 63748 15246 67995 87764 12562 8322 48722 18932 97512 76972 16785 85902 82264 61859 41898 3827 85727 49622 65789 41640 53406 %n4656 25
40755 86028 301 93166 57484 29706 92627 91375 18773 87099 19863 43322 12234 5766 34721 34826 31899 82605 83250 77761 10756 3747 38817 4970 54875 %n2799 25
36003 1175 42279 19968 45944 71413 50009 47319 15069 33409 60303 90625 47237 97378 20306 79623 28481 56827 3717 89088 85041 87022 11532 35159 57957 %n329 26
10148 88493 10171 37414 33374 54644 405 77799 64873 33327 81599 49175 71706 82288 57683 41087 34661 80040 52697 42462 28094 10215 65827 79439 51858 313 %n523 25
81303 59413 59121 40584 5664 72218 42529 68842 69889 94305 64498 92637 1379 78499 28440 44474 25008 68830 23976 59153 61881 78855 25421 13804 66585 %n3929 24
90363 12363 78185 57175 47716 106 34444 56897 52065 30991 98783 25823 89669 91625 98899 93646 63480 91805 84447 33576 40998 1408 88876 45349 %n883 25
96731 71596 95606 34765 32110 31600 1691 13382 14888 71679 77014 28012 35047 280 68015 19621 17223 36432 96228 94281 81181 31460 55943 76659 93375 %n2166 23
29149 62069 40683 68270 14656 31677 69338 42894 22001 17448 20911 13092 44104 99870 13033 5554 8267 83728 88860 58510 66072 28416 61327 %n5617 25
39125 65181 49196 11082 47406 50618 63912 47336 17387 68403 21414 34232 76084 44855 65126 71440 60415 19628 85416 21023 21229 72901 49164 16930 82108 %n2724 24
96020 71566 35046 49822 9269 642 30306 84614 94612 10837 77558 13271 89648 91652 59424 86218 66309 44011 10765 67453 86345 59135 41366 40270 %n4872 25
4544 52638 39532 25494 55857 64112 80225 60264 79854 68606 90176 53798 54275 3558 84001 12200 4984 64875 44592 49501 15076 9174 10034 97398 30796 %n3386 25
36184 6475 46599 21611 17615 27435 88750 90256 8505 3228 11150 77928 81906 38202 4645 62131 6296 4706 86491 6496 9340 88384 20582 18737 34987 %n3924 24
94973 8226 6493 13650 8276 79486 92177 9238 76879 10057 51571 48694 69684 92612 81233 94900 60013 7480 10245 26725 62360 99693 95268 84408 %n1060 24
78940 48975 59651 95371 35523 67277 98736 60083 84060 1637 59223 18829 4759 43283 65297 59492 16513 34440 46224 26990 39652 57057 99940 82812 %n4038 25
57920 5237 33075 12852 32828 68859 49490 79982 99831 23588 53128 87803 68168 82172 5582 11626 23189 86470 46631 42206 72563 32108 29408 10522 10735 %n2796 24
88522 91999 14726 49903 14024 90615 68314 55375 95801 5992 81693 19615 25056 87362 9780 8423 34582 77211 67748 39326 87709 67327 48498 96503 %n3921 25
59463 73630 19183 5730 37266 29280 45732 39769 46426 83415 78152 1394 92381 24206 55002 17769 15416 49524 91811 38189 94684 14516 10779 51799 43504 %n602 26
99210 52581 44265 17477 91939 29938 25876 37310 77594 60844 33081 18294 29176 84803 69989 85360 71319 23191 63997 40408 50422 28083 56296 77122 20010 9752 %n3660 25
31584 13520 98843 73250 75756 86706 35901 74131 36516 94666 3237 26200 32104 47150 11394 89119 74060 71668 60880 53195 18576 74378 34688 84679 62813 %n2156 25
24776 25691 42477 94176 11538 61536 40315 26641 76603 24404 73559 94970 9007 54920 8266 18699 2585 92401 18738 98049 84016 79685 14578 82405 7686 %n4888 24
28051 11152 12214 64256 12729 89359 95836 27953 10789 35139 78144 87657 42679 48031 47640 46265 87736 64269 66926 28429 64426 53644 34875 91334 %n1071 25
90111 36600 86078 62589 88674 84070 82068 47504 98229 11780 57525 15403 82558 59392 96108 57769 82854 74044 10678 86643 71327 51484 19318 16860 82883 %n5217 25
90164 35145 18698 8126 74181 61907 7915 84022 24124 57298 18823 13494 76622 62756 30885 60346 90170 76519 96749 26381 15341 69465 56932 75542 72694 %n1823 24
23000 55873 61142 8221 12480 67551 40125 35376 46197 3624 88482 80024 16895 74790 86564 36074 75026 61412 80761 31411 39411 19660 7537 20017 %n5467 25
57595 65750 18244 29145 31222 91491 97105 6289 80084 41123 22565 87367 62346 94685 80228 94362 95055 47492 20314 95674 18223 22631 52963 48963 76313 %n5454 25
86506 79293 71180 42731 38334 29278 79119 19943 76697 48109 90927 47639 43301 33759 41721 94556 67654 1675 85373 76782 39982 23556 17228 8269 572 %n5177 24
98858 41163 13622 12087 40338 9774 67805 30537 24281 36675 72191 20225 46024 40273 19557 40735 86408 49037 935 43371 17700 5082 78733 13450 %n3515 25
82022 17421 43112 22152 62227 44183 37215 95743 59758 34700 63822 60193 90897 11332 94060 30618 93450 90641 17870 41606 57793 52579 1059 13538 24618 %n4169 25
15732 46734 16954 28081 88866 58404 37301 61176 25767 23054 75188 64923 51784 13896 9725 64934 252 15818 80933 96443 99037 62207 60178 25618 21608 %n4485 25
61721 14864 2550 98950 2330 32369 94001 7160 91200 95852 52238 75039 51907 26182 89879 5797 20933 82427 37889 78950 16584 82898 11923 44150 76354 %n5643 24
25739 31839 24195 56947 29439 79485 17672 57050 24569 20586 74517 51709 91063 59569 30176 48583 32190 88921 28619 93519 69429 15433 49396 61575 %n4419 23
33831 3517 96738 81650 80511 60955 68861 83264 2498 80980 72391 22758 26646 22354 18235 28304 67175 86385 48556 64666 18816 24043 48149 %n2054 25
21001 11239 85569 29739 2019 68943 17315 39848 10739 42978 74583 39721 16748 26700 84550 53485 71537 19754 98923 37391 72695 32274 64043 44334 24221 %n2566 25
91886 45621 72907 33979 38280 71912 39221 67203 54194 8131 99749 70070 39149 34367 26706 29483 45834 79667 8567 80619 73527 56971 83895 67487 30898 %n510 26
41479 43057 86357 82969 54265 11599 42674 37535 29444 42565 23819 38875 45199 42680 72580 71050 83480 68206 21258 73587 68693 9983 5133 93354 96223 21931 %n2611 25
37156 57095 9185 95168 29074 31312 26859 10782 84534 1626 15598 25994 37721 99453 81781 44392 4157 39210 54381 82338 74922 23802 36935 86364 43979 %n4248 24
95489 97271 30151 1829 49361 51548 7706 69452 48612 1663 61666 40136 15698 6252 57016 70618 96994 53395 22950 41559 59389 85491 92121 67091 %n3006 24
21592 80363 35459 59415 34056 99409 35874 67118 8260 40028 34131 98495 90275 56416 59016 62101 89021 44379 62772 19441 56376 70488 3589 88573 %n1543 24
99193 94667 17561 96918 44680 44121 71430 65024 48073 84007 89651 90518 5864 51865 71007 66284 76327 38468 67084 84110 99877 43117 54582 99900 %n4552 25
81589 75394 84860 4785 11859 84102 84041 84284 76944 2650 88299 33573 89604 16567 20146 53056 67274 78115 47661 13837 37234 80705 97097 75792 5208 %n3663 23
40938 63719 55112 25865 36008 58970 56013 15049 3023 65335 45931 67935 75724 90837 6064 32743 20311 10390 18602 86869 62839 64665 93755 %n355 24
97384 78224 49881 21114 2341 81220 58809 83905 40081 17595 62998 97355 24881 4509 1472 94709 73414 7274 67449 21808 15419 22852 36136 17749 %n4105 24
715 61379 49976 13724 51004 45410 85249 82216 41894 38009 46742 84863 88443 9010 10995 80407 18839 24516 14288 56775 10799 45207 56360 63760 %n386 26
22797 66376 32703 18857 76704 32903 98353 18605 25049 37178 39723 33780 44145 49558 11096 56837 4871 39423 48403 88281 68443 8325 96702 71578 92483 67784 %n1170 25
17083 43010 13865 21068 16832 89373 29346 32836 93059 75643 34230 39257 30664 67283 79079 14674 6352 87072 99370 77566 77940 73069 78254 98757 36411 %n5764 24
68151 77356 57477 22173 73031 86280 24836 86861 36707 50843 140 96264 56493 83529 41142 89042 93769 28836 56312 87177 74161 39866 90191 22857 %n4261 25
96363 35773 37617 76757 15187 85128 69 31989 50769 76039 32813 44275 68217 23505 5024 72479 27124 91260 89158 20483 34490 51366 272 36972 48436 %n1558 25
51172 15394 85898 32891 11228 13918 33914 47030 10458 59649 14027 73642 42433 28126 9475 37486 84091 82776 97612 74455 40969 83032 78967 1775 12498 %n1896 25
52047 70184 76722 54526 53294 40685 81964 51653 52771 28388 11929 70583 67980 1092 39636 53392 87857 6602 90171 17932 58670 84817 83210 52203 16353 %n3379 24
75240 26589 33686 68135 28174 49216 18665 56432 65469 51662 18921 25212 67433 86142 76225 82540 84263 25659 20424 14893 93084 3389 28025 68252 %n1911 24
31083 94821 4333 48622 5278 16924 83626 28862 55813 83159 51732 98307 137 2435 21177 30687 94122 45277 44598 28301 53639 75303 44514 61162 %n268 26
40298 69810 15196 56725 83265 13753 32916 4044 97765 18745 25325 83845 63731 76917 50798 13082 51871 84944 96745 5365 72305 48380 8287 67792 16628 9619 %n1407 24
12692 81905 14696 74626 73751 42639 83983 19505 95381 43976 731 25430 84182 79230 39441 7238 36342 16043 23869 49466 81740 57922 15348 88974 %n964 24
17894 42194 49433 18044 59806 68073 46630 76636 22531 56978 94520 23266 75537 66099 47072 53984 6716 84915 89644 60395 22128 23801 10184 81735 %n3501 23
53503 28962 30531 54524 53463 1353 89978 35375 20278 1588 78803 2972 49415 32059 60924 28966 692 58716 26547 94381 96965 81484 84554 %n1095 24
42200 84133 2044 52941 72377 56665 97666 95693 71266 79246 42480 34435 41340 14751 17731 51310 74589 88887 25498 13633 74812 90208 211 65852 %n3289 25
78109 27022 81250 98454 27394 87215 91624 70903 86977 90062 76410 92372 62524 95156 30183 22221 92594 34746 77486 65742 50698 75656 57288 54957 44769 %n4917 25
95729 3026 84014 8211 15072 13907 4523 2942 88006 34021 36608 25703 28219 33632 83609 46663 67633 40996 9345 88081 38224 9267 95802 87243 66877 %n240 26
59393 59437 79707 28497 10741 41586 67460 1252 23350 50244 35852 70801 56912 83998 9871 76602 638 20571 64591 47709 73055 24955 97647 15520 88839 96667 %n4575 24
9529 63679 77812 93097 38613 631 50383 35106 6703 54631 75608 63048 92317 68853 13106 66555 32630 18123 64478 56276 88923 89010 9966 30483 %n315 26
79914 77200 58072 48586 27328 65810 40406 62494 804 12381 99863 1343 38394 18629 70966 51224 15990 42356 84542 52766 77646 24198 74641 6982 22937 70759 %n2329 23
29623 80884 62788 71769 49895 8522 19205 91995 39275 97495 2202 24840 25934 84451 99315 92644 88026 15663 73941 88124 97138 76437 51438 %n1914 25
7817 10628 27081 49114 55167 57663 42903 89717 99542 57727 76200 88133 58935 35316 97722 71318 69875 65122 9717 59951 7242 71020 97738 21601 76133 %n1426 24
12149 10788 6895 77848 2001 56566 83402 74266 30252 11604 97500 83205 7672 50136 21765 32766 72020 68843 4312 7866 90998 99110 63863 80800 %n1779 25
2909 2043 72303 88087 14686 98678 21728 32674 73507 71084 72374 25201 22649 90640 59775 42352 73192 82337 57447 52048 95143 67117 2953 59356 65252 %n3532 24
37722 69437 87590 80698 85173 14643 33316 3277 94206 45105 69729 55177 89952 20773 96939 36204 7419 62999 72193 48838 29624 72662 96040 78536 %n23 26
32439 82080 70935 44 20673 14470 22501 12903 83357 60333 15858 32135 96060 88527 76419 15198 36748 22665 18024 35952 23282 70387 57764 86520 58312 26952 %n2937 24
53495 46433 81744 72081 68635 13476 84836 7628 29339 18218 97797 24139 99519 13714 40495 18453 43034 67609 60614 11619 29242 18871 70592 15712 %n2342 23
58243 36955 97229 81755 28011 68265 42530 26402 14592 84593 55765 19936 82059 73423 41463 51848 41534 30402 95277 17066 20625 44716 49457 %n3863 24
59511 71554 9716 96286 2754 89024 78719 16496 15027 75422 27074 38014 7988 10867 86029 65344 60031 77174 62169 58780 48249 8912 32024 52283 %n4414 25
97314 59783 19266 56316 43072 65233 47672 65368 62710 8895 97227 35661 14019 5794 45949 44591 35515 55819 81649 9196 53090 20524 21460 39527 36154 %n2690 24
78948 82574 67119 85974 44451 8020 73405 79239 94732 97661 76441 32368 33727 93837 61434 86315 31911 15211 26123 14006 8707 66910 86201 28775 %n3342 24
83082 81580 28396 65770 53605 76216 2743 85474 57052 689 6354 31108 80109 20353 84893 22362 14716 98546 8304 11750 50600 65630 47773 58181 %n1084 25
81559 39701 40619 37320 71734 81536 99669 35802 53 76988 94426 9182 49835 93886 60559 89232 28343 84722 61667 94795 67600 28956 8470 85612 62191 %n117 26
50074 82167 47531 64521 51862 8900 99706 21886 48035 79175 98071 7662 31986 91900 60157 20869 77306 73433 22782 82122 82465 33224 3598 49935 67963 46753 %n1530 24
21501 91352 65234 82798 78117 29108 14472 92740 76770 2830 14218 83937 93157 32365 76108 59831 93488 43177 50812 69223 22085 51232 79055 24965 %n5536 24
88334 95791 93104 19627 46907 18782 69547 33781 54520 55771 67919 31250 80016 60968 42705 36452 34002 68213 89779 94951 90861 57780 15059 58669 %n913 23
69422 5940 85245 10565 57344 92156 89959 72844 87661 31289 76705 84406 85447 18261 75844 28462 50000 31700 45372 99876 77507 1961 35496 %n392 23
9047 81891 47413 93512 34199 35021 55296 1974 30143 19409 83007 58726 18546 48740 91821 83923 62273 40769 88587 43035 40661 17032 86209 %n3009 24
99071 16297 43923 52340 53712 68490 96004 66513 22171 21237 7685 15148 30510 20947 42977 79825 85665 11966 31184 16454 78559 47258 3521 72719 %n1324 25
52494 65144 78922 18840 8250 17022 49038 43025 80171 48798 88711 27807 48054 27675 40059 75970 21084 99101 92661 17574 27878 25867 5679 35990 22875 %n3050 23
61890 24459 2045 40609 29081 30406 1470 56512 74393 78413 32592 79072 5760 8994 44844 74871 14507 85587 29274 83133 16608 35335 66672 %n2174 23
36867 26295 32521 61326 25078 33525 21013 10725 37181 53830 78171 3136 56718 36549 12621 49537 43440 32971 93913 76795 98395 11759 37866 %n1852 22
77916 28945 63977 21505 48897 61052 74861 1657 72210 48000 32872 83422 67237 69636 38786 83750 78489 48992 25807 85615 45312 65892 %n228 26
82123 25372 91328 53050 79153 30363 16894 74164 55681 65442 80934 45419 61440 40217 82636 41961 47425 56020 9535 85939 95195 78181 9805 13255 44639 30679 %n1364 25
63395 94089 48889 97929 71692 15650 41669 19389 29997 49859 24663 52253 39823 20332 51040 22687 13693 71863 13604 87839 7385 98137 73567 30312 20738 %n1586 23
70924 68792 41506 98530 82011 99533 51756 87827 83910 45684 24677 88666 33076 27196 86339 90660 16815 31183 54566 50867 28848 44305 82154 %n288 26
88033 27107 13362 8649 71665 9486 60871 67948 44992 77182 81121 11807 28008 35625 56399 56329 95436 27688 65114 25457 30543 2477 85864 45381 67916 66196 %n860 24
90338 21600 75359 36273 5632 38235 95051 39029 58148 63860 91628 76434 11380 42400 12918 42882 84792 7389 69039 66521 2855 66667 74808 25879 %n2677 25
62518 61294 43478 95699 88967 17445 89867 21343 80811 53130 6484 71411 51160 98800 87394 76453 52210 70629 40177 5640 4557 78596 72318 77490 34900 %n1202 24
37422 87218 56690 41916 86750 48514 69939 3460 42817 78683 70594 59296 18514 68336 90578 62991 84567 37019 29198 10944 83053 83433 82845 13596 %n4270 25
86788 87493 89824 73210 16572 42328 89861 80678 63491 18796 86661 28515 62713 50701 17160 90325 27928 90385 69419 93609 30328 67142 16257 12506 15342 %n1532 24
94148 85455 12578 68424 92946 21185 19465 32342 21712 56452 39628 40051 44582 14447 19047 51585 51682 56475 265 54263 70709 276 38989 51240 %n3410 23
49257 64056 89087 23829 18612 71139 49857 28549 92087 22220 54314 41177 51762 71369 40242 13940 21304 7793 77063 19767 71122 92704 26974 %n721 23
19634 26298 35134 95914 85634 35321 18083 4637 77426 24123 93125 34001 73065 51054 47912 65652 56124 5701 75011 91067 66640 81186 19910 %n2091 24
73826 87067 25345 58355 53447 73247 30965 86307 74349 75390 38997 86388 74931 68306 34864 90614 54840 69924 83963 6911 49776 62314 717 87908 %n5771 24
13038 81157 64704 20635 63124 28297 5250 17217 35685 56134 73604 80632 72950 93770 65728 15786 99794 3044 18468 54350 69732 24871 49508 32682 %n1887 23
34251 43992 73166 51755 82087 40044 66871 77004 20825 91186 24145 62164 30782 68553 65689 42617 28795 40247 52513 29328 85770 22743 54286 %n767 26
83240 81262 64459 87710 90011 81931 26963 41063 56802 85477 45043 41066 27696 96620 69846 9194 10949 46958 45079 24118 85061 90332 85121 84681 56075 3367 %n994 23
39071 30277 44270 24309 25191 50671 29002 55929 55500 93852 86220 17799 66132 18928 81073 94880 28150 91146 22204 83214 59851 14060 39941 %n1812 25
90353 79411 80745 84730 4717 5283 50035 34275 9313 10174 12983 92568 6913 19985 65275 83412 69834 3582 22281 1650 60191 84674 10319 70967 20453 %n3134 24
5901 91125 95426 87721 65397 24662 50038 53317 14369 19659 41526 18288 86571 90371 92010 19931 24405 38251 93976 3338 52229 26866 56223 6749 %n4636 25
45161 83106 45262 7994 36446 35246 57098 58380 34283 31109 92752 33339 45391 87593 46490 54639 5753 82978 43455 24658 10915 56132 53576 50863 53808 %n4508 23
69551 13330 17913 74661 71843 69492 842 69280 11120 68291 63968 17609 59561 23682 10721 41088 63980 10615 73949 55596 82669 54654 5065 %n1509 25
3876 54536 37062 9470 66837 63636 99602 14525 94740 97926 16508 55965 89693 2309 84788 3561 92683 80732 90953 87971 64577 75141 68212 25534 77093 %n3061 24
82088 55301 16242 7207 61675 17703 19522 84772 35614 88740 44994 35295 96863 28247 91626 37923 57515 90093 23725 1053 76224 56026 46038 13341 %n4031 25
62339 13720 95237 78088 57923 41491 77999 33042 80791 78920 71022 64241 28053 12591 26757 68728 26510 25712 49620 5617 2916 34472 6076 58402 48713 %n5320 25
73768 20497 24673 45555 46566 40749 82201 14661 36032 43658 60974 94552 8921 96390 19272 19190 44448 62223 55027 15542 35365 99703 67115 1340 43695 %n620 25
58701 10314 84919 71425 73600 70698 65459 11881 85317 22535 79904 6098 31226 53239 76384 46803 38655 44403 11924 46715 54586 66627 58197 74238 87433 %n339 23
40726 48779 44780 36952 47062 94539 56128 39420 98520 16886 73373 69432 74456 82298 52881 82690 3868 53686 88970 38123 32537 17530 71684 %n5193 23
15946 98608 5300 99810 74440 52966 34487 66744 50205 25687 55210 2387 57104 85236 71712 11342 95776 14749 68615 21640 23774 33897 77572 %n2275 25
54118 80862 72588 19398 82775 84134 59702 1807 12580 64354 58254 77006 59882 40471 47420 9955 55990 16663 94342 6088 42442 47383 21153 4139 3133 %n4809 24
86477 79993 89028 88180 20356 18760 70985 17408 91159 9673 47110 4605 85429 94626 89734 23067 80991 54734 59474 71171 23071 55369 52794 53655 %n1009 23
12889 66768 74598 34353 5843 66236 87124 85051 39908 60625 29550 15582 45197 82032 71840 11920 24785 69298 75888 81747 37750 4174 9710 %n1055 23
21650 84650 14750 33930 97173 46555 69150 56083 13612 62060 24084 29934 45169 13121 34608 93425 38185 28034 88301 41419 38563 29771 31041 %n415 25
66706 50462 7252 55547 50679 80377 22251 98533 49552 86106 21954 43027 72714 62638 36219 86998 20487 83935 78039 96291 66508 33856 64769 78396 41182 %n2736 24
38532 36387 95403 82871 8665 59455 35964 39205 96892 24468 35494 49995 3605 29531 23623 75930 19219 99455 16701 18106 53954 12398 50333 38627 %n1189 25
33816 72565 12568 17078 44352 6853 74634 58694 47643 46032 36531 67504 16051 97081 57893 42470 91428 442 4114 5986 35016 34470 72161 50219 27168 %n4695 25
32171 52499 68462 41031 32947 35282 42819 12842 32575 1750 52436 37820 96493 99949 18152 31166 78557 87262 24568 96647 66445 50765 26057 354 97573 %n3547 23
51746 66846 72388 11525 33599 49894 52 12631 37864 48059 46957 37564 30606 89966 66919 65258 64154 19856 28102 63118 80670 24063 63190 %n639 23
4524 27115 84141 65976 64674 90306 55652 46816 8442 41757 443 12371 89304 75414 70559 29294 99742 18533 34692 60469 28737 6492 32056 %n632 24
63774 46341 2039 66418 29164 21356 88241 74843 99688 23014 88320 25944 35621 40185 61989 4976 21847 92204 83784 47972 70532 13686 39168 74133 %n