91
3173 37
32912 79964 89420 32174 33318 60870 83642 37789 11989 92568 10398 44732 37389 22516 57079 39829 88997 54684 71982 96740 66478 79888 33594 18958 30507 46256 16087 5863 48046 91932 21404 71951 31393 10303 38433 63532 91039 %n525 36
22640 19104 29707 26457 91742 50850 91833 73989 62429 11835 3468 70357 5695 38701 97903 19848 36348 49953 16898 11291 75907 86531 11243 12590 99421 80420 26506 22134 48669 76336 72013 66799 20070 17687 73872 67679 %n7697 36
16451 15995 99496 75203 38707 73362 67714 36759 826 14624 91245 2151 4742 29002 36324 59160 10328 786 32198 33948 36467 68858 17090 89804 99882 90069 11724 63780 50856 10898 21716 33015 52232 41583 98079 16660 %n124 37
77263 31673 81992 41532 24016 86893 61041 6248 83745 43325 23831 60617 26633 91974 81765 62546 61635 43168 96793 91726 40022 22321 78897 94802 33169 15332 84917 47767 86293 11409 78530 13002 42911 89203 45055 71667 46023 %n2835 25
13895 77427 93461 60137 84513 90411 85139 17772 64937 14548 1220 36320 78595 98834 57756 65451 24730 2494 48058 69458 25632 59902 95762 81324 41631 %n4453 30
33995 8190 44004 21251 60833 139 19654 80330 99987 64774 80485 98119 57952 16129 73312 31652 58502 79741 59572 38848 58302 9023 24963 73460 99995 70343 67221 96593 17895 62212 %n2234 29
31158 22267 17671 95389 81239 99652 84715 97950 17210 51124 35879 44598 82089 6687 21463 55028 4575 34590 49051 47658 3481 21471 11076 4793 59374 58418 49858 7146 7304 %n7683 23
59086 39999 73035 38992 97281 89301 21911 59255 62096 77867 78268 86817 83253 73446 65778 98750 65685 78817 58790 88373 36507 11792 69442 %n53 22
72188 82019 76149 89564 62116 32127 36298 37223 89694 97897 52119 29468 99016 93393 33918 27284 48712 64392 3315 92649 58213 49211 %n5660 26
21082 63560 30875 37601 13914 27614 95520 3238 34648 95300 65110 64223 73854 95809 17416 90963 80265 27859 59811 13824 58186 66108 63444 94040 74953 75520 %n7736 21
82977 83284 64126 86755 91103 48317 64643 94753 25194 67411 49823 30670 40249 7888 99125 68373 71734 48045 47484 18682 93915 %n1457 27
95394 12241 49768 28210 98678 39407 90882 68597 38613 91849 79463 45166 77210 79660 62842 79189 68964 86474 63199 63752 1015 87787 37816 19794 5620 47242 47517 %n6723 22
4258 69306 49031 58151 48719 58384 27306 88730 42895 39438 42216 38216 36680 49673 80351 24835 8510 67420 19090 9306 79127 59458 %n2429 20
36406 5048 80032 90049 77315 33339 54756 19376 31113 66807 12562 55188 28899 38201 84509 32491 53202 9486 78234 84023 %n759 18
69162 75743 64109 43580 24833 86715 62359 86895 58191 73717 76334 81158 33608 67989 60614 67293 60041 2586 %n2837 16
86644 35535 25508 20875 45024 49968 85526 12282 85780 78513 53047 45152 23025 28211 21912 66245 %n5381 20
68192 14013 94035 9196 3569 47828 54618 86717 21833 76984 70312 63660 28677 3765 42887 59161 86674 7580 41700 40017 %n6472 13
54518 56920 59248 50198 29445 88611 53086 19564 15291 4279 42455 52976 34351 %n5352 13
96750 98859 12242 34378 59298 45980 49703 19216 57279 62670 33025 87002 52019 %n5474 12
49135 36383 22007 53403 57959 30149 25922 81387 14059 33815 70407 44957 %n1493 15
73203 4956 68051 37063 8148 32536 1827 67617 79951 7716 13282 75132 28792 66231 18109 %n553 16
31237 23110 24095 10593 63868 56288 35042 28456 75192 1244 35486 3780 3579 17946 34530 20434 %n2195 13
62963 18621 3226 89327 66836 2243 49425 53892 20884 39410 67972 27609 62048 %n5067 6
53677 35860 86905 5825 95305 10990 %n3702 12
414 16174 54829 30508 45936 46262 92995 4684 99169 24962 91567 74771 %n2270 13
6343 21291 87507 64822 27154 87211 6889 89316 74168 11640 80721 91447 66480 %n4403 16
56780 68365 29217 12619 29267 2691 83092 62795 59738 50091 41109 16105 76266 6388 2246 76137 %n5483 14
98027 79231 18049 77052 87764 88951 12191 59330 9872 84075 4820 82597 37424 41410 %n4639 11
30148 70349 44471 70067 90413 49803 99948 95982 17950 11219 4873 %n7188 8
85094 14078 79457 61718 20521 60627 28844 14211 %n2246 8
57594 39240 6878 91247 68702 76008 63717 53380 %n1823 2
51893 2583 %n4522 5
51943 12827 11563 55800 68296 %n7091 8
32668 16871 97582 98498 65002 43655 91694 71536 %n6780 2
75999 59346 %n4096 9
585 74091 67806 76177 45457 91903 19680 69204 88740 %n862 3
73287 53554 28957 %n5852 7
82463 98996 80940 77969 74862 4724 86512 %n40 6
60440 35779 23160 45370 9452 9899 %n922 10
7042 352 16102 9681 20774 21187 98288 56056 78772 94616 %n7177 2
45763 68046 %n4514 2
80378 47087 %n5994 7
5247 5012 1608 24001 15004 16633 34834 %n935 6
23599 23184 29771 80077 31493 99657 %n2943 5
2705 65923 81603 19713 99184 %n6237 6
5987 65376 25054 2433 59189 1326 %n3499 4
44585 62532 70446 25609 %n5174 3
32841 41437 33054 %n6331 5
22137 5737 27934 521 28356 %n2881 4
17635 80818 87105 91615 %n1953 4
9163 59526 20534 5112 %n230 3
11231 72541 66271 %n5001 3
14300 36279 43841 %n7745 2
59169 17027 %n3186 2
65639 5803 %n4958 2
689 53861 %n3453 5
5626 57393 59827 91215 14770 %n7557 2
72156 35782 %n4644 2
5169 78165 %n6721 3
32399 79364 83968 %n4470 1
77362 %n1440 1
27885 %n5464 0
%n5855 0
%n358 2
93347 55310 %n5941 1
88444 %n3833 0
%n2907 2
25090 12022 %n880 0
%n7519 1
10781 %n4634 1
23086 %n3925 1
39470 %n3934 0
%n5661 1
7847 %n1019 0
%n716 1
68492 %n217 2
38954 86457 %n6706 0
%n6439 2
47148 41683 %n821 1
36246 %n5198 0
%n4450 1
96927 %n6493 0
%n2695 2
73496 23864 %n1709 0
%n5329 0
%n3677 1
46379 %n6691 1
53142 %n2753 0
%n1489 0
%n1012 1
70140 %n