139
6382 105
11506 97090 95665 37066 83484 15869 62857 78291 65118 25158 68211 19683 52790 78363 69577 85806 17912 96988 9612 45118 73962 74122 20295 64250 57760 59448 79935 41765 84519 16010 55817 33505 29802 290 21081 25210 29427 25747 45340 96512 47214 52559 79901 85311 36727 27242 31041 38516 39118 71553 20607 82336 28297 73570 89286 59957 28173 52036 10742 79147 36897 10489 74284 51264 92246 21672 53778 67495 75663 65541 98013 45519 59931 11244 83168 59044 31736 62072 38458 88391 80777 81252 24582 79962 72105 45446 35529 8064 87221 86890 95051 87916 11018 38442 74788 71844 58933 20551 94124 59728 38581 66047 77713 53914 66909 %n1254 58
70741 69551 82016 80174 61715 64266 5086 78929 80518 31698 22423 68343 9457 98486 3211 77339 9433 52101 12174 34536 32157 27341 68923 74044 74131 36071 94752 60083 61002 93531 19820 17075 33389 78204 53755 64242 190 29824 87672 74513 5727 81159 59923 25581 31488 93822 6103 30294 67474 77979 77577 97846 87508 42975 36074 36270 34503 26318 %n4737 37
68004 41969 67729 33627 64028 80434 22408 11697 70170 18293 79277 86712 35814 86342 6204 17732 48334 56786 14981 56247 93970 46441 72627 70156 86211 68066 93528 85990 52509 48485 64774 3889 74487 13440 73676 14803 34775 %n1841 17
10475 64940 57698 84948 99346 332 70332 18017 69894 63434 78486 91364 82464 72952 42273 69188 88350 %n6970 9
65703 54576 83397 747 45898 86024 57692 74671 60789 %n425 6
75103 48828 84242 33442 1283 80547 %n3507 0
%n2615 0
%n5005 1
48363 %n5044 2
29987 7216 %n3965 0
%n301 0
%n1325 0
%n415 0
%n3749 0
%n4836 0
%n3213 0
%n4506 0
%n5377 0
%n3564 0
%n3551 0
%n3342 0
%n143 0
%n5447 0
%n5038 0
%n3305 0
%n1157 0
%n3181 0
%n3879 0
%n4891 0
%n2403 0
%n440 0
%n393 0
%n4279 0
%n6299 0
%n916 0
%n710 0
%n3978 0
%n766 0
%n5925 0
%n2275 0
%n6238 0
%n1629 0
%n1548 0
%n6015 0
%n7196 0
%n430 0
%n2018 0
%n6573 0
%n5465 0
%n2914 0
%n5945 0
%n6223 0
%n4072 0
%n5884 0
%n3932 0
%n4472 0
%n4386 0
%n3616 0
%n1043 0
%n3537 0
%n2500 0
%n7021 0
%n4230 0
%n1826 0
%n2756 0
%n7090 0
%n132 0
%n1974 0
%n787 0
%n2919 0
%n2040 0
%n6323 0
%n6779 0
%n1321 0
%n6045 0
%n293 0
%n671 0
%n6319 0
%n1456 0
%n3435 0
%n1799 0
%n1473 0
%n3864 0
%n7171 0
%n1553 0
%n4143 0
%n1235 0
%n6799 0
%n1953 0
%n2211 0
%n6286 0
%n2232 0
%n3287 0
%n6560 0
%n1803 0
%n4488 0
%n5142 0
%n1256 0
%n1914 0
%n6212 0
%n1206 0
%n721 0
%n5048 0
%n366 0
%n3236 0
%n5354 0
%n177 0
%n1047 0
%n6552 0
%n6725 0
%n4237 0
%n1568 0
%n1886 0
%n6009 0
%n1525 0
%n334 0
%n5933 0
%n2020 0
%n2477 0
%n6809 0
%n5344 0
%n4673 0
%n4964 0
%n1036 0
%n1273 0
%n3827 0
%n4535 0
%n3852 0
%n7017 0
%n1011 0
%n3484 0
%n1670 0
%n404 0
%n6080 0
%n5450 0
%n99 0
%n6936 0
%n5669 0
%n