106
5882 105
80548 92373 1923 45761 16136 59777 52774 20252 39073 40964 68746 58610 97640 71913 36351 94053 9502 22724 5190 96660 18084 99311 6565 42963 15228 97079 69101 77938 11323 54816 16137 6675 92746 51638 87189 8842 92934 23625 80744 43329 81790 72713 60089 65370 8781 12078 35485 46000 20744 33220 88435 13318 26948 50169 81169 51788 94305 73454 8550 85624 65262 1589 93445 1324 31753 44207 42104 5863 70401 32076 67028 3569 89065 40685 43485 55405 64797 72755 84924 81090 12089 60308 1635 10241 24867 2838 78638 11677 3870 65290 1748 94824 41551 94352 8578 54675 48493 58539 90592 78797 97634 42773 26840 277 91245 %n3379 87
99747 94024 60764 21906 29482 39889 8812 97814 40923 99450 75749 45771 23857 64671 97112 45647 47683 68913 76419 40719 72795 31232 80557 63726 42861 94921 46464 88859 96335 62346 3136 81190 91926 80857 85451 71137 53918 5897 83237 26374 59128 42847 9783 60680 79976 91773 55147 45719 48750 11685 15568 75874 92870 15937 27447 14396 37357 31345 14608 77116 46650 43241 65014 17844 21565 18952 87793 7844 18350 97233 77921 65751 24339 48078 45362 6215 90332 44159 21515 4468 81872 56734 67345 95228 5943 30106 86391 %n1810 78
62746 82667 44509 51805 73590 85849 24908 18162 35968 43437 34017 33363 2376 92756 698 81549 24983 6987 4406 71670 5783 17767 61514 67848 53885 24508 40857 64675 9651 38443 79931 36355 23531 62329 5461 71747 25656 71505 71096 34004 56759 50322 75825 93517 42667 38588 78226 21909 76377 51604 96149 66728 28120 98207 87897 59612 7483 34123 93165 27144 1807 91869 49098 2510 58717 39171 77162 20212 40302 95454 47837 71603 95912 18637 27906 52223 43597 41064 %n4773 63
26961 73218 11154 503 18894 41503 55936 30403 87502 29169 58675 20350 34797 68114 93016 26664 46677 68235 94172 49889 4156 66217 50086 35403 75359 14849 28338 25953 70296 38065 90519 28909 10620 79419 4614 76642 76294 26097 79118 21591 71782 22977 8043 30900 85000 99274 91878 85002 12944 57742 88834 34954 8201 55806 41992 36343 25199 8376 66069 85942 96017 20259 50200 %n4630 51
23040 16504 41034 61328 42585 62121 27559 76791 53651 54793 12414 43549 71405 43052 18472 85353 94683 76349 55014 5849 56126 26332 44855 69433 93519 41033 18838 28158 9729 42473 21042 89874 52434 11281 5708 13735 38253 55552 74959 55160 50084 68431 32887 36470 33109 1472 54450 84766 91946 13819 55168 %n4979 46
4715 72585 54575 20255 80806 33653 35501 5878 68186 91470 22978 27112 36599 9821 98653 50440 96002 50145 72648 68545 98347 59 11068 243 87570 59019 80654 63817 99485 34224 56069 25533 73554 40170 98082 34603 10707 35559 64647 71437 80933 6497 78771 99186 55490 97278 %n4673 33
53971 57093 51380 1282 94610 59322 72776 32917 86646 20931 82695 54507 74779 6443 10155 75577 29481 86883 68508 53786 73694 34839 86097 96390 97230 33259 41721 10057 45325 2688 78466 43953 397 %n6002 18
61937 80932 98349 82936 96824 60445 12378 45419 91267 2250 84522 69594 35757 98493 8146 53386 13348 15629 %n4223 24
47726 3941 92041 19426 85354 74776 6222 79661 57099 61806 90051 20146 38604 60515 91759 88339 39859 67852 73734 58918 78292 96665 30917 55064 %n5674 18
7497 26421 90497 99877 13364 54489 95358 72423 64490 63923 61464 34582 42297 62282 52456 8726 63019 8189 %n2069 19
70516 27743 35159 94539 15464 15678 77100 43603 96462 14053 274 57895 69476 73972 10677 64823 95610 50009 13902 %n397 12
1094 4602 43104 36258 17654 1196 48233 84051 83965 32424 46010 30321 %n6550 8
4642 61969 29327 36686 55194 42944 73665 88814 %n5076 7
37378 16948 2116 51675 1871 35829 17986 %n4160 4
53201 6361 33221 160 %n3326 5
1096 90971 81387 61054 16313 %n5564 2
70993 86439 %n1143 2
15341 6110 %n6840 0
%n3950 2
20260 95842 %n2296 4
17886 12845 16660 24689 %n948 0
%n2714 1
17469 %n2026 0
%n223 2
5165 69873 %n7811 1
75385 %n4137 0
%n1521 0
%n1577 1
70806 %n8588 1
71399 %n9426 0
%n2658 0
%n1639 0
%n2552 0
%n6447 0
%n8721 0
%n7513 0
%n2942 0
%n7509 0
%n1906 0
%n3077 0
%n7742 0
%n8453 0
%n3101 0
%n2419 0
%n8272 0
%n6533 0
%n2118 0
%n1606 0
%n2525 0
%n1768 0
%n169 0
%n5683 0
%n3727 0
%n4852 0
%n8369 0
%n1431 0
%n8947 0
%n1516 0
%n3491 0
%n7939 0
%n6143 0
%n3102 0
%n3551 0
%n2043 0
%n3516 0
%n6913 0
%n5790 0
%n5463 0
%n2279 0
%n8680 0
%n2048 0
%n1108 0
%n4892 0
%n7624 0
%n4998 0
%n1744 0
%n1544 0
%n8989 0
%n8063 0
%n3267 0
%n6745 0
%n607 0
%n392 0
%n493 0
%n6935 0
%n2719 0
%n1728 0
%n3082 0
%n748 0
%n5907 0
%n8855 0
%n6023 0
%n7496 0
%n7303 0
%n1043 0
%n7866 0
%n9178 0
%n9315 0
%n1711 0
%n6607 0
%n2171 0
%n3944 0
%n8213 0
%n1412 0
%n6799 0
%n