361
4475 113
78203 95636 71814 37576 86512 47603 55477 93899 49882 2442 32566 63929 27769 52132 62209 63557 57765 54219 29337 55820 9768 5219 87311 14265 4006 34479 79580 46554 49386 31148 55079 23256 5242 90786 58395 69759 38320 26257 33227 55810 99597 8958 91326 30618 71824 24266 52124 2974 41211 47375 88044 45871 73619 52111 67129 32789 30019 22984 97837 97590 51570 9995 91050 1130 55104 49840 77126 28574 92805 23794 88342 88614 55471 76113 2771 39017 61079 30391 38100 66454 43333 50875 98222 70116 3066 55355 47702 157 2284 52752 15451 69673 2688 60265 58687 89184 96250 48456 99147 2437 23817 71465 14795 93705 93313 66938 60340 46581 69009 18496 11475 40911 36684 %n5823 93
42813 81408 99409 25073 63094 18573 10023 7546 99310 53662 82622 22821 55223 84114 62780 80108 68305 7127 19049 1813 69402 74131 88238 86834 76817 63850 6279 14248 38626 70239 8768 78283 24651 71078 37408 48980 13288 52769 64926 79676 7867 5477 36623 11601 10624 32444 20115 17870 64807 36361 17729 55669 29246 22416 68225 63181 90986 6922 36452 75905 73321 97858 92160 80169 72401 41287 58626 88806 9066 79251 22822 20738 30940 17600 67215 34067 43305 49384 75627 82855 13229 54437 25245 89972 58311 71320 87559 30889 67784 35530 64949 65796 39517 %n7766 68
40932 27291 89525 71318 60214 54449 94545 39210 29438 65580 60744 94157 24819 67678 538 38416 86121 4580 87905 88800 98729 48533 60591 36054 27372 46130 15605 5792 39795 74785 80802 14718 68507 96018 96084 68539 68074 97177 10952 38251 97769 39723 27459 66597 49998 29350 79098 35330 89364 92302 83956 19594 53177 59397 57116 41313 71743 55426 41605 36496 7216 61440 39488 74249 23261 87885 46120 59383 %n1309 53
10818 13231 58618 51106 60508 84278 4806 69256 55340 49932 11973 65773 66908 5505 90476 55891 7691 76490 37645 67200 50999 73069 70176 62016 87902 51485 67879 6587 81119 51187 20467 96640 73420 89996 50989 67800 72488 92763 65288 42111 8601 79393 89570 74052 83480 38770 48043 35913 45909 74207 57487 99347 97604 %n2938 38
47010 83050 78784 18974 7533 93316 15363 34079 47789 4944 52352 85817 78281 27077 80092 65897 25221 42521 95040 86613 57294 222 17037 57839 48653 50488 72920 45787 67820 12705 67986 19161 98759 92339 9939 90652 30050 13653 %n3569 31
57932 45232 79110 64022 18754 60101 69781 32499 28970 10740 42498 84608 67680 6031 63897 17332 60936 34231 40845 19925 2461 5214 6994 41045 63342 86918 22402 94921 93759 83034 68356 %n7762 25
34848 43094 84020 52089 17283 55462 6156 83191 74588 55259 45234 7560 29078 85761 76554 71530 10830 19985 33738 62473 3 23890 8743 68050 18054 %n6175 21
52793 86404 82273 73523 54605 56267 99983 10962 42318 4493 34500 55256 24561 10860 98335 47579 57023 76614 17649 1870 70889 %n5158 11
65690 16269 26698 60030 16778 94109 92971 21808 54120 53775 49030 %n4927 9
17126 8267 17188 84591 74087 96724 16007 32122 23541 %n7790 3
37302 30409 97359 %n7470 9
19502 61100 41218 82811 35818 99940 96283 57990 25485 %n3929 4
67914 55920 39485 7731 %n1701 2
32087 90073 %n1928 3
10021 87079 62896 %n8426 1
73025 %n4196 3
78349 84817 94148 %n5871 2
20920 65349 %n8249 3
60154 78872 12751 %n8680 2
18903 57211 %n6868 0
%n602 2
45610 66581 %n7134 0
%n8143 1
98273 %n171 0
%n31 0
%n5145 0
%n8533 0
%n7154 0
%n722 0
%n251 1
82267 %n3617 0
%n5256 0
%n1599 0
%n2061 0
%n4309 0
%n7693 0
%n6616 0
%n8517 0
%n8571 0
%n422 0
%n2319 0
%n2524 0
%n1619 0
%n6097 0
%n5857 0
%n2969 0
%n3253 0
%n4907 0
%n3509 0
%n4162 0
%n8770 0
%n8086 0
%n7715 0
%n4714 0
%n2939 0
%n5976 0
%n6213 0
%n4783 0
%n695 0
%n5686 0
%n4065 0
%n5897 0
%n2217 0
%n8121 0
%n4155 0
%n860 0
%n5107 0
%n4456 0
%n5357 0
%n2737 0
%n4273 0
%n5185 0
%n2339 0
%n7386 0
%n3242 0
%n1927 0
%n2210 0
%n864 0
%n7965 0
%n8625 0
%n1840 0
%n4069 0
%n8428 0
%n3975 0
%n8513 0
%n4974 0
%n639 0
%n3685 0
%n1593 0
%n6527 0
%n436 0
%n3121 0
%n8639 0
%n6857 0
%n8783 0
%n2991 0
%n6245 0
%n5985 0
%n7966 0
%n961 0
%n617 0
%n7700 0
%n752 0
%n3327 0
%n7171 0
%n68 0
%n3836 0
%n7594 0
%n8235 0
%n2851 0
%n5369 0
%n957 0
%n2143 0
%n5505 0
%n6573 0
%n4222 0
%n131 0
%n7162 0
%n3365 0
%n3473 0
%n398 0
%n5349 0
%n7800 0
%n5961 0
%n249 0
%n7974 0
%n1350 0
%n5082 0
%n4262 0
%n4609 0
%n4323 0
%n784 0
%n940 0
%n5162 0
%n5740 0
%n4042 0
%n6869 0
%n3882 0
%n2305 0
%n5862 0
%n3425 0
%n5838 0
%n4206 0
%n4897 0
%n1709 0
%n4614 0
%n1747 0
%n1641 0
%n6916 0
%n6015 0
%n8207 0
%n5570 0
%n3926 0
%n7561 0
%n2359 0
%n2501 0
%n7650 0
%n844 0
%n7519 0
%n7359 0
%n7926 0
%n1955 0
%n5412 0
%n5978 0
%n5826 0
%n4280 0
%n8177 0
%n4989 0
%n4486 0
%n6797 0
%n7721 0
%n8431 0
%n6198 0
%n3664 0
%n7646 0
%n8217 0
%n2232 0
%n2721 0
%n1189 0
%n2807 0
%n5736 0
%n7297 0
%n8525 0
%n7706 0
%n1934 0
%n2254 0
%n1045 0
%n6461 0
%n2147 0
%n808 0
%n1324 0
%n5458 0
%n3555 0
%n3303 0
%n2198 0
%n8487 0
%n2605 0
%n7348 0
%n5735 0
%n3189 0
%n3443 0
%n3052 0
%n3918 0
%n1292 0
%n3982 0
%n315 0
%n5629 0
%n1693 0
%n1729 0
%n5069 0
%n7958 0
%n7615 0
%n2746 0
%n4725 0
%n5634 0
%n877 0
%n2250 0
%n231 0
%n405 0
%n7243 0
%n190 0
%n8204 0
%n538 0
%n7985 0
%n915 0
%n2682 0
%n288 0
%n3323 0
%n3690 0
%n1838 0
%n2599 0
%n2216 0
%n934 0
%n6026 0
%n1133 0
%n6336 0
%n1774 0
%n1349 0
%n1779 0
%n204 0
%n7086 0
%n1956 0
%n5858 0
%n148 0
%n1892 0
%n700 0
%n5761 0
%n4956 0
%n6602 0
%n3227 0
%n4634 0
%n7558 0
%n6014 0
%n3236 0
%n7234 0
%n1509 0
%n5656 0
%n5261 0
%n6848 0
%n1148 0
%n903 0
%n3025 0
%n7406 0
%n956 0
%n8063 0
%n7365 0
%n4469 0
%n7016 0
%n8805 0
%n3011 0
%n8671 0
%n689 0
%n1538 0
%n3267 0
%n114 0
%n913 0
%n1233 0
%n7287 0
%n2402 0
%n2843 0
%n3213 0
%n6415 0
%n199 0
%n3035 0
%n8714 0
%n1172 0
%n3516 0
%n2004 0
%n1959 0
%n2321 0
%n7121 0
%n3203 0
%n3687 0
%n5916 0
%n289 0
%n5301 0
%n3751 0
%n4369 0
%n5969 0
%n964 0
%n4190 0
%n6510 0
%n2869 0
%n598 0
%n5380 0
%n8636 0
%n5416 0
%n514 0
%n6776 0
%n4542 0
%n909 0
%n4483 0
%n1083 0
%n5515 0
%n1123 0
%n4175 0
%n6575 0
%n6629 0
%n2431 0
%n7264 0
%n4744 0
%n7120 0
%n5108 0
%n1230 0
%n3053 0
%n4656 0
%n3960 0
%n6392 0
%n797 0
%n8310 0
%n6200 0
%n5015 0
%n3178 0
%n2323 0
%n8034 0
%n200 0
%n993 0
%n4527 0
%n2003 0
%n439 0
%n5867 0
%n5098 0
%n7856 0
%n3729 0
%n1586 0
%n4487 0
%n4776 0
%n4629 0
%n3777 0
%n532 0
%n8664 0
%n3944 0
%n3405 0
%n8205 0
%n2224 0
%n56 0
%n8146 0
%n4521 0
%n8163 0
%n8212 0
%n