34
508 270
55311 14755 27421 12353 61653 74418 4938 45312 30360 6886 34819 24428 46553 60623 22050 65960 75800 50969 47302 12678 42201 77863 81351 75938 28906 82960 14932 28549 57952 4556 48104 77899 81801 53703 81283 18581 20492 481 18065 54336 5041 61185 83645 32548 22805 75200 32375 59837 49815 50133 61858 23989 15000 50507 58842 981 19102 50425 22039 65481 30829 63226 51292 65059 48144 29149 23591 40883 53041 69836 66830 9669 35145 19930 64139 36092 4901 40677 81021 34865 22773 74438 67200 44540 14155 31996 64635 83230 9104 50578 58722 62617 24385 16739 71291 77645 75650 34398 4892 19987 41075 49614 45883 70027 37089 2 44118 22806 72995 76557 6662 69138 3224 32514 42757 79222 25586 74654 16600 36549 39503 62087 83084 14698 2481 45992 4274 54139 893 61008 73110 34165 39003 39614 56353 18764 50854 18027 2532 35890 7435 50508 6237 44609 53676 38964 51162 26471 70439 74472 7883 83739 12667 71507 18816 81842 49650 41329 23021 11025 38854 28195 65503 79262 67141 2741 58832 9848 27429 70876 58868 40993 10475 21620 44170 40717 24492 50254 69482 69349 39670 2016 32588 52435 37698 42870 11835 17902 21635 14228 13425 1437 17575 48173 52186 28095 20424 29783 54312 69760 24425 34700 28219 1286 84235 31597 11573 71716 70781 17534 42450 23102 43939 66023 43311 70786 35927 82403 68240 3358 60811 57118 25454 37986 47209 26172 55879 43889 39065 57808 44740 19942 80297 68765 53348 46611 82909 80427 75783 63555 3548 50709 47330 77677 24458 62603 18819 73342 60569 78013 40656 72189 9707 62567 70246 34233 44249 56356 61233 20648 697 11496 21895 10090 20819 82778 71837 12522 33841 18817 %n1097 46
44902 74211 37114 18473 33778 54797 30159 59061 48836 74480 43190 73534 67332 65841 29898 5732 20405 32118 5885 4650 23159 71160 3996 83587 22861 25046 19836 41490 66024 60812 75025 33409 24013 4566 82154 83471 54510 60827 73745 61110 59150 35371 26432 16747 13056 44382 %n3567 45
60179 21049 42037 57141 33784 22940 2372 32503 15813 29797 69043 53830 5414 29300 53865 24638 22763 58823 57686 43317 61702 69933 81920 58626 65160 34481 38363 83497 72923 53314 5585 56926 54710 63684 6269 81009 5938 50209 29199 2804 49706 57700 7496 46206 45428 %n245 46
26371 18559 48125 29984 15952 39689 45439 63590 27010 2061 41387 34388 45978 35276 50308 60875 32382 60426 11847 20664 66479 10967 57208 54979 27603 62033 27657 8349 45155 7612 38134 34342 41444 47951 76140 18976 38606 12840 54868 82969 54786 14344 59155 29993 48896 71411 %n2570 45
17258 10369 45387 4992 67564 16956 72070 41100 72212 73801 64946 14172 14784 10849 77844 45629 64047 23794 73297 52960 18734 24490 80737 26105 36876 30522 23172 23154 18115 13756 21723 80302 6260 14130 25460 2101 49611 19731 14404 56432 58991 4311 37362 22518 39941 %n2719 45
29760 63647 80104 7715 13363 328 32112 24716 56369 79280 72198 44168 80840 24840 55464 75901 26219 74958 51639 16635 49828 51183 58009 9860 57119 40118 71179 56591 43821 50182 63606 52070 34693 82164 17189 59982 8817 2729 22793 60857 78150 40421 13923 24949 50518 %n1392 46
68383 29959 1956 49141 37395 59876 32712 71096 40972 34555 46040 28922 69790 20586 27447 59505 21671 36818 65421 66016 41422 31830 72033 53477 15914 77638 16001 42798 74203 6437 64475 53608 80622 515 59396 82718 4023 33524 64081 83507 11793 84294 71747 11632 40646 78973 %n1220 46
73818 917 70003 45974 70499 70710 67017 35761 6199 12674 81765 8751 19459 45380 56905 48095 33948 26294 78509 47453 5031 2383 71086 67058 60768 46832 81704 62750 2158 6157 67506 56862 9817 26598 3375 50596 10477 40374 35835 50441 17043 64505 39685 34607 75748 73220 %n1180 46
79692 36028 61460 26159 45440 57848 1395 16120 41961 23963 43874 18482 27171 47215 42707 21870 79387 49230 29 33601 62375 29137 17372 5986 83734 1410 3641 74231 6445 47955 55719 59905 23830 61088 40303 81074 34772 7077 24739 76002 37896 29586 35777 72988 39784 38038 %n338 46
69159 11148 20957 57183 51349 20408 83313 36386 74509 5943 39914 44697 8122 13270 42219 3325 8719 46773 21527 6988 81785 24800 83675 62855 73827 52131 49989 49918 59629 17633 23543 71762 23620 70838 8067 63233 42279 52092 9483 30954 84086 14158 40936 2208 51956 60034 %n2503 45
14135 21545 24755 55003 57017 27449 80867 76903 62321 64939 69781 21647 30326 57409 19535 63383 51779 81899 20780 58859 78169 49336 82942 22927 70927 60555 76396 45701 32629 2920 79826 62068 1693 28534 78055 1193 73555 79960 11981 32785 6565 12646 65732 78354 54300 %n472 46
20640 27935 22318 23149 15445 36010 41508 59736 65373 41045 23319 47914 29857 55033 17537 46812 61494 66496 65988 4355 41790 47419 468 43306 2178 77853 7463 9199 22807 4881 53504 39403 27339 40042 69965 73826 42425 58127 24364 14492 76560 708 28145 75998 40910 81131 %n1141 46
6111 78410 46786 18613 26997 49019 47407 52293 33211 58084 32763 48359 40569 64207 64289 5760 25730 21880 16139 38220 35279 27571 12835 51026 16235 11795 55697 26751 45311 14766 43562 83310 58870 61145 69374 35203 24926 23289 80411 12327 82193 40710 40294 80627 40740 28945 %n1457 46
35773 52523 28905 34560 72085 221 32300 8224 64461 36106 44954 16410 55625 82539 82912 54260 16529 53347 5748 62058 6510 9065 56082 11263 37801 41506 52559 32044 82543 76066 15980 51275 16346 61164 34668 28580 45568 23758 25055 67592 81432 83456 5018 679 81382 69477 %n1074 46
74227 33700 33771 49461 69420 40137 43065 35983 82833 70388 1571 52532 22417 35087 70687 52135 64037 35725 2247 23390 2378 69823 25981 9253 5314 25279 8546 47238 48234 78481 80199 11893 9043 61994 29825 81031 24952 157 26161 64460 61712 14208 66212 78965 16889 74178 %n1558 46
24934 67303 8375 18004 65822 40771 14829 37354 32224 49491 22709 24388 82793 75732 34775 9529 61610 69968 46274 39315 68001 43531 18709 76582 33693 60942 70114 19986 32435 18630 51754 48945 14517 51004 43384 83565 15672 22840 63153 14384 65598 4301 31425 28124 57844 24414 %n593 46
61028 83738 48659 80211 12929 77229 12793 44487 1849 23916 23307 5373 42470 64806 10559 81188 78974 55124 72891 46222 68335 46074 5806 83015 19465 48455 77878 20717 11478 5508 26551 28278 79275 46741 15589 17250 13396 44752 57164 41755 74478 83059 23397 35836 23374 53833 %n797 46
79764 53408 11160 62891 54558 70605 27616 35441 16942 51383 23076 5488 73165 41658 53532 35914 52304 21341 64380 70978 80110 37159 33477 50145 21920 68074 32876 41308 74153 11365 38283 54389 43412 45396 73032 38926 67737 14204 83251 45542 33129 57855 7004 53526 60266 16868 %n369 46
48315 18487 39417 57711 48066 39842 74993 11678 80855 62658 5318 31403 63055 27979 44080 39910 62169 60084 64470 37580 61231 52144 28914 76096 49412 20831 46238 75111 3448 57760 51261 17970 24443 32296 47327 42339 1671 62417 41648 13117 73022 33865 25323 35483 69059 71975 %n2759 45
71681 73919 37667 73546 31019 27872 19507 61885 71165 76645 53259 63189 71498 62670 33985 14683 64953 19095 33711 44275 7336 72572 40939 35286 28207 51543 22780 60050 84101 49550 80653 23532 22440 57813 76131 681 12532 19317 14263 1835 10704 26375 51250 4743 41644 %n1222 46
83124 73646 9510 16603 66430 82587 51414 36608 72782 16677 32536 56959 69916 36446 35337 38262 84142 45315 79145 55980 13221 77077 61813 3846 52639 41264 22579 49847 31905 11004 24866 58354 40981 83143 14595 17328 41831 23252 32018 32188 15582 76237 65747 27831 41799 34206 %n3683 45
22785 308 38572 21386 78050 53475 11982 60217 15499 78922 29725 40859 7045 71208 80558 46793 27072 647 54374 58739 22161 43257 65962 55416 65198 11247 64391 56283 49916 32426 27809 60367 9604 42735 76960 78555 73688 65298 35328 40863 64930 74253 2964 64113 15724 %n368 46
64024 18469 4167 42646 15013 47434 79889 30036 6509 36308 55853 73468 82243 83455 3562 25877 23917 650 2212 35392 42424 38653 67985 18313 74538 37764 22156 52526 70055 14234 2570 61820 18023 37076 64287 76133 46658 12990 57699 14299 59507 32009 77970 31011 46005 80148 %n2992 45
72266 70893 37019 46302 45937 76299 27517 6055 26866 76119 33336 53767 61478 47892 74101 57089 33047 13732 61131 14425 41023 46492 67848 31804 7444 20534 44811 40760 76093 30104 53964 47420 32969 48085 68463 27985 34881 13687 50476 57946 65177 71803 62053 30940 21309 %n2535 45
52915 19894 22604 17998 75638 26061 62946 83400 75094 18395 60675 8411 5813 46384 48194 10305 75017 36492 16628 65051 71558 52151 1959 71745 42698 23805 62427 35579 42467 7084 62888 17109 66699 5310 2231 54411 40626 73256 42644 17936 36145 55673 73434 31058 54578 %n1818 46
78699 38808 14869 35653 53950 76679 56603 25147 1712 9055 1740 35068 76491 4503 36665 40057 44704 62363 52139 65998 76103 68089 12332 23498 82585 36219 80919 68201 77241 3317 70905 424 8022 68402 19324 33685 51017 49130 37428 71984 24599 47465 48327 39485 3850 61296 %n217 46
53521 70202 2839 50087 21297 32636 31990 11588 73035 16405 49135 41316 70383 36829 74761 82051 58557 82472 51424 54245 16420 42090 46875 61738 83421 11916 16496 7494 49185 38726 54768 9783 79631 54784 54465 66431 72059 23402 43791 22369 7675 20309 2234 49512 14423 72440 %n347 46
77286 25755 1094 57871 33818 28078 76045 79846 24360 77729 15043 75886 33545 21877 10759 72353 8745 48442 35206 23394 79882 18272 1545 49415 71923 42863 58253 30009 1389 83192 49547 72548 58224 36007 37784 49378 45662 32891 27077 5437 74939 71669 24157 29435 53906 84233 %n2866 45
45053 64732 24801 25089 8401 7781 51991 46037 37116 72369 80676 1821 59147 2195 15622 65368 14835 67177 10860 20750 35083 28573 35424 55160 23127 63262 4768 50343 4626 83740 38593 61741 66931 14296 65403 75591 67174 39660 67111 13708 27987 65592 80405 58744 60486 %n1093 46
83668 78162 34249 59895 49876 58959 62035 38751 428 19417 44568 6571 55154 18585 29401 56195 27307 62616 65640 47818 4194 23055 24380 22178 33652 19716 13817 21292 17443 4413 52493 55389 76318 19105 78263 46057 25746 29462 13616 43988 3697 6107 17652 30168 9828 4636 %n235 46
15021 53162 67805 42174 80943 43139 72250 71991 14778 43491 3583 53586 38906 60476 56055 76924 46851 9891 7985 15537 28711 37026 73144 67278 3249 50773 26397 41976 72470 20273 35150 67462 59327 64231 56060 13013 44291 70116 71439 72145 34659 20513 78105 36836 63713 82366 %n2585 45
5527 56451 39295 67577 66906 41531 27478 75931 6281 5282 55268 26292 27360 55685 9883 22016 64694 24582 78791 63723 13367 52341 47075 48259 27602 28414 12957 8335 1455 63913 59543 40906 26193 57980 51800 15439 79743 53261 38640 45843 40146 34256 59236 14906 67529 %n165 46
82872 65514 70010 61079 52756 67871 80163 55505 15228 79519 3605 13024 71768 14951 18661 47763 17421 79731 53217 52918 56551 7729 60871 13971 77985 76089 7065 12946 3767 80073 17788 64198 22630 16886 42722 5407 12539 39017 19005 34894 46907 10396 28990 5577 39512 5911 %n668 46
9313 26578 27165 69130 9246 65493 56469 62557 40143 17104 26564 20088 62289 20303 74585 21831 62657 57468 36211 12518 69633 15398 81581 33219 60328 50996 56869 68824 77178 14897 79504 3397 12472 46423 43722 19756 75161 74531 78946 33697 21242 36186 37475 21256 38958 9268 %n