98
10594 8
76353 64706 69357 22281 13290 17313 53469 70952 %n14851 8
35250 62801 31897 71352 95669 16011 25906 16465 %n2820 9
48797 73813 90026 10287 79691 66004 26485 4099 50024 %n8490 8
16064 91657 91697 80285 69495 81888 5934 8230 %n12028 8
78205 21511 58077 17788 15382 60583 51932 27402 %n2711 9
7172 2500 55593 69450 21921 37693 40388 74286 2757 %n11090 8
78936 80554 29568 47169 66744 63458 89027 30030 %n1070 9
58322 345 69698 30026 32882 45795 96094 90015 1774 %n13410 8
72894 34370 59721 36244 33133 87444 92984 36061 %n348 8
65708 16743 32583 92029 73191 66276 10817 29044 %n14383 8
14536 29666 60234 15112 33277 13737 16999 10757 %n6609 8
76555 23193 52040 8241 31716 40483 63588 27028 %n14463 8
60018 67050 46136 32737 19804 17720 29753 83494 %n10668 7
46451 24633 84385 12323 24107 44561 88791 %n7936 8
4827 49909 84909 49261 46038 34240 3229 7606 %n5862 7
92117 3774 31129 93711 23145 88935 26245 %n3204 8
19218 22499 46383 4667 77258 9443 51357 18797 %n10926 6
8059 25947 45660 55595 49624 56232 %n8523 7
68063 5362 41250 73342 5545 43547 93821 %n13080 7
4047 35471 71153 5502 5858 34148 25678 %n13664 8
73557 65540 31595 30131 6667 37445 727 53904 %n13388 6
53354 50869 92761 80256 15056 63264 %n6725 8
11657 3986 11122 34175 78680 60934 18039 35162 %n3918 7
44744 89528 19597 19986 45367 79744 66941 %n3104 7
34349 66557 90888 57516 3760 71758 81796 %n10637 7
92842 2781 25852 44652 71159 59184 77391 %n1592 7
73946 74875 6512 74652 55003 5240 57226 %n10662 8
39853 68908 86642 40089 6817 77246 33018 33633 %n1188 7
69621 59485 94998 95182 65093 79178 36857 %n9104 8
23483 56699 38104 5497 91547 91725 13289 94175 %n4233 9
37955 38282 46137 41795 89417 42146 73628 41798 7585 %n6766 6
72103 90098 51813 2113 7871 66630 %n4303 7
22180 15746 13150 5387 55056 39975 72167 %n2966 7
36797 47616 25122 16608 42532 24166 87726 %n11630 6
66109 87189 79049 28057 59317 41050 %n1348 6
18344 76764 42092 45414 22273 2081 %n59 6
47088 78601 50321 51577 45404 49156 %n6995 4
53235 53211 55034 49425 %n12403 6
711 27004 45139 20771 53653 95346 %n5581 4
26107 19816 63519 64662 %n10871 6
12750 75035 11826 49172 30218 8526 %n15092 5
36512 79816 55986 85047 84937 %n908 7
39966 67477 35585 2732 29383 9567 50320 %n87 7
12728 50356 33288 11950 39710 42403 34681 %n4866 6
49787 79545 9867 53744 86357 16391 %n8351 6
8482 65811 76102 28809 12552 79255 %n11338 7
24403 2666 16053 25795 70131 25867 27420 %n5500 7
80289 76169 64567 19921 4906 22823 17138 %n10567 6
5251 16776 672 38363 61773 81512 %n15082 6
21283 81597 9067 39593 81067 5564 %n3613 5
16741 5283 6904 26587 31510 %n2714 7
58115 12386 6130 55138 56703 82486 367 %n7488 6
8085 29031 90614 71272 52623 74115 %n13267 6
66131 86667 47640 24987 60236 63551 %n1161 6
58607 75430 12437 81651 7930 85001 %n7852 6
18632 92526 11004 3542 60690 61533 %n4301 8
82387 20699 20886 40632 36900 46458 90846 59025 %n3397 6
11407 57234 91574 54497 34075 34585 %n4756 6
7851 83178 63658 63999 6267 59312 %n7090 7
69352 57165 47971 37948 64188 3580 92318 %n4331 7
7641 22200 66770 9339 31330 93460 25089 %n549 6
20986 33616 75327 75356 30332 7491 %n6561 6
48553 19394 27139 96065 28707 90206 %n11324 5
69786 96030 46260 5403 2153 %n8097 2
73101 33536 %n13304 4
55528 19993 53835 22418 %n12480 5
81913 30050 62111 5490 51717 %n13069 5
23031 32141 5222 31403 16614 %n10281 4
14981 16431 23637 69487 %n6443 5
76940 32139 87931 96040 56647 %n15281 6
5091 17247 20833 82124 83531 21649 %n5883 6
19703 58226 61958 2277 41359 59188 %n6836 6
10981 74781 37634 57085 58399 29485 %n571 3
25649 56712 9874 %n12484 3
60095 13836 80446 %n11492 4
76352 86171 85335 28633 %n1692 7
59591 6068 82178 77879 22245 13579 35918 %n6210 4
74625 43294 93738 19905 %n2070 2
51155 69342 %n9836 5
36440 71386 36368 8022 73452 %n9162 6
16802 4614 40780 43505 31787 80674 %n4630 6
42327 68011 53404 40026 86434 14265 %n10062 5
41030 70187 7282 57031 1561 %n145 4
29976 47639 57417 1600 %n1525 3
93222 53246 31676 %n13116 6
60964 25466 69444 83471 84019 54318 %n4434 3
32903 75455 17608 %n15413 6
84974 70640 13334 94233 73847 79333 %n11424 6
53418 17905 92532 78454 60850 770 %n779 4
24637 14507 54595 10434 %n9486 6
5297 27348 28342 78562 72299 50420 %n13331 3
72143 62843 46417 %n6178 6
78990 89816 59423 76839 5048 63757 %n9656 6
48964 15607 54956 94370 74530 81121 %n10979 1
12954 %n990 5
50238 24381 57437 94817 60323 %n14332 3
28710 88063 49106 %n7922 4
45723 6935 38059 74227 %n