290
3370 116
83124 60896 97454 31877 80519 56121 8127 2468 79612 36342 72155 35234 78882 24916 78306 57775 44787 67339 65173 82978 61572 30363 27516 40439 56930 40475 9752 44036 88493 84854 38171 92029 84822 49313 4106 67250 79244 2679 75105 53320 33617 6291 34266 33353 76535 30271 90153 21865 44069 15497 84128 46560 60229 26640 37880 31049 52089 1291 56174 72199 71155 73199 47894 45656 10267 29417 1150 26240 70372 44117 63311 97673 22984 27943 8424 13037 69465 58619 10374 79195 29955 45235 15013 61469 22585 50794 23684 13680 14719 8370 66325 19655 49910 90324 68599 25107 99579 88352 90678 87956 26734 38068 84833 21450 64463 53880 62747 69178 30191 35014 48552 54209 97929 30641 59523 60472 %n4985 90
5152 9546 9994 21273 15165 71055 31119 22964 51926 95258 53250 47697 7048 44557 85037 65204 29801 70110 91109 84748 1561 52497 34047 23472 47208 39911 45588 30356 21729 82259 97568 50663 13434 4382 90551 24195 4652 19865 283 78566 26122 81080 78373 58504 95858 61933 7726 83765 59181 18016 37412 8312 91949 57888 54954 32877 75263 9060 65020 32627 88537 81131 6315 63883 65615 82683 81266 79712 64210 96470 93676 71367 41457 56270 24322 25466 97790 85739 69663 7494 77435 4436 19027 33268 99113 63875 12881 3477 98606 86504 %n5424 68
94702 56719 72877 55170 21343 71183 76970 17842 65999 30098 36604 47662 98175 5998 8690 3837 3865 26448 15559 61117 83526 13219 17436 71499 69747 31337 26895 51168 2245 96140 36040 77228 97035 24187 67806 24413 11239 18232 53430 64033 29278 37827 80779 25900 65687 70562 94158 83734 63381 73493 70509 18227 47669 26911 42248 58797 20981 13525 97316 89382 19735 90500 81439 33643 44713 35281 53929 62190 %n5372 53
66056 42445 7240 96690 4463 42109 43850 97691 21282 53739 57605 17181 84374 4522 13473 85047 83502 92886 20036 58580 47230 60355 77620 12071 82949 45456 45407 40071 52046 67658 13781 85822 68119 42503 74620 48465 98061 54075 14299 99521 63595 11981 46172 80343 75391 42106 68007 402 87119 69355 44596 20444 44883 %n5284 42
31025 76213 80274 56651 58690 99218 68979 6697 11982 2134 76337 38075 49603 4860 68684 96538 97220 82107 89637 88310 9186 11312 67628 10338 93643 67043 33280 49949 353 12465 80860 29055 41829 24345 69326 13421 72403 36529 53355 15352 13260 8061 %n1666 36
84228 95699 66225 17012 86528 33719 95229 50887 59308 8266 67138 13090 80766 40982 33269 1826 74171 83152 67251 520 7332 63984 63048 56194 16851 44986 90583 460 43118 76968 47785 28554 88593 29779 19707 87262 %n2129 28
77997 78504 96797 8430 39754 3948 65134 40259 44228 76926 38934 13049 82154 44092 532 91987 67034 94911 72459 47977 8589 1009 36850 34391 40772 11376 91117 3520 %n2556 23
78418 22067 58094 60632 73930 17367 34179 98844 15356 76921 82880 12405 74286 61989 39898 40864 39050 50327 19382 95632 41576 20492 52957 %n5499 8
76352 64861 9801 13047 38970 6644 59863 45349 %n5908 11
88308 26858 71944 77588 64481 11095 86975 13673 560 67346 5165 %n4203 11
41809 86156 85138 26290 77399 44477 2081 52713 85543 37361 17038 %n6648 11
25942 37666 75899 35216 87824 51866 7615 4586 93275 67377 65713 %n8302 4
54256 360 10045 74230 %n566 4
99031 17469 7970 64618 %n7547 4
60711 85337 15770 80589 %n2166 1
76100 %n5162 2
39067 51736 %n2264 1
91455 %n4423 2
28418 36145 %n384 2
11283 96158 %n1593 0
%n603 2
95937 40800 %n2208 0
%n1168 1
56899 %n1339 0
%n1686 0
%n5906 0
%n6686 0
%n4551 2
30870 3054 %n4645 0
%n259 1
30547 %n643 0
%n258 0
%n7424 0
%n6752 0
%n7830 0
%n3357 0
%n7325 0
%n7350 0
%n5842 0
%n7394 0
%n6295 0
%n3526 0
%n513 0
%n4940 0
%n1700 0
%n3603 0
%n3423 0
%n5115 0
%n5019 0
%n7218 0
%n8264 0
%n6274 0
%n2995 0
%n595 0
%n137 0
%n6328 0
%n6000 0
%n4168 0
%n1858 0
%n3867 0
%n3841 0
%n2575 0
%n112 0
%n5000 0
%n456 0
%n737 0
%n8137 0
%n4325 0
%n3344 0
%n3385 0
%n5044 0
%n1727 0
%n6811 0
%n4125 0
%n1563 0
%n8275 0
%n783 0
%n6799 0
%n3262 0
%n4520 0
%n644 0
%n6986 0
%n7092 0
%n3787 0
%n7991 0
%n4059 0
%n2415 0
%n8185 0
%n5524 0
%n4484 0
%n5681 0
%n3798 0
%n2744 0
%n4385 0
%n1167 0
%n4723 0
%n7674 0
%n1678 0
%n5011 0
%n6282 0
%n2536 0
%n6164 0
%n5067 0
%n3451 0
%n3951 0
%n7172 0
%n7822 0
%n1460 0
%n4315 0
%n96 0
%n4707 0
%n6019 0
%n711 0
%n7256 0
%n7982 0
%n6158 0
%n2180 0
%n521 0
%n1550 0
%n7475 0
%n6842 0
%n6363 0
%n4316 0
%n2175 0
%n706 0
%n3895 0
%n6013 0
%n1935 0
%n1784 0
%n4989 0
%n6497 0
%n7597 0
%n7667 0
%n4794 0
%n6178 0
%n7938 0
%n1860 0
%n880 0
%n5460 0
%n6004 0
%n7341 0
%n4897 0
%n6923 0
%n4800 0
%n970 0
%n8009 0
%n1246 0
%n3811 0
%n2927 0
%n680 0
%n8146 0
%n5788 0
%n4439 0
%n2774 0
%n6994 0
%n5657 0
%n766 0
%n4472 0
%n3124 0
%n1469 0
%n4071 0
%n3615 0
%n5346 0
%n4598 0
%n296 0
%n264 0
%n44 0
%n5129 0
%n5543 0
%n6856 0
%n4581 0
%n367 0
%n8398 0
%n6675 0
%n4555 0
%n2642 0
%n5964 0
%n5055 0
%n1058 0
%n5323 0
%n5353 0
%n4552 0
%n4642 0
%n2754 0
%n2478 0
%n3547 0
%n4943 0
%n5225 0
%n2736 0
%n7122 0
%n2918 0
%n7409 0
%n795 0
%n6480 0
%n2848 0
%n6272 0
%n4365 0
%n8394 0
%n76 0
%n8150 0
%n3744 0
%n3189 0
%n1078 0
%n7282 0
%n5021 0
%n7946 0
%n5821 0
%n4448 0
%n865 0
%n6460 0
%n1952 0
%n6604 0
%n6558 0
%n5562 0
%n88 0
%n1541 0
%n1829 0
%n6455 0
%n6414 0
%n1978 0
%n890 0
%n3630 0
%n2265 0
%n16 0
%n285 0
%n4398 0
%n8438 0
%n168 0
%n3718 0
%n3530 0
%n6578 0
%n6542 0
%n7418 0
%n3065 0
%n8249 0
%n8092 0
%n3392 0
%n4495 0
%n1744 0
%n3855 0
%n512 0
%n1997 0
%n7119 0
%n988 0
%n3125 0
%n3940 0
%n7184 0
%n5924 0
%n5770 0
%n2748 0
%n8193 0
%n5649 0
%n3826 0
%n1290 0
%n8062 0
%n4206 0
%n4192 0
%n4698 0
%n3216 0
%n2318 0
%n5085 0
%n883 0
%n5218 0
%n3210 0
%n530 0
%n2094 0
%n7858 0
%n7930 0
%n5606 0
%n1797 0
%n2136 0
%n2241 0
%n3905 0
%n1273 0
%n6323 0
%n653 0
%n969 0
%n6635 0
%n3162 0
%n4602 0
%n8229 0
%n6080 0
%n5063 0
%n6925 0
%n6639 0
%n4565 0
%n1106 0
%n6154 0
%n1107 0
%n