129
2750 188
59034 30161 5744 38022 79498 33664 50353 32822 52464 31197 96978 92817 54632 21095 35990 12010 97563 43022 22388 48026 9842 77812 75157 53845 22178 20269 62782 64406 20571 36408 21311 76264 37943 51285 95185 38221 50285 89131 1336 80902 42278 22638 27362 37795 98452 45030 70622 8903 75942 78811 61473 89428 34692 52910 11560 72355 5858 37763 79756 48097 8578 59948 54569 19725 88626 59159 23554 91084 11628 63683 62514 19559 59771 13575 4734 72606 32808 59716 3515 13939 22478 17861 9892 17053 82860 540 77083 44312 12640 46794 24672 85291 36857 23868 22564 29645 28057 18322 80696 97342 91127 87627 24508 71603 67554 63038 68799 20177 25089 80702 22048 10398 7763 36438 46674 80906 97825 58243 24325 2920 64669 86180 6549 34764 54883 59178 53118 3019 22592 55173 98151 73955 58434 82214 92824 54273 91040 30616 5785 12192 66321 83692 56210 50208 68833 34750 87024 15386 81295 98472 56645 1220 20742 43180 33806 62899 33741 45758 60784 24553 87732 70973 42952 12016 635 28309 93272 36831 71482 44689 71799 63618 51084 96144 56178 94276 13567 94002 6343 21738 19653 12879 58006 68563 29419 71250 17565 82042 %n5003 134
2241 19830 55242 8351 41619 7323 702 31402 1810 9048 72455 51582 36615 11455 20257 65740 64752 31771 26477 35529 77404 43564 64482 64495 87845 23443 62595 21750 71672 60688 82405 89774 74845 53877 93362 47431 84186 60262 63343 85760 27200 88839 83268 78126 16347 6704 96151 77090 30795 89981 52864 57404 78308 70112 24683 61079 77409 7769 56191 46649 94790 97978 81122 42721 74922 41852 66370 37634 85601 75793 38534 38814 29852 82838 58360 60598 5166 52876 19105 42600 91961 30212 18024 493 69920 20207 31208 37527 32237 2384 86216 2635 83564 71813 44694 45221 68214 82318 91557 55309 57059 52834 3692 2431 20271 13341 75134 93914 35652 69947 58035 92790 31906 71124 68509 49981 71449 37368 31566 94078 52355 22987 28122 49921 27490 81457 73876 84752 53132 85962 28528 48846 7980 98112 %n469 96
93280 8263 17721 93725 98420 24463 17631 9744 48720 35255 25761 35265 23038 22757 81223 62717 41133 93351 15436 21141 58555 24864 31885 92062 19663 4660 63889 46975 27124 10464 40614 60847 68800 601 99264 62154 6119 99481 22039 66050 77997 15278 35696 3316 5090 79510 17405 37758 52888 9017 69714 67681 32392 52948 4683 34458 72109 12459 18674 87089 10916 18158 10762 86108 3434 39737 8019 48199 7270 7848 3924 47858 9041 82730 29135 96952 90606 27247 46513 56585 2248 98947 77352 50356 26168 73280 47020 36010 76073 16160 86903 61016 9644 96283 8818 5411 %n4720 70
78246 69644 86394 8380 26117 69188 3568 37461 16999 81110 87258 49409 66691 81079 38124 36485 96799 87633 80141 13899 3655 22458 52710 98535 2765 66477 3343 67900 54261 34871 76168 42178 78518 78835 14175 20814 12885 11842 63894 14477 96479 2503 46168 30040 98419 79159 52113 27356 41588 25346 7359 4976 97494 19526 25833 42408 52614 76234 57826 96509 90079 86598 79132 9591 28149 70631 48957 76406 60740 53670 %n630 54
62501 42207 57626 82964 69556 82355 18087 79604 71905 80042 69719 54056 89317 56997 71864 73229 49238 64892 19689 75965 16931 61732 53563 19415 37902 7234 309 10896 36094 70504 70932 12765 3383 85978 57102 34880 33964 26768 66402 55328 87030 48710 39081 45071 84261 35164 14579 4762 87547 32430 98095 3465 34273 19805 %n3858 34
87183 38766 20625 78113 88844 96602 774 95190 88094 2125 84649 41061 25247 5986 44092 51906 95525 32048 34668 9081 28460 39189 89894 79423 70486 18444 31054 36132 74526 26345 84079 4900 43490 32747 %n2687 24
34968 83928 81871 54678 95134 69623 99120 69974 22106 64314 27347 29572 77116 68337 39831 75941 93100 23948 48203 794 93281 71043 6712 68373 %n824 17
55919 47361 97080 66007 54802 94285 45366 72459 65569 23312 31082 31785 10687 51882 50081 69147 70439 %n2699 14
52753 76828 48842 18434 76294 6183 1487 26826 63048 76208 60967 47305 83753 19142 %n4074 9
1178 99458 92725 92699 9448 47677 94936 11079 38393 %n405 8
43714 17436 35981 89487 26312 17576 63494 39185 %n1795 5
16671 50288 18652 74407 58584 %n1497 3
20402 93610 67415 %n3805 1
3635 %n2460 2
17502 83783 %n1266 1
91702 %n2991 1
39952 %n3586 0
%n2909 0
%n4848 0
%n2424 0
%n96 0
%n2682 0
%n4880 0
%n4583 0
%n3953 0
%n1750 0
%n2219 0
%n98 1
76911 %n3423 0
%n1829 0
%n2037 0
%n1881 0
%n5268 0
%n2568 0
%n2488 0
%n2188 0
%n3588 0
%n2161 0
%n1660 0
%n4285 0
%n2024 0
%n4808 0
%n4458 0
%n3000 0
%n3944 0
%n1093 0
%n2211 0
%n3599 0
%n3449 0
%n2165 0
%n66 0
%n3658 0
%n4322 0
%n1006 0
%n4287 0
%n4803 0
%n2417 0
%n3987 0
%n3267 0
%n3863 0
%n3576 0
%n4991 0
%n1144 0
%n1273 0
%n2137 0
%n1686 0
%n4778 0
%n4837 0
%n891 0
%n3233 0
%n3660 0
%n4274 0
%n4301 0
%n4451 0
%n2346 0
%n249 0
%n423 0
%n5298 0
%n2632 0
%n2986 0
%n852 0
%n930 0
%n1476 0
%n4355 0
%n554 0
%n3894 0
%n732 0
%n147 0
%n2776 0
%n415 0
%n4746 0
%n1847 0
%n1763 0
%n1398 0
%n1244 0
%n3289 0
%n4260 0
%n3796 0
%n4404 0
%n2242 0
%n3825 0
%n1450 0
%n2612 0
%n594 0
%n1134 0
%n2372 0
%n3002 0
%n5241 0
%n3054 0
%n4021 0
%n2320 0
%n2204 0
%n2735 0
%n946 0
%n733 0
%n36 0
%n1077 0
%n11 0
%n3306 0
%n3116 0
%n2378 0
%n916 0
%n1792 0
%n3492 0
%n331 0
%n4755 0
%n4936 0
%n3803 0
%n