81
358 182
62048 60976 48657 31285 1928 7039 64701 1053 91205 47905 10199 67674 35879 34188 61589 9032 54939 7395 78890 73798 32298 87311 57763 10611 97440 90349 53658 73271 40491 1636 16579 57935 32906 43790 40358 73887 77805 80942 15561 82096 31870 64774 7413 18703 3234 75778 58357 6494 845 3595 70881 42253 62237 12975 46259 99381 57111 14988 6392 31642 68367 8430 60951 82084 24388 15824 24509 92209 49904 18996 22460 34610 40173 68903 17569 85093 15382 42183 53264 60629 8634 17712 24434 25730 74640 81126 14698 24685 36449 99201 48682 16279 90436 62715 65357 98501 10625 60282 18436 54053 31554 95398 42960 27731 96499 89044 34562 70491 29737 54140 92672 7198 80882 69700 52676 50098 73621 67404 19078 24091 58195 10919 58380 74326 94230 98459 96157 65775 42226 4248 53574 6342 76019 78842 67380 25290 63379 65527 73795 66414 62001 33533 67901 14880 35528 77905 34847 72705 47314 16939 79489 33355 69363 26939 17629 83953 57673 39555 9484 18626 89361 30476 8992 37531 40080 62852 5810 74348 24368 29471 5533 55894 39563 1977 63898 93080 84253 35206 83290 17326 14581 302 %n354 143
53575 77893 49441 54795 74879 83878 14304 96867 8346 30257 98646 54207 4726 48503 22064 58817 39224 76654 60823 67069 1974 63098 57612 79639 78903 85148 18170 28712 60974 69150 79360 85107 86782 21833 79075 55387 53225 76553 85749 49377 99129 2067 60318 95175 65534 78373 43667 58151 34676 25786 99035 64264 51705 83271 86124 84230 33416 74281 71783 38842 90326 62457 66053 40569 86309 95675 40005 6808 56226 90217 52680 73747 35022 40031 3113 63047 12307 35185 17691 3104 99122 22284 94120 7001 43486 80277 62812 13764 43980 70833 35192 63187 6635 15720 67109 7996 46561 9325 53703 4495 81727 27798 56594 54942 72988 33573 98342 66377 2667 63105 77578 31716 54087 94123 43434 81699 62466 59523 19793 23868 87499 18472 26070 59703 10870 15260 99562 16861 96641 31952 64031 80967 19174 25780 51861 22474 93729 86288 32717 77279 79152 1896 93919 %n5222 113
19685 61057 52821 28992 41527 74197 15248 4009 40066 46362 7714 6255 38164 31527 18412 34868 16638 36256 44614 75767 68691 31201 38188 64681 42477 95748 60727 64422 23842 16611 85897 55608 15399 24620 96454 80196 18771 56950 89335 48731 41364 83505 37742 84128 72021 38346 9610 496 15793 87902 72813 86417 62062 63449 50060 52579 33866 22515 3016 62847 5139 58371 37617 4367 7388 78190 15704 46860 50076 78463 49327 99468 48416 6492 9631 46519 71440 39949 7008 14747 81989 9001 69781 38451 71901 89147 53327 28724 63585 59519 72065 78581 30437 91491 89818 88007 26729 71653 61648 27541 24827 45737 74606 31252 89191 8910 70574 89847 61209 58907 77693 32089 66101 %n61 93
89948 18451 10148 8832 23137 97896 62540 31042 8608 21629 74418 98705 87357 79298 49421 16075 4539 59698 18194 59537 58685 20986 83845 85864 23046 7044 14699 82693 72187 31499 94430 31635 78486 84349 7640 50903 26190 19365 63119 88126 43632 84400 88120 3665 23261 30788 53727 54883 66620 9294 91449 19407 2248 40560 46972 57869 89442 23539 77428 40593 29412 35886 39920 6511 76900 13914 88374 57795 3316 78302 42321 35511 9349 725 23063 25671 90986 41918 12406 31744 42146 91242 48630 81034 77240 58282 51658 60470 34076 27513 31871 43936 67015 %n614 56
28293 13711 81398 16206 24088 84023 72216 78529 54470 95068 54511 88226 69665 73679 76057 94840 1419 99133 38841 6004 93491 21114 5646 85211 22231 91109 14997 99937 956 5022 45910 67235 88640 33058 82850 83784 12863 58524 93358 46620 34039 4427 97451 44394 84803 17794 89187 61576 73797 10885 18640 74380 53866 12874 33009 20438 %n3680 56
91245 16214 37819 36915 87434 73253 24945 96951 63816 70987 41382 7663 51904 79808 41488 49886 32375 93015 57312 95557 41960 104 12405 24742 24449 45599 81480 40063 13081 94910 19008 5408 95119 67893 89433 30820 31171 61216 78353 8198 7148 63605 86046 18105 91889 62748 69832 41278 46747 42959 1184 89649 73990 89315 48593 98486 %n1227 51
38643 85999 42091 78715 96384 28557 33063 16164 66756 43798 60835 88558 31571 38507 64218 39126 20245 13354 90703 42276 65244 53213 85281 87190 81590 94391 15465 33667 77970 95264 53583 69693 27583 98853 5728 72991 20532 72155 77442 5325 49241 79528 60311 69929 32423 8921 53912 99445 75857 33668 16449 %n622 24
1594 60932 47598 52213 43847 61596 97693 21289 61893 48979 51657 12318 63398 35859 28867 5703 97406 14373 89932 48276 63824 56113 34738 98073 %n2223 21
72587 29170 14486 85598 86984 56319 64792 75580 46166 84672 18818 30896 20358 68739 52795 58970 48844 36194 27198 63774 39811 %n2645 19
68733 92117 46660 18846 84592 34714 66859 51023 93138 58619 28339 84695 37596 90878 13679 87316 67798 36452 23624 %n230 13
86006 89574 54614 60297 95071 84555 60088 16005 58329 25968 39414 17341 53579 %n30 16
61536 36122 70619 26966 16437 76489 19422 97041 89386 93347 90517 74282 68830 45053 85780 86993 %n477 7
62900 71732 79582 65117 37608 50139 39111 %n2738 9
91693 51199 22533 19185 66267 19730 89900 60185 85358 %n4121 14
22098 31232 63368 60193 79868 62381 87765 91343 64680 8932 97388 50091 69810 40055 %n4178 6
76260 59422 3201 37269 67333 97606 %n786 3
3529 47157 66726 %n2111 3
97812 84255 17182 %n2338 1
66235 %n2185 3
43879 59747 83805 %n5348 2
83788 93939 %n2373 1
86021 %n2032 2
87989 89700 %n3174 0
%n4187 1
23796 %n1301 1
45156 %n1489 0
%n2779 0
%n4822 0
%n3691 0
%n1686 2
85011 2856 %n5206 0
%n3062 0
%n3123 0
%n3392 0
%n257 0
%n5312 0
%n3227 0
%n3555 0
%n2104 0
%n5261 0
%n89 0
%n1325 0
%n100 0
%n328 0
%n2695 0
%n5192 0
%n4388 0
%n1209 0
%n3198 0
%n3040 0
%n1473 0
%n1222 0
%n3475 0
%n4484 0
%n4089 0
%n2295 0
%n2009 0
%n4715 0
%n271 0
%n4993 0
%n598 0
%n19 0
%n570 0
%n2366 0
%n4093 0
%n3558 0
%n4807 0
%n1196 0
%n383 0
%n1332 0
%n49 0
%n1612 0
%n4644 0
%n4496 0
%n4616 0
%n975 0
%n131 0
%n1007 0
%n1472 0
%n5092 0
%n