26
700 325
128 42480 41535 75548 27176 59709 78645 69068 91430 46860 34433 11693 87350 40649 47650 2601 45753 27294 76618 2103 81325 12594 16217 23702 82573 12573 26733 80013 34376 67875 65240 82613 6254 86434 28455 6690 63875 41688 52740 34212 37947 54913 4666 39675 72328 37778 66279 19082 62217 61853 37054 36676 51221 22560 14088 10158 21804 82476 47031 20412 73408 15228 17444 55661 82140 98039 19138 66644 26487 67154 42227 69053 90147 67063 26174 12376 53003 6646 83144 63983 67772 74531 28288 66768 37748 52345 93322 27026 66036 40896 26522 63311 58100 3560 81556 12297 28484 33985 31368 10347 3127 36348 22335 73896 94121 3776 86867 52054 50410 44412 83934 84320 86320 90444 72209 36977 88737 6325 62475 36517 43142 27747 80678 89738 92311 37207 96396 22638 90495 56584 37212 22836 50344 65337 67256 96013 40761 78927 35001 6714 61825 98974 42694 70180 68439 97567 88796 92142 29308 97392 90818 3763 94764 5380 50387 68407 25618 7231 96401 53756 89773 58501 5320 56604 6929 95966 14323 62146 66133 41761 88979 33539 83365 72161 75887 37798 63491 92471 22255 48227 50826 89864 91971 57234 7555 680 52277 22763 22716 37425 82317 88557 72130 19824 77194 1699 55189 78151 1406 64492 93338 45928 90172 20417 94490 62726 93392 76272 53543 64531 2839 63005 64442 16769 38131 74195 77524 3505 65246 83684 79450 91856 16937 43996 40130 21873 75084 54510 89933 75036 85324 29870 26135 22381 39693 99013 80898 82646 46030 7057 90416 12431 18814 93209 66241 35862 20636 38390 64543 93600 71990 21052 37423 64620 69024 32437 53610 54976 57228 80433 4176 83915 59278 63086 21883 87303 84239 81522 17962 45064 20924 97072 31742 59514 23735 10300 58757 34713 42564 80176 69671 15602 85118 20477 10046 48272 31880 64054 22144 58144 76615 86038 20066 8787 60102 57581 52651 97656 39302 1247 37886 10480 86911 51482 60713 74490 5662 90795 82645 30943 83530 98183 22916 32344 42740 26378 49165 2147 12954 22755 94897 70492 36017 9815 77639 %n337 175
24240 22271 73337 58056 9283 1940 67854 46101 28220 62362 30077 26128 37684 36063 11422 2187 85835 60692 25376 77667 54609 64982 84041 88576 8913 19462 26759 88458 26587 9864 7894 97946 93494 42688 5289 52321 69169 65127 44981 88051 17112 76104 79175 70552 59359 19729 63498 65905 94180 86779 8729 73505 43021 83812 45138 79129 78355 73393 90467 81532 90472 26328 36279 85417 57441 18017 35492 51116 30187 69760 60553 33670 82779 17769 87095 20546 61137 18820 60769 21226 95617 26909 27394 35397 89048 17284 44079 12829 29557 42673 81198 69608 98928 11809 29932 90554 33737 37857 62281 83501 18158 35601 57757 93328 24272 20138 30107 10403 36746 26509 13807 50912 49688 35095 33631 19557 56667 1411 86512 98988 56495 77513 63199 15872 55925 75485 1428 63673 56828 36669 57772 28248 88097 52032 68804 27665 37520 20651 48051 98803 78896 3038 90338 65821 95187 49351 28507 14665 51704 41458 58868 9433 6754 17574 9335 69445 10308 28498 90641 38998 95217 86787 40904 33912 33454 99171 77555 18825 56837 77065 21932 53043 17556 31008 39747 %n1405 97
61394 39291 47882 79589 39372 36271 77565 31749 82607 5189 30998 8759 3627 73794 12635 12146 7417 73798 67119 33853 66434 58155 45512 29499 15022 93891 70649 66681 38932 58762 335 20082 10740 34905 3817 72760 98970 71861 70363 40629 45805 49055 23060 67567 79574 76219 76401 64805 54569 1152 56996 83864 49683 11837 53624 2367 59670 91108 4244 26017 68777 39232 93357 75498 40637 88981 27443 53285 67155 68192 43615 95076 74003 38021 48202 98575 15339 38396 1159 95358 44081 96111 47489 5206 6781 84740 59083 33217 82480 30335 72091 27295 54729 14586 65182 50790 54017 %n1313 56
308 14850 99122 8068 96288 83496 86647 75812 1141 90633 56839 60680 74854 22938 77818 48938 13377 20819 38856 40148 23074 42005 95017 6086 73214 9441 54036 67361 76088 3969 74061 77764 65706 52944 54356 7455 18487 20772 81571 58189 69025 41775 9425 96091 65589 58859 54192 45470 27582 62346 95440 27002 80725 59529 92219 55333 %n29 41
47979 5276 91610 48246 90312 89869 42050 22802 90774 44071 23314 60747 48806 26614 50815 57464 32155 76357 23053 52052 53473 62728 567 27640 35109 99541 8292 54366 84282 18164 39640 20912 62367 80038 88640 6222 91790 60038 59345 81190 27499 %n735 10
56435 96606 77232 45977 6757 39091 42730 8042 35246 62593 %n1128 7
15362 2842 95452 65563 15969 17578 12485 %n844 7
46930 20362 70441 12549 83180 63747 27335 %n255 4
80219 64599 98670 77317 %n1135 1
15717 %n325 1
81624 %n148 1
89098 %n856 0
%n997 1
95588 %n762 0
%n1400 0
%n924 0
%n1370 0
%n596 0
%n1253 0
%n1465 0
%n982 0
%n782 0
%n481 0
%n456 0
%n397 0
%n