503
384 129
50984 49371 8582 47692 59305 44982 38772 87903 21790 61436 35404 39076 72012 61290 61574 30705 22244 12913 79250 35287 20748 45844 44558 34635 66591 13301 60517 46534 70421 92638 74139 34539 54486 51004 82467 29808 91853 34197 78301 36606 30026 12410 86438 82695 8432 68644 61062 95473 11793 65576 27538 7339 85085 70597 94525 68434 59381 67399 41282 6682 55487 48860 14246 63891 61768 46215 97660 11652 23558 5169 68515 4582 31969 78953 80869 83886 86236 10848 2122 15283 52338 48060 2107 52016 30235 66686 67998 88541 45810 90422 83309 70871 94622 2009 63629 6655 21334 3049 6709 17569 2924 86979 47823 14436 23581 33086 86342 51549 56491 51203 72421 755 75023 92873 92801 61008 74983 36976 3503 14125 91754 85836 86791 58999 41465 39966 1966 81160 64381 %n3996 109
88889 61106 33178 83572 48076 16137 48959 9402 70790 5951 67595 16250 96653 96531 53488 32786 61238 2658 75425 63175 76389 49224 15714 41084 17373 95142 38399 24898 45075 82271 56250 10157 75065 51876 77131 79122 80724 69209 19522 17197 97876 22903 7633 65464 24346 60423 7707 86118 51285 6889 4602 67074 59961 20828 52840 45572 79682 16566 35315 99994 43951 1185 88094 18658 67392 47780 35000 58022 54329 90670 80149 31931 6379 56651 98147 33687 2266 2492 69018 11874 31744 49930 48501 31608 32547 26026 67839 18364 76527 88835 13619 93755 74333 13099 88755 1885 25182 37986 89934 92328 47508 69273 27723 7191 99834 30835 56214 93208 94446 %n7426 85
96331 67262 63592 1659 21289 36421 3803 76580 15047 29528 8035 59744 38011 81203 94971 95305 13389 19461 92256 79083 93647 82142 376 69894 91641 69851 3083 57058 89275 66631 35158 69423 77609 48652 69564 73408 94983 40495 7915 1071 32157 62795 24170 86240 66964 80530 62433 31674 73694 84964 86553 73151 94295 79399 31509 6506 57336 70868 57164 22135 27446 9123 58403 91827 30745 45999 32583 95118 17763 36303 75426 40853 46723 99174 2269 89537 3241 58273 4855 29641 67179 3679 86157 48401 25773 %n1682 65
96193 59127 30948 99440 19362 55767 3047 49340 47656 54967 9201 17915 28213 52180 42133 28878 16612 32977 50231 5243 140 44255 57974 41236 48021 6522 60136 91395 46645 33692 82340 34162 84055 17487 97877 26651 98726 7168 58018 76155 28864 62686 56768 3967 76957 13767 85876 12936 795 96958 457 28182 98457 76231 4908 65995 98112 24241 14897 27083 52462 45772 19606 63102 77054 %n1430 62
38355 7584 55270 70474 24474 34326 94022 85446 40479 69101 41493 79693 99847 84014 82876 82320 44909 22478 53193 65596 80685 60342 88080 57560 95066 36038 77683 90860 38495 44121 88376 8668 11689 58440 2181 4588 94556 82659 55471 91466 3714 79736 5513 65014 11657 40504 20475 776 17336 58730 50357 6647 45950 80729 68180 20113 76248 7116 42257 23337 23702 72260 %n3805 51
95492 4939 63273 8118 96660 47517 20110 45927 95778 39829 50366 10008 79114 98420 98047 96221 91601 3648 69375 54493 93811 70783 65624 18729 93930 69854 56216 61438 31759 36523 34930 53752 65402 99344 64183 83937 78195 54505 82368 74763 59859 64423 60803 54026 18341 24503 79298 29592 94607 28009 83044 %n1170 45
91090 64366 81911 67319 31933 55952 58795 86861 1047 83704 25771 92712 29889 17933 9752 41608 64567 73002 3780 14491 54355 5029 37483 38675 54470 96009 42091 98065 75574 39499 41188 58151 57590 86217 71671 76916 65082 32106 98256 95729 96191 48765 35656 31936 1411 %n1582 27
78759 87848 75664 71851 75055 60678 72909 44787 77945 56708 91855 47138 81076 12 95727 7848 75142 18599 48517 43835 75886 1149 51154 30271 37968 77866 65479 %n6953 26
90628 41744 16145 41895 13203 99839 79350 70880 96262 65011 2071 45741 46318 33373 88961 48279 61554 75846 42737 78934 52512 56004 9080 16844 92860 78118 %n4552 15
48908 40139 33234 81288 37801 32644 30467 95983 55810 3533 5105 19045 72016 18926 41304 %n6207 13
78249 35816 50496 16973 98747 61985 18802 42042 29603 34535 67923 61819 53520 %n7296 14
23679 48169 87621 74019 67153 24643 68240 51334 93276 26268 66789 59865 34477 69226 %n7629 5
76132 99188 71589 33342 34586 %n3894 8
75271 81992 34793 5848 99354 66025 80361 91281 %n6707 12
29626 4830 59884 92943 36982 95039 76343 16029 23590 61795 4078 2401 %n5944 10
30983 96943 87583 25395 71600 9646 49600 90673 10863 14322 %n7586 5
35136 20429 11531 17370 3767 %n3994 5
26609 79412 30522 42271 14801 %n3197 3
15617 87462 6784 %n767 3
20413 49938 98817 %n5672 2
61390 7446 %n6059 2
63945 12326 %n1400 2
24984 8156 %n6244 0
%n2791 3
15392 31120 5787 %n3801 2
29453 68361 %n5352 1
82739 %n6005 1
12264 %n4105 1
10452 %n1887 0
%n2518 0
%n2905 1
82620 %n5682 0
%n4815 0
%n4330 0
%n3347 0
%n5553 0
%n3673 0
%n4032 0
%n26 0
%n188 0
%n7554 0
%n1290 0
%n647 0
%n6084 0
%n2873 0
%n1444 0
%n5953 0
%n7759 0
%n7477 0
%n548 0
%n1709 0
%n7004 0
%n1617 0
%n2782 0
%n5583 0
%n2550 0
%n1036 0
%n6242 0
%n4255 0
%n7428 0
%n6161 0
%n5490 0
%n3387 0
%n1914 0
%n1735 0
%n2647 0
%n3768 0
%n7765 0
%n2503 0
%n2691 0
%n7312 0
%n6521 0
%n4745 0
%n2141 0
%n7203 0
%n5103 0
%n6065 0
%n6847 0
%n3090 0
%n2896 0
%n1229 0
%n5705 0
%n2127 0
%n3441 0
%n532 0
%n1082 0
%n4930 0
%n1073 0
%n5626 0
%n2245 0
%n1457 0
%n6228 0
%n464 0
%n2173 0
%n3581 0
%n6627 0
%n500 0
%n1935 0
%n6153 0
%n3992 0
%n2912 0
%n3720 0
%n889 0
%n7261 0
%n7511 0
%n819 0
%n6160 0
%n2303 0
%n6 0
%n4457 0
%n5187 0
%n1133 0
%n6463 0
%n7423 0
%n6937 0
%n7214 0
%n7059 0
%n4957 0
%n5934 0
%n2931 0
%n7373 0
%n3948 0
%n560 0
%n7596 0
%n7631 0
%n5300 0
%n244 0
%n1167 0
%n809 0
%n289 0
%n1242 0
%n4299 0
%n3076 0
%n2454 0
%n7690 0
%n7298 0
%n2 0
%n2167 0
%n5446 0
%n1426 0
%n6580 0
%n5679 0
%n4267 0
%n6261 0
%n1429 0
%n6586 0
%n7314 0
%n2850 0
%n6651 0
%n939 0
%n271 0
%n5791 0
%n6879 0
%n1993 0
%n3725 0
%n1688 0
%n3988 0
%n4683 0
%n2563 0
%n651 0
%n855 0
%n1964 0
%n1895 0
%n2083 0
%n1002 0
%n5905 0
%n2701 0
%n5480 0
%n1243 0
%n1291 0
%n1725 0
%n6237 0
%n2822 0
%n5958 0
%n4220 0
%n3519 0
%n3541 0
%n5387 0
%n7732 0
%n5556 0
%n5974 0
%n4342 0
%n2401 0
%n1724 0
%n3219 0
%n1283 0
%n2333 0
%n7617 0
%n7595 0
%n6061 0
%n322 0
%n632 0
%n523 0
%n5415 0
%n6723 0
%n1209 0
%n2861 0
%n2671 0
%n1830 0
%n2310 0
%n4456 0
%n3360 0
%n5886 0
%n4041 0
%n5964 0
%n3806 0
%n2580 0
%n7099 0
%n3193 0
%n5097 0
%n6325 0
%n5128 0
%n6902 0
%n1519 0
%n3354 0
%n5051 0
%n745 0
%n960 0
%n7642 0
%n3373 0
%n2093 0
%n6697 0
%n3649 0
%n6996 0
%n116 0
%n7111 0
%n7092 0
%n2847 0
%n7252 0
%n6905 0
%n1226 0
%n5918 0
%n1854 0
%n2585 0
%n2522 0
%n4383 0
%n3646 0
%n3203 0
%n2796 0
%n6792 0
%n3890 0
%n6993 0
%n7630 0
%n142 0
%n3008 0
%n7179 0
%n6827 0
%n6284 0
%n5521 0
%n6949 0
%n6268 0
%n6174 0
%n6185 0
%n5897 0
%n6821 0
%n153 0
%n2578 0
%n7704 0
%n7186 0
%n5654 0
%n894 0
%n4382 0
%n5917 0
%n4437 0
%n4171 0
%n3535 0
%n5588 0
%n2902 0
%n7090 0
%n2984 0
%n1453 0
%n1211 0
%n914 0
%n7463 0
%n2101 0
%n6148 0
%n6798 0
%n687 0
%n4737 0
%n1655 0
%n845 0
%n2130 0
%n4448 0
%n4981 0
%n2818 0
%n7757 0
%n4636 0
%n5088 0
%n5743 0
%n5896 0
%n3494 0
%n2366 0
%n4903 0
%n1398 0
%n1297 0
%n3337 0
%n4300 0
%n6231 0
%n372 0
%n4047 0
%n4046 0
%n698 0
%n21 0
%n2749 0
%n5620 0
%n7342 0
%n2907 0
%n196 0
%n7681 0
%n4798 0
%n1378 0
%n5028 0
%n2937 0
%n6532 0
%n3600 0
%n3211 0
%n524 0
%n1043 0
%n7124 0
%n7758 0
%n7568 0
%n4808 0
%n7695 0
%n6099 0
%n391 0
%n3926 0
%n1143 0
%n2539 0
%n2071 0
%n6619 0
%n4702 0
%n113 0
%n4260 0
%n359 0
%n6750 0
%n4002 0
%n5196 0
%n6090 0
%n3273 0
%n3573 0
%n4489 0
%n1583 0
%n4648 0
%n5496 0
%n3423 0
%n4452 0
%n2767 0
%n95 0
%n3502 0
%n6319 0
%n7206 0
%n1525 0
%n6800 0
%n5688 0
%n6623 0
%n2423 0
%n6408 0
%n6933 0
%n2862 0
%n4400 0
%n3784 0
%n4000 0
%n5176 0
%n766 0
%n2299 0
%n4586 0
%n1524 0
%n2190 0
%n5718 0
%n6819 0
%n926 0
%n7137 0
%n1463 0
%n7047 0
%n7239 0
%n3733 0
%n1897 0
%n7070 0
%n3206 0
%n4950 0
%n40 0
%n1960 0
%n7575 0
%n7103 0
%n2554 0
%n872 0
%n2845 0
%n2962 0
%n1321 0
%n2773 0
%n4127 0
%n1802 0
%n4199 0
%n4495 0
%n1611 0
%n4133 0
%n7432 0
%n7785 0
%n5151 0
%n6901 0
%n65 0
%n3420 0
%n225 0
%n7199 0
%n4608 0
%n4111 0
%n6491 0
%n1692 0
%n6204 0
%n968 0
%n6178 0
%n5197 0
%n4134 0
%n2891 0
%n3062 0
%n1295 0
%n2483 0
%n4259 0
%n689 0
%n3142 0
%n7332 0
%n1334 0
%n3375 0
%n3950 0
%n2353 0
%n2334 0
%n7567 0
%n30 0
%n434 0
%n7701 0
%n1363 0
%n4878 0
%n5513 0
%n5400 0
%n2556 0
%n5593 0
%n7667 0
%n4312 0
%n746 0
%n5171 0
%n5674 0
%n2286 0
%n4272 0
%n7766 0
%n6266 0
%n7280 0
%n1827 0
%n4491 0
%n1044 0
%n6960 0
%n6735 0
%n3591 0
%n486 0
%n5023 0
%n459 0
%n4857 0
%n3196 0
%n3156 0
%n7369 0
%n1761 0
%n6563 0
%n4998 0
%n994 0
%n3428 0
%n4085 0
%n3872 0
%n5684 0
%n4198 0
%n7147 0
%n147 0
%n1973 0
%n251 0
%n1723 0
%n1548 0
%n3601 0
%n3338 0
%n6622 0
%n2718 0
%n228 0
%n6626 0
%n5564 0
%n2068 0
%n5720 0
%n4254 0
%n3215 0
%n4450 0
%n599 0
%n6424 0
%n2589 0
%n4269 0
%n4225 0
%n776 0
%n1847 0
%n4423 0
%n5622 0
%n7711 0
%n2948 0
%n2650 0
%n5914 0
%n5742 0
%n2632 0
%n525 0
%n