81
5472 118
91264 8907 95464 34432 93263 29118 26371 15208 12235 36540 45687 6697 41326 43624 9476 73932 3503 27984 18762 75208 90470 8638 21507 70869 32972 29358 63633 84847 82177 92252 12834 82679 65586 42733 67486 83977 12709 78719 79196 52651 77103 22165 42504 35955 63419 10851 2525 42907 72313 67980 82114 12075 68460 67174 59585 5170 80051 20795 65388 70416 42649 31419 7486 60485 51299 29301 30392 92038 29879 32721 80246 44137 85559 85301 68111 93649 96276 531 80910 21101 51978 86352 68242 47168 69344 9724 45582 87742 70909 8465 45660 5400 59052 82408 9623 70369 37144 67571 62617 18909 88226 74045 44867 25522 22818 96557 76516 81358 11999 13009 601 54351 28401 61252 37606 14732 19507 12138 %n3055 102
62431 533 41035 61877 70805 44512 57605 79420 7599 72625 42674 91140 73094 63063 16327 40460 98390 66761 2389 68381 2601 23146 98407 62613 43664 74909 62683 17830 7681 98960 50267 19535 29685 89017 44743 16521 16651 11929 5105 1875 92260 36007 3446 43936 9983 38880 45572 90880 79953 41904 36556 95723 10010 24 35852 88677 40706 64244 56009 37063 96478 8405 96640 58647 60590 91690 45896 3499 14801 61670 38803 12059 27085 92555 50306 5159 94809 73178 95314 90188 38261 67442 65923 73037 42889 22923 24486 39559 11457 31800 72728 37211 40165 59081 74911 77711 84582 81678 68949 52278 13440 1905 %n3026 89
12418 64043 12705 93284 12453 66972 44360 31017 5955 34492 70184 20181 12227 27361 99299 34691 98417 75249 96989 28621 3896 72304 59337 32471 53379 42799 61460 75532 36511 93731 12301 46751 50121 84658 54853 16591 49936 98629 88489 45400 15874 91016 78443 36221 38912 76114 14130 89162 28158 36864 17079 5529 25649 9041 28011 8669 10377 45634 98230 50670 90318 15141 9803 59545 42877 6930 66085 9457 80299 43234 78676 65204 69018 50456 41543 43474 23768 86279 87536 6606 45820 77721 83260 9650 53023 82212 82797 60969 60001 %n4810 88
54292 37299 28098 16293 77853 14356 48611 98365 82463 91896 21382 31265 54041 32573 22913 65563 21173 56954 90210 97936 34662 74188 43369 80439 64164 39497 48568 13156 60486 88295 3828 49572 17261 43287 53088 51244 9677 38786 87663 26726 95779 71098 55861 23327 76875 3713 18398 3884 71649 78439 85842 21219 4807 95025 72127 66290 83421 35827 67303 63075 97816 48112 15390 36510 50541 7368 94440 39278 52045 29766 65329 19896 72503 52163 20890 24811 24425 49184 43679 20909 44802 40370 62240 35821 88262 48007 62456 25289 %n3400 61
68729 16213 96251 95163 63357 32998 9226 92235 2965 10371 71509 26238 86385 56680 33600 87130 98153 86177 90161 4448 67439 17175 34998 90965 58493 15018 53951 44006 73711 37463 23659 85383 73989 29651 62192 32993 37184 95812 17750 21244 24893 42154 35341 12012 68543 24064 91254 78797 73516 66197 40909 25255 67300 9765 7290 4486 44059 56750 7413 20430 26800 %n3329 65
74878 24352 49961 88680 54181 75586 37108 7778 25571 87023 14953 17402 76203 56118 68546 16373 92811 52148 61213 62928 311 28922 9798 24267 43501 39588 40737 42512 7181 69934 22345 89850 92816 65459 2309 31226 15434 29554 94168 93359 18801 40742 22743 78628 6583 63976 13064 7574 41427 5621 60464 34727 49604 92527 52955 9505 85029 29165 12371 97592 21040 28449 95369 68246 74470 %n1733 45
79770 19903 94913 65147 61068 23868 59011 94338 69289 81118 55330 27518 78711 10356 53766 5555 74981 33504 31592 14946 87455 38910 44471 43380 59328 92566 7909 71938 36191 76276 43440 18360 9500 81550 89795 53135 76397 23737 99722 77008 76629 40367 21307 76556 47196 %n2317 37
34011 28129 43691 1141 17610 14555 92459 70497 28208 68063 63692 75048 90272 11226 38026 39270 64334 20374 88340 71494 31728 89826 71404 95463 24846 31946 31617 66891 49984 29535 68098 42424 32001 80532 20679 76851 61402 %n2442 43
86204 37468 68383 67984 92351 98817 8461 16084 34485 46639 53768 95153 37820 96267 54602 81044 49578 59897 7546 69290 35702 55692 70178 58559 75664 28587 75565 2795 33915 39687 79710 48661 34584 52094 39274 42287 1594 95759 71146 1992 60922 22381 22077 %n4441 36
20346 21620 93885 34027 84584 87696 66848 78056 73174 91345 27775 23342 80762 62052 77179 56870 11060 12942 99902 71661 33248 39074 27472 59074 58362 47096 68925 67313 14277 74182 30902 24974 93459 9140 91037 38677 %n602 31
64073 71951 64662 3564 24619 59339 61269 65974 63199 13762 89543 34580 20716 8234 6333 18421 54482 90449 34484 92825 76825 85361 68711 69807 43777 83533 64069 30358 35786 4275 99934 %n560 33
14070 85071 88760 82052 76030 25022 25694 71296 31896 23212 22023 69808 82057 40419 76192 18012 28479 54464 63081 70168 14542 1102 94404 475 37101 31816 65235 29 4418 19648 73874 26309 83027 %n1493 23
86492 34898 10308 94845 86065 75342 9710 35690 72469 71892 76150 84402 99862 12402 90345 50270 46663 90862 1470 21500 55509 58563 18102 %n1818 19
97328 83788 62055 10986 85423 15784 3082 43125 63555 18083 7459 21036 92769 86856 82163 45668 36891 65402 10899 %n1768 21
95424 78106 7530 83548 68630 13006 58096 76936 44933 84616 40465 50073 52009 52920 85729 43914 49164 28061 303 3199 14407 %n976 11
82498 27762 15466 8028 57241 86700 17645 4659 6074 96492 93584 %n2355 11
58235 48925 44988 23433 18280 6173 49589 53214 6807 53726 11654 %n2279 15
98562 83911 71816 73199 20107 70199 18113 65083 32601 72521 65548 11881 20855 66811 85700 %n3880 8
42573 40190 45614 2879 65986 95406 63622 20322 %n5969 5
92635 72894 99167 13426 7632 %n5184 9
1660 81179 34033 14294 98861 15223 24260 6967 12695 %n3603 6
14012 91776 99507 88628 94306 66455 %n5953 4
74365 11925 22085 10578 %n3786 2
35710 76538 %n2439 7
54780 18335 19532 37175 22119 33905 67835 %n863 9
91120 80272 22643 46023 59857 64256 28550 19500 94620 %n2116 0
%n757 1
36267 %n3147 2
98758 29900 %n2307 5
96355 2843 18541 96097 46484 %n2588 1
7288 %n210 1
13663 %n3990 0
%n2564 1
83360 %n5145 1
69523 %n5951 0
%n655 1
80347 %n6201 0
%n6125 0
%n1575 0
%n2636 1
22418 %n576 0
%n5054 0
%n2627 0
%n4648 0
%n2177 2
69183 57450 %n2068 1
23891 %n6222 2
69094 82999 %n2703 0
%n470 1
89193 %n2011 0
%n5171 0
%n3001 0
%n2014 0
%n2153 0
%n5879 0
%n6016 0
%n391 0
%n1492 0
%n378 0
%n4656 0
%n275 0
%n2214 0
%n5151 0
%n3257 0
%n3117 0
%n4711 0
%n3895 0
%n4591 0
%n2940 0
%n56 0
%n5215 0
%n5767 0
%n3065 0
%n1581 0
%n243 0
%n4869 0
%n1672 1
72238 %n3279 0
%n4323 0
%n1542 0
%n