183
1217 142
89062 20543 24097 49943 88444 4237 27639 60399 35882 73250 70833 97921 82965 1466 50520 57477 89473 14025 63414 83158 13336 45040 29460 72649 75940 33004 7095 59841 70707 39748 57140 4546 64967 68041 87693 37553 5558 96765 97698 67494 69246 45510 43974 96949 27939 74652 54717 46712 47061 76797 38894 63598 74638 15251 40140 98127 87505 42657 93038 97892 38232 22991 57944 7987 71741 44485 61231 76912 1559 33874 41372 97123 34142 81294 53216 77889 8585 41568 61902 82853 64934 15399 62451 9060 30931 54964 71786 99086 16990 29738 40559 52623 36653 31354 67209 2886 11599 68084 28946 93164 56438 51929 51517 52646 28324 32097 29809 77906 65132 65003 80792 33832 66226 94723 60322 96483 1260 62950 96969 69625 38095 15267 81864 70845 41337 82247 64651 12793 5705 4990 47737 65069 59602 35425 54781 70767 51735 33235 57185 26922 18545 66105 %n6126 123
88666 33524 33972 86653 63102 3602 73607 83750 70096 39364 2111 56634 41882 54768 77090 16014 80672 59445 69104 82745 68840 94993 60372 4697 5335 13698 54482 78770 13461 65712 54612 47206 601 12565 67496 9906 90448 27131 84646 15455 33605 22040 48845 29269 66977 38020 54596 78779 83235 7444 29532 99080 19717 78874 31222 8160 93446 77446 54712 77925 15363 63083 13055 62770 48556 7445 52283 92197 37413 24232 1037 68819 93519 83056 65752 45237 26390 7265 72010 88500 16033 11473 75008 47653 2785 51515 42896 79500 54894 84276 31312 46135 58799 53258 21941 46809 56692 54577 49670 66957 91734 57263 853 34021 94623 30550 92709 85241 60529 67356 61815 32053 36913 83179 13954 11891 58651 27371 4414 26607 59819 80661 30232 %n3027 97
98426 18108 38815 66764 94544 37224 56938 70816 61186 72733 75498 78176 19238 91545 52135 82993 88125 95143 49023 43251 36600 16847 63307 69927 15950 11027 68782 11197 79617 26191 84549 75623 51855 81213 60073 15457 33001 43641 23290 70637 10155 43902 65996 96862 3668 57784 55543 34675 2551 37073 88493 55416 38384 86932 7977 10267 12040 46837 92119 30313 30857 89997 35052 57896 85417 95717 73561 72533 61233 19793 45150 57414 64339 36012 87930 94086 81787 33697 35067 13014 73899 72629 18359 86026 88535 99322 41754 94854 32368 51982 78504 60238 4152 76606 69694 40184 56700 %n1605 78
38782 2277 71383 49098 13405 78522 84067 39799 54833 56649 39710 51968 38321 41285 36565 4133 93730 77535 19351 69034 93826 93515 62287 54764 89456 25897 81316 47451 5601 81430 97154 63240 30091 65582 80417 30326 94258 72676 97761 17651 56660 62796 57228 35027 97864 98443 55183 76444 52192 98097 63654 57560 19447 66118 16844 6688 65219 67582 58603 70747 77332 68047 35189 74884 5498 51628 23313 53546 991 8076 29159 90613 61545 87317 50148 17343 51828 67056 %n4886 59
31724 24572 93717 32363 93881 31340 33790 4571 24019 12493 61565 51637 28537 82594 86367 72962 42469 26509 48627 17677 32158 16527 83063 33238 47798 63393 59448 46628 19206 15430 52240 11803 53765 12875 55362 59110 73513 93381 1197 66132 4202 92249 92116 23465 64414 74198 99298 13617 22030 19319 89669 11931 86218 61748 70210 85524 16468 91395 191 %n3362 63
45060 81670 26181 79818 53072 52062 47307 98014 63960 23317 72183 67890 82813 83092 95518 89838 57294 6052 33241 60385 31296 99904 63790 40914 39444 76525 71259 11400 50187 6500 17829 46442 94664 82657 70839 62715 27607 52165 71265 53233 24524 83190 1642 70064 15327 48254 39193 28446 32266 81634 62943 29848 35931 64664 75332 28353 41422 10135 92898 37609 53060 88028 93712 %n4103 39
17010 23461 77325 16133 13008 77542 85001 29660 70987 52879 93722 57021 27853 55629 68705 27290 33150 68285 85160 97237 17060 13326 79844 72300 78983 8855 44675 11166 78489 52177 60183 57513 4622 74588 19448 38763 11040 76589 65814 %n583 39
65513 29195 71550 43880 12614 79161 43930 87528 42055 55876 26414 69743 362 34640 36458 35393 41408 43527 96477 98153 69720 67295 921 33434 79567 90975 14477 38011 78045 23713 92740 54006 40479 74541 30486 9544 62293 47449 79363 %n3669 22
15653 90125 25322 58838 43528 1312 9271 20745 81109 74380 96466 81181 65111 40082 35248 92838 45398 6268 24926 41625 51705 31358 %n5093 20
97161 77946 42736 82860 9719 97001 13128 36751 74598 60273 1398 93313 20110 19329 48717 66454 11854 4957 80845 89833 %n4325 22
15075 2581 27031 17181 33267 91918 27539 78500 31359 39894 2084 13815 9086 20071 65151 89840 82774 10654 6265 4167 10387 50018 %n6761 26
6863 65026 88648 80916 54020 75618 44530 67567 24647 99666 61299 34198 34152 97321 51812 41008 74645 75695 54469 86934 61030 90694 9524 84213 39658 98945 %n4989 11
44236 94346 71347 64835 90084 64031 70269 42603 21254 15307 78150 %n275 12
21155 53127 36701 22950 58368 76623 72344 45934 73584 53661 19536 85450 %n5464 7
94654 96570 45012 19582 82827 16838 78062 %n3945 12
61976 86532 30669 74188 95835 77583 38714 77744 49746 35066 6454 48849 %n4668 2
54057 9368 %n4155 7
49534 68870 90627 56447 36293 60148 21801 %n269 1
91788 %n2191 5
74733 58775 48375 91493 79155 %n4667 8
17549 37895 84062 83197 19914 80116 86537 26069 %n5768 2
76642 11794 %n2665 0
%n2455 2
77922 86562 %n6666 2
89888 9841 %n6109 1
26002 %n6417 2
88308 78552 %n6909 1
39038 %n2815 1
24710 %n1548 0
%n4699 0
%n2418 0
%n2266 0
%n4833 0
%n1690 0
%n3010 0
%n4126 0
%n1863 0
%n1082 0
%n5169 0
%n6071 0
%n3284 0
%n3180 0
%n1630 0
%n5996 0
%n4956 0
%n6424 0
%n6574 0
%n6762 0
%n6096 0
%n2814 0
%n3457 0
%n6113 0
%n4403 0
%n5585 0
%n4158 0
%n4883 0
%n1559 0
%n6090 0
%n3593 0
%n5092 0
%n1722 0
%n3941 0
%n2875 0
%n3640 0
%n129 0
%n6781 0
%n4615 0
%n2782 0
%n1446 0
%n580 0
%n3446 0
%n5436 0
%n2373 0
%n5890 0
%n4512 0
%n5753 0
%n5176 0
%n5812 0
%n4458 0
%n1365 0
%n5325 0
%n1911 0
%n4619 0
%n43 0
%n5870 0
%n1427 0
%n6125 0
%n5370 0
%n5843 0
%n5891 0
%n5718 0
%n2207 0
%n3131 0
%n2878 0
%n3372 0
%n6917 0
%n3915 0
%n415 0
%n3467 0
%n111 0
%n4140 0
%n4280 0
%n5759 0
%n7027 0
%n3021 0
%n787 0
%n1939 0
%n4480 0
%n6207 0
%n6374 0
%n859 0
%n586 0
%n3290 0
%n5918 0
%n2012 0
%n5570 0
%n6245 0
%n5299 0
%n3030 0
%n5930 0
%n6994 0
%n694 0
%n2234 0
%n4001 0
%n417 0
%n4418 0
%n2096 0
%n4931 0
%n6594 0
%n1542 0
%n5478 0
%n3627 0
%n2243 0
%n6032 0
%n5160 0
%n1285 0
%n4676 0
%n6660 0
%n1320 0
%n3203 0
%n3342 0
%n2246 0
%n1009 0
%n1086 0
%n460 0
%n3569 0
%n3199 0
%n6950 0
%n5893 0
%n4594 0
%n6765 0
%n4889 0
%n3853 0
%n3992 0
%n4012 0
%n752 0
%n3664 0
%n3402 0
%n4526 0
%n6378 0
%n4636 0
%n289 0
%n1253 0
%n42 0
%n1555 0
%n155 0
%n5742 0
%n1123 0
%n211 0
%n5663 0
%n6980 0
%n1189 0
%n2885 0
%n6973 0
%n1634 0
%n3208 0
%n3855 0
%n6302 0
%n6141 0
%n2841 0
%n6272 0
%n249 0
%n