141
13349 7
25609 91257 65074 11720 65298 24203 81234 %n9461 7
64520 30577 49088 43932 57639 34882 90810 %n18509 7
44051 41076 12342 4725 33333 961 84242 %n20450 7
8295 70233 34132 74662 71451 7819 87908 %n5968 8
31635 82968 92133 83407 23638 55678 31332 56217 %n1202 8
47289 26541 29338 44386 72837 66672 62019 8525 %n5674 8
37462 24030 85488 1274 50897 34174 70184 50828 %n13759 7
74191 91481 16885 24823 60671 48197 86000 %n18538 7
77548 41027 53098 10396 16080 77327 77805 %n918 8
38886 62352 4805 43361 68335 10963 26946 20884 %n3213 8
57789 87987 55303 82757 31368 45811 28985 86239 %n16067 6
17493 2209 76565 38189 36976 91762 %n13278 7
57842 14832 4769 50143 2355 82506 49617 %n5757 8
18577 86412 84635 2596 73117 76846 12675 58749 %n11227 6
91967 36984 92189 14863 65292 76512 %n11649 7
21752 84477 91073 25872 55603 92218 8446 %n1611 8
29757 53550 83013 14899 58187 68171 31676 70723 %n10880 7
89342 69157 47307 9906 74841 19288 17075 %n9006 8
84888 22855 93122 93396 8204 36537 92634 74540 %n8462 7
73802 29731 58666 73803 53314 75600 43335 %n21144 7
70587 76925 53509 43000 16178 68918 9928 %n7658 5
66214 17336 26018 47868 91111 %n5642 8
50779 43151 29510 34922 4457 19114 29771 20645 %n9572 6
21013 38486 16162 90804 7688 20422 %n19921 6
74243 51081 87047 66186 42463 77966 %n15919 7
70515 80419 78084 47755 54568 89393 4064 %n1982 7
26950 8568 69574 71524 49493 67678 71801 %n2852 6
1312 91385 19914 11292 33749 29719 %n2114 5
80497 46623 71026 49435 42248 %n6768 7
15767 83512 43624 41964 82336 31532 40860 %n322 7
48909 48347 32728 65953 18164 35239 42513 %n8976 6
87570 3410 14923 81513 25034 9582 %n7116 6
4095 91715 15421 19008 11473 67867 %n19814 5
41407 87204 47577 89810 91014 %n3916 6
77762 88689 12438 10923 61547 21462 %n5708 6
20556 14482 65978 33620 50029 31853 %n1045 7
2606 76244 52342 78467 24799 15591 33656 %n14550 7
6833 89260 83200 6315 43853 51898 20802 %n570 7
14615 80894 41375 33485 46368 53886 14688 %n19548 5
43465 43131 39646 53946 58385 %n17186 6
70815 18671 81540 11715 83788 57750 %n6016 3
84959 91663 72939 %n2841 5
6660 77171 83476 19156 77583 %n4887 7
17818 70575 70629 59696 61141 90640 28291 %n815 8
14687 1692 61167 54247 18215 57122 41935 8121 %n16065 6
76987 70739 63050 45249 49742 69483 %n5104 8
33918 53467 26670 45252 87509 13809 4153 71210 %n16543 5
46065 62102 25885 69515 47668 %n5699 7
59440 50272 51793 76982 61449 33593 10242 %n2099 5
85805 48520 28790 39253 4689 %n3255 6
90413 57676 27217 74642 55172 70020 %n7581 3
35388 28587 9781 %n6262 6
63519 22519 61684 64889 15417 72352 %n2553 7
76896 39460 46468 9470 18161 28873 77223 %n16602 7
23133 40657 78096 52933 18354 29074 82152 %n2459 4
22950 58062 45141 7968 %n3275 6
5297 81802 92459 47718 28679 46577 %n6511 7
47636 68691 59122 49495 54619 16836 47406 %n15974 6
75725 65863 80765 19588 22281 82929 %n17311 7
3334 34664 5536 5847 85169 53738 11685 %n4251 6
25922 13658 49957 9594 27290 49625 %n14586 3
70939 8480 2203 %n100 8
44333 4018 83600 27380 55181 62934 737 59962 %n2411 8
89235 30818 79552 9013 16168 7002 12788 28589 %n2083 5
33873 36547 18548 20800 46027 %n16328 3
33606 9825 9280 %n3895 5
76697 40813 41585 10645 76440 %n8454 4
85596 11931 11619 66008 %n19512 6
39144 38925 45404 22262 61778 92106 %n2265 5
21621 37445 25072 48614 90428 %n1240 3
20477 28566 85539 %n5952 3
62775 13297 2201 %n4535 5
37642 52147 85903 46265 89647 %n5822 6
43582 55819 82886 22531 53329 62224 %n18184 6
71657 547 92658 32284 68858 48391 %n13317 6
5575 46483 23624 24554 17743 67704 %n18379 3
59262 46735 85873 %n9590 6
51065 34027 78436 51827 47523 38606 %n2494 5
27106 6288 14948 92865 75327 %n19481 4
38072 17465 38713 51275 %n6121 2
37575 12538 %n15629 6
72294 28930 47738 88930 36626 90464 %n8544 7
73612 28321 4125 79927 33848 15335 20455 %n22175 6
82428 27375 44303 76056 87771 23234 %n10427 6
78978 84631 15617 40633 22252 83851 %n3572 3
57918 78372 50657 %n21653 2
54775 30469 %n1528 5
20707 33548 26703 24594 11166 %n3737 5
87688 5393 52583 53308 75391 %n11682 5
73315 75304 53180 7432 74596 %n13076 5
17774 40468 93060 5866 17940 %n1285 6
44498 12030 86362 24109 14408 49184 %n8390 5
7192 21347 79599 26709 79358 %n4906 2
25564 62506 %n10781 2
46078 63612 %n8129 3
50944 62944 16750 %n11336 4
69099 71954 93001 37194 %n4582 4
72617 1927 19019 40307 %n6426 4
36803 26558 34150 36456 %n6343 6
4397 60699 65525 35283 35154 14818 %n9582 5
19661 26503 24145 62736 10012 %n3970 3
9784 70777 76585 %n10523 5
65402 56665 80083 68263 88663 %n12932 3
31059 9342 78493 %n21965 3
84675 51609 49062 %n2970 3
38883 87723 61693 %n18839 4
53930 70138 48511 88192 %n19513 4
48838 32348 13890 14831 %n6846 5
87187 38937 35851 80989 4441 %n37 4
21345 37641 69779 6076 %n12502 3
17486 86837 12924 %n19220 5
69990 78547 6081 78578 80068 %n183 5
81933 60813 53716 33725 90297 %n12629 6
31703 69200 37710 15627 49220 46628 %n13568 4
5225 39745 41524 15962 %n5891 4
45339 59759 22656 56611 %n17798 3
25199 61405 44959 %n10314 4
21664 88994 20066 66899 %n4903 5
42737 40274 8721 50822 49600 %n76 4
562 5491 88360 52281 %n20934 4
72342 46341 12690 70551 %n13886 2
77156 72846 %n16581 4
29685 29831 45660 83354 %n18831 4
7697 38898 92687 45686 %n16074 3
20317 67460 72810 %n6042 5
92109 72383 10749 50954 69948 %n21238 2
56310 74568 %n19414 4
93610 37380 10597 80172 %n4471 3
19500 62191 40439 %n10244 3
8833 56049 30984 %n17357 5
59246 75944 68558 63238 24838 %n20654 4
9224 24048 31400 27159 %n3044 2
60088 12358 %n1712 2
57795 12111 %n10825 5
32040 76074 42468 86966 77820 %n12989 1
90064 %n353 2
44358 8502 %n11330 3
70419 49204 66705 %n10977 1
76379 %n9587 1
1765 %n6113 2
26437 51853 %n