145
14174 9
57156 26898 74543 30194 3009 74944 53727 45167 44215 %n648 10
62487 35100 83696 78898 68566 47269 209 37517 6714 52285 %n1564 10
1271 71310 8449 8812 51839 55045 47568 43637 13496 84593 %n14498 8
32048 60831 906 41207 16762 21311 28914 60447 %n6066 8
5286 63493 33854 59869 78555 34285 73387 49370 %n2050 8
52771 44804 69961 47074 68341 71771 35818 77344 %n7826 8
41312 73239 54969 53993 39942 57837 37467 43444 %n4278 8
84012 1728 66150 78272 16258 79612 16896 11579 %n14196 8
63667 41695 56873 52486 82576 72407 78999 19164 %n14686 9
5705 52525 7735 14531 46710 58390 20104 29159 19871 %n1400 8
82743 34273 76923 34203 33658 75965 40298 38115 %n4500 7
75542 62766 70024 69691 14156 10889 58690 %n5787 7
32061 52927 61130 65327 77203 46624 48542 %n2576 8
33275 47229 83345 66284 77726 4376 24896 43411 %n2814 6
67745 12132 46067 52133 3114 3833 %n10400 8
26341 71988 52011 16345 74762 31075 38408 79678 %n750 10
26803 66129 52831 42637 1996 70420 6145 14143 25933 58657 %n2509 8
43454 11092 7325 46891 48945 85076 39184 3330 %n10819 3
70303 77650 27744 %n13244 8
81635 79673 26825 16391 41982 17064 7487 65620 %n7887 6
39427 46855 10200 75487 60754 52089 %n116 6
11734 32710 48084 30046 54158 68950 %n4864 4
68820 12152 35065 7541 %n1100 9
44749 28177 80396 34743 83898 34482 6143 3132 28543 %n77 6
6880 76053 1699 35997 81454 25746 %n2154 6
26600 30953 7787 65499 33203 15643 %n3142 6
8796 75014 58819 74497 20364 41478 %n6988 6
23375 12654 83582 21109 11730 14881 %n9413 5
6176 46621 41716 51303 10476 %n7435 3
37784 11990 18947 %n2589 3
13002 81687 23298 %n5192 7
85148 22188 6099 31416 68399 54833 29144 %n13942 5
44176 71427 57011 83347 6867 %n5077 3
8523 32378 48987 %n7069 2
82301 44956 %n1112 4
16601 48773 66043 29035 %n5227 9
71185 81486 28605 21510 77400 83710 75427 32644 47549 %n7139 2
60173 42073 %n13479 4
1932 57209 8587 54688 %n12976 4
47259 79012 65715 33685 %n882 3
8259 48881 79772 %n52 5
78945 54607 34483 28129 84529 %n742 5
67573 11868 33030 24254 15429 %n496 3
33332 71943 47887 %n2416 3
48397 52517 57446 %n4834 2
21675 6218 %n1875 4
24949 48039 2192 14669 %n2686 2
58685 63106 %n1719 5
77550 5094 8402 21462 10349 %n7338 3
31589 51752 77216 %n8681 3
73513 39081 42388 %n5897 3
30390 24756 24664 %n6952 2
28592 74990 %n6904 2
42287 73801 %n2821 4
13969 34824 42274 41633 %n530 3
58595 42914 49858 %n9998 2
63065 9233 %n13650 3
5740 76762 58959 %n8614 1
72609 %n10444 4
72258 28538 62821 59690 %n3338 3
66606 45115 52820 %n1398 1
39021 %n5438 0
%n14288 3
84489 15112 60977 %n13063 1
81005 %n9094 2
53107 49126 %n14116 4
18889 31035 71306 73203 %n965 4
34834 70181 61766 46460 %n1622 1
31152 %n10369 5
21994 68463 72377 303 1919 %n2691 4
33280 22677 82046 12966 %n9747 0
%n4290 2
34218 4824 %n7296 2
39909 56248 %n9105 1
22145 %n6343 2
72795 3309 %n7632 3
9078 76934 34404 %n611 3
16082 37731 59804 %n13468 1
72709 %n2093 2
44905 69394 %n12516 1
56909 %n13295 1
17162 %n4775 2
1184 19063 %n13899 2
10968 83549 %n902 1
39662 %n1694 3
68353 30931 47322 %n5729 3
79378 53361 80404 %n10910 1
85154 %n5473 3
45652 34193 49724 %n14541 3
79843 48419 15149 %n745 2
73858 64224 %n12841 2
67282 25051 %n1510 2
76675 63409 %n11089 3
3589 38899 59473 %n14233 1
58163 %n12035 3
76615 40866 70337 %n3154 0
%n12458 0
%n11349 1
81102 %n600 2
81317 11067 %n4057 1
43282 %n7178 1
53111 %n10759 1
81426 %n14194 2
61172 1905 %n7605 0
%n1199 2
15605 70523 %n4873 1
16815 %n518 0
%n1641 1
25843 %n12457 3
7710 5288 43760 %n13134 1
77687 %n6418 1
55545 %n13246 0
%n6569 0
%n1978 0
%n470 0
%n8744 1
14443 %n12101 2
13775 12763 %n8303 0
%n12901 2
24019 61287 %n11071 0
%n12875 1
46999 %n12426 0
%n10338 0
%n6435 0
%n8717 0
%n1810 1
12147 %n14620 1
81114 %n8442 2
35549 58603 %n13273 0
%n7075 0
%n12636 0
%n13029 0
%n2723 1
18295 %n7882 0
%n1499 0
%n848 0
%n14172 2
43286 71861 %n283 1
75652 %n1216 1
18445 %n11337 1
10360 %n1513 1
19481 %n2932 3
10415 35554 49635 %n11559 0
%n8481 1
47416 %n