392
8107 13
9999 80295 30052 67405 48251 52522 48391 5152 43521 31786 11687 22837 57358 %n15471 12
12559 50322 66462 61488 30888 51215 51548 43285 53866 23749 62269 11085 %n5944 13
55790 43132 26135 38108 27407 32589 30724 65692 9645 41324 3111 67726 30027 %n15369 10
33812 35164 67099 64299 57076 56604 34244 61794 40300 21833 %n14507 11
70178 78070 1089 12713 78573 66558 30953 72560 29892 20340 19331 %n3773 11
6106 4949 73200 46008 25590 19453 57374 73904 78854 40024 55405 %n6536 11
40246 54337 36512 32080 17490 7504 45015 35206 61636 29241 9694 %n5896 11
70610 48969 73423 18301 8687 41955 35143 21949 50698 14382 63610 %n5559 12
78234 39202 20327 67017 76228 68714 109 21365 35036 3592 32042 73863 %n9482 13
64710 2121 31422 60698 36953 72574 62400 17693 36970 72673 29918 79720 6312 %n9853 8
74533 64527 40606 11969 27276 47570 311 80169 %n19668 11
54730 56740 34636 5985 43703 61691 71260 75040 14347 10906 31829 %n18362 9
55938 28603 18113 66076 51383 9726 11922 2419 57427 %n16132 11
40233 17333 35780 51833 60551 44019 80015 26413 19714 75305 52600 %n15209 8
66542 39841 69287 10330 52025 32328 25724 42492 %n11326 13
55993 4439 11776 42344 29968 13367 28986 21808 62949 25446 77097 70764 13999 %n9974 10
60935 17806 35798 32004 5798 48461 80719 26695 69052 29971 %n17978 8
20083 38853 40496 65336 8652 39601 5442 22356 %n2637 8
77234 18921 12788 56902 76692 34855 32111 69454 %n15859 8
30731 54909 63433 14657 78427 31018 2546 8852 %n11136 11
37361 70998 59210 36617 21976 64567 65287 76265 67287 51031 634 %n17843 8
78533 79058 56121 23884 2254 46106 39467 51279 %n11763 10
58220 4436 54383 11082 11131 40404 41651 40373 14140 63887 %n203 6
74239 20942 54436 34152 33622 28493 %n4069 7
72293 30222 41666 35387 81034 31850 51455 %n3075 7
816 69144 45585 53599 76950 8065 24160 %n18665 6
34795 51568 11081 6192 29175 8301 %n1767 9
10841 59491 15353 38550 13782 13286 43220 28621 785 %n4985 8
70302 78801 26768 72283 1164 45476 73615 49570 %n15938 8
72145 69704 22462 41134 69132 75575 1098 78073 %n12695 6
31525 35956 21990 62681 32184 5717 %n14417 5
5694 36493 46973 15120 9693 %n17374 6
72166 34845 33621 5665 36949 9208 %n18224 7
38934 66179 3785 59726 72719 15093 53939 %n5306 4
15303 2108 23130 75352 %n4033 9
8754 59708 41540 8519 78379 63235 75269 70739 49904 %n3464 8
40901 38508 17970 28282 74452 58285 70589 53610 %n13721 7
58159 65728 34896 12050 62798 23944 20724 %n1091 6
69396 77613 63957 61365 36358 9117 %n15112 6
46422 5610 4206 49292 45304 46418 %n11192 6
4856 70409 34554 16231 77412 15911 %n15329 7
48976 4745 29890 68048 62115 4774 29112 %n7272 6
32889 9010 65771 46253 6124 75460 %n3691 6
58462 41168 33794 11299 50068 18770 %n15057 6
14907 58162 76245 20166 63209 53673 %n5764 4
25115 3942 33017 48859 %n6490 5
25698 79357 80494 62744 7968 %n1958 6
32082 62766 19770 36499 11877 23968 %n9723 6
50085 6835 19007 9613 40426 52569 %n14578 6
8318 59548 22315 21804 71052 70718 %n12655 6
30317 53248 54370 3654 29955 17558 %n7377 3
69237 6612 11190 %n6737 3
36409 26106 55736 %n10968 4
35175 12343 76633 62031 %n9411 4
56709 57355 55370 18193 %n18705 4
37773 58440 13957 31660 %n7003 5
13255 20526 74133 72843 37806 %n19802 5
72427 17013 68784 43748 20533 %n1581 4
52220 20880 38299 12742 %n19326 4
32792 79521 38570 28999 %n360 1
13488 %n3943 3
50992 66362 38555 %n3487 2
17544 47735 %n17623 2
35735 61835 %n7269 5
16909 23363 66513 44232 10837 %n16452 1
56788 %n13937 1
37692 %n15004 3
74844 671 54372 %n13514 6
41522 8583 12955 35330 77846 60670 %n10971 0
%n5906 4
54222 1896 37848 44027 %n7518 4
34591 62317 48174 50869 %n10453 2
72191 74635 %n17578 5
72964 64304 41140 7068 52390 %n17239 4
48926 24337 14549 37827 %n16004 1
50722 %n5775 1
77306 %n2210 3
43517 53554 16582 %n10116 3
32600 54384 46209 %n11683 4
71504 42733 18080 31267 %n2420 3
63344 10664 3906 %n5439 4
51564 71956 59624 60688 %n6775 4
32350 31767 2418 56909 %n13363 2
77922 6452 %n13057 3
72960 47208 32084 %n16819 2
61505 36849 %n3442 2
4954 59010 %n7197 3
51634 12125 21698 %n15423 1
36028 %n13739 1
76530 %n6363 1
39356 %n15248 0
%n1537 4
51838 6082 38607 52618 %n10521 1
47276 %n16272 3
11020 31630 79254 %n5131 1
44115 %n18077 3
66706 21518 43188 %n3079 4
74324 39020 41649 20535 %n9484 3
41317 71631 13276 %n17953 1
44564 %n11164 3
9515 20030 49221 %n14489 1
65337 %n1577 1
41020 %n9204 2
40640 4116 %n5338 3
8783 51923 54786 %n16732 3
53693 27911 21196 %n12875 2
28770 22786 %n14849 0
%n3606 1
75284 %n13558 2
4664 38610 %n4582 3
74684 38792 56929 %n17653 0
%n16006 2
44356 48775 %n8536 0
%n4797 0
%n17896 0
%n8747 1
9633 %n11315 3
3863 18894 18733 %n9904 0
%n8998 3
54408 41447 46087 %n3383 0
%n12714 1
73949 %n9101 1
51537 %n8007 1
76966 %n7681 1
49003 %n10576 0
%n19272 1
46491 %n17556 1
2858 %n8057 1
40484 %n1971 1
14856 %n9298 1
16612 %n8667 1
80566 %n5376 1
40454 %n3366 0
%n6692 3
53441 264 48617 %n14299 1
3008 %n18789 1
15542 %n3492 1
60570 %n2174 0
%n12019 1
38313 %n7524 1
9793 %n4017 1
3405 %n12144 0
%n253 0
%n11185 0
%n4467 1
77983 %n10523 0
%n9378 0
%n18609 1
60431 %n16444 0
%n7295 0
%n19787 1
27523 %n15597 0
%n6099 2
1719 43796 %n16560 1
64292 %n5583 0
%n15948 0
%n16825 0
%n7978 1
55355 %n7048 0
%n2652 1
25463 %n8757 0
%n1699 0
%n15552 0
%n15400 0
%n4583 0
%n14157 0
%n16188 3
45308 52481 1518 %n8948 1
74434 %n8160 0
%n19199 0
%n10974 0
%n2326 1
65578 %n8898 0
%n18331 0
%n2850 0
%n612 1
42863 %n10429 0
%n3330 0
%n7131 0
%n11489 0
%n11526 0
%n14919 1
13752 %n3237 0
%n9750 1
1286 %n4275 0
%n18416 0
%n14401 0
%n12298 0
%n15453 1
42625 %n6488 1
48696 %n14282 1
1476 %n11527 2
5579 47691 %n14854 0
%n14960 0
%n18717 1
18562 %n9184 0
%n14617 0
%n12763 0
%n4816 0
%n16576 0
%n810 0
%n5211 0
%n2361 2
15914 74742 %n14864 1
70337 %n230 0
%n8232 0
%n531 0
%n3693 0
%n17017 0
%n2731 0
%n6867 1
73302 %n6343 0
%n16790 0
%n4340 1
12626 %n17231 0
%n6191 0
%n5186 0
%n1458 1
16746 %n9402 0
%n5189 0
%n11918 0
%n10552 0
%n6427 0
%n19452 0
%n9503 0
%n3548 1
1723 %n12998 0
%n1006 0
%n9590 0
%n15269 0
%n1611 0
%n5694 0
%n1571 0
%n8640 1
77387 %n6847 0
%n7678 0
%n4503 0
%n16495 0
%n15383 1
20155 %n1924 1
2260 %n12583 0
%n5418 0
%n1023 0
%n1864 1
56197 %n10606 0
%n1251 0
%n14862 0
%n13522 1
63620 %n10537 0
%n18308 0
%n9743 0
%n15041 0
%n988 0
%n17089 0
%n13806 0
%n14052 0
%n1488 0
%n16627 0
%n11221 0
%n10201 1
38001 %n12365 0
%n2089 0
%n1096 0
%n15850 0
%n508 0
%n18824 0
%n4249 1
60527 %n8854 0
%n4204 1
70092 %n9000 0
%n6091 1
55715 %n18193 0
%n16996 0
%n11328 0
%n16313 0
%n8106 0
%n1141 0
%n18749 0
%n16801 0
%n8706 0
%n12040 0
%n14293 0
%n6689 0
%n15591 0
%n19117 0
%n5947 1
3962 %n3656 0
%n3002 0
%n19681 0
%n9997 0
%n4013 0
%n18196 0
%n6293 0
%n4725 0
%n1741 0
%n1293 0
%n226 0
%n1754 0
%n17038 0
%n16273 0
%n9760 0
%n19563 0
%n3050 0
%n1994 0
%n12424 0
%n1842 0
%n3527 0
%n3065 0
%n19377 0
%n3655 0
%n17723 0
%n17970 0
%n11350 0
%n7990 0
%n5749 0
%n7525 0
%n11172 0
%n13719 0
%n3774 0
%n4265 0
%n229 0
%n10303 0
%n10678 0
%n9977 0
%n9897 0
%n15268 0
%n4482 0
%n17368 0
%n14116 0
%n16228 0
%n13735 0
%n11838 0
%n18950 0
%n14531 0
%n1350 0
%n18662 0
%n6174 0
%n15535 0
%n18319 0
%n11171 0
%n6651 0
%n8656 0
%n6463 0
%n18596 0
%n2086 0
%n3868 0
%n13379 0
%n19654 1
6463 %n10046 0
%n12009 0
%n8120 0
%n18994 0
%n19733 0
%n424 0
%n12301 0
%n3255 0
%n4610 0
%n6441 0
%n6031 0
%n2117 0
%n3898 0
%n10052 0
%n2453 0
%n7088 0
%n19366 0
%n19653 0
%n3999 0
%n18776 0
%n9278 0
%n8279 0
%n10090 0
%n2290 0
%n5548 0
%n157 0
%n11228 0
%n5812 0
%n19286 0
%n16230 0
%n16774 0
%n5696 0
%n17552 0
%n10549 0
%n2015 0
%n9189 0
%n275 0
%n13320 0
%n9152 0
%n8685 0
%n3962 0
%n17902 0
%n19571 0
%n