23
2723 125
52693 17967 51945 39445 19879 29764 11106 19446 39588 8389 16580 2820 31988 56327 55114 19375 1408 30126 13855 6535 6149 27242 21739 52560 55378 47871 8262 33621 42031 46205 9148 26223 55044 49623 23885 31742 14819 40322 13764 35215 31509 40774 4582 1123 249 8570 12512 17261 32434 22276 48543 47194 6623 7977 33583 5040 46201 49686 39122 17588 21445 42713 20377 12997 48823 41865 56931 41331 52680 39282 3304 43817 12371 21384 7351 54546 22210 14270 21660 44312 13137 43476 11724 33053 52463 25538 30387 18333 49981 44317 37205 4200 35620 55477 20047 18007 14807 44461 7427 1023 42985 43134 45699 36311 25981 2557 16277 14810 3250 53850 35176 29336 21723 3252 29120 27832 42658 51382 5691 47530 22595 55716 45001 41860 19174 %n4745 55
33212 37721 9753 49997 16546 29403 18219 21659 1337 4139 30139 38865 20825 25940 26576 20679 50855 40395 11659 41854 14300 43936 19882 32205 36337 52407 822 49097 49579 7457 20145 52183 36320 39897 43763 3793 2249 50950 25172 5753 49156 55023 52962 173 15179 11862 29946 29035 41510 24989 30111 41656 56563 13493 55087 %n1559 22
14841 15916 41839 26832 29095 24196 47205 47490 34365 31120 42159 48962 18858 35727 20876 25738 16229 45785 26622 32250 55572 6645 %n3055 11
38760 43457 19725 12234 33675 55411 47404 20612 27146 32113 10150 %n1047 4
6468 18727 24812 24398 %n680 1
18979 %n3895 1
41480 %n7014 0
%n4958 0
%n6513 0
%n7831 0
%n735 0
%n1380 0
%n3628 0
%n4008 0
%n3338 0
%n2620 0
%n5666 0
%n7044 0
%n5604 0
%n3188 0
%n2553 0
%n2652 0
%n