83
8576 38
45269 65597 24729 25771 79773 44920 28964 87872 28983 85948 40798 4074 24357 72885 75065 21173 60766 56753 49006 6409 67808 37328 79439 21053 63595 48621 53630 64179 42405 33400 89073 62862 2705 98046 1034 91913 4708 9968 %n2170 31
52976 6286 28975 70404 78545 99370 14134 30895 87311 12765 37511 74897 74167 93315 79955 32557 42245 43730 75562 18164 478 55196 25568 99435 23080 44109 56551 33355 63987 72110 24051 %n8507 22
80417 87522 26951 70579 98741 15340 97908 84435 3912 57510 69814 39666 6643 75084 75392 26543 93154 33822 67267 7868 38569 72853 %n8256 19
69322 28393 51358 59104 48332 60328 79823 89918 73092 86196 57834 65961 88024 77240 1598 11023 51403 55703 86549 %n8045 17
10466 15245 7745 55556 25045 61953 33671 96954 29585 31521 86420 89622 12960 28675 76121 95414 76824 %n4203 10
7373 13136 9494 69556 4259 82426 67310 87573 7689 68198 %n8521 7
78489 39053 31941 26028 87725 93140 13837 %n2665 6
47792 27293 25124 8445 56829 45537 %n8552 5
75847 32850 16359 70084 73456 %n86 1
92491 %n5995 3
57839 18899 9194 %n8248 0
%n6108 5
84855 29381 30822 28276 40951 %n5933 1
33769 %n7265 2
65747 34645 %n5218 0
%n8759 0
%n8389 0
%n6090 1
30686 %n3490 0
%n1400 1
73368 %n2577 0
%n2637 0
%n2596 0
%n7451 0
%n7289 0
%n1541 0
%n3199 0
%n4436 0
%n8772 0
%n7336 0
%n5634 0
%n1768 0
%n3652 0
%n8180 0
%n3298 0
%n6994 0
%n188 0
%n3386 0
%n3363 0
%n1031 0
%n2706 0
%n8775 0
%n4957 0
%n2721 0
%n1878 0
%n6970 0
%n475 0
%n3536 0
%n125 0
%n1799 0
%n4621 0
%n2820 0
%n4171 0
%n6346 0
%n4844 0
%n7174 0
%n6503 0
%n523 0
%n6385 0
%n3380 0
%n8299 0
%n2786 0
%n576 0
%n4451 0
%n149 0
%n3820 0
%n2724 0
%n1259 0
%n4904 0
%n409 0
%n5270 0
%n7456 0
%n2584 0
%n5087 0
%n239 0
%n5560 0
%n6986 0
%n5223 0
%n2682 0
%n7490 0
%n2515 0
%n2339 0
%n