105
2396 13
96663 104 19370 37429 81291 6213 45104 71365 40591 90900 79893 57529 93166 %n2635 13
79097 59022 12215 42672 82449 96668 28158 91965 69772 13124 1496 86828 38712 %n3437 12
23925 53073 86599 31946 23083 72237 72730 19558 38650 59972 7962 69732 %n3155 10
94836 26796 27932 46374 17731 68703 86053 67074 64886 41189 %n10110 12
4676 49875 58478 87483 11074 71879 24302 75781 53685 7542 92080 63131 %n5571 13
62748 89303 59860 76956 4553 33770 37576 81852 41207 35008 57419 39531 5543 %n9828 12
13360 89465 24054 38427 61628 57069 47256 93655 48941 61847 73646 80528 %n13313 11
24450 28329 48908 93895 62556 79209 17746 62132 49719 66902 44480 %n5033 11
20075 80073 76105 70398 25491 32647 65886 20759 66205 64032 76124 %n3589 11
49147 61087 62626 81819 31087 62559 27414 722 53523 60993 35209 %n2477 9
69728 22905 89488 28600 77649 83975 66232 14848 4195 %n4011 11
80406 64668 31338 36350 69095 37492 87775 47962 76075 88109 24199 %n12531 10
53132 78904 12464 70899 73572 64067 4171 35353 40119 63875 %n13247 11
68782 56056 85440 12169 4491 94405 71773 52221 68500 28190 24371 %n10784 10
57548 76888 70826 93785 93127 87345 52428 64251 29054 50389 %n766 11
11636 95311 6375 93897 9837 63429 68653 15533 25787 12920 17372 %n2979 8
45598 40152 52080 80957 85211 12924 23901 21067 %n13228 10
87442 44191 59024 61741 21855 91624 93392 71486 12561 75672 %n4488 12
72696 75114 75918 30658 53583 30963 13048 82244 85054 80850 21307 69707 %n6937 8
30649 48127 61441 45011 36588 60573 70577 11051 %n13379 6
87006 50062 36287 48874 96856 87361 %n12488 7
25415 87662 57733 30875 59636 37728 74072 %n3021 7
5247 18041 94063 94475 86616 87925 16629 %n5464 10
16801 32543 7131 33137 82159 28167 96736 6466 8578 22991 %n9098 8
36016 89255 70607 36327 42313 65970 93781 56358 %n150 7
8752 27210 32233 74423 58961 6263 51586 %n61 8
70048 30619 41650 65797 34652 41807 95063 16868 %n7505 7
7225 42413 67138 75438 51934 73809 40930 %n7102 6
73023 27170 75234 19118 6916 52035 %n6487 2
63087 2661 %n5858 8
22028 47024 53194 94995 33993 65928 33073 17959 %n4042 7
36341 91933 10020 82360 32251 93962 11004 %n4241 7
52857 5309 75410 2386 64667 9284 26687 %n4489 4
35474 85090 42107 17581 %n2652 4
60858 5745 32009 54674 %n10974 6
37730 45650 746 60744 51061 63239 %n9974 5
73845 58174 59342 23711 24751 %n7108 6
94135 26686 72086 37600 81938 65143 %n6702 3
69636 15952 74431 %n7269 3
60660 26531 71561 %n7798 5
27621 39650 46632 95291 10218 %n11024 8
47188 10608 52092 50183 73153 27286 11446 1410 %n10774 3
51149 44798 32764 %n898 10
37869 66515 15131 25681 73116 89450 31305 23896 74006 12188 %n5643 9
34748 29662 33401 78209 59246 30160 3563 46908 7194 %n4500 3
77308 10649 67204 %n964 5
8920 78710 83706 34359 93442 %n3813 3
10239 19451 89012 %n13486 4
77873 88379 74799 59281 %n5758 6
69100 8566 42268 24492 76884 2327 %n4064 5
79201 34969 71572 74981 51988 %n7445 5
29634 52533 24336 78480 22562 %n2416 4
43010 39359 79199 90131 %n2950 8
48407 81265 96144 72957 95038 21949 84446 37540 %n5947 4
20168 65136 75209 92475 %n2848 5
23388 58538 50829 422 45295 %n4155 3
13577 44289 67480 %n5912 3
65048 41307 12511 %n8891 4
53626 14782 18777 86603 %n2493 6
3235 57310 48255 78846 42374 33343 %n5372 3
82713 19289 20782 %n5741 6
12145 86360 56509 43803 42426 31151 %n10046 4
9884 8929 25877 47411 %n2489 4
11803 22222 90958 28719 %n8467 6
11351 61092 73613 39346 95108 75622 %n3036 5
42666 70803 13929 47120 43890 %n3728 2
9673 79340 %n8198 5
27785 7197 6646 48937 4442 %n10745 4
76703 40609 77456 44671 %n1060 4
96513 2717 6346 87319 %n1814 3
92998 49961 9160 %n5102 4
16173 2219 25829 12797 %n10969 5
42622 57980 38779 35181 22866 %n5827 4
62688 76101 34577 85347 %n6338 3
45032 35877 36630 %n1301 4
73391 35484 16951 78156 %n3107 3
23373 21730 8773 %n12940 4
7189 82674 16261 32116 %n9840 1
51434 %n13351 3
93722 39574 93059 %n12334 2
89175 14320 %n12543 2
4949 18492 %n1459 6
82641 88193 17151 10321 31786 22407 %n3467 2
71083 76208 %n7894 2
30333 7171 %n7260 3
78250 62646 95828 %n10762 3
45379 11560 30478 %n4196 1
44894 %n8766 5
25901 88375 128 45312 35887 %n3766 2
64724 66166 %n12679 2
27731 71591 %n10943 0
%n9940 2
64270 55324 %n7328 2
62793 87998 %n8986 2
7560 78689 %n7793 0
%n12648 3
6602 17137 96639 %n6860 1
84436 %n11236 2
70307 27606 %n7302 3
41968 27489 13605 %n2782 4
79004 94471 69857 37664 %n1423 0
%n10145 1
78036 %n4899 1
31079 %n5455 1
18394 %n