48
5687 97
73821 45353 92944 94496 56760 23159 75633 77333 39631 86151 83936 42143 62471 10652 27103 51497 49726 68115 32745 36109 81147 76873 75724 36519 68880 88162 41529 36639 48157 82540 32128 76087 7822 61237 58543 52823 61338 70233 59541 65253 30622 88533 84642 50013 18878 24845 40494 97217 50219 63208 37762 20835 94942 96084 65731 43534 64205 58036 57526 85461 54232 74482 65017 9001 87461 80511 49213 99851 10819 47629 14086 94219 47283 39537 11089 53678 25285 89097 16546 93254 46115 3956 4232 82673 12659 18349 35361 13055 37964 54936 59242 15859 29509 39212 79817 76747 96932 %n1835 82
21826 62518 35811 35601 56668 86654 49087 93773 27752 70856 36122 75104 70748 77695 90734 5631 98403 37603 98824 1036 73390 20725 99803 77059 72744 89503 73029 42664 44153 7440 78850 8994 89931 81286 14986 58982 23723 78405 7555 48255 4666 25420 82194 18013 59974 52679 70923 3643 77865 22808 94114 16263 70377 67617 73480 45217 15355 80283 4796 10264 86416 51317 67015 87845 18831 81558 34185 19994 12543 22058 4825 5461 82443 98432 59336 84338 37175 44801 22478 8158 15198 76848 %n1462 72
89737 29450 84816 29772 78015 77912 89988 56855 41530 11400 59295 90232 95081 32937 69827 75247 84082 23584 55841 65694 44773 52478 62926 52777 86293 58456 94820 60860 5380 86056 25776 22300 53805 15978 80403 25254 19781 59296 86928 96828 52444 99927 13321 50312 11726 6383 24945 65644 3376 53313 84617 89450 7573 53691 53912 44757 91354 22210 51623 99026 67970 32028 50115 41682 3283 26431 90757 93300 23233 70162 57953 66487 %n368 61
34255 16000 628 18631 89462 98571 81486 35700 72575 67280 44839 84302 27886 13122 11357 69470 83493 67006 81066 93165 88750 80518 57498 48367 89763 1569 33462 3406 12340 53896 87581 51292 91898 2873 55731 75735 73275 1260 22533 31503 86100 78852 53232 55502 19931 77197 27553 2849 957 84782 26727 44016 19738 71602 66008 8804 69139 29801 68753 99184 71804 %n1053 49
15247 85280 41223 54426 7492 20814 17003 16845 23955 87363 34527 91088 53686 51175 41860 55062 2809 26094 11626 92250 84425 10974 50868 6587 6326 54779 57342 10464 38560 51427 11040 20419 76164 48164 99578 17226 79188 93858 77781 46504 39752 64874 98275 97833 71074 14728 54569 94378 56398 %n2407 44
96259 69779 45686 41351 13127 48540 92133 25460 96495 36308 5087 56379 94064 18296 39970 83884 93999 21986 10981 40611 4142 53302 81455 46189 24270 88207 57882 79300 23614 9566 31456 46909 71727 6664 44428 96609 91784 52175 66723 28041 11699 46503 71636 68044 %n3249 37
65194 55423 35494 97448 27265 2370 55458 40843 71969 86891 48244 82372 72956 71882 93966 32045 75946 80466 61085 74088 83526 13583 7473 73382 56994 91447 39649 99581 61126 51054 78683 85071 87021 46480 26112 12871 22447 %n824 40
13435 34581 21413 63402 10509 12277 93132 94574 13498 41436 16970 89273 80292 9213 95071 34264 99457 61699 8071 26030 12957 74507 9458 68078 22510 30281 95768 53289 97805 79714 72887 10488 55901 39842 17423 65603 25187 95588 37390 60734 %n925 27
37604 38208 40280 48400 13470 94261 18007 43623 32458 7562 72112 30683 82424 26564 99550 14800 97110 64043 93603 33664 98263 88054 46288 70360 55640 64469 30736 %n2903 23
99259 79518 43227 70908 70634 649 6984 91153 1691 22353 61823 98206 13478 8963 80674 12645 44746 93465 14279 38579 76421 46586 38592 %n665 18
58498 47841 76985 58796 18770 66488 39041 32177 78557 52640 97662 22480 75933 9588 80822 71625 49925 77089 %n1976 19
25244 83586 12562 36450 14161 91330 1733 65970 10683 53440 1513 11074 41133 45893 65892 26594 91008 7125 93335 %n6273 15
19970 86818 7502 30198 77317 91111 90972 98329 13873 36456 37002 64438 75251 35062 75334 %n3344 15
42638 32694 6324 99019 50459 74230 48973 64571 72863 61394 16088 24355 63381 63276 99056 %n3349 12
5083 83587 47404 95993 4466 41190 87205 40691 86154 98587 80755 88929 %n6374 8
61528 92217 55555 55659 62817 17719 28081 37479 %n494 5
92278 16831 87270 74854 28 %n6272 7
47335 71617 57784 59794 35165 10866 3289 %n2761 2
9537 27804 %n6388 4
71581 65486 6239 96108 %n5371 4
81000 38781 85986 54279 %n2934 7
95149 23608 46607 88174 19109 45790 18567 %n2268 3
97127 9867 23710 %n792 3
59150 58896 33141 %n6455 1
24352 %n1166 2
4041 99872 %n2066 1
77745 %n107 2
83337 56861 %n6678 0
%n4901 0
%n6267 2
45412 15092 %n5607 1
89629 %n5044 0
%n2300 0
%n2993 1
6225 %n174 0
%n6508 0
%n6405 0
%n591 0
%n2063 0
%n2619 0
%n1172 0
%n3741 0
%n4096 1
25575 %n3545 0
%n3730 0
%n1334 0
%n2330 0
%n