148
137 590
14778 45530 56261 28553 81975 83074 56482 51193 83960 81296 86417 22080 69785 61360 79455 21343 89528 44791 19105 22153 7066 28354 58948 59795 22253 89285 386 66872 78424 45398 48068 70522 33559 21265 121 42061 8754 31692 59838 52238 56805 72059 97887 58427 60219 14674 90927 76435 26212 71504 18429 98332 19473 53519 16185 41743 31348 55388 46717 49493 66879 82280 72259 58828 92652 65177 568 55564 41591 76459 97496 57421 90862 40487 24065 9403 24711 34865 28314 97906 81967 44353 73155 88871 19198 56623 56959 68489 36989 61262 25593 2665 39324 89900 46965 1768 23081 21064 72370 43934 76739 91321 57257 43562 60747 68777 49062 53471 82097 66632 90039 10180 93737 54201 68658 61263 95432 13933 2627 72217 81235 97718 25206 97781 68042 5481 9579 98538 60922 79671 39143 51966 72074 31419 43390 64770 55171 16205 68804 94534 40598 22708 9691 6613 225 78970 46652 95620 19669 15998 99616 57676 99746 21052 53522 87945 70669 42071 52007 54950 56857 39038 51714 27046 33029 6599 80614 99629 21240 23468 86874 45561 98982 58118 45468 45745 31269 11368 82736 4786 61294 55753 778 79131 7978 92898 11692 75339 35757 98158 41698 51656 93242 82244 54375 38129 65948 52758 59580 69382 66713 88137 91668 67606 25924 41968 39348 73961 67276 72969 82829 71558 30766 43890 78733 80046 21751 93824 40241 50905 14672 69596 70988 99228 78279 80166 23532 68755 8112 35505 77710 96986 77133 431 34519 28410 69493 58298 33655 94438 78403 43199 1513 65035 51583 80914 41832 53984 50118 74229 80503 79566 36327 75849 89526 13764 20668 18207 61366 21831 19321 30020 69833 19878 17804 60222 7355 97636 23180 93841 24360 53920 52194 25770 60720 57489 28873 66807 93465 55319 41206 25001 56415 94592 40204 69995 60844 55523 93377 81977 36213 66326 95675 61929 3633 35672 65921 92839 63392 25956 7527 42491 70807 14928 37331 37166 46124 42534 16601 46145 75853 82922 76908 97834 12234 99703 14763 79523 68556 2437 72471 15824 61250 64553 74965 63619 33615 81017 13393 75067 39383 53230 88627 89173 51190 15782 66357 95601 32809 17086 67325 38182 93898 53764 56131 85596 87383 75173 93143 7623 55883 76214 25290 83586 83715 22430 22206 87472 23414 43970 96169 31622 73583 75770 26501 16967 61244 81968 70601 10165 98304 18734 19977 96055 56653 95744 64646 19935 776 10857 82386 67901 65353 34119 40372 33039 28146 64471 36396 9648 55945 71115 67499 3059 47615 94782 80555 28705 94455 53394 66251 61773 14747 11858 99547 9939 70137 82267 4962 60892 61766 57303 48854 90003 51965 6774 43025 66410 67631 82639 1409 51876 25978 46203 26928 59916 43167 1790 39988 61916 60491 33444 2909 39385 92941 61220 8375 77584 38067 20404 32002 12075 7068 91962 54723 43761 88389 85458 16091 10138 95073 67297 82021 31527 88668 90238 79989 80371 91616 77875 35277 24391 95904 43249 73725 11346 77627 60916 20999 21342 27938 86395 40801 16152 24814 67062 22888 18031 56771 20405 64761 97644 35572 43240 57189 47249 45492 12390 38119 85164 55053 7964 39711 37059 99448 74375 3113 7048 93881 56063 12333 74388 11176 147 18630 36058 29393 80801 68377 98309 35583 90568 14114 23341 45395 18328 23641 99857 43789 35565 80980 43372 55365 52438 68427 49838 8312 66528 3237 73910 13673 68984 81361 16441 10772 33871 87600 93028 52475 17308 51443 78076 64060 78440 32253 68175 46178 79401 86418 28467 54391 91108 99731 48414 31617 5995 6506 63634 5666 90275 24313 60662 72474 19778 17813 1094 61446 90823 48935 99136 53092 21402 8056 16554 73790 75426 52608 4197 54199 59298 10091 23696 13989 90421 7807 79982 10648 27201 77558 89399 %n965 27
68549 54921 54344 58742 96459 12506 69742 66140 59131 14386 70400 33132 51044 99726 29965 88560 22188 93267 19229 45999 81078 40890 6271 65694 19241 83174 81889 %n807 27
78027 96687 48745 76352 52557 77439 34212 33322 56667 6851 69199 78857 36882 79302 656 87633 58410 83097 60328 371 2141 78094 50860 12822 6769 87481 30987 %n208 27
74220 60070 70708 56756 68131 68638 64542 71799 60550 4897 47217 44182 59059 59117 42004 41739 68970 68655 83740 65324 73153 61370 82125 1804 87140 99428 42443 %n1689 26
11949 17246 21594 99546 8616 86482 72178 51151 75652 5800 39240 41486 17076 74557 61230 1217 46445 19227 37730 96061 27131 4251 44292 57269 56835 2999 %n114 27
91646 74216 49633 56268 94362 55617 66040 61528 28187 36517 10134 81752 66578 76733 29945 81359 38621 6643 80531 56441 23032 95326 38570 5242 10369 55042 96084 %n542 27
83587 15817 22915 8867 61082 23583 30788 40676 85049 50250 68480 66569 29444 616 95279 99013 25496 61525 96822 85134 30895 2323 50813 62959 16459 51348 92984 %n667 27
7981 23713 94290 88360 64480 790 88733 80201 5049 21175 81634 67005 62625 12671 71676 68540 28572 52685 48404 1564 84899 12345 67821 36955 6273 92551 12377 %n1550 27
81722 74214 47284 5094 6316 34705 8174 39801 24385 75633 11987 5858 35891 23717 33889 85551 3683 1986 20136 83325 60698 64544 14602 85674 42709 93553 58088 %n686 27
80062 57078 47974 92450 82885 55904 77769 56203 40542 98481 63814 64029 44679 11010 88257 50212 64711 40504 44749 42065 21567 56406 78310 17129 47580 88404 73698 %n270 27
148 53489 883 62477 38925 39572 35133 47085 70356 44952 81831 26089 53472 43732 77433 16490 5017 25650 5626 79489 77335 14514 63667 59137 46538 97197 57053 %n970 27
58311 98776 29205 3142 93625 68362 34808 68478 84053 22927 93218 26957 34351 66105 29283 80618 19418 44605 64628 62813 72235 51600 21897 96805 3605 30793 13767 %n169 27
89413 46969 39891 59913 96166 36383 90785 30003 51059 66570 8796 36215 53317 82018 21353 16022 84508 72097 92293 93305 72365 81317 53265 95389 91755 42821 68081 %n1342 27
39448 35667 11834 3614 86610 38796 6718 43508 33438 18396 15011 54635 21555 49555 53551 48926 98825 51199 19123 26014 27499 58960 75771 92855 13429 51559 69642 %n639 27
9802 90760 84859 85984 54833 34747 5299 44886 3229 41181 93539 46458 73385 33413 3691 70801 97198 93756 78471 35426 73852 21339 78894 2382 51703 83087 65768 %n33 27
51622 26723 8044 94605 30913 74135 4203 40157 31382 44295 96886 11011 73932 95895 58089 18898 15621 67780 2486 34028 16480 78601 16260 42083 32060 12110 18419 %n1248 27
14871 98659 42828 18637 89520 23769 47489 56171 91671 19754 57872 46045 66462 72335 34473 20200 77088 48129 56130 2611 5566 92823 61078 1630 98780 46228 19282 %n318 26
18774 84544 40370 67576 87307 36434 41532 46667 55325 45778 23150 73762 91850 85732 84233 76175 96446 37046 94301 95598 69178 87885 82023 70398 35191 92395 %n1582 26
17658 60837 75830 64653 67550 32505 76718 17079 9357 8547 81473 18949 75671 82876 59974 69125 909 95147 73330 30674 77365 51723 2862 65281 96273 13622 %n1606 26
42354 15790 16452 1696 29883 28834 76986 16974 67381 35691 24431 81488 11474 86913 18864 60621 56995 91348 55525 11227 39397 33152 11667 49100 60204 99288 %n1116 27
75784 3601 98544 35437 54502 94439 56495 36485 46132 48760 73712 41802 85093 16458 13583 70631 40275 65258 37769 50975 63892 29315 15464 64940 86843 84539 76553 %n1196 27
79308 51888 37476 57335 95235 84086 12639 48551 74391 45127 87306 45190 62206 78349 7566 20794 25291 8159 3801 82108 33703 9524 95567 59854 50235 54821 67387 %n1538 27
1869 50695 48212 15970 49597 75996 76926 59959 90073 25346 39874 86975 70304 3766 63858 53923 3744 43981 10890 55589 8417 34524 91871 45776 22338 31398 74878 %n982 27
44757 3948 71600 77830 23684 48902 89484 90702 79735 2223 24597 53121 22534 69428 67285 90819 8762 58542 61384 44515 59408 90751 42964 12640 60002 85282 21676 %n773 27
46166 65834 19331 98003 80271 23724 81382 18738 80429 28648 53933 90430 32784 39462 70509 37028 59977 85529 12320 21003 35446 10902 58162 55389 86943 312 80474 %n225 27
98789 69879 89760 53515 56767 6544 40333 10409 74955 80069 83875 8858 82749 17709 54130 59638 87930 93632 51930 43071 92922 86072 88837 46591 95941 56977 10585 %n280 27
30400 2631 10391 63930 41168 71165 82787 83813 81883 8439 26570 95591 51473 96093 66275 4157 16265 74264 45807 74863 47187 94289 47227 20319 64524 74967 91167 %n1016 27
50377 72303 543 57117 36888 10080 82813 48896 4025 27878 25597 29074 36742 95302 60467 1540 64864 19195 51775 10416 2833 95247 10521 83579 70848 54372 28368 %n765 27
7095 30865 17563 86228 30548 66694 41048 30106 87706 6324 93085 53983 74485 70560 97000 89267 26224 66758 73744 25489 80927 73895 85780 86957 76329 41655 10913 %n1599 26
10503 18627 96170 33167 83025 42853 46449 23029 45029 49891 28566 8507 38006 91708 84703 74126 70292 84691 78452 23722 82306 17009 77159 19267 14305 55034 %n1377 27
6504 11375 78113 13273 38340 91817 65657 17910 31336 35279 30581 91122 90713 97334 72559 43801 93275 85391 93771 84968 42123 98473 20391 43476 44486 85595 15432 %n197 27
42590 38852 25642 53889 50369 19515 69964 96275 17562 3501 95696 70366 63277 48717 28964 73654 4902 40810 71811 82414 13803 10475 22579 41907 53067 49282 95031 %n238 27
8067 42980 63781 63240 60136 51183 28679 92939 48274 15703 54700 6500 88787 76336 47953 79200 85265 59968 58836 30594 52812 40738 38776 84730 74443 34664 62225 %n420 27
53466 67258 31632 89677 26017 20389 37665 51287 62890 19110 74392 29842 67371 22732 43004 2397 94237 93214 22624 36788 11794 59423 6085 20028 13988 55087 33807 %n1096 27
62811 39798 68917 27690 84420 1051 18165 99608 52410 25067 90816 18036 89875 36435 55733 92184 40566 86294 66995 91888 88441 14183 72028 98232 23652 92030 53163 %n1002 27
26659 6184 88244 69233 99259 1788 85040 46291 5649 92585 14553 57431 91815 57066 54273 4058 57417 22774 27083 98590 2683 12575 32030 67864 40531 19044 76783 %n1066 27
28826 17358 23506 39619 54702 52965 68518 612 65927 63430 99110 68072 55777 82326 90871 70671 43384 66297 50612 88279 73989 95513 77469 21037 56913 36044 40173 %n885 27
73766 67373 1819 15532 89836 24374 51732 52099 43766 74222 99232 59191 24645 87679 56960 41597 40216 12089 17520 65314 13763 27258 44282 1885 49213 64335 66001 %n477 27
36710 21835 92818 39600 64655 27393 65932 68845 22410 88249 86721 81423 71960 46072 52571 6295 87512 61440 99262 62362 94536 47531 40394 98567 48465 40932 12298 %n106 27
88774 81280 87754 19941 68225 17653 64996 63789 32902 39599 96259 95465 26225 46778 10875 89558 69878 21244 48271 71096 95124 88415 95393 12695 95778 66138 68818 %n19 27
48335 27978 48471 25976 79547 10866 6016 51312 63500 52804 52935 65130 16868 36617 10839 59012 34434 75129 83390 57868 78846 80550 10720 79016 42696 82663 18261 %n1683 26
84762 84391 23143 35139 61674 34089 89138 468 381 98040 52561 1059 80514 95563 28382 39689 83622 12474 79977 71836 68514 85561 48649 28302 98993 65517 %n105 27
55964 59545 78991 65017 52590 42581 48031 41866 15139 83395 92573 58116 76688 10401 98524 27969 93065 15310 21092 50875 3981 19707 1475 81909 10726 28105 12882 %n58 27
99096 10515 62015 52901 49640 66407 64194 81164 70648 26496 94365 84481 76857 68565 97007 92683 4744 45712 31362 80730 52543 47919 23838 13194 95229 38959 97225 %n69 26
90299 81192 43707 56500 1267 98765 93729 20465 76057 45606 3645 14203 33737 31525 31095 928 43267 27998 97687 13123 52463 28134 21477 26595 68183 41608 %n665 27
54835 80632 74261 50954 97676 95023 87743 97250 92824 11388 50543 7885 37150 96763 5728 54101 97657 49394 17023 95038 84777 43428 65931 85998 96648 55522 94083 %n388 27
99910 91339 90006 65645 4836 81856 92575 51300 85167 71550 32102 82729 63039 19663 56949 66397 41566 80005 27760 19079 85468 34264 91521 57394 34254 14612 91390 %n709 27
10932 75705 76373 94080 3901 82812 50423 62105 18691 84175 40464 42215 10270 8631 86422 8340 67976 60240 9046 34445 82575 78572 74962 14250 8487 56319 21056 %n1157 26
23708 23014 8497 14112 9456 73658 33664 96060 28870 10169 13815 15074 13713 51200 81628 69520 96025 4038 39128 11579 9885 27319 80093 13801 81225 72835 %n490 27
25921 90537 73185 54299 99055 21491 10804 97383 78369 94967 54962 94348 44843 31238 71910 19814 99718 13453 7179 62138 67120 81774 38436 89953 5078 32585 48395 %n1187 27
99751 82640 1403 51378 2016 83959 27916 89544 91978 77100 31187 35422 44272 32628 36298 60441 64132 61392 82346 41870 59355 6690 57271 16903 44293 99196 79271 %n582 27
77651 65008 37101 90041 98377 71596 79704 93007 72551 21345 81481 40960 91677 32418 97182 44761 93939 46791 67330 57364 39837 39261 30353 57107 36592 6123 75983 %n1334 27
44080 124 63372 20618 50284 94682 14163 43872 78742 70362 52279 22429 92194 18930 51037 46774 84818 17304 30691 31456 40513 32708 56054 9234 24887 69219 30885 %n1247 27
80263 5495 41394 60231 24241 92837 92156 14774 90817 13156 86744 35577 31413 17189 95808 76873 17582 4743 64044 58596 17431 7553 8813 23592 4479 49142 70017 %n658 26
43290 88671 6980 64196 30313 78324 74624 45130 38452 81483 85059 83515 86769 43758 6527 47382 19713 43954 84312 46002 87770 64406 23589 43861 28031 14332 %n1515 27
20733 47943 38768 6902 39534 96196 33596 90046 12860 50124 49797 34789 20029 79237 59613 85579 99218 52574 71808 49481 16288 82083 40929 2240 7632 37168 81052 %n1566 26
42801 44012 67774 41703 31924 89657 14727 22548 69730 86091 36466 52703 94809 73656 34952 41149 22406 42827 76261 93717 40108 46723 18127 37047 71419 63717 %n207 27
35964 39229 91085 67395 1854 38992 31815 38118 40942 25105 68254 67880 78386 26062 99247 26178 7701 88122 47598 67226 65423 34761 96705 37002 69738 76300 72473 %n1591 26
99841 54569 16598 41474 47665 69328 77913 99278 60428 60336 38707 59791 19380 38313 1022 43956 10657 76296 74379 27506 98357 2004 37041 20487 33594 78333 %n859 27
12051 42985 20182 73243 23183 47568 12510 74089 93965 42449 37057 85566 76081 64807 38108 97533 35976 59240 49307 17151 92496 41912 4427 80947 82615 41154 59090 %n353 27
48331 14662 58912 90638 83252 51358 13496 74100 58407 55573 55079 79848 80627 83062 23760 5509 29625 52372 52266 10837 80394 87799 30311 12304 62415 58475 34570 %n322 27
17321 43121 21484 50902 27653 73888 12979 49837 96088 76473 63621 53564 73700 36420 77896 43075 55658 2836 57048 46573 40065 54350 44294 63853 2470 41792 5126 %n1167 27
33296 95905 99030 18968 71377 64506 42212 76119 62355 13394 94161 519 30535 96225 57413 97438 88719 35171 44079 80065 59979 10193 84671 62882 28050 45986 54256 %n1298 26
34130 74426 27606 86858 69083 93537 89604 81670 89864 25600 55671 3622 74882 30642 89567 77818 6093 85688 57199 69959 42108 76517 38888 32709 90959 24168 %n1362 27
77851 58965 7956 10709 6204 67377 8650 69174 25223 45588 24512 49652 18919 52264 75148 89983 6947 60501 23160 57253 28204 86591 89145 46454 51290 55432 85345 %n1557 27
71586 67607 38281 76101 88873 11813 83385 83491 49084 37159 97205 89223 31329 6856 2565 99952 49354 55238 87831 82743 94093 47683 79224 30804 5258 40952 33086 %n1240 27
14354 53056 52584 5986 44507 94269 17738 47553 24930 89706 18442 63294 90289 92187 35264 50676 73559 33102 4032 48423 78844 11051 30183 21096 78906 18350 60994 %n1624 26
60159 60205 78264 46028 69671 50678 7779 52234 6488 31575 38164 98056 92629 74507 1020 9630 75481 35597 81878 35662 21071 98793 55891 76601 31475 29573 %n1672 26
22982 98587 5683 20802 83432 19673 59452 14574 43892 78271 16201 24107 4334 85426 57907 40076 8275 93364 66011 7012 42124 53845 737 99381 32893 55610 %n1148 27
34240 74408 69546 2764 29993 36672 17697 17516 39106 41972 4621 17008 50721 73882 40131 5875 5883 6937 27546 80246 9850 26514 32337 20879 37695 22316 45346 %n1200 27
26237 29061 59692 11826 68960 96872 93910 25787 5143 53726 59426 10908 79569 49728 76644 93248 53222 6534 34577 84318 74176 3109 80811 52223 31719 42761 1437 %n473 27
13580 73074 49882 73978 26269 90401 12154 1081 34804 58737 82510 66788 52924 70226 75610 15768 25879 12701 89496 22364 93225 74078 31576 94265 92236 15319 80109 %n1532 27
13637 91428 348 14115 15335 64378 987 57187 39310 30334 61098 32405 89690 29296 71632 54411 98924 67512 47577 16771 62567 24885 35981 15303 55318 50205 44772 %n111 27
31555 530 95572 80373 8192 42129 69811 39700 31915 1827 31455 45005 36554 1980 22849 89738 41475 62516 79394 94181 66243 36686 75218 38630 672 87101 67520 %n748 27
86835 64616 44191 75991 9090 92415 36509 54806 68476 8054 68578 94851 77414 17051 76316 4009 34232 28402 46516 96192 89333 38116 90866 20414 66637 94811 65295 %n906 27
12413 69600 74698 73671 50009 375 84258 36312 46574 11024 10998 63983 89688 45532 30605 11622 75720 24445 15334 45554 30470 84244 66881 98425 85392 66761 9319 %n1430 27
98591 52243 44974 5214 85522 2231 51864 18360 13760 53243 40202 23285 1689 94039 36913 92005 25046 85308 18344 19577 13592 41169 98059 4689 9466 33674 30000 %n763 27
78656 88843 33568 96703 82633 84443 98961 85140 86197 32960 66409 22142 834 54576 87534 86983 92543 27825 44809 48930 46074 87934 34863 99478 97532 6252 92523 %n136 27
10431 40166 4492 19535 60128 35176 24616 98723 69531 55276 51550 80692 19783 65112 32579 8620 71026 70691 55341 87049 58870 94717 68493 70420 1896 76817 70997 %n190 27
26669 15207 26083 73247 37859 22472 98940 98065 7677 48550 70876 78943 63396 93542 97720 45869 75718 96967 43299 47495 82544 37200 61556 17360 68718 67117 34714 %n562 27
75032 65885 90732 51878 26982 93227 51117 50393 81263 37064 83421 85184 39077 93173 80491 29715 28807 1283 63263 31662 7451 60912 50383 16716 8753 264 57738 %n443 27
39358 77786 93351 58928 10871 41015 61007 44440 25461 93044 3873 89393 30518 39380 18693 26682 62717 73729 95434 78954 39465 6074 85039 30418 43980 22163 80634 %n375 27
41748 22067 47392 83720 81075 69826 29038 63923 47357 23801 15097 28400 71911 70827 80482 92549 94431 65492 78268 16026 64536 73290 68733 20580 58472 67827 85438 %n522 27
13748 71253 55298 6590 24699 71389 52491 64082 30966 29295 60575 35381 80989 97749 29961 77837 39737 94952 52551 66842 51625 58351 22423 29248 79557 26938 13463 %n813 27
32887 91665 84625 64590 76993 32408 10357 87949 78011 59143 17543 54021 70250 94627 75903 36398 64548 50081 41334 24613 35357 31458 64331 30439 16739 42627 53812 %n317 27
64622 67193 25232 105 48133 93376 44988 53357 17807 23596 61853 19757 43485 38115 89718 7792 4805 72356 27638 69223 41212 56315 84707 87117 38762 68078 71935 %n36 27
74382 95043 43495 64373 36335 19986 44346 2164 64137 50139 58797 40386 74851 60157 15329 32349 88361 4378 31764 79256 69449 55486 81514 97861 24067 38402 98607 %n116 27
13260 10635 39923 47364 57163 6717 1716 67070 21286 86097 89161 7102 8804 31536 41294 40851 90109 37194 7277 84177 41124 63184 86945 83580 13113 632 31548 %n822 27
49424 73051 98153 44737 57791 23174 57809 84657 2049 7492 15414 20271 33897 15737 4545 21361 2189 50211 33722 62474 7035 67333 15706 95725 76931 13516 51103 %n377 27
31923 81530 15079 73476 82630 38510 66962 80075 72269 79443 32927 21189 62697 2019 95844 71358 3053 78052 29182 66701 84559 5036 38158 58270 88396 98827 91707 %n177 27
28338 5564 59165 10040 35099 40928 71481 37098 19407 33044 88375 93872 98442 78763 24937 36340 21969 5733 81125 56516 61880 53543 38874 95785 21093 53246 9412 %n398 27
80282 87033 47558 13480 41120 22697 45704 64850 57341 86361 30635 40392 47069 5766 46336 74691 47623 63706 55190 71432 26786 14835 90699 54644 25374 88358 75296 %n442 27
26640 64695 27439 78042 22921 8328 14571 83730 33159 26683 54463 45779 67552 64142 77598 51145 73994 14395 18473 98413 87892 44355 83277 88297 26159 42017 2331 %n814 27
33908 84946 81619 47844 32696 84704 68029 83584 26984 42503 35486 72336 8242 55125 18114 83411 72845 64851 34584 4982 34702 19770 10785 22467 1474 70873 27683 %n711 27
28727 14812 84871 11566 41329 31261 29773 19901 94119 47332 92760 11800 12821 90486 69564 57470 76679 64926 52333 62524 40377 63126 79794 92981 18306 25379 22306 %n715 27
12208 51466 87943 19638 62232 46511 78074 20112 80032 36889 95412 90947 55957 16242 87438 52490 74425 15145 44193 31201 17789 12708 41092 98044 66449 267 18209 %n642 27
20564 52707 82600 79789 79434 86980 92388 10387 9980 75894 83541 39939 18753 96213 42621 67831 30511 8906 79917 50216 98029 61441 63454 92637 4010 22464 56185 %n649 27
84028 60103 73083 26625 69237 68729 6029 40612 58953 49409 56999 58391 90366 58388 39704 46528 70449 36612 26191 82707 9951 85035 61959 70347 54603 42159 11250 %n112 26
26183 17025 35328 51326 14276 7059 41977 96051 83485 8954 11017 69689 83507 15827 5021 30449 88386 67755 47548 9682 80486 20183 20767 75108 78591 66801 %n316 27
98735 54912 99484 63946 94875 65667 14484 67278 80597 10595 25564 18741 90820 66978 27950 32013 17858 18580 12402 347 43408 87759 21308 79218 64495 91482 86885 %n148 27
54482 87795 4246 95989 66864 57214 72056 4668 8988 90865 53975 6423 90320 96732 39573 54236 32531 65943 42426 93808 24500 85911 54310 66170 13107 99144 91622 %n721 27
66603 48381 21495 98850 47852 31057 82337 35794 92092 17654 34484 70608 37222 5479 97187 52296 45646 62488 76674 20902 72431 16238 45455 33997 15320 43361 30108 %n856 27
30176 85353 27199 20670 47263 61205 47549 60779 95855 33416 48921 54712 51471 91740 78929 67559 14678 25251 47750 8563 67791 68907 95632 1782 93033 85548 20723 %n489 27
71298 42954 62996 9945 72891 15601 99798 31112 66830 34475 75630 33195 24527 75613 41118 41368 24053 14670 65421 79341 49146 67686 43028 10627 80214 73598 72148 %n62 26
38481 15991 8138 93758 86639 87689 56817 3940 21601 39345 9463 81506 137 85153 4694 55707 13606 9735 41510 4309 83099 81876 78194 21106 25861 47044 %n921 27
44096 31299 31085 47911 42420 34313 3088 56213 51899 48483 57351 28982 27842 57937 20788 46134 76761 13635 20323 1133 18494 96990 8961 63044 96616 3046 5758 %n1560 25
2074 258 47708 18509 20463 91421 37463 84933 8449 5276 97068 78738 47413 91423 97485 10216 78240 32015 57663 77846 67268 48163 9929 94805 90432 %n1396 27
23822 84282 68878 22243 29958 47459 52502 64905 68303 4044 73097 45780 17178 71841 5574 28928 65991 4220 10151 7366 48694 64090 29458 93801 99316 29514 5369 %n74 27
70623 75624 9464 25209 50027 20712 70357 34644 94678 45482 10174 20504 50331 41635 46293 35178 12524 96309 85371 32421 44593 79399 68968 22848 43899 29291 10731 %n899 27
85910 36284 73060 40683 8082 49752 66141 60536 4959 33802 4852 29211 75851 11243 38003 8663 52218 76212 92447 40284 44044 42416 38804 18956 32454 9199 6048 %n289 27
62419 49085 94155 31951 62349 32330 41966 10106 63460 55868 24779 62441 37073 83488 59777 4073 71147 79971 94050 58442 17177 14453 6463 39912 31727 78371 97479 %n1224 25
82583 58097 57817 24283 41886 28169 99113 30515 30088 29171 22728 92055 6058 30112 36588 77223 69796 86412 16127 96443 69191 64668 74097 53342 86285 %n140 27
69812 58000 66503 66095 41276 44489 35601 48153 49771 60568 49464 49243 89321 20178 90602 74184 68440 80576 88938 58844 82849 14391 16182 80789 75140 82006 45830 %n525 27
19697 50963 66859 13131 68847 67066 87069 30855 36754 5015 6278 76881 7761 89765 79410 23770 29417 25144 39114 51085 15309 93347 25474 93456 64485 99282 42820 %n681 27
30363 94614 33007 61603 1897 93307 43494 75485 14476 69013 65027 45710 37612 12446 40438 57685 97626 50756 8633 37647 35392 67807 81504 28838 43759 82011 48893 %n200 27
12718 51253 22194 92822 84379 77281 20869 68771 71452 47793 21132 64353 51521 50730 41957 32924 25814 8518 84200 77907 15471 4478 37808 35579 3787 73940 51203 %n1293 27
68928 45285 6731 98417 99220 97453 8169 14431 57783 22912 33424 3334 41669 92713 63444 93367 372 35570 71589 96512 94510 7331 91111 88187 50752 63339 97639 %n963 27
76671 79801 37719 39517 84961 34375 1863 39041 50150 50822 96502 80286 72547 96613 92515 16453 50755 85068 84623 45663 57403 57333 81779 28608 43847 28744 51981 %n447 26
51002 11471 68298 31353 98755 88566 64669 63017 94046 45417 34316 48841 39030 69026 83044 92809 46714 49865 95918 57106 63518 50434 465 90678 88772 88746 %n1444 27
75235 91207 40174 72039 36514 85020 12647 33059 50239 92640 44260 28715 56101 14684 59840 82676 79561 77826 5229 60369 45514 15247 15407 592 25628 24199 5725 %n350 27
38457 3790 36644 96107 71172 77068 30568 2264 67805 84125 77069 54053 20482 62966 98122 78162 95005 2324 24980 97398 85341 27121 3589 26029 86978 35401 71065 %n382 27
95519 12043 75605 21210 5193 37957 80376 14513 50738 64198 23380 21459 940 13378 15047 55702 21927 72295 99638 87660 19309 3813 2737 32216 42059 50109 48690 %n1453 27
84632 20888 42723 12012 93101 45374 11095 14646 67265 88028 5662 88141 82227 34992 38778 22583 9308 49523 190 99411 13065 37154 11292 2089 80018 59837 98811 %n1590 26
48786 30086 49359 70795 40067 96775 30703 43415 79390 48723 96009 85765 65728 69622 45233 99710 28706 91709 15549 97620 51461 30403 79433 60694 53665 4256 %n248 27
27042 56253 62943 65703 76068 40479 65140 11162 92736 64461 51387 5448 44084 54445 43614 90498 95137 4107 72266 48810 30309 38437 16774 13667 90064 75284 22340 %n323 27
76152 1998 48552 22786 31741 48539 58026 88119 90854 87787 94264 98191 89859 52142 34498 15719 27200 7554 76504 37578 32224 46843 92687 23936 56569 17881 76528 %n1682 26
52127 99462 41121 14155 28138 91406 84824 6267 66623 88314 99850 93221 90025 43336 78300 54441 31605 72665 5139 36223 73080 79230 30883 69054 25599 59086 %n67 26
51977 9824 4509 72696 31535 34003 54247 60717 78123 35554 57402 91139 79374 46849 83650 11874 42137 89384 76168 69063 68186 92068 823 43957 11084 49167 %n346 27
76513 62017 10636 53148 28767 40562 95189 3019 10957 24269 55519 45805 33987 13411 90304 13076 87734 9936 26316 76996 66613 7805 49813 34630 68879 29916 72247 %n371 26
24876 75007 54695 92913 80625 79781 81751 40205 87807 28535 42728 67893 9788 76061 22397 53078 98092 64149 78428 8714 78674 81238 22189 90395 67543 20509 %n926 27
30972 62135 85762 64970 17633 92289 20293 68796 71061 90088 77641 368 22738 68667 85460 49681 17916 72095 65821 40147 61303 69463 78093 79114 42236 25532 30771 %n879 26
5922 7192 7009 75033 72767 46062 69272 11966 87508 84150 22908 96152 59705 15591 51628 27249 10574 9823 98238 69574 83343 1581 73993 32481 43312 75405 %n614 27
78233 31432 81463 30122 71057 70326 869 39033 78375 45922 57010 74744 81035 45429 11643 87995 14043 10054 54955 93001 48342 42676 20409 69370 12318 42338 74087 %n1226 26
57225 90057 10656 93448 44138 74827 82207 86545 34606 32069 92059 20832 22601 4588 18564 85698 6243 28195 39124 57270 39588 4230 39918 1420 3667 44702 %n18 27
12064 58772 50551 81200 85828 15174 42270 51198 313 35513 88451 69576 72311 4269 9974 46184 91319 3499 56239 23443 5528 26530 29708 95055 65471 80259 89545 %n703 27
78792 79636 39451 3966 58601 94795 74288 39144 55049 47327 3367 81612 37819 86953 49704 33285 82323 36258 27707 94266 63982 3757 23719 65528 40262 69062 71476 %n1369 26
16893 93616 99333 66061 57608 31832 35344 93728 10267 782 48116 58219 77052 23157 62680 84328 95836 43783 79253 71936 24807 77999 70674 83509 37411 44771 %n529 27
80836 75164 59166 48405 51797 95791 64026 30660 50004 68047 87829 75545 3187 18446 14638 84015 72389 58701 64431 21528 84612 30817 71421 29388 11805 72601 92422 %n526 27
87586 80757 23626 41060 68526 26362 15099 68329 11483 60046 17625 66327 42835 91563 91105 80276 65474 49792 29521 91840 21152 42476 81107 17384 39780 85348 29884 %n1470 27
39280 75225 13380 37022 23974 46524 10296 61811 85763 68038 12638 59967 57696 88206 29188 74938 5262 29008 4620 423 75847 88629 49196 66122 62574 59205 34656 %n602 27
40631 25412 62855 89991 23612 40607 44029 33741 30715 43078 43665 78825 73884 88381 23788 404 42407 93208 13372 99217 1088 73180 82780 16782 22168 17848 25332 %n253 27
26030 33093 27712 49005 98626 56751 96790 92529 84300 76738 47095 34142 46824 5088 36269 52775 69038 3201 12305 35813 15871 90750 97643 37714 35679 53432 88265 %n1493 27
1202 97456 90811 60998 90062 37469 1754 7815 78609 13206 18110 96941 14615 39524 57577 74026 19999 64183 90752 11167 44211 23885 40679 79556 44591 65103 76430 %n1412 27
23402 15677 25124 20822 70556 62689 2403 24677 14830 90829 9921 39250 4611 22497 94910 34164 74095 68039 708 39149 41038 12712 78891 47791 30442 66258 9499 %n1295 27
56645 97468 72341 79023 48595 99559 25338 65773 40543 81749 27991 21641 35919 11447 35516 86580 90127 12428 14267 66911 79472 15619 34433 7480 56113 26446 70791 %n471 27
69147 45353 97200 37512 93715 37737 92863 58508 99413 24481 74251 86141 64618 44442 22894 27354 53247 15720 71710 83108 74871 79151 57958 66322 4014 30395 66708 %n414 27
68148 78072 11288 44715 88803 86006 58837 91157 83755 19940 56321 38166 69975 91831 14464 40948 11068 5630 53616 42755 28568 8115 88183 29339 44965 61991 5860 %n585 27
17946 93624 60805 13565 3710 71855 58485 17375 4812 12569 97551 73718 60773 50370 89779 70590 12714 68295 96164 76983 33062 17302 25360 48306 46358 66748 87745 %n