134
626 711
63717 35104 23360 90853 14262 25499 74825 21073 40146 67685 23600 85626 50490 49307 34857 84004 82606 61221 2113 40184 80429 2867 28349 96899 36225 36565 35315 77543 50262 14471 3630 40422 36576 75458 68401 91243 35605 18177 71141 71966 99171 5315 1477 67036 19181 56051 36025 70129 81472 17544 7438 71208 37221 40975 55931 48056 56805 96384 77419 58990 11717 62351 80805 94665 84557 63083 28743 38986 11599 57188 2438 56939 74021 50372 20568 61315 23377 17768 67469 50038 33086 50867 58630 16701 37581 42793 88274 72447 68460 20986 8462 50473 24116 59196 35052 58320 34708 17847 87490 15332 81200 64758 39923 46286 31804 21196 47094 93491 47926 15239 20487 69448 74700 17077 73631 25787 41326 30931 3239 87676 80250 98682 65996 3812 36376 65895 93368 48338 62737 54759 82324 92454 77389 42279 49312 66881 74432 77613 90354 85968 53931 39263 39241 92410 75485 59617 42175 57809 92299 18585 93002 56132 73665 57059 61817 74512 59769 19581 44748 85000 56676 33619 77632 16861 18736 91416 91512 37729 22680 72327 2013 34737 50790 48597 198 36472 62567 74668 76860 30603 36506 61980 33583 4476 44948 14274 80809 93389 49465 18070 62720 7220 63312 26849 66026 97584 12499 46345 4798 65331 91179 49368 38476 52388 21006 23568 90292 71626 92999 3724 60410 94274 21628 12905 60418 84771 10334 33539 70632 41985 24351 35807 59275 81948 1704 5572 83018 10175 20278 63323 72956 67430 86138 60819 48347 97255 45746 491 26396 54899 82411 10646 42512 37285 53425 16844 70096 29667 26069 95260 64950 79374 14313 76088 15835 11243 29314 75145 62872 32645 93221 37516 95835 34893 76705 77310 61195 4758 94994 69769 26282 70145 74118 15616 10528 63082 46650 28045 73983 51242 65363 28766 51448 15694 93033 40933 63441 71415 66690 37302 74780 74184 81925 85558 26733 93885 25654 43096 16366 10754 53462 55975 70376 40920 88266 45795 12137 88446 40923 27510 67828 29634 68243 41181 76130 4866 36104 78442 87955 23054 19868 28640 39560 53572 12056 30367 57821 58925 88558 54584 39480 98390 19273 22774 45217 26196 83716 4033 66610 60519 36529 78105 45799 48824 55647 81843 50409 76432 41997 35931 18615 53295 27363 61988 17248 16833 48431 4960 373 95155 83789 82937 75167 90832 6603 8435 17446 46025 16360 40718 43178 29854 8021 6172 87272 19848 96689 82474 78278 78566 44474 48907 83233 647 6117 61188 43072 92312 90392 15471 98539 12970 73113 25367 78860 93995 7613 30238 7769 56425 78051 35640 31850 93128 9884 67006 23504 18665 44197 88975 68181 65389 10259 26451 80445 52754 18946 21276 61087 58585 30797 2546 49678 23735 51727 65795 70128 81424 55449 55291 6966 50016 56920 63051 16481 56089 21866 57278 60486 31230 72381 58251 31375 24286 78692 10092 91343 83203 45373 67467 90609 84438 87576 27340 44978 80083 24205 57871 32327 40874 76462 98698 42739 99860 43460 31301 80112 54614 4032 96448 64788 98568 2599 28578 97787 71624 82064 87352 61599 58082 78736 55902 27516 86980 13926 13946 52711 44137 37208 7743 62269 53497 406 40370 81753 79516 65136 29641 66142 76890 26951 11750 48269 57343 9302 55539 93574 47700 63984 80538 88527 84107 70413 89166 34099 25259 74301 76985 14552 6770 50199 5594 46634 10759 2107 63941 23510 34063 28537 72300 85913 67423 61346 73967 3223 71812 36154 225 58808 96711 80528 98923 60996 84585 46893 33415 29060 99068 92761 53370 53515 91469 10867 22757 82690 66976 8740 27848 59230 14600 93760 68566 60948 76288 1196 70006 45596 51287 3149 71001 78993 95826 50471 84232 73349 88135 1207 13331 91966 35314 57194 15791 351 2733 47572 89423 65868 74770 87914 38730 9376 31170 86317 31895 27180 77551 42337 69454 2682 3157 699 70146 769 35948 59219 57128 84750 58848 28055 49717 16994 82976 39205 32888 28062 51061 79249 9945 41363 80736 69483 67440 34586 44928 87620 93098 52036 51986 8361 1166 31000 75704 40056 16902 96177 35884 50754 33604 12329 29730 48281 27551 1066 15603 25276 60833 94603 13024 19580 70650 30414 85241 51346 18803 41276 3228 25823 28106 42332 55226 74756 26138 26799 55509 54587 82195 97538 26077 16645 18962 98703 39540 69653 7961 80385 12723 71802 66430 74881 50509 11510 57207 16431 12191 64048 7998 52811 95758 94719 22749 97193 25656 79924 28755 52230 79562 28160 32899 47857 11324 68496 22120 47576 75323 44405 72158 58129 823 53445 81533 33215 %n903 116
4311 47821 50331 30730 49172 65671 26564 39169 38705 74023 39798 43878 60239 37534 78709 99763 6846 86073 99439 88679 14244 53318 78989 48006 71284 644 775 91804 88863 38446 52694 21107 53208 81863 31498 47216 53882 20541 46033 51184 91236 68325 80940 26874 57043 88077 34007 71718 64057 53439 26792 3932 7526 71240 26837 3045 99008 86215 37994 92599 43512 23920 86912 9268 63864 83156 15858 72152 19465 23910 19926 51970 20528 20299 91943 33790 40488 21951 8524 5420 22104 3694 69817 2470 93599 77018 17668 62700 12582 18596 15978 38394 8587 89027 37487 61969 21742 3830 31187 92679 32110 70790 58760 82042 48677 60746 83193 6826 15324 4005 76279 29958 48771 69428 43000 78505 %n1209 13
73568 73883 41942 93429 67107 17026 32187 96481 5873 52706 37951 84570 32193 %n755 5
79890 38091 7755 8900 62058 %n929 2
9263 82491 %n550 0
%n154 0
%n1082 0
%n1124 0
%n1348 0
%n1299 0
%n527 0
%n1072 0
%n103 0
%n206 0
%n330 0
%n1332 0
%n1284 0
%n501 0
%n168 0
%n1266 0
%n1406 0
%n538 0
%n945 0
%n1199 0
%n788 0
%n1288 0
%n411 0
%n1073 0
%n350 0
%n340 0
%n760 0
%n511 0
%n165 0
%n1191 0
%n390 0
%n565 0
%n982 0
%n148 0
%n940 0
%n769 0
%n1048 0
%n74 0
%n476 0
%n146 0
%n1375 0
%n326 0
%n513 0
%n298 0
%n837 0
%n89 0
%n42 0
%n328 0
%n1069 0
%n1252 0
%n824 0
%n694 0
%n551 0
%n45 0
%n1248 0
%n1291 0
%n549 0
%n1090 0
%n1056 0
%n1234 0
%n1126 0
%n792 0
%n212 0
%n862 0
%n20 0
%n739 0
%n570 0
%n1344 0
%n599 0
%n377 0
%n392 0
%n1230 0
%n1143 0
%n306 0
%n453 0
%n720 0
%n661 0
%n869 0
%n642 0
%n1070 0
%n96 0
%n928 0
%n1281 0
%n580 0
%n257 0
%n1147 0
%n702 0
%n949 0
%n313 0
%n111 0
%n645 0
%n210 0
%n1165 0
%n901 0
%n1115 0
%n517 0
%n539 0
%n961 0
%n383 0
%n1027 0
%n456 0
%n233 0
%n534 0
%n1081 0
%n56 0
%n173 0
%n361 0
%n1313 0
%n977 0
%n573 0
%n323 0
%n636 0
%n848 0
%n61 0
%n155 0
%n1369 0
%n999 0
%n1079 0
%n617 0
%n736 0
%n388 0
%n1278 0
%n317 0
%n1021 0
%n386 0
%n308 0
%n1122 0
%n1386 0
%n1071 0
%n