124
2020 13
26500 85156 5007 5138 75867 29487 80337 37293 50026 61588 29203 16177 90563 %n9798 12
70640 81604 80540 75114 32895 83503 32995 68351 85817 63590 53353 79117 %n2255 12
30778 2629 23417 58637 86586 64501 60291 22072 61459 68199 61570 81151 %n2358 11
64416 78484 10202 84328 61677 74409 9652 67593 17310 57608 35024 %n6183 9
79615 94774 36793 7252 88648 87972 28868 11086 91557 %n4323 9
98954 71716 7243 78947 26608 26795 41634 57926 719 %n4712 8
58871 46744 28580 29232 20905 58535 73169 96525 %n5054 11
50353 5885 50696 95126 32695 44074 18001 55369 45197 80440 22291 %n5700 10
24285 42959 13374 99099 62665 56588 6736 69178 39667 73869 %n7234 8
85893 14038 77465 11189 17300 18936 51826 44957 %n2028 10
20778 28715 17884 92938 2174 33844 83390 44160 89452 21203 %n7846 6
19385 89512 84822 37950 64455 42364 %n2649 10
48684 83704 17007 58815 39967 42225 48525 97012 51624 60457 %n1494 8
99176 46036 75572 52208 57959 28725 35986 20234 %n3977 7
99211 60977 17659 83197 37915 94571 62674 %n2103 6
84138 13065 19063 11631 83310 86970 %n9 5
96711 17171 67806 61880 6835 %n9411 6
2436 36001 47567 26167 2704 68841 %n10180 7
33751 22705 46560 59536 58753 57157 57571 %n6454 4
91653 54661 71598 8075 %n8932 2
29226 15248 %n4684 7
93357 85661 28903 97100 70237 40008 506 %n2528 4
65266 59444 67005 59738 %n8268 7
8656 64378 21111 64774 8217 44327 19673 %n4140 4
88455 79777 73293 34821 %n9970 5
39173 77046 60836 27873 15410 %n5425 5
28464 96703 31308 90216 54772 %n7538 5
90664 90044 54959 8389 34369 %n3073 5
66388 25959 61181 91191 25553 %n9010 5
10286 61502 91300 74136 73975 %n2140 8
60659 56330 94107 84496 42421 52076 44631 24111 %n3278 4
21044 96350 75497 66105 %n11039 6
42089 70027 10382 77896 74942 53050 %n10188 2
99712 88078 %n4569 6
67613 5155 66549 19412 45213 86833 %n585 3
12014 55638 77241 %n691 4
25755 69683 77085 15834 %n2682 1
14160 %n4385 4
79896 90395 65816 76237 %n10328 3
92168 32464 53083 %n3607 4
43238 16262 11520 24206 %n11020 5
85341 45674 98923 2531 56182 %n955 4
97449 71943 34325 85541 %n1714 3
63474 54902 64514 %n9528 1
72381 %n3800 1
60417 %n6109 4
64692 823 21076 81607 %n9904 1
85018 %n8415 0
%n10955 1
72499 %n712 2
43695 48271 %n6689 1
84196 %n3464 2
81895 12062 %n4755 3
91121 16383 66317 %n4076 1
296 %n5445 2
93911 71363 %n7994 0
%n2857 1
38261 %n3241 1
9854 %n2252 1
60884 %n4964 2
91573 99999 %n2445 1
36224 %n9613 0
%n8859 0
%n7651 1
32604 %n4551 2
84173 65570 %n10508 4
88390 17038 84633 40688 %n1422 1
20441 %n10818 0
%n9319 3
13463 50684 46760 %n6993 2
95172 21627 %n1471 0
%n4979 0
%n9365 0
%n7109 1
25492 %n5294 2
59392 1590 %n3347 0
%n10184 2
22041 28913 %n6298 0
%n7144 1
61529 %n8459 0
%n4945 3
55177 52425 70643 %n7747 0
%n6153 1
33932 %n2782 0
%n7307 0
%n2192 0
%n5048 1
52706 %n7989 0
%n5002 0
%n8697 0
%n5341 0
%n211 0
%n7415 0
%n7414 0
%n5708 1
28587 %n9380 0
%n2929 0
%n501 0
%n8665 1
98623 %n4147 2
21628 61605 %n10797 1
10026 %n3899 1
21744 %n754 0
%n9006 0
%n7215 0
%n2882 0
%n4466 0
%n8729 1
57253 %n7295 1
75835 %n8321 0
%n7017 0
%n10061 0
%n8262 0
%n167 0
%n9697 0
%n6110 0
%n3820 0
%n3953 0
%n6409 0
%n10419 0
%n4294 0
%n2262 0
%n7344 0
%n