221
1308 114
41631 10506 80632 77789 22076 78499 1071 64913 90566 43217 68402 26570 18736 11629 83902 49573 47288 87808 7324 77599 22645 50426 64098 58457 88552 5781 46825 68314 80563 31942 69383 22731 60721 52593 25287 31661 10265 50020 13876 28887 79714 40206 23451 13139 9519 44227 30955 22760 16538 30442 40867 19877 55890 64319 52494 35580 44480 64978 35941 29778 16096 40354 11409 1875 30997 37690 4394 20157 15991 76309 90330 28552 11 2037 60425 9687 2854 14092 44645 55711 66336 17826 73074 75501 65838 89911 27801 83157 41484 73142 6674 6055 6197 47192 62279 38944 5064 18017 26574 62647 88123 36282 83647 7780 31465 6034 54973 24586 62088 47855 17172 18817 50773 63479 %n4878 74
50582 41247 24395 54410 72698 14377 55980 31542 35068 11118 2724 42129 84540 74476 88841 25349 42716 8387 22911 37600 40566 87935 23420 19610 65251 61335 6194 22877 70500 91179 82274 54298 52074 13393 15160 86818 53582 69255 37713 76825 30357 56520 17332 88702 45104 44542 20174 77885 58799 5271 39944 60000 60243 90767 23523 47065 70170 39473 23747 6508 57923 31229 78994 32975 57712 491 32286 9588 20903 77902 1387 74742 46723 10513 %n4405 56
10496 84212 13031 83839 90148 66639 19852 46634 52771 73761 16723 15733 71769 25858 10872 90620 65281 76063 86995 69327 47371 4275 8901 37656 15525 32790 21948 65896 8656 88804 72935 86567 625 68276 28789 43143 62263 2185 4536 65368 61446 67218 56005 42168 83681 112 45855 29857 67659 44767 66899 49843 42909 33814 63800 17262 %n6528 33
46292 10089 15247 43733 782 17067 50941 9103 79685 79152 15310 45467 82604 25714 6286 38283 3535 23890 28518 44289 77911 11895 38559 39885 14726 91032 84847 23848 77722 55506 47563 81964 71647 %n8204 30
53175 17957 21883 4441 51911 34014 12027 51391 23160 23005 48202 23501 3544 49551 11685 32227 36288 81350 36035 31517 31572 61264 25505 88619 20561 1204 26634 40793 90435 90246 %n1674 18
72528 44620 65424 50825 32016 7706 69087 75146 88443 32925 52679 90773 25960 38250 50579 70998 41336 2792 %n3694 17
39113 50886 13669 34587 6027 71253 12207 46200 71034 8612 42195 81506 85451 53498 23519 49627 16813 %n4048 8
65207 88359 56081 1606 78235 5961 60918 52510 %n7540 6
41793 58274 48804 89616 65154 53415 %n5678 3
31260 77192 27587 %n3846 2
80015 47407 %n7198 3
22231 29203 41822 %n808 0
%n20 0
%n4606 0
%n3053 0
%n7137 0
%n116 0
%n1587 0
%n6657 0
%n7445 0
%n7633 0
%n6069 0
%n5904 0
%n8429 0
%n5554 0
%n3813 0
%n2850 0
%n5708 0
%n4935 0
%n4335 0
%n4940 0
%n4090 0
%n1031 0
%n6364 0
%n2340 0
%n4830 0
%n5833 0
%n6203 0
%n355 0
%n5668 0
%n299 0
%n4134 0
%n2477 0
%n1857 0
%n864 0
%n3627 0
%n8594 0
%n5102 0
%n7798 0
%n2371 0
%n6833 0
%n5812 0
%n6652 0
%n8002 0
%n3469 0
%n7027 0
%n8768 0
%n2825 0
%n6598 0
%n4631 0
%n3667 0
%n6894 0
%n1087 0
%n7871 0
%n7821 0
%n6881 0
%n5670 0
%n4862 0
%n453 0
%n7195 0
%n5646 0
%n6231 0
%n8055 0
%n4540 0
%n8384 0
%n1012 0
%n4839 0
%n5442 0
%n4818 0
%n4294 0
%n742 0
%n222 0
%n3451 0
%n4095 0
%n7107 0
%n4568 0
%n7428 0
%n8007 0
%n6644 0
%n7813 0
%n388 0
%n8165 0
%n8474 0
%n1653 0
%n3341 0
%n8297 0
%n4000 0
%n8090 0
%n8815 0
%n7281 0
%n4321 0
%n1700 0
%n1760 0
%n3198 0
%n1337 0
%n6380 0
%n6619 0
%n5593 0
%n1703 0
%n6921 0
%n1314 0
%n461 0
%n7350 0
%n2105 0
%n585 0
%n2737 0
%n2848 0
%n3717 0
%n1684 0
%n4655 0
%n4203 0
%n1283 0
%n1152 0
%n8211 0
%n1085 0
%n3882 0
%n2839 0
%n8772 0
%n3396 0
%n800 0
%n1830 0
%n540 0
%n3940 0
%n6414 0
%n3511 0
%n4377 0
%n448 0
%n5339 0
%n4634 0
%n4645 0
%n5809 0
%n6569 0
%n6537 0
%n2170 0
%n2996 0
%n1552 0
%n6720 0
%n3292 0
%n903 0
%n4386 0
%n2303 0
%n4251 0
%n2902 0
%n8599 0
%n6544 0
%n7533 0
%n4003 0
%n4778 0
%n3525 0
%n3318 0
%n6051 0
%n5937 0
%n8625 0
%n3086 0
%n4023 0
%n5374 0
%n6717 0
%n6303 0
%n5543 0
%n198 0
%n4546 0
%n8310 0
%n6297 0
%n5009 0
%n7221 0
%n6311 0
%n5963 0
%n19 0
%n8093 0
%n3557 0
%n2709 0
%n5260 0
%n5046 0
%n5652 0
%n7250 0
%n3906 0
%n5148 0
%n1332 0
%n1390 0
%n5038 0
%n3378 0
%n3879 0
%n2055 0
%n2662 0
%n5947 0
%n5396 0
%n5694 0
%n7610 0
%n2572 0
%n5712 0
%n8265 0
%n472 0
%n4286 0
%n6139 0
%n5784 0
%n3900 0
%n3284 0
%n7964 0
%n6325 0
%n7897 0
%n3152 0
%n1442 0
%n3662 0
%n1802 0
%n688 0
%n8041 0
%n1209 0
%n5427 0
%n7267 0
%n1316 0
%n