112
1801 16
40698 37023 23767 10845 25918 40520 18312 48774 30542 10949 16161 42553 41472 20165 31614 20200 %n12356 14
8735 6229 39761 29667 23909 26548 48562 13684 7285 3442 34683 599 13917 17346 %n6678 14
22595 40527 6381 1082 22332 12576 17584 28214 32710 52172 17675 19392 35550 10015 %n231 11
38128 45827 20651 50678 31650 5715 16334 15797 20198 39589 11605 %n8799 12
47299 15305 16434 44195 18543 14846 52182 8605 27279 21185 3254 47551 %n482 11
4792 34206 6858 47374 35139 7484 24709 44930 6339 42980 43290 %n7606 6
50059 27914 37032 41332 41943 52180 %n8498 11
12120 33992 12070 32774 50890 35358 38243 46640 3404 29443 49092 %n7960 8
6924 30318 14560 13678 47925 49950 6021 20360 %n5776 9
29225 48613 40933 34628 23407 28099 47472 49626 27729 %n8060 9
48534 10486 33842 7696 2282 35471 16081 7244 10144 %n10197 8
2624 27166 9004 40689 27591 38564 3013 3199 %n12483 5
12680 14878 20559 15326 39797 %n7194 8
2448 6383 34366 51268 27146 5990 17864 889 %n11055 7
36701 9257 31280 12456 25152 36560 11908 %n86 2
16381 29061 %n3415 5
14212 40496 37427 8248 5947 %n2615 4
39403 32289 37685 14137 %n4277 5
14354 39749 19871 50812 47818 %n9129 3
16494 14988 11032 %n10852 5
33228 29005 49234 21263 16466 %n10537 3
41209 18833 10635 %n2490 4
27514 26533 25387 9908 %n4393 5
40716 37550 39007 12438 19601 %n3109 4
11200 24084 3549 18706 %n11261 2
19223 51125 %n8817 5
7069 36064 31344 19009 40565 %n11758 3
42135 3882 42588 %n8661 3
45548 5881 27590 %n2738 2
29339 39398 %n9003 2
24683 7826 %n5746 1
37479 %n255 1
19075 %n7573 2
7810 17718 %n3136 0
%n201 2
18541 28447 %n6480 2
26669 49550 %n9471 0
%n12489 1
10374 %n2298 1
3833 %n7532 1
24529 %n12190 0
%n12287 0
%n12698 0
%n8903 1
15654 %n10305 0
%n8936 2
4444 47958 %n2355 0
%n13129 0
%n6728 0
%n5085 0
%n415 1
6 %n4094 0
%n7699 1
24974 %n11204 1
48196 %n4921 0
%n11028 1
19512 %n8868 0
%n9221 1
9087 %n7260 0
%n4365 1
803 %n10154 0
%n1760 1
40371 %n10029 0
%n1805 0
%n12035 0
%n7585 0
%n4428 0
%n13115 0
%n6119 0
%n2469 0
%n4160 0
%n3751 0
%n8871 0
%n1132 0
%n6938 1
42741 %n3074 1
27526 %n7825 0
%n4725 0
%n11637 0
%n2433 0
%n8893 0
%n8701 0
%n7533 0
%n1005 0
%n3822 0
%n10632 0
%n8966 0
%n3633 0
%n10944 0
%n5199 0
%n10515 0
%n10215 0
%n4553 0
%n12305 0
%n11417 0
%n8679 0
%n2854 0
%n1471 0
%n2369 0
%n5207 0
%n10571 0
%n10586 0
%n29 0
%n7090 0
%n7091 0
%n386 0
%n10309 0
%n8700 0
%n5722 0
%n2039 0
%n8074 0
%n