74
870 277
77370 28156 18435 64298 12817 63680 99170 62715 78782 58321 35153 6865 30660 7922 93918 5513 95731 31269 40515 22640 49557 46517 97282 35138 45751 18693 90805 90126 4817 56833 4839 32261 3421 64165 97887 52493 24319 39006 93992 59287 15158 49225 80446 28610 50677 91083 43947 35544 76529 4475 74486 29913 68470 64663 3702 20639 36533 69172 4635 4360 16277 16774 3999 49747 94975 57580 41324 57269 50680 22987 95168 77030 17208 57412 81599 61695 2161 23311 25972 28382 99248 76481 26207 42930 18295 24798 50653 30400 66830 52433 21422 79361 17200 71611 47469 83757 81359 21862 35506 51462 20826 88974 71017 62488 43982 89342 53776 191 65225 96078 10606 10411 17377 13666 36919 77065 38333 57452 12807 30044 52382 9457 80965 63922 49317 78608 33555 72347 47823 89688 65166 16138 9186 46285 68635 62616 41119 3609 51096 15877 3961 18468 46884 46207 90043 70542 99241 11809 49772 51309 85 91475 54149 3388 49575 53095 56929 83274 77296 61790 64020 15182 46470 13019 57101 75559 4967 87226 50201 58744 66125 51923 61977 23143 11627 14109 42300 38181 73290 21319 10440 67881 32003 36506 24312 65266 20512 75749 79862 53863 90887 5633 39324 63530 28940 35348 78639 65865 85752 66132 38322 83096 17066 46949 87223 28071 37512 98621 92755 20463 89263 37404 70410 25006 41279 46452 1693 28492 17692 73543 3209 20499 82072 91643 7005 59317 76979 48104 63997 7175 78301 95607 72737 83024 72729 73027 83122 8200 5524 5743 90387 32895 40339 58729 94008 37903 8438 97422 52470 39651 25678 26792 26264 24370 11945 53424 877 49844 26701 66108 31213 9969 56127 37890 66533 65542 40274 36894 15866 20732 66268 10126 1509 51890 13980 57329 59297 %n169 181
72770 39037 96720 99074 35590 90496 42452 97951 80193 56863 42570 56824 30228 81720 9526 4120 21393 56750 79697 70331 67000 71417 33809 51030 68168 32128 47299 63643 58252 14645 71367 79639 50719 33534 38863 22922 96929 55618 65361 19552 6981 30110 4962 10435 83237 41474 10309 91870 9546 3340 17711 64296 26763 31073 40253 53264 43037 78842 45627 33205 16501 70031 89842 2969 65759 62401 20536 31723 13190 62298 42804 53614 35265 13612 65242 92989 62542 22276 89079 82794 86507 80371 10726 27516 68672 77828 12218 68165 81799 74431 97670 84828 84306 51656 33517 36939 40141 32607 78093 41184 54286 21587 39598 29843 953 64568 66757 99763 73753 56642 31578 71678 63349 2942 53430 13717 30766 91359 42601 3773 67487 8883 71484 18532 67073 19231 80310 39389 38650 6504 96790 2650 40787 46800 57650 3199 48100 71424 85176 28834 69709 57316 60199 84823 85990 65249 93831 44712 34580 16580 88566 90888 18318 1068 5537 99261 6547 15475 63219 11040 39516 17940 71372 61689 88535 7552 3056 90483 79922 27406 23700 83568 96131 33566 98396 36297 48763 2819 63475 17698 98757 %n797 115
85787 33963 87536 59988 79589 77163 42603 74196 11060 87595 24585 43461 70935 1137 702 92685 61961 58588 67028 83807 37005 12077 48681 51070 90116 93862 24480 31206 21066 37593 51275 73498 60925 37937 9865 12298 83709 28487 21695 76862 57367 10264 91207 85530 11630 12034 36397 76168 83818 56979 51301 77043 64421 22658 41805 28188 32472 70776 41713 35611 64200 84034 82027 88291 15680 65733 26773 23395 51000 15170 33153 20352 65400 80340 3400 8368 64592 58887 31779 58860 11770 88810 87562 82307 57429 50785 1489 33250 56753 91286 28187 90382 96036 69531 29908 53592 92062 12870 16395 94940 77861 58612 57187 85404 19054 43693 12723 507 36617 78567 31778 23871 66828 19367 61234 %n943 98
29322 23154 71593 45889 64777 63915 18916 44505 39186 52558 73689 22534 38205 34930 73281 353 30233 74794 50332 10683 19886 44259 96513 26867 46341 46169 70882 58148 73119 26368 43285 60143 20291 80727 96587 70927 95779 59115 87069 7823 21247 32951 98836 94635 1829 51118 26364 72815 59533 84278 82314 17186 20621 34028 62857 4043 79242 24213 32661 39807 37529 35444 75976 15639 24567 41883 33561 29421 43660 41318 87077 87634 57812 68393 66219 10998 41177 23028 62503 76267 55372 64859 64737 84884 89535 33278 36131 51465 50638 93503 29446 60393 26656 94178 8187 42011 966 97974 %n860 44
15288 84501 36237 31901 95365 28015 41153 89202 49158 74582 1979 4217 53883 27930 50734 53327 65626 39419 82477 34948 50563 4894 3404 61437 38241 1913 47523 94186 85259 44518 49354 21777 38146 9649 13596 60129 35272 9533 51823 16574 85911 61770 65497 48975 %n387 34
88900 80778 17210 96597 34504 75817 7715 58499 55286 95503 16853 68408 84385 69843 20290 10977 65727 68616 82403 72814 66078 58091 35613 84657 4696 86775 53716 23781 38111 80663 25266 22531 66861 32837 %n1756 19
15192 8264 74234 75756 54698 59211 30215 90889 1277 12663 13620 61375 41712 44905 9729 891 94437 15341 81012 %n632 10
15356 96434 55211 51281 3386 54254 46385 87004 67556 66303 %n1669 10
60334 28947 91653 47417 90906 64415 62339 26385 14891 88618 %n553 7
14274 7915 10066 55446 88182 89527 25786 %n101 5
77383 63029 2847 56583 48863 %n1716 1
57518 %n1880 1
5329 %n717 3
93688 85579 47099 %n203 0
%n646 0
%n241 0
%n351 0
%n645 0
%n557 0
%n918 0
%n2002 0
%n463 0
%n1290 0
%n766 0
%n677 0
%n488 0
%n1763 0
%n88 0
%n1423 0
%n165 0
%n581 0
%n777 0
%n566 0
%n1048 0
%n1916 0
%n1819 0
%n992 0
%n327 0
%n2027 0
%n1523 0
%n245 0
%n668 0
%n1897 0
%n1571 0
%n1803 0
%n1611 0
%n920 0
%n615 0
%n1301 0
%n78 0
%n275 0
%n990 0
%n545 0
%n159 0
%n177 0
%n1388 0
%n38 0
%n1288 0
%n1262 0
%n1769 0
%n1618 0
%n447 0
%n921 0
%n140 0
%n2022 0
%n1439 0
%n1129 0
%n183 0
%n189 0
%n880 0
%n1025 0
%n832 0
%n323 0
%n