141
5767 16
8523 63374 34341 77141 32491 79813 81944 92540 56110 50043 37452 22508 57943 60735 3312 49646 %n5121 15
24481 95893 82200 97974 16931 94861 37486 22294 49329 29367 6428 42569 72587 11701 96552 %n2667 15
43042 63616 9522 96744 75241 27884 42800 60713 99997 11789 82213 4018 36958 3280 20702 %n3533 15
63855 79708 22443 55787 35743 61634 60849 74505 28026 66634 34855 54734 81974 487 60759 %n348 14
95361 26564 93020 15836 63622 50886 5869 14124 53463 30279 16667 87210 68302 85322 %n830 13
56975 39935 77699 87387 48039 63694 3741 83832 19536 62783 59852 31423 12128 %n5717 14
34081 9562 20671 47766 80462 74937 59372 6094 45378 67249 72621 92718 87834 30982 %n5058 14
86258 26637 94595 7909 4593 22594 68155 231 4825 9769 75912 45048 44060 73338 %n129 14
34626 38656 45709 41597 54357 28461 49214 98465 36957 45530 65617 60840 52467 69270 %n536 11
60750 17496 72226 84356 3451 47886 21154 8911 3512 96498 79320 %n2094 12
82365 32272 99497 2731 61044 15978 15319 18551 52623 43653 62369 88070 %n6261 10
97004 75444 7827 2763 81016 21151 71827 11505 22871 59834 %n2631 10
3221 19126 34166 82419 1227 22889 75279 34252 94605 71587 %n1251 6
21199 78870 29318 8083 39776 28116 %n5798 11
68775 24208 28594 32379 77052 7900 20242 79965 4812 72483 74674 %n946 10
43835 45433 88431 31029 71594 54854 76035 84063 71400 48992 %n2694 10
25146 5328 43520 92337 40364 23032 50821 988 66820 58456 %n3456 11
71611 13303 2568 71651 44323 52965 55218 85683 71230 86438 79041 %n6238 9
78784 32001 68543 73643 83536 58347 32320 62125 39855 %n5154 7
57430 36520 78839 80577 5544 6032 29150 %n2273 8
22464 3060 66825 49044 97689 51512 90345 75649 %n6060 10
40433 14211 98382 78780 50056 82130 62039 54979 67258 7670 %n4227 6
40470 82402 74097 23946 59313 7854 %n2705 5
59241 13811 67696 69160 60406 %n5139 7
80273 42891 63113 88717 16980 61536 62063 %n2201 6
26043 24111 20647 51775 83495 45501 %n1343 5
50602 67190 64356 80605 69968 %n4332 6
23211 19040 31738 80781 17357 87902 %n6651 7
41302 18409 75922 95051 73292 65652 1250 %n1049 4
72481 37605 87582 78364 %n5696 6
5806 85656 39747 86833 9283 53244 %n2752 5
34762 60904 22170 93510 3785 %n5077 2
50836 72684 %n2713 4
18009 43494 15972 84308 %n6200 4
41529 98095 67551 32414 %n5634 7
47287 29277 78027 96098 90848 97397 14676 %n338 3
35905 4455 37336 %n6559 6
70046 75025 61518 95900 16636 32933 %n1046 6
86636 65705 37095 53407 9389 65929 %n4439 3
84697 71648 74761 %n4757 3
77537 20612 17516 %n1511 6
2319 79191 75651 59630 59252 82156 %n3641 5
71625 38637 72872 58317 51273 %n5245 3
21383 46358 50410 %n2425 4
24420 56915 7734 46432 %n3878 5
3837 80356 49569 69724 13305 %n74 2
42093 27359 %n6307 1
29113 %n4000 1
17634 %n4307 4
60386 27694 56332 60598 %n3037 0
%n648 2
21989 47485 %n2119 1
54793 %n2974 3
5138 84828 43072 %n5375 2
63005 129 %n6607 2
69950 55474 %n2796 2
15327 60981 %n220 2
36676 80701 %n2663 1
87486 %n10 3
55354 81731 18306 %n4130 1
22437 %n6212 3
58271 6176 13775 %n1182 0
%n697 1
92802 %n4237 1
63521 %n2547 0
%n4527 0
%n6270 1
25109 %n4264 1
51175 %n5716 2
47264 19238 %n2945 2
45572 9552 %n1529 1
27003 %n1910 4
30039 71888 83709 71123 %n198 1
92420 %n1512 0
%n615 1
6812 %n4680 1
16532 %n5543 0
%n3070 1
16409 %n4365 1
19915 %n1371 1
71169 %n5118 1
91237 %n716 1
3806 %n5655 1
83172 %n2272 1
79604 %n8 1
87863 %n4473 0
%n3194 3
28361 53862 29614 %n6397 0
%n6669 1
15413 %n4728 1
68443 %n4674 0
%n484 0
%n3030 1
4834 %n4480 0
%n6796 0
%n2703 1
66013 %n1578 0
%n1454 0
%n743 0
%n6711 0
%n5275 0
%n6229 0
%n5979 0
%n938 0
%n1158 0
%n5398 0
%n3358 0
%n2850 0
%n2441 0
%n6305 1
86323 %n800 0
%n1781 0
%n799 0
%n2936 0
%n3783 0
%n4191 0
%n3886 0
%n2121 0
%n4582 0
%n3078 0
%n3787 0
%n1226 0
%n5750 0
%n1624 0
%n4058 0
%n4399 0
%n1337 0
%n2070 0
%n5138 0
%n4463 0
%n5949 1
34755 %n6046 0
%n6292 1
34427 %n5560 0
%n3814 0
%n832 0
%n3284 1
598 %n5855 0
%n1190 0
%n3673 0
%n