85
3024 188
25360 42878 49205 11488 92568 89346 80027 25014 10568 24205 55120 16093 32493 6520 9699 91051 95172 93526 71598 35695 23319 34506 76618 6829 22730 37648 15913 4819 31192 41300 79947 61837 87147 45322 65992 42292 58783 51256 93193 26463 40859 93827 61786 81272 46649 88156 39854 95116 13154 37813 73153 93681 24315 43594 54971 15768 34748 41426 24856 71480 51037 81260 98060 40313 87053 7557 35728 14897 81179 97399 65043 56475 28468 29037 8287 87080 67952 98613 92405 27367 70412 28577 36358 31648 8806 36942 92888 20487 31550 19530 11965 80288 36964 89445 131 27010 63068 28558 38285 56240 71912 614 45113 68902 35171 52347 74094 4863 20062 48658 95389 25532 62624 52886 14107 15855 38731 35914 40677 34230 65738 54384 18406 28923 72401 45502 35 13305 53317 31126 73127 95251 84923 50337 11389 37951 30691 8156 35805 61940 98663 96805 85960 46024 75163 26833 47250 45591 97479 63606 62647 25337 98890 23150 86301 87358 34558 65689 83155 38850 47611 96107 46661 30026 61531 63331 79656 37081 11814 30736 50141 34734 30582 5021 35189 6061 17065 79456 16970 87610 24277 98019 12725 93447 97654 31497 50003 9803 %n1443 125
97620 56394 45795 49194 6343 58325 51832 44216 8989 84320 7139 35877 33257 53031 15236 31077 21855 81434 1085 95037 37405 94423 12344 58399 67805 44925 41067 95105 34792 7418 5004 33276 12902 61121 68286 24567 19115 17428 34361 54771 66806 70374 65436 63909 90481 72442 21884 71693 20357 88496 32314 3954 91908 37461 2440 95681 99956 16461 16946 84895 78896 77876 85951 88253 27363 72557 55574 24886 32846 29973 91811 25443 33655 66239 62938 19362 85639 26435 99995 90344 87107 25211 85666 54492 41226 38503 58119 37668 20181 5727 13520 87327 79287 99758 41186 6293 22169 93166 88849 99198 2551 39415 35408 55622 40877 24243 68729 69999 72420 63191 99849 77878 42438 67965 84236 69724 91563 61981 57771 1812 77315 35132 87943 60100 69386 %n4198 100
3116 77982 92157 65085 56198 36730 11763 86326 63294 88082 88507 43659 32325 68377 17587 71599 58930 38539 21610 15335 86827 7995 59742 94956 84495 14735 92862 49224 39268 29427 29653 68008 91353 94481 62778 86698 32841 83916 44675 65268 13237 9624 17510 72707 64224 92067 75582 46035 35114 90584 88591 95330 84605 97616 88919 38304 17949 61917 60382 68256 75036 26395 59030 78715 20823 55395 35991 67334 16272 22899 85239 52354 14530 74706 33002 77914 20718 53735 79984 68683 44390 8737 55967 52375 57958 95766 13804 94153 10231 65678 38457 31877 92479 36003 277 86955 99922 97607 49901 85490 %n4824 69
54186 9193 75661 93016 84730 75625 64037 57835 18434 27439 40866 41809 32539 70155 32772 85607 40184 48410 27870 42577 11970 34971 65720 52093 43146 4566 52067 32025 49314 65030 31229 63600 91126 35987 63096 34810 49735 97698 90748 87725 8487 46222 36747 74219 75504 33029 61323 326 48715 91722 76738 21234 19661 87900 7591 81733 82340 55057 55192 74563 12643 68769 78502 33316 39666 48644 44877 83852 43135 %n4436 47
37479 16091 32538 27238 9984 38077 71784 64127 22070 92859 94477 427 47732 59881 15309 7035 50069 9794 26865 77622 50132 91910 4087 41329 81160 85888 564 1283 2173 28746 34045 82034 32655 8595 4936 85721 37043 80893 26610 56124 47132 89685 22584 9322 35137 2194 16343 %n967 41
99984 37974 96162 31939 82132 30002 76740 76357 18794 76803 41831 5469 19759 71568 56332 23811 32699 68618 30973 53710 82669 27064 26629 10480 26954 43265 9378 94841 63562 48907 29328 77676 76184 75377 97029 41441 64684 45849 5799 53903 16017 %n3865 18
31305 72659 10159 52942 22506 15874 43961 25914 63235 95327 49843 5916 75466 96695 76213 36024 28489 18152 %n1520 15
69055 58410 81968 5973 35797 53171 65146 7293 99026 62579 16695 74365 58538 23219 60843 %n4986 5
76667 97405 18389 60804 13161 %n4237 5
98020 30287 37899 76786 27786 %n2563 1
51369 %n5217 3
73213 13292 21535 %n3243 1
90960 %n2553 0
%n761 1
4962 %n3034 2
77978 86649 %n3244 2
89658 551 %n4178 1
40480 %n349 0
%n4970 0
%n4834 0
%n2438 0
%n5302 1
46980 %n2242 0
%n3673 0
%n581 0
%n1540 0
%n4272 0
%n5296 0
%n2313 0
%n4468 0
%n4684 0
%n3319 0
%n2538 0
%n3340 0
%n3750 0
%n3737 0
%n3391 0
%n2740 0
%n186 0
%n4766 0
%n392 0
%n2693 0
%n2604 0
%n2573 0
%n5229 0
%n3841 0
%n5146 0
%n729 0
%n3783 0
%n3154 0
%n4108 0
%n4480 0
%n4354 0
%n4855 0
%n2914 0
%n3681 0
%n3866 0
%n3362 0
%n1311 0
%n4502 0
%n3240 0
%n3440 0
%n4277 0
%n4158 0
%n1191 0
%n4216 0
%n546 0
%n1352 0
%n1859 0
%n2457 0
%n3996 0
%n1340 0
%n278 0
%n2249 0
%n1070 0
%n2305 0
%n2620 0
%n2483 0
%n3626 0
%n2552 0
%n2973 0
%n791 0
%n4461 0
%n4870 0
%n