41
4842 125
14959 2854 26622 22709 65475 37820 41484 46421 39639 24983 37052 2475 98999 95726 59243 87027 41650 53748 57852 74269 65207 42205 27334 90623 29061 52806 15304 80458 91869 66397 30844 36439 1832 70190 50091 93035 44480 69724 65530 15517 78444 4053 89881 70614 68321 25685 58375 7009 87037 13558 94085 98024 97946 97 51184 19647 20773 32336 14268 64951 76913 89619 51043 31680 97387 15984 57819 13163 51499 86721 58447 83019 45853 5787 8205 7434 10499 42357 48291 5446 91991 27262 56034 86020 24829 59956 73591 7899 36801 56228 80948 16494 30969 97595 34813 5695 28383 9537 17645 23299 53342 9882 7230 39726 23586 65075 92168 82985 86306 71744 87089 79065 13149 91961 29458 7799 87875 83409 95883 67835 19307 89841 25330 23802 15788 %n5477 125
9918 45177 5026 24123 4868 90411 80988 78893 17059 23996 51573 40428 35086 12796 96143 42959 70485 20026 17092 22848 2724 11124 82325 23650 58663 59968 75912 80718 91953 3928 39016 7773 70287 13159 16793 43799 45822 77270 81373 80917 95528 43816 10345 17422 7873 92965 38271 68238 23626 6658 32322 87660 27155 72610 75222 56425 15360 59813 30872 37703 84039 69497 39791 15492 85131 93199 76743 13594 79827 15307 48326 67461 54083 77928 12543 30511 44797 43159 97367 74081 22770 22553 25558 69566 56185 92280 71232 99144 98030 55806 39097 20866 58668 17952 18228 17351 20817 76151 20784 16724 91710 37863 38835 92091 75523 74690 85065 88658 68780 62309 80715 42324 25433 64347 6143 4990 60966 43245 24920 33635 63829 3478 38377 13723 70132 %n4607 125
267 56891 59040 48105 26535 72849 96196 7208 34970 32897 64378 16864 56355 72042 59680 79433 49467 3463 7041 95852 23569 44304 67345 84051 55183 93959 16846 62949 12292 72140 21188 84231 87978 19081 28573 15279 54912 37213 95231 89169 98963 83401 54922 6149 34287 19907 87981 11363 14826 54092 15551 87025 57827 50557 43647 26028 76308 65853 41774 17578 65423 56608 6128 17555 2954 29879 76821 2832 19994 3257 93390 80937 24121 8091 65873 69059 92836 54226 18806 68255 15782 33286 75929 21981 11623 75199 81707 82848 81341 77233 28290 51971 50910 72526 71379 81368 56272 39569 62580 580 55612 84317 78091 85350 79449 28691 25375 55309 79987 18777 15665 71844 55602 25928 66934 94061 77 23860 98699 19330 72608 27865 87593 8105 74750 %n7793 123
74053 64080 5740 87236 32416 15132 59928 45357 2428 14178 66115 11433 24801 76837 56786 57245 2569 42654 84371 32715 46478 91695 68080 83799 63942 99028 7700 42123 32565 40377 97693 35022 38397 83986 23903 46972 81152 72093 70048 50575 78200 15267 74028 20033 49725 98014 92485 21372 27631 26017 38447 80909 24630 39009 74023 472 37506 80009 26744 19313 22704 43627 14929 10312 77394 59755 63035 66445 68992 78678 66815 2209 86099 76316 11025 26224 51023 44730 65983 29551 38833 56483 69649 71957 645 30129 38569 89749 54811 54675 12916 82252 78059 76664 75306 17510 59586 79900 80559 26824 52683 72780 91502 69203 95770 66518 8864 84639 43827 78410 89896 19615 82680 21331 19053 81384 51449 13810 75726 42604 64926 24548 48997 %n6957 124
90813 55115 55603 94567 59953 11809 93093 2312 50722 13293 36998 38470 30992 87564 15218 92044 57854 71031 71193 52054 17027 41708 58856 8099 31216 84236 87421 99262 25087 12620 40009 74842 81490 8625 55826 65950 94723 39954 98216 88599 13126 15406 56099 22360 71666 24237 51516 14307 65450 36422 22228 72004 31907 73615 78134 58766 84719 43967 44984 5578 61335 34877 84800 40289 28870 86874 30757 20148 37711 44820 41042 72110 54627 5054 17248 69198 60351 12089 62567 53666 29891 71280 15001 12695 90787 98669 38734 5318 7602 22777 35560 46920 24930 41094 52365 18270 9519 17983 6217 61810 93068 98997 51851 13927 27180 83543 65706 35075 79713 53447 60804 94940 50962 63865 82127 61030 66654 17651 24652 97526 96232 97720 45183 65258 %n5189 125
23028 30401 58741 62946 17806 50078 17504 35064 48758 16023 81998 55486 49144 4699 89360 77434 2454 36992 29971 14239 70712 86219 14960 54730 41680 28387 19324 93010 95398 33224 24618 93527 30490 12344 97302 29911 10103 59435 13677 79960 75940 4052 80816 69454 37851 94646 95107 91709 34522 85986 734 93113 7022 36934 99042 42961 80822 67280 3755 47257 4471 63282 19 194 56131 56261 29435 46145 97944 96947 28638 85774 48905 68432 94488 97986 24701 5604 13536 87105 37097 88294 48732 1681 82329 52794 94898 54265 98273 11067 14848 50966 39532 24381 10823 97893 65671 68932 3337 42453 86736 4256 94129 9963 90974 87507 93988 87312 90207 3488 36390 65628 6542 46493 57917 67142 36660 35875 51674 30686 24634 68192 45575 42949 67122 %n3008 125
86767 41762 49099 33245 34329 49538 5353 28466 82824 59261 58401 49190 19925 97565 49873 30 27604 94629 34009 67354 24928 10968 25909 8939 84149 23676 1210 78042 17989 36300 58893 79177 48675 24050 50843 2345 40952 36190 25582 42093 88177 82551 57599 30334 28382 30024 66529 17102 71630 53565 51873 14518 30611 56738 18122 72067 75696 29714 66623 18101 26847 5503 87774 53805 2683 90298 78959 6725 10303 29648 14085 12114 37987 37387 86450 20152 14990 19103 19737 86399 42321 41797 70509 54060 9 49624 63156 97612 43719 52025 64188 24719 35371 36957 31086 96266 18186 15463 3584 36328 35330 23021 1504 36221 44881 60461 57311 85821 73518 57305 79603 52337 77260 13837 21339 41701 26393 16216 60448 86636 30891 28340 65164 95787 29609 %n4585 124
58684 26366 96671 78094 92199 53651 58755 29301 9665 41731 98243 99394 24906 17284 9221 39922 25027 32358 17366 277 20533 93907 81617 67840 87095 8202 95303 99873 41436 41093 88164 60610 82176 6737 33155 24015 21816 68541 84918 11093 25749 10644 17507 33600 50479 32751 37298 15954 96008 38850 29636 14092 55644 91601 87012 13924 71933 68148 5451 90093 49798 60022 6599 55893 35973 91244 28643 77365 52847 35034 17106 13577 3937 133 58127 69361 32936 21772 30926 14932 92375 11879 48844 62077 90106 34615 1786 38117 34298 4564 34266 31488 72547 81256 33495 50896 17079 75676 57061 43732 38284 73254 85380 33513 34072 10842 68464 68043 40861 83340 54218 27947 43730 3720 9154 80257 83947 95805 60622 33637 24158 21963 72452 25193 %n2136 125
12986 9224 86404 11718 85939 34343 51802 7897 58152 99735 6071 968 57675 39641 24037 88257 70979 31042 49317 85492 22735 17381 74532 19463 21870 61658 18314 45745 15588 9091 47412 41528 84436 35422 97521 65895 48394 11746 91141 34440 55232 46978 48296 57956 9048 49980 14952 29278 32754 68551 57307 2126 9680 49581 8051 9549 80702 58461 29112 78063 34785 54388 18502 57971 1100 80232 80494 65864 10422 50234 3630 60387 78916 77707 19714 3771 65073 24669 48646 8998 57174 5637 47956 44664 87723 89020 65976 63405 96903 36655 43425 79892 58618 84430 21528 5623 95463 70091 40837 5875 37840 8060 76033 80554 54091 57381 73603 86247 97816 45914 66769 73381 41831 22415 510 35317 91937 15692 24927 50741 95905 74316 53045 42121 77411 %n6095 124
85343 49541 89850 4419 55101 89004 42618 91498 45818 22514 24844 67443 3437 44007 58060 9271 35181 63599 94924 87515 45400 90812 42489 94018 95800 85905 79666 46485 93761 64007 32139 19192 58657 86821 74664 82421 83397 87119 25462 31205 48261 85162 64071 49168 25675 6893 95181 66011 21942 76337 13923 22510 52261 72457 44900 35992 61202 39722 40014 89467 60660 91584 70696 66286 42617 58532 30997 24098 29487 88311 70826 32749 26409 19109 10208 65313 9082 29841 48375 71778 45528 12625 31989 3029 59276 33331 94827 35276 91756 60467 32032 82764 60230 90132 68684 52926 98885 93218 2303 26501 34650 12491 48771 25242 50230 70486 93579 8539 51447 90995 64062 94837 78680 23670 90003 9183 71105 67739 17024 29113 74116 38036 44636 38872 %n1713 124
19875 81338 90507 62829 52608 805 93169 82855 28982 9402 29998 10780 54367 99805 70245 33779 39358 58815 39216 54567 561 21578 55896 55179 99414 79167 6913 81171 77049 93813 1321 73316 42069 55189 30434 74239 68419 19522 39865 5154 75732 30950 29772 58374 48456 73705 92586 28866 3326 42350 85424 31600 73724 79295 93395 13737 3726 15617 67783 13791 65911 24055 8296 45584 17535 32288 57261 29659 15491 53765 67386 44731 82750 76804 72596 84108 88955 72520 11444 70145 15325 9870 39968 70250 81089 19513 12932 93339 9410 7471 77525 34336 3688 72060 66794 87798 23291 72229 2204 8145 75753 51501 85477 30207 34746 51004 46841 98157 45071 4124 15966 10311 65620 84709 56766 8754 63704 30409 43303 6689 2432 14478 30528 73789 %n3690 124
13903 17821 18580 5418 58327 90713 87472 39112 19340 14006 35505 45561 82740 54271 75643 50149 35761 39146 76481 19865 85410 12673 436 41550 87607 10791 84689 45563 55240 99749 54529 29118 25109 94929 79967 96064 53867 48806 56858 21322 23086 56897 1784 15415 16748 10944 31586 69747 26663 57288 66348 26745 30794 39256 33835 6040 51321 27919 17572 17702 5874 3114 27125 18239 60422 82359 62845 57538 75979 53382 40518 37574 19624 81252 2221 71042 2874 46645 32136 24542 80881 86360 72099 24466 18857 94691 63995 81163 37950 68871 10253 41905 49463 38701 49557 79336 47733 28809 48852 84582 90115 2970 20991 57252 41412 51870 12939 99140 1969 23314 74876 76334 47136 24995 40583 72990 39806 72791 98087 22389 41574 20456 27034 79589 %n1484 125
46105 92938 80035 68747 10140 80603 31573 71027 14922 93663 28630 34306 6726 5953 62754 51666 21799 76005 91194 69599 26772 73307 55977 1159 658 16363 96030 7474 2606 10407 46688 41917 1355 13160 67045 96363 36288 60378 70308 64313 53640 92714 65241 41214 32581 22429 32415 82812 45196 7943 84490 14877 23819 76980 1787 10648 26722 58818 85524 80267 45935 4500 24501 8360 22689 10348 94174 6169 38970 6214 84372 35137 71727 5807 79179 155 28355 60174 76220 71287 3626 70192 19419 96344 97579 37978 69620 96955 88352 76620 74758 28728 49658 50752 7876 36475 91053 87178 4977 7101 3333 61205 72968 48670 69864 55548 75008 85118 77568 58725 71542 4947 63787 33008 6789 60153 26382 78229 70036 48659 33415 39207 98052 34580 21695 %n5660 125
72926 51631 13388 40261 94825 14623 45713 23573 6357 85332 12365 44490 25638 31130 49657 92747 92210 63923 62562 31226 73930 41746 96357 29633 10830 54846 31720 48879 14052 84513 37362 23498 74105 30332 93386 89077 8799 84560 72104 38227 82534 81679 24111 71539 34269 35764 45394 538 93650 69019 26570 73458 91912 98763 12705 8039 94430 56262 55944 92775 40269 68703 61012 47089 37824 65852 56293 78568 43081 99227 7160 47135 75776 99719 48058 65926 54293 68539 5824 99439 47472 67561 56292 74121 43157 97133 54805 29572 30567 45261 20595 68087 74864 83511 29165 76499 28619 74284 84096 22518 98206 9694 93870 31062 54237 57643 12259 58555 92525 66795 82665 75573 31090 98878 71547 60535 64427 4979 15523 67277 22687 49393 59004 1273 68632 %n1423 122
20488 87937 97384 24455 2792 594 36681 15488 70657 63467 53801 18829 75420 75980 81505 67692 84765 54063 41486 28253 78371 35169 45117 92679 16442 13057 15902 61269 61479 64948 51422 8222 43433 80432 17848 96145 98421 37048 49224 72548 38746 42539 31524 36699 81092 18274 12062 58237 72624 43778 74468 80167 10566 72940 11110 8232 94486 93686 58748 58247 15524 72000 57641 36153 13726 70564 31533 34472 83537 92644 6453 75152 8068 54953 57343 79529 28975 49098 69286 38128 38010 23931 89524 58263 97252 33485 59465 5952 58252 2826 35606 82358 37752 25800 40520 21891 19720 55598 99676 55892 98186 7394 88965 81561 80322 13211 24029 73406 43098 94733 63508 24861 74785 73024 18037 20947 8849 81914 78728 50606 22100 97802 %n3829 124
61903 77395 64850 85980 86386 65199 33793 69763 25414 22471 99096 31204 21832 9832 66494 17424 59274 70592 96514 85177 55465 68521 4940 32200 78114 85454 5222 37705 61741 10110 8711 47732 14612 63178 6866 550 48123 37936 28482 73682 30915 17111 4078 37432 54138 72253 19987 32431 68476 90539 32230 98018 72120 92970 41793 93182 97706 23597 57026 40035 95053 17970 97542 32350 43674 64853 18500 76848 61124 11314 82236 68599 53221 62800 89558 67210 62191 20078 84242 53655 1631 71485 45300 15082 22564 90736 76608 17642 969 65859 35978 99721 72351 40198 242 7222 91156 57488 47842 61848 15626 85203 42137 27186 80509 1470 60086 95374 29463 85815 6267 18989 77554 4291 8516 28455 94463 94080 12862 43100 7435 93280 70776 1 %n2738 123
15060 19515 38436 11397 43422 32346 21563 97641 55119 57774 83618 78329 31517 42772 70276 27292 34342 75654 43369 44947 51990 54304 56494 98870 27738 47926 96075 28867 80854 7400 80239 82619 52774 56951 21724 49965 38496 82118 70594 63094 20639 82239 72982 77724 32761 19702 62544 93741 87898 76688 97726 48625 14096 22994 46940 72096 37897 78965 47712 80244 53155 75861 98588 77621 74325 16859 47982 16801 76674 67316 45971 81119 50368 13138 16877 48098 7724 62507 52651 75825 69057 68597 35025 8132 91976 74470 88028 53851 68903 76841 76805 87297 16657 65675 13878 45896 91880 25303 58272 20087 45579 91137 68275 96850 79950 8856 87468 92141 79628 22221 39067 39205 43515 31910 24417 78266 49861 47403 58114 13819 57066 66385 15036 %n5469 124
68727 72053 86600 23887 49592 98894 77109 70848 42575 39478 62819 36727 89126 47306 65944 41319 66845 81704 93293 77837 14228 98691 51416 79514 53113 43247 77147 26533 63634 55257 31681 41057 12527 22713 8591 79044 13524 7569 37751 84884 74262 88781 76921 7608 48417 28565 59762 69583 99925 63485 33136 45365 47734 22592 58066 14018 66621 21229 84488 93990 53185 59958 14733 7526 61430 67234 63269 285 99652 43543 66990 27297 91397 41113 56339 57352 23979 68820 67995 94523 97549 88136 16739 78990 17126 46026 65910 67689 86570 30491 15611 38799 4810 37217 21069 80609 48404 74401 91224 3774 71651 15136 22076 32625 11333 20368 28083 8668 16998 67432 23862 29644 93111 27606 97749 92178 15602 81206 2316 50100 66311 89830 40649 71882 %n6573 121
53265 35581 89811 74370 72532 84028 89805 35014 96636 85090 51273 2044 61982 31272 66289 26517 39749 44276 56553 51636 82334 3568 8950 71756 3849 99415 65771 82457 9222 66755 82309 11222 34890 99426 18803 42592 21019 74419 99898 76859 52538 17597 39698 12942 8857 62786 87382 6503 5146 29554 90680 13454 66680 41425 62251 51110 62248 87730 19773 1667 19317 5279 97345 65805 61176 17376 61093 48993 51451 47264 48727 68750 23064 3423 96527 89119 7002 3354 9416 31223 90584 10417 778 39098 53664 19110 94878 97145 95382 34327 64556 1966 43972 75827 48617 74985 85833 58254 75805 65806 42133 8279 47224 68518 40988 67333 45035 69267 96892 30116 68268 35327 39933 18593 19909 30223 97923 25682 94926 5229 55477 %n850 121
39278 27093 30785 21129 53998 65443 61440 77345 86772 63864 50630 60654 53556 38061 64398 75794 60931 29048 3684 24698 49183 33665 52069 18932 44767 45655 14107 64468 29756 98913 82528 59097 8291 28501 14580 54821 29100 53152 61463 85079 79353 38853 33187 30266 71113 86754 81481 36384 55188 22295 48539 88839 39562 17892 93278 51580 59284 60347 59536 27148 63245 20059 20154 86934 8775 51821 4379 6341 50626 53269 58188 22812 99553 60829 65035 19894 21671 48133 60824 62760 55906 51327 2753 52173 6987 47307 33345 91069 22653 79989 74727 63567 73236 75249 13079 9068 2967 68099 84281 14492 42128 9146 57545 67827 17542 8968 33837 99672 91782 26485 7566 4393 49671 75743 45237 22800 99671 42953 8432 84544 41741 %n7165 121
96420 84031 63049 68542 35252 78179 85366 4293 31652 80291 36847 60534 92575 58784 81677 52290 32546 37318 98370 28208 48517 39215 27124 11350 96910 52977 38250 22748 2610 31183 73981 12933 98120 42427 74564 84827 17035 81199 59924 34994 57318 53568 32549 16905 3430 86944 78839 40505 65831 98497 72757 47271 40871 63448 25364 42550 31337 92853 74917 61941 68947 19698 29586 58926 89025 83062 58576 36350 96435 26279 5463 49230 38042 37616 91343 63332 88657 85444 60497 65637 8879 7058 69040 2809 36060 58398 28625 19521 45927 41871 17846 98659 96475 13509 16800 45153 34844 506 49918 13283 10967 40449 18759 36416 89488 83060 57930 34215 33796 48271 99301 89356 18977 23745 94028 94842 8493 18931 17604 86503 89703 %n2641 122
88009 74677 58580 91357 32379 99915 99171 59851 13707 31803 62093 87086 17899 70774 91110 56718 91499 39384 84177 7949 44952 74359 30006 75817 86015 58817 33852 26518 52390 64311 68334 40701 99701 89959 24600 74268 94202 65366 51760 58587 64094 94264 36210 55017 77024 36670 29271 47145 24224 39929 604 27519 21373 34930 72436 20295 98964 85771 2499 66124 14046 37413 68812 98316 95344 96329 72704 71818 10606 95973 4268 43708 45030 89763 78435 80915 35235 71766 64114 40265 28480 65943 8334 89439 98879 85490 37246 34613 94854 42546 83881 17514 83198 59594 17738 99080 89583 78846 37223 14368 40553 50805 50570 44241 48198 30652 22094 22672 54764 40616 38711 63148 5651 19026 5352 4332 76712 28140 40761 89576 55255 17020 %n2693 122
94149 97975 62112 73942 30244 85893 75377 74701 77683 24549 47252 820 83118 63457 81535 88535 80011 22102 73798 74629 97394 12226 99823 67065 4576 58199 51020 16532 93207 33969 77884 71436 70143 67048 66422 45852 77284 54943 75067 23742 22574 49004 2115 68971 61779 70870 68082 57920 33103 64878 97809 22545 97942 18561 76473 87189 54280 96679 34112 52157 28138 8455 15275 55037 31576 14891 56569 1483 87826 93799 86801 43375 31037 13412 15271 65912 48190 17658 13518 58048 37498 29077 31237 67988 57649 8872 22851 10675 87685 86452 62621 80378 16210 15389 67922 86971 4952 74926 3519 22085 22769 71663 34012 70833 5762 23379 7879 5996 5374 87429 49103 61700 70916 18663 68009 8153 75870 98708 32563 33420 21466 39829 %n7580 123
2438 68078 28303 63400 57929 62626 57927 59378 32790 94352 73052 73845 72774 58882 52575 53638 21597 16460 59988 86554 15493 56039 92582 49906 54356 67474 63843 17660 10005 35766 48286 84555 66148 45762 42188 21286 84859 66734 13396 75707 6682 47405 81559 74788 17184 20880 42047 24267 37276 42466 90775 74357 87404 86665 33892 55476 77083 26489 47988 53492 12026 55649 61710 38173 8278 59228 53513 27849 2141 7406 83236 58819 1283 9860 88027 12763 56509 68083 26797 19774 28969 25356 50480 92706 41667 17258 60948 3990 4828 47594 61319 17509 11910 12989 52266 75889 83869 5835 98099 59537 58808 10905 92332 62979 73933 34450 39681 19080 3633 21137 21755 60599 49336 94427 17250 80296 7704 98560 50694 10230 877 85526 95506 %n1007 124
52902 99874 48477 85931 87803 78876 3745 9385 16716 81102 22458 51709 8044 31073 71767 5376 68129 21310 64510 45829 47303 23238 61272 8384 40906 86383 61195 90239 52584 43094 68505 79187 35186 54019 13058 13276 26076 54231 88021 64790 84223 48499 73036 31493 23538 79470 18559 30672 15268 4841 96740 72318 6037 7368 92065 34024 93471 80567 23592 64152 70917 97737 59310 8331 4982 22248 85422 13936 48684 14668 63677 40538 43610 92925 84823 48390 73924 66061 90293 30878 61041 12572 61434 99532 47449 56101 35534 24535 65420 67537 84558 80761 40753 46318 88384 34749 61193 56181 88611 73257 32359 11224 31313 60595 69416 79138 84229 45946 52810 97082 4527 89762 14450 27132 19664 51515 36929 10614 51652 44442 59379 77464 93296 53337 %n2352 123
59599 48197 63108 19027 12980 35328 85413 95618 56165 41609 51058 86960 13099 30290 94560 83234 62818 50506 20756 45284 64458 88315 19931 62960 33053 93259 74214 38497 98809 12783 14058 5289 79127 13796 21527 46482 79085 30756 66324 39753 74502 29297 57007 83081 17124 29423 58315 82143 73121 8936 33716 86256 67767 85859 38325 22569 84420 92981 79733 89695 91321 21475 91028 4575 85607 85084 44717 59339 29754 675 52932 59499 13445 28617 82319 86547 73410 65094 65537 67578 67047 50277 76114 56183 5797 23275 31080 53256 20741 6476 65054 57278 54898 58009 40855 30677 93355 29560 79443 82863 76299 85018 86385 88504 24274 68427 7056 6439 7617 21555 78490 28471 34757 20163 3964 92004 31924 13873 25122 90821 93545 71259 29086 %n1224 123
58545 42111 97552 43469 2393 18861 41365 27149 36110 33404 63734 89628 55786 97700 13451 23189 49388 9378 10131 52730 63907 8651 24338 22535 52670 35944 75629 59576 61877 99294 25209 84315 11955 33625 39754 53740 80971 44055 79614 35928 97375 52358 60224 95683 83576 73222 2516 87065 28221 95475 99185 20370 95407 97725 82612 32610 51010 670 30479 31594 71331 23078 47371 93939 35209 1680 62308 86218 13759 71837 29552 6941 47395 61190 52228 64847 56158 1148 57668 24448 14306 38972 30360 99136 44741 57606 77119 73031 98765 8206 11854 71751 74212 89340 31418 97006 18197 70611 27711 35308 46511 27374 7397 23197 87073 78126 21179 17812 67402 47793 23510 66122 32282 21025 4392 18821 1701 11099 90890 30063 44632 54771 37060 %n5896 124
37336 17905 53578 87172 12021 74590 3884 35959 18880 69610 46042 99585 22756 10037 85369 65586 28235 10892 91947 55199 27024 71940 19151 86691 82976 44209 79634 9287 73185 24925 57628 63747 67170 18408 22486 29215 70873 61271 14237 5008 75417 83893 57208 60917 66233 98313 62017 80454 29810 97515 86279 79043 46622 57249 55202 95325 18716 35309 72550 72443 94244 47446 42765 53631 68040 50979 75280 14726 60501 4818 99279 64960 72276 6136 64502 27921 3866 30147 4475 39244 59366 61966 35649 89416 49567 47916 46889 32340 53487 63022 34796 16926 56816 96261 37064 43313 52622 97905 86447 76900 34234 55798 70840 1662 68924 76556 32174 7524 18919 1053 78385 49511 41651 95558 77451 78132 97868 2015 19215 80045 35242 65001 55375 39947 %n6199 122
19361 12282 90532 87360 85278 98576 2217 6642 84456 869 98238 25617 80572 23748 37687 33791 10388 25594 14943 98707 3481 30263 12907 3214 69915 4105 59603 63514 12787 9521 81042 69472 92068 36254 52645 18809 33677 22892 43687 38463 72837 76221 43975 79257 49343 61665 20053 50759 1747 34807 64639 46560 60232 62429 7332 84469 43166 24818 91108 18818 20596 90577 58289 4354 91122 14029 83078 48369 13510 67158 56757 36612 7112 75746 39946 40705 8490 21428 16682 47179 50386 85854 34399 63169 84580 74012 9412 22603 5415 18476 82084 28003 81624 64360 79475 99408 48571 3873 97995 1732 77000 78168 58451 46419 91187 6403 87590 49119 47900 62445 61117 33723 26039 52807 46033 32733 63804 91051 85784 8164 14880 88891 %n533 123
41201 33882 82080 73740 37533 32948 9934 83297 92888 17498 94981 73928 95951 33647 67795 49837 4560 95446 27366 92327 68055 28679 63001 25134 10155 67628 23783 57901 6555 23796 90357 45797 27503 40469 68997 61523 88125 26180 88036 56868 85115 24764 1983 57547 48318 56937 247 8256 79328 32400 66499 31190 49149 78813 98113 39464 46633 49154 70364 38023 58778 12393 56628 95566 95208 94864 44665 86678 14105 38916 56267 55785 19385 68844 81518 17339 30014 73496 5375 24119 79205 19876 65087 90969 11465 93329 71132 57843 4395 16422 41591 62005 28258 83165 45448 12881 26709 42538 42686 7235 41382 85673 86280 59582 51893 7640 72410 48226 74803 20342 60528 22949 66366 40946 36349 47892 43380 11715 54288 6074 59328 5320 22505 %n4543 122
85963 87061 7590 65036 31059 12792 58929 43339 73476 34611 92335 9283 65990 20157 63589 96013 81606 36313 46449 4157 93465 70585 50424 72697 26095 32833 33731 94729 36796 26674 19499 56471 64964 36250 23105 3593 28475 90604 42428 99722 52765 92322 31814 56283 38593 68606 56892 32196 62491 31727 69821 89412 3036 58602 68736 9454 92427 8381 14444 24347 48072 42283 23680 83011 51933 43650 67640 82523 9561 70193 3161 7507 96814 75394 610 38653 50864 53831 28347 90886 31411 55995 72154 29343 33659 14038 26940 49771 96539 31674 13654 76446 76641 5525 40023 62615 11370 82940 16187 28681 59215 11119 45310 76948 70137 91012 57576 37400 99204 63722 76516 39637 68679 5286 23079 21767 32250 26314 31118 12149 92173 6381 %n2396 118
60431 96040 80083 86019 46801 33001 48760 7670 98489 3089 37915 44612 44455 95568 82605 74680 44327 58646 23465 94630 3886 77846 6750 64107 5397 77778 7639 98437 64914 57387 62784 29194 47118 93115 54109 20074 94121 57968 37599 86523 56589 88576 49268 29817 96239 98365 532 65855 86075 476 67174 42743 54249 3288 8569 99806 79199 51786 97135 17374 73180 18769 19306 67397 66229 47289 43825 64060 26969 2595 38694 51064 98967 94520 270 10223 55451 43156 87432 20347 9165 81065 95818 39072 34163 73166 99476 24872 78851 68870 33613 43682 11554 35971 427 98256 50754 7300 91341 86270 14688 53600 78676 98111 36881 5641 53821 14909 70334 16334 77896 70852 69155 31936 86834 43887 72161 35383 %n6285 124
50072 41315 11431 28527 76881 20887 10951 5018 75627 3501 1766 84194 62855 88696 64751 54595 83619 15659 24025 70874 82760 68182 76328 85361 23999 84135 66589 44093 61914 42684 91157 80655 74172 139 51054 76507 51639 84867 6895 26765 17220 84049 99678 11179 56345 88533 85035 68322 58446 40039 31806 96951 95098 48660 3110 20308 22579 96451 36171 42226 56114 27670 32569 90016 1475 22428 82862 8508 42838 9587 54711 25825 756 35297 59734 2288 73905 77831 96085 90670 8431 69422 39981 87386 24309 90330 22101 28197 14592 61688 51162 87106 2180 68230 63939 77262 42766 38974 18100 25103 29745 17803 93848 74086 89150 82805 11418 71224 18117 3329 32902 7239 94577 75052 32009 92108 30905 9164 17080 45968 35138 25332 82834 5050 %n971 123
10042 3372 20785 9492 47919 43203 22610 17074 12516 71621 86844 83318 69752 43179 38625 95975 78491 53758 12551 17992 61284 58785 97964 62196 59552 85280 23139 31607 19654 80861 68385 79910 24101 6248 88145 58802 24122 58685 9609 14851 86406 18966 27044 52185 34558 43268 15900 21278 7712 19206 60778 82205 26477 75644 99944 88346 96705 7245 69501 96756 67674 20610 53549 64917 2601 59578 22289 23406 66047 68823 92817 6486 12501 20143 56353 37794 897 16715 43318 29921 81318 39501 60495 13198 38642 67307 79757 63338 31918 59089 71066 68266 89344 18258 20345 74889 99860 13031 66502 39958 51954 86319 64448 34814 30558 28995 90998 52142 21812 81639 84023 45610 39916 76238 14267 26979 54149 91470 19200 68458 29475 10356 35641 %n2873 120
15613 15898 32189 60343 2807 97840 30544 14666 28523 90602 76765 44146 54612 56592 47503 45014 71710 26305 46060 28654 60831 331 57313 25961 92311 65327 52136 17493 39432 68613 85027 3764 64547 18852 35551 32807 57803 94206 13298 31148 15367 26800 92822 16082 7657 76214 32153 84931 8419 93306 30740 33951 85077 77612 52974 37855 49028 16691 49061 49438 80355 59347 4757 75665 2177 31785 47894 48863 41357 9662 2973 88547 43123 36943 35305 27172 17096 94673 73735 87540 25441 86559 12009 19861 80309 89405 89105 58151 17707 52351 3864 56800 70324 52182 6138 35353 46246 61416 76438 56573 6831 54250 35677 99132 71057 10038 91078 95927 70318 37947 4502 34760 21825 37667 78052 1538 74523 29643 58024 84147 %n1478 123
73815 74878 82253 39204 32393 1725 99786 58133 69762 29292 10218 42536 24952 19553 82935 82742 30923 37484 63143 87142 34200 11319 61401 50177 34592 42707 35126 65861 72865 18781 54816 49780 64661 25529 95484 60903 24820 88446 87135 88949 9912 25706 68423 14151 10078 81641 53425 32240 27986 91309 95129 22656 99165 69414 73673 23305 36931 4092 11770 13289 36880 45315 81744 31121 59945 42392 54952 65371 4418 54755 98587 19713 64361 62598 11138 66688 30578 76351 39438 86956 77237 84373 10235 66320 80301 28761 73448 8104 23685 32113 18389 59042 19792 51125 20247 26849 7456 88024 6197 18568 94997 4161 31868 55709 32656 16020 12861 17557 87454 10261 41073 22455 44296 59510 68796 81283 53043 1083 44087 68206 23432 18823 5255 %n4587 118
84026 42218 24450 96194 4474 45569 63590 2501 75594 70760 41525 19913 48453 15416 76317 10162 83162 4175 21218 932 70545 81645 68744 96613 58664 61350 76978 95202 52384 71243 18634 74927 61165 84690 51315 11869 38449 92902 49844 85585 94304 21346 50525 10494 81291 44753 796 32924 32417 24011 27413 63992 76321 94513 38073 67015 91241 39808 73356 49269 49344 31905 23702 38365 86185 40927 5508 67395 96992 20967 19354 53012 75353 66681 37700 11859 20190 82217 3031 2216 1950 9793 34987 54951 81319 77880 49924 12704 97186 27538 71070 80630 67543 77154 79562 32588 6834 8298 54758 36397 27396 5655 56639 92976 69560 53645 53357 53481 49055 11814 51284 83902 47459 9878 39789 40463 62713 79219 %n439 121
34928 87216 92282 92816 17429 47929 36702 18830 49287 2243 26154 64293 677 57376 81459 99025 12454 54819 41578 85556 97634 28002 95691 95838 99027 75162 98965 35871 68046 9567 87050 96436 19998 9362 15766 18057 68112 43695 61136 54189 32955 92908 44827 81295 96510 2039 87425 93617 73509 1611 80350 43285 99777 37285 70018 53579 32181 71212 94549 96529 38099 51471 99708 10923 14600 22818 82714 55954 83004 28906 44048 52274 63760 45544 82539 43572 45972 23476 89944 87318 40681 12785 29870 66684 94689 8905 26266 85474 74602 44479 77961 58354 31468 14485 51665 69489 79191 31217 3470 40090 18485 7957 95508 98428 49905 618 70670 15695 86609 17732 3344 22721 19657 5195 87546 11126 13091 39560 5988 53180 35930 %n3452 122
50977 22012 10710 68663 35803 24813 90541 95990 53996 2773 86545 48910 93920 70789 95861 27614 13615 84010 43828 93823 31532 72470 8873 79876 67123 96944 65121 32919 23283 8270 70240 54883 47187 99467 87832 37672 90113 53692 57941 20752 20329 79466 99628 73943 11358 77016 68306 13797 50529 17088 49833 5865 79365 42207 63329 44592 27896 6681 77595 65807 13351 12360 98289 72330 13553 33367 91606 18434 84629 69948 29452 5400 38976 72419 13472 4032 47592 3831 21496 88880 74363 91245 36129 9833 50066 21675 54564 28168 38052 60959 64137 23935 42646 57958 2311 74804 27624 61250 38987 32686 73993 86011 42624 53230 59169 20484 64645 84024 48770 58955 71554 68300 12689 60449 46846 46540 97729 48082 55090 83390 81197 87287 %n2852 122
25396 6918 25474 59256 83755 35375 46489 80529 58788 84668 65937 2077 39445 4045 40829 94193 25933 38568 34158 72354 6919 33792 96962 87221 5001 61419 67694 62275 16677 65436 99214 36562 16955 81036 69813 78899 69335 53766 24613 926 59342 56616 34947 45619 486 33366 24341 97341 31706 89552 27463 70954 86012 31661 32478 23918 75713 30720 68980 77366 93006 93675 29729 20558 25744 29719 30313 42677 79364 51468 80546 46674 18204 85273 87722 21204 63462 95203 50893 64006 93776 17121 32824 33942 38290 82287 68799 36238 34243 77784 66089 56862 42777 74933 41819 31467 7421 53815 3847 14506 58720 65575 23941 41649 29995 86192 90629 36593 96797 45861 11529 22928 44307 41025 21620 64475 83499 5671 67391 18851 42342 84336 %n111 121
63920 11556 90636 59775 80578 45328 6406 8221 62869 67473 17151 26684 48450 98229 57433 69478 25404 16030 51316 83991 12111 67507 42059 53472 67839 9589 47940 53711 46179 16282 44949 24362 81670 91061 90362 30648 75886 70814 20769 66977 68752 26910 90009 91360 39402 46765 69937 56653 7487 22136 84228 80966 5803 63614 47184 77955 9834 46955 35953 55403 24358 47917 98277 72665 97310 18175 70727 10838 97172 45870 46895 68470 86486 56001 90718 57365 45411 18147 62373 7660 29904 69458 75901 17933 78103 93150 78599 16849 72003 51244 88054 51521 12191 82353 8426 75289 38107 33584 54233 14523 20799 1929 53141 39198 69039 18985 24207 65949 53636 76536 92079 11778 99583 15833 73911 4512 49654 8390 28008 50475 34513 %n