44
4116 101
34398 20696 79296 54752 34135 28584 21880 77991 1339 87278 87618 54216 84255 90355 24821 3500 43194 54978 76043 72553 56980 76636 93538 58556 12180 16632 41347 94145 55588 50770 24934 39399 70306 64490 84790 6584 69951 16182 50131 49352 1648 21172 44404 85276 28285 88917 19536 58408 65526 42345 23565 75845 32234 36410 53250 11874 56472 13021 65855 53604 17938 83241 43474 94598 68763 88856 61184 81602 28743 93486 51040 30012 4207 29457 73159 42004 66839 81489 84720 69115 423 60813 36817 82551 99779 43569 39250 41411 85825 93759 19278 15892 89164 73403 32177 66444 20070 55172 67250 57252 81499 %n3437 78
66914 31244 83404 9834 26636 12040 21250 81603 50892 97785 50511 67742 40629 79227 12922 54062 90629 79955 42630 5401 62462 28638 38734 48044 79457 96878 91418 92101 42243 42858 76779 80691 2602 14494 55896 95089 39483 88597 46195 17731 15643 7864 41511 45441 39509 74043 76297 24687 24201 3741 4097 73527 68997 58451 19571 51358 31096 17931 72219 4271 4067 37727 81825 10178 61506 93012 99171 68927 88375 60778 39911 33843 36533 67746 41684 66219 90334 43392 %n5690 62
46951 88657 3585 72604 87376 83285 67963 1083 46971 11559 76175 20889 5412 8362 64945 87915 7222 72611 37845 87235 31194 65291 17563 51405 79094 44845 96964 34976 71709 76767 65609 1690 2491 87544 50341 19011 20416 34691 2227 51878 33499 17044 95342 69137 11811 24811 40270 90683 13419 56706 5848 65159 89943 79038 982 17878 15738 9831 35154 77571 49215 63683 %n6247 52
55540 43634 34662 53388 21801 58621 66405 32982 44877 99023 88058 32361 5091 3061 75879 69290 86992 52165 75484 90000 71014 72601 24248 69400 55481 28876 61546 44254 72685 98871 26260 76118 30493 25082 50859 76065 87651 86844 68912 60847 45242 46934 87093 24137 4860 57646 43456 24506 71118 48456 73781 38747 %n4541 38
13426 48288 40037 19293 24451 12627 83565 27817 45655 20098 33551 77381 12318 50860 97396 94995 63896 92259 90134 64195 63583 47837 11088 79158 17326 33493 57886 19355 68246 76568 54956 67444 52333 27796 54398 45190 67282 2712 %n3156 45
78616 79819 7648 31972 96672 92989 76409 35286 41883 9399 39097 38574 93259 16976 59373 34895 68320 34563 32248 87220 95954 8522 74480 831 50114 12798 43801 5348 99165 27174 44019 20641 83570 50053 88870 51024 96534 44697 33312 16679 8967 31741 73861 61902 32933 %n6494 29
8277 41956 55972 26264 72998 75716 70233 43958 87379 65374 40250 29424 53149 67260 92908 78494 24116 58986 69560 64580 73511 44243 88282 87822 91095 1590 32633 24541 3057 %n8338 28
48022 51108 83392 56262 31064 48537 81793 53829 7947 82259 83309 10343 82407 5375 4371 55122 86884 72534 92918 22967 30619 12422 40247 80070 41959 3977 47218 93541 %n5855 20
87547 18581 34370 53625 98400 52737 5650 66031 26096 41303 55760 97905 23204 95035 56197 71504 32388 51605 73032 90765 %n4518 16
26543 42349 94082 23003 34349 25008 30614 69632 23670 1517 93871 20385 81905 45796 70946 10660 %n8638 9
6672 42189 76716 91492 39286 85716 26629 6340 63628 %n2247 12
98306 72752 54975 80330 70792 60648 81420 22646 52514 60269 92419 88158 %n7373 6
47237 61558 63853 56784 79428 15331 %n38 12
576 59462 95671 59688 70789 37852 47731 45813 48983 67012 99847 71561 %n4927 4
88488 45333 48483 41037 %n8268 3
28666 63450 61978 %n7822 6
76610 93128 60126 28038 77071 82698 %n8587 2
849 83142 %n6251 2
31418 98999 %n4231 1
41831 %n7895 3
25153 68733 41192 %n5736 3
24076 24671 91562 %n3957 0
%n3557 1
57731 %n8169 0
%n2791 0
%n3573 0
%n8654 1
8946 %n559 0
%n8834 0
%n1267 1
52557 %n576 0
%n5565 0
%n1720 0
%n1953 0
%n6723 0
%n2452 0
%n4291 0
%n8713 0
%n2004 0
%n7331 0
%n7237 0
%n626 0
%n8652 0
%n