57
1311 328
29971 46774 73680 81615 44528 99338 58399 64752 82830 3871 5551 20255 76338 57727 97382 76667 16659 96252 59306 11755 8154 98786 29884 86890 92060 49449 86671 1233 13834 3783 68729 28575 70149 97945 46077 83953 11322 28037 33813 57476 36460 96387 81948 68906 12120 19826 13344 46700 18603 79077 11096 75358 23580 3429 75779 67362 50433 61691 31685 22349 51075 17248 98585 30437 76091 69825 89280 12354 8973 33468 23302 92963 40909 62675 713 53314 38723 82498 1842 83669 5297 29638 8072 8729 15708 47746 42273 34041 71921 29294 57323 94456 44577 49159 33876 1700 76852 41775 4258 13627 9458 28505 5326 61888 57503 76516 19539 30770 37381 57338 6912 42754 11273 6885 3885 27895 29606 61977 25874 99650 87694 75491 63994 39965 39126 31319 2484 64079 64783 41773 98784 32236 60152 25574 4960 17640 27240 82564 89470 86723 28828 33015 10737 39634 38878 15269 72895 85127 34212 66377 6012 76139 42308 64367 60808 94626 15892 68199 79804 51626 68357 63707 76639 84979 71703 64129 8445 39811 46813 5122 96453 85080 92576 80795 24112 483 1876 82264 83926 69297 47560 19835 73888 46265 67662 50410 19122 20673 35992 67490 21938 4391 68713 23087 11802 39255 43990 22513 97121 143 22220 90629 86638 89288 2909 70546 45840 56962 5221 40829 64181 80041 50245 25794 64100 16365 8122 43344 75188 52856 89039 61531 8752 20980 96526 3684 73753 49900 63381 62568 56828 64555 130 63180 36560 6800 71351 55394 25810 82434 684 55173 67627 79169 15174 10866 72151 28656 22063 59293 7923 50607 41994 12978 93337 95006 40757 30419 40212 27430 484 79701 84121 8027 99346 34077 96342 74536 20801 48493 37964 76981 48565 94985 5931 23973 18791 57322 22759 79495 44452 52688 23915 13391 51067 61552 73698 1989 66484 25928 77646 59775 58097 48685 87872 37284 89540 31666 85920 43391 35210 90206 69503 74194 28330 67333 70284 61817 80961 95711 63102 92973 59710 68672 53045 18093 64362 33838 9722 95898 92238 96194 73758 87751 52167 86485 59351 90210 %n1331 189
35024 19504 49684 66512 18342 43099 30351 77670 11107 56008 7956 97973 69037 35285 20128 47166 74404 15943 29168 38751 18622 15240 51967 64231 68456 8883 40664 71030 2315 37722 58268 52254 27710 2886 15338 67231 62322 20347 95022 74916 47846 12968 92943 69319 41387 3282 38162 21642 82042 21734 71060 8976 35042 57219 22740 98462 1794 1503 85371 39841 66675 33432 13400 71409 41461 52202 11870 92357 73776 13910 64611 13305 23510 2878 73677 66199 83439 85163 66980 78631 28191 18635 59282 68846 596 32527 6950 65242 94429 75590 1896 75906 25010 94643 35628 68190 84682 34173 14116 64981 80989 5981 87067 3392 16930 77144 13193 76390 9151 21888 18091 32167 75277 44993 16605 82437 67092 94377 83963 50556 20560 31124 17167 81040 42155 49558 35767 76720 41035 18730 77643 81112 34354 15580 68958 69924 29046 7173 52816 27194 94618 7316 17434 37666 48286 37157 22947 66016 19183 80303 83004 55192 10284 81241 11427 60458 80135 46384 89678 92559 70023 94291 71189 57605 39111 87862 14588 29574 8475 33135 33113 32335 30116 37561 26300 87719 92113 4176 43382 77200 90024 74714 55126 46389 35185 41101 43169 97992 1648 %n88 104
70557 64501 41844 81855 91421 35471 41356 50327 21197 31746 26730 52898 22402 61787 11254 97180 75225 48021 99352 39069 46170 46866 2547 2069 55644 79250 72572 21621 42847 88210 91331 79132 76385 79661 47740 14735 96122 47317 83399 16491 54726 58552 52522 88358 92115 81025 9294 99883 92017 55910 27904 34187 2109 42871 89413 62292 93587 78617 83407 93257 71155 31121 87092 97405 60803 10020 40543 34125 57575 75871 40009 4220 88332 50793 26627 50885 26868 76043 65724 83513 25324 7241 13904 9468 16749 77486 64361 98107 71053 52801 86751 13924 99745 26792 86534 84734 3493 60641 22520 37798 49232 18541 5424 27220 %n2964 61
56240 74680 75950 72771 8188 6985 55433 27145 35224 48838 88248 91989 2372 62476 39106 80947 18067 73656 5520 29975 83748 15585 39191 41756 63408 20568 16546 65735 3573 61414 87979 80278 52818 31495 32452 76802 52895 97229 45553 78221 7184 20272 8116 5464 74380 14940 52787 35704 75564 67593 69943 39078 97094 37063 24830 12820 64635 76862 98261 34404 13112 %n2557 19
98360 3618 32903 54468 29636 20135 83342 53145 18762 6259 86197 71485 24945 65598 56236 45977 91789 54411 60805 %n582 11
1290 95752 17803 67129 98284 36801 77803 50167 21109 79908 71446 %n222 6
70057 98485 7694 49139 71353 80660 %n207 5
94143 99390 19491 3437 2449 %n1601 2
7960 83749 %n2724 2
69547 32218 %n2202 1
40786 %n58 1
87343 %n1463 0
%n1853 0
%n2091 0
%n2054 0
%n2463 0
%n2420 0
%n869 0
%n1674 0
%n340 0
%n1178 0
%n367 0
%n645 0
%n2823 0
%n2904 0
%n1450 0
%n2752 0
%n2737 0
%n1609 0
%n1146 0
%n1556 0
%n87 0
%n1319 0
%n297 0
%n2959 0
%n362 0
%n2111 0
%n2778 0
%n2626 0
%n139 0
%n2889 0
%n2135 0
%n1422 0
%n2932 0
%n1232 0
%n3021 0
%n2792 0
%n2281 0
%n1908 0
%n717 0
%n2531 0
%n2316 0
%n1243 0
%n787 0
%n1967 0
%n328 0
%n