120
1157 160
98655 67737 66105 66124 71626 35805 50541 10484 53100 51520 69997 21228 17389 39228 38438 38821 4126 62736 4728 79683 76170 53840 75890 220 63560 15616 51153 84110 8782 79501 5787 86768 60714 76135 22098 56985 46766 12550 67220 79722 73916 4224 95607 87658 59882 60413 43665 43150 69317 33064 10269 73553 25727 95783 64357 77892 93614 94849 2937 50495 63892 64702 83841 2479 5079 28739 46181 20296 6440 50231 38188 60332 53457 50719 5742 89782 98725 98354 25795 97640 66215 70434 30041 9512 37992 52371 55632 13852 88772 41640 36067 73068 11626 95340 21135 95610 58151 21897 13266 99755 15725 96749 8683 56666 46254 39801 61286 20158 90887 7685 98292 77975 41335 36115 25618 23487 84148 75551 84323 45044 18180 38736 95740 54862 86002 33337 18832 33418 69076 83935 69685 83232 66155 40910 73552 35979 39300 74904 96398 5407 30963 42570 27514 84168 94583 91297 42149 16640 63660 82453 58162 75612 84634 23132 45736 17742 49263 66703 46674 59111 %n1409 137
71753 20790 61209 97881 70290 25717 13353 50825 49208 81020 70324 54577 53240 89726 62004 14406 74055 95473 74229 28469 26595 38876 53065 98114 76644 73769 58483 51670 6751 71836 9593 32520 93898 5724 19144 10952 14916 77295 17801 67705 63867 22182 72356 10759 81825 287 35687 46981 50761 87461 56737 12255 52691 15926 75675 93699 81616 23824 87012 19687 89975 23768 64575 49884 71757 70131 79043 72711 79767 40867 69709 67641 92018 9004 11226 34540 84742 89176 85202 9091 69308 45337 59827 46548 72671 88541 59193 92444 89729 97723 23651 1053 43230 48743 76312 54438 71446 48968 77697 61857 38669 97841 41609 15108 61390 57849 46824 72112 21975 8518 24908 62052 62117 74919 42601 47739 81610 38387 38962 31028 60848 87501 47488 10003 65721 44764 79431 52590 18067 22567 72544 98585 20860 24454 21974 91543 20044 %n1361 96
26025 44651 83100 26261 96933 44975 50852 74464 69850 80442 49392 97840 71099 53179 89451 39029 62863 36736 1109 73987 72719 67714 25788 13098 10476 48119 9002 36742 25265 38918 44492 63266 36183 71078 14305 46080 98840 20318 62187 70395 10463 6860 48114 27942 38131 77095 64982 86235 38533 13818 39071 21966 9061 48594 80003 75006 38769 44925 32268 13515 53299 47518 3835 90277 27527 57713 80875 73743 20470 56641 2767 38062 4697 63960 21085 86327 62969 73079 66063 68080 16655 59560 14714 52724 79687 59185 2358 22915 99758 2673 734 12349 86379 73770 30066 23408 %n2520 78
45707 72126 84609 61842 66624 75902 49322 15378 87359 70521 21756 63893 90025 58019 15976 55579 10053 23043 85974 38461 10944 40069 16047 87820 96004 59370 45261 59314 9405 89659 95533 14712 4117 90775 74782 93399 53607 74846 2874 97243 34647 90090 35677 27676 48437 19000 32102 71508 27399 32319 1379 22875 24888 86696 1407 61508 90104 4251 76486 49564 61746 37336 86346 65900 76799 86852 29806 49913 88504 31213 79354 60412 18231 49523 34701 24179 24829 76269 %n2296 64
91541 18975 7680 42148 62665 982 21546 37181 22265 63268 48776 12664 2460 51182 52016 26288 43754 2267 9408 30714 55428 65947 67161 41058 44145 30720 63805 40521 49900 16582 12498 7945 54466 24934 75771 85090 65670 72013 71801 61895 49363 92562 26760 92713 67419 31864 14682 17776 8965 19258 77831 56240 87584 31584 75702 68627 81516 33728 91175 34850 24675 96771 66249 42802 %n326 67
14702 58943 90711 28808 75320 3214 22722 27411 98018 58849 60399 74245 49117 41135 23056 61976 97321 20150 40124 58726 87210 77465 7832 60145 76934 61025 29102 15363 46248 18506 26909 4436 98085 50938 38155 14520 57498 63550 46781 36298 85018 17886 46443 92530 25718 13175 14965 16023 78670 45308 5898 31782 68346 14299 89573 9638 54929 3217 32486 72346 89609 53902 43133 28645 44595 29404 20482 %n440 44
78261 16307 94601 9563 44630 94479 57982 70759 96668 63847 53073 37728 79927 8707 84678 89567 52424 86473 24470 85946 1982 26035 51124 38957 76660 75789 97844 190 96884 67223 97891 40882 36277 3175 53652 70206 23779 29808 69851 90155 76736 58010 21379 54821 %n3780 39
89629 43980 10923 35982 17093 28561 28035 18176 17927 16242 31871 30689 37220 92074 33644 64490 31140 99810 42467 84813 16680 18512 2743 46420 98698 44996 1255 5460 82164 83511 35732 19298 53556 46972 81964 27686 30972 80614 59837 %n5422 20
33951 61756 94843 57562 9283 65453 41412 87140 18107 68701 46899 1975 25829 69788 34737 76336 76523 17395 77028 99015 %n5054 22
49760 94158 71438 61622 7383 29331 45954 29172 91718 69355 188 64189 5433 36939 92456 3038 71187 88433 76314 32990 20703 20436 %n5380 22
82931 23526 86743 44198 31077 99539 21891 34303 64573 8673 44547 16613 17862 41515 61608 11597 35344 1266 44460 21208 32327 45652 %n1636 9
68335 55028 96900 28380 2454 63749 93815 68781 35753 %n2129 8
70817 61490 50271 47944 55234 6803 23214 55964 %n118 5
6400 91687 85070 69415 62137 %n2754 5
73597 55864 16446 8610 59994 %n5253 5
73547 39454 92628 11635 48927 %n373 6
87313 24878 85240 79484 8291 88581 %n3812 3
33881 657 37965 %n3699 4
69541 20848 15464 2661 %n5235 1
55916 %n2200 1
33634 %n1423 0
%n943 1
18812 %n798 0
%n2835 1
84274 %n1592 3
63123 74847 5496 %n607 0
%n5425 0
%n1344 1
40200 %n3633 1
62003 %n3781 0
%n5104 1
38067 %n5800 0
%n5482 0
%n335 0
%n3318 0
%n5336 0
%n5347 0
%n4090 0
%n1078 0
%n4959 0
%n4776 0
%n2702 0
%n6000 0
%n1909 0
%n3450 0
%n6002 0
%n2176 0
%n2451 0
%n2292 0
%n1016 0
%n2097 0
%n5469 0
%n5292 0
%n2665 0
%n4112 0
%n6060 0
%n2230 0
%n433 0
%n670 0
%n2848 0
%n4914 0
%n3105 0
%n1812 0
%n3339 0
%n4430 0
%n2936 0
%n5441 0
%n4810 0
%n1822 0
%n5848 0
%n1317 0
%n4893 0
%n5934 0
%n3391 0
%n2333 0
%n5969 0
%n703 0
%n1933 0
%n5736 0
%n4463 0
%n1789 0
%n3111 0
%n4606 0
%n4911 0
%n169 0
%n5573 0
%n5970 0
%n3288 0
%n5424 0
%n3282 0
%n5267 0
%n5147 0
%n4656 0
%n4149 0
%n3198 0
%n2188 0
%n4326 0
%n2862 0
%n82 0
%n4071 0
%n5378 0
%n6051 0
%n3420 0
%n5936 0
%n4592 0
%n770 0
%n4338 0
%n4526 0
%n2869 0
%n3373 0
%n4987 0
%n5086 0
%n2931 0
%n3076 0
%n4133 0
%n4447 0
%n4432 0
%n3706 0
%n1010 0
%n