301
1799 132
17668 28163 74513 94019 26467 23990 83843 82982 44979 36845 19780 22853 46693 58804 88788 90891 4298 82979 64921 17801 4164 13269 86257 86659 53980 21611 99451 24604 87728 3752 9083 21431 9975 68147 71805 86601 63260 65813 43365 28566 83427 42158 74268 8214 31629 44747 62281 55110 23559 47210 7586 7770 82573 43774 50636 88731 65151 82432 18795 19399 95550 30972 60873 3737 6419 85289 33144 81721 98743 67883 3223 31654 67838 92963 58824 41821 86633 95411 91195 30570 71028 39003 96184 24111 19960 29342 41432 29237 55832 71623 16298 17458 69604 56585 67844 26550 61831 45158 52116 24432 50802 67583 87629 18395 40059 45042 89306 24750 44242 62074 35925 25607 95209 48136 66922 22712 4398 42957 42388 7292 1053 80706 22678 95415 36849 90397 79302 57136 98935 90613 12348 17216 %n1576 105
26099 86790 82930 57556 36785 46934 47966 72179 30572 29725 93375 4720 41637 19877 92256 93533 33571 47713 38366 46140 93942 13099 4026 53932 68916 43738 15673 48472 79561 48844 83746 10111 31955 47612 17052 80569 21590 18107 50321 20942 24028 41436 38916 18550 98963 83101 18190 86789 92828 68526 96824 74533 15226 42526 16572 60328 33236 77329 23970 35264 3250 57097 91086 94115 35243 64462 84318 34865 11060 79228 1143 48091 87235 42333 91482 65690 85434 26428 87872 78180 88418 98868 48936 30477 87370 9072 92394 31906 32752 9981 49162 46758 53218 48464 57391 51725 3075 2412 11414 71583 77725 76589 72745 49288 28229 %n7561 71
91585 50942 7761 93238 65440 65884 42198 30328 87086 21373 38594 67249 89073 42560 5927 57448 49140 14408 41366 59249 45830 14728 69969 66610 89761 99404 45372 59779 96755 74145 71440 22951 97484 84660 4017 27314 66002 5367 49290 51553 96794 87223 67173 74144 53091 17229 77480 42570 12351 4806 38191 42474 15075 42653 13867 84389 89974 37268 41017 93177 51854 53971 52535 72300 73949 94729 8351 62476 22646 67259 46509 %n6025 54
78149 54724 28142 47193 96024 42631 13950 23683 10735 44500 57515 3249 8969 18113 26444 79357 77475 84859 80000 98383 86517 97721 5638 3146 36525 68663 25010 63979 23434 89120 63944 21813 72550 38170 61698 4980 86816 61428 23692 5190 78504 4751 24860 97147 9020 3800 16727 68088 88809 23179 56903 33603 47257 32114 %n4569 40
26832 46253 20286 16891 19286 55 7666 49749 62925 29162 61348 94606 92825 63547 79394 43228 59880 94909 69622 32038 65088 81852 26603 35222 29102 64421 95911 45398 41402 84510 20501 17938 70857 57472 27697 92995 43334 23283 83516 72421 %n210 33
94157 29400 83841 45301 5222 93760 95203 49230 28221 17108 98880 45717 46112 52926 3523 20367 60282 84715 23215 2933 60844 84904 31196 6570 51895 90554 87122 17627 49683 51721 27171 43651 5292 %n6661 24
27658 5499 49062 63940 54381 68233 26377 59530 59354 804 57200 14178 23599 14809 71014 72670 38144 72805 66269 50457 24711 27835 89043 82550 %n7105 14
27494 11372 9314 31984 52000 34364 2101 71616 95737 75561 26523 76501 97140 53966 %n1651 8
84750 13391 79779 25558 46916 37824 65318 41987 %n5733 6
21067 71084 87440 89479 68337 6889 %n6035 9
19279 28400 44506 96503 79410 56329 1980 84379 49508 %n5737 7
66733 69413 69537 67726 52001 68115 80175 %n1944 4
11200 12473 34248 49951 %n386 6
44488 10882 72502 86710 54854 93106 %n827 1
8995 %n3248 3
34348 76723 88481 %n1992 1
60128 %n5263 0
%n3875 1
73059 %n5236 1
34046 %n1542 0
%n6100 0
%n6881 0
%n6126 1
24402 %n2170 0
%n6668 0
%n6206 1
69012 %n519 0
%n7326 0
%n1103 0
%n4026 0
%n4903 0
%n996 0
%n4514 0
%n941 0
%n2904 0
%n4533 0
%n4177 0
%n3102 0
%n948 0
%n1044 0
%n6073 0
%n6160 0
%n3205 0
%n4515 0
%n2567 0
%n6699 0
%n4473 0
%n6591 0
%n7462 0
%n6108 0
%n1476 0
%n7353 0
%n6683 0
%n738 0
%n2159 0
%n5936 0
%n2628 0
%n197 0
%n2723 0
%n1008 0
%n2884 0
%n4501 0
%n5245 0
%n6193 0
%n1827 0
%n1256 0
%n355 0
%n3073 0
%n7564 0
%n6768 0
%n4663 0
%n3052 0
%n6382 0
%n4072 0
%n7390 0
%n4772 0
%n5355 0
%n2588 0
%n5912 0
%n5711 0
%n4815 0
%n3991 0
%n4286 0
%n7519 0
%n126 0
%n650 0
%n2383 0
%n7543 0
%n5553 0
%n3363 0
%n4854 0
%n3659 0
%n1619 0
%n3588 0
%n4968 0
%n1831 0
%n2237 0
%n4705 0
%n4969 0
%n218 0
%n4731 0
%n6732 0
%n5731 0
%n7165 0
%n3019 0
%n2778 0
%n4967 0
%n3001 0
%n485 0
%n900 0
%n2806 0
%n3876 0
%n663 0
%n503 0
%n4061 0
%n443 0
%n3368 0
%n5269 0
%n6773 0
%n3843 0
%n7428 0
%n5909 0
%n2224 0
%n6205 0
%n1965 0
%n4906 0
%n1291 0
%n2476 0
%n4211 0
%n5760 0
%n635 0
%n3641 0
%n2773 0
%n6530 0
%n1858 0
%n317 0
%n251 0
%n1389 0
%n6961 0
%n2525 0
%n1282 0
%n206 0
%n6867 0
%n6734 0
%n6187 0
%n6959 0
%n6657 0
%n3508 0
%n2747 0
%n342 0
%n1177 0
%n4880 0
%n4878 0
%n103 0
%n5968 0
%n68 0
%n2121 0
%n1714 0
%n3454 0
%n1344 0
%n2905 0
%n4785 0
%n6095 0
%n5688 0
%n6482 0
%n3907 0
%n2784 0
%n40 0
%n1137 0
%n148 0
%n6571 0
%n1192 0
%n4928 0
%n5745 0
%n3988 0
%n6491 0
%n5796 0
%n895 0
%n1281 0
%n5460 0
%n1115 0
%n5876 0
%n4957 0
%n7509 0
%n2120 0
%n5642 0
%n5380 0
%n2901 0
%n5586 0
%n5605 0
%n7288 0
%n273 0
%n5578 0
%n1121 0
%n4760 0
%n6772 0
%n4513 0
%n4215 0
%n2998 0
%n4432 0
%n3913 0
%n5345 0
%n5243 0
%n7263 0
%n3788 0
%n4064 0
%n5915 0
%n5683 0
%n1566 0
%n4298 0
%n7416 0
%n7195 0
%n3310 0
%n2911 0
%n1688 0
%n4762 0
%n2864 0
%n5054 0
%n7396 0
%n4713 0
%n7440 0
%n6402 0
%n3289 0
%n5369 0
%n1581 0
%n1787 0
%n5844 0
%n4009 0
%n5261 0
%n3230 0
%n4516 0
%n1898 0
%n4441 0
%n5593 0
%n4374 0
%n4331 0
%n3114 0
%n6535 0
%n3478 0
%n7383 0
%n4664 0
%n4263 0
%n4281 0
%n2705 0
%n6051 0
%n3956 0
%n5721 0
%n5551 0
%n98 0
%n1442 0
%n2061 0
%n6586 0
%n1907 0
%n1985 0
%n5937 0
%n1914 0
%n1670 0
%n4847 0
%n7172 0
%n2051 0
%n1186 0
%n833 0
%n7445 0
%n6512 0
%n4933 0
%n5074 0
%n2236 0
%n2834 0
%n949 0
%n4577 0
%n4217 0
%n4390 0
%n2478 0
%n749 0
%n6598 0
%n4926 0
%n7335 0
%n3998 0
%n410 0
%n5094 0
%n527 0
%n74 0
%n2929 0
%n611 0
%n6540 0
%n601 0
%n245 0
%n2274 0
%n3884 0
%n6140 0
%n1958 0
%n1335 0
%n1977 0
%n6968 0
%n764 0
%n4807 0
%n3194 0
%n5307 0
%n4508 0
%n3818 0
%n