14
3936 200
59141 21026 31991 83126 90328 46521 55852 1788 99603 14333 99024 72569 45991 34641 46799 29756 54513 50879 10882 13549 33157 7756 35580 75156 52185 81293 68859 83503 68309 15057 45162 36191 30190 95929 1036 19362 36983 6266 60895 8878 99328 66261 30890 84755 49845 75270 79582 69581 20108 87598 85612 8618 20760 1014 20315 31695 18450 1079 16618 16200 63318 89321 52671 38878 78398 93633 39373 48429 64428 56610 84950 2012 84133 33620 70971 92108 93074 30939 14634 38850 79025 39625 36885 61960 24257 9340 24005 15918 64487 67298 74603 5312 41275 50807 27202 44919 3439 17142 62974 15228 93878 46437 58573 92866 3236 22932 85313 24016 82976 73122 29398 31527 84052 44266 81408 39579 78673 73786 9084 34361 18202 18042 31513 20769 56586 42881 16421 10864 20026 55838 18351 33494 75836 26502 71872 66393 14364 6340 52785 73760 99817 47189 1530 37225 67991 41358 49120 17612 5655 9551 21933 88573 16787 29183 79949 88872 61792 5995 30822 49052 4556 60872 92260 86383 19137 61444 19880 41476 8203 21792 83746 57263 67082 16179 83287 93798 52311 87665 912 58876 83806 26005 9382 41660 27395 34330 67201 69898 45654 93824 79186 1831 51102 80201 53911 52197 86296 51056 95024 95763 %n271 8
62281 56251 32594 92699 7499 33358 73692 14379 %n2569 0
%n1708 0
%n4646 0
%n4544 0
%n1868 0
%n794 0
%n1043 0
%n3128 0
%n1226 0
%n1536 0
%n2598 0
%n4303 0
%n