191
4954 18
47143 44741 28375 13265 2880 1318 5426 43992 25531 25938 47269 32478 3518 48741 42620 21496 44459 46643 %n5863 17
50696 22010 28415 38242 27978 50776 13965 30128 33918 16391 14339 29284 3178 6191 61106 29013 2297 %n2321 16
49102 37407 37132 31039 43015 15875 58486 60752 29988 36541 46954 54750 32749 7917 583 4822 %n6652 12
38519 21195 36625 4737 57256 23581 25979 51463 30168 6016 1080 49577 %n555 13
13178 10781 1379 2200 14297 13937 49387 60858 40855 12119 22544 14243 15755 %n4627 12
27523 42561 36144 20583 36989 6140 6099 15593 55772 22337 12995 32450 %n2176 10
45514 5692 2957 6883 42867 11656 35768 2739 23544 61192 %n3623 12
46411 1075 7431 22117 26296 7532 42450 22336 52141 37269 60289 55943 %n345 12
13570 50375 23127 51568 41723 36177 45260 33831 51414 23463 21933 39715 %n4491 10
9296 48519 29440 45368 36399 12169 28692 52080 39219 6533 %n3953 7
53056 36887 33194 5813 36737 59468 60596 %n4743 9
49123 35935 3814 22987 33473 37284 9826 52802 32689 %n384 6
45090 26082 30317 55873 25067 44930 %n1049 8
9729 41096 45578 59242 202 20844 45575 2660 %n368 10
25124 59075 60340 4050 25250 51924 55823 58491 57906 1859 %n5700 5
22109 20704 30159 5928 21210 %n740 7
3631 44655 23443 15510 19222 28031 39597 %n3276 6
10967 41954 53312 52285 12809 30924 %n3929 5
33976 3498 31515 3212 28605 %n4794 4
58863 53708 279 20480 %n5521 6
36345 44553 43242 56324 42041 20527 %n2101 3
55389 21167 41733 %n2276 4
30684 41952 17300 27849 %n1585 5
30386 42081 38880 36779 43803 %n2613 3
11071 51700 48481 %n3371 4
25915 3481 49170 41316 %n3866 2
21436 16523 %n4727 7
55017 37378 1309 44206 38489 15091 57272 %n1580 8
53802 21850 2071 17138 13142 26674 55654 40271 %n45 1
5245 %n238 0
%n1789 3
25849 14955 35669 %n2474 2
33958 27421 %n5707 5
29336 49832 59658 54945 19464 %n2799 0
%n4263 3
3462 5033 60102 %n5333 1
28283 %n4542 3
10990 34877 53591 %n3405 0
%n1400 0
%n67 2
37409 36167 %n1668 0
%n5381 0
%n5832 1
37663 %n2418 0
%n1505 0
%n5779 0
%n3360 0
%n1237 2
37140 18142 %n6200 1
55480 %n1958 0
%n6558 0
%n4616 1
19067 %n4365 0
%n4984 1
44225 %n5886 0
%n3531 1
57231 %n3801 0
%n3798 0
%n6641 0
%n5177 0
%n194 0
%n6000 0
%n5895 0
%n2022 0
%n3116 0
%n2081 0
%n4264 0
%n4254 0
%n3031 0
%n4572 0
%n6304 0
%n698 0
%n3927 0
%n116 0
%n3938 0
%n1144 0
%n4774 0
%n173 0
%n5069 0
%n5052 0
%n5952 0
%n2247 0
%n484 0
%n6213 0
%n4325 0
%n6431 0
%n1382 0
%n3083 0
%n3208 0
%n1883 0
%n2623 0
%n1871 0
%n3679 0
%n5705 0
%n4661 0
%n978 0
%n4979 0
%n337 0
%n2496 0
%n1242 0
%n3091 0
%n4376 0
%n4225 0
%n5375 0
%n2539 0
%n2710 0
%n782 0
%n2816 0
%n1041 0
%n5365 0
%n5681 0
%n6014 0
%n4751 0
%n4797 0
%n4128 0
%n3183 0
%n1133 0
%n1098 0
%n2693 0
%n3875 0
%n5164 0
%n464 0
%n3806 0
%n2226 0
%n1093 0
%n1566 0
%n6131 0
%n3994 0
%n761 0
%n1501 0
%n5893 0
%n6726 0
%n5836 0
%n6126 0
%n840 0
%n1201 0
%n1408 0
%n4886 0
%n3579 0
%n892 0
%n4127 0
%n2369 0
%n6298 0
%n4352 0
%n6398 0
%n5261 0
%n5630 0
%n3486 0
%n2946 0
%n2774 0
%n540 0
%n3233 0
%n5391 0
%n949 0
%n1181 0
%n1378 0
%n6511 0
%n5580 0
%n2665 0
%n903 0
%n227 0
%n5835 0
%n4546 0
%n1810 0
%n5000 0
%n912 0
%n5826 0
%n1857 0
%n3159 0
%n6205 0
%n161 0
%n2505 0
%n5609 0
%n718 0
%n1532 0
%n5699 0
%n1768 0
%n5745 0
%n4124 0
%n6107 0
%n5526 0
%n4250 0
%n5843 0
%n3379 0
%n2833 0
%n2343 0
%n503 0
%n3202 0
%n1029 0
%n831 0
%n