87
700 180
87258 10523 67134 67654 14598 39624 28241 15902 25392 38561 69670 92190 92445 33241 35129 68850 56051 62033 68718 37590 68652 44104 15823 47397 40079 77002 42476 18442 96318 95731 65721 58292 52843 1257 30941 72935 83321 67645 53123 31471 47853 680 39197 7210 28711 1380 18413 73220 9630 75966 27296 62951 83892 94847 29277 6709 41082 55311 87033 64774 91373 48498 46511 41843 79859 32463 58032 95799 18759 71309 96095 39441 4684 84188 74053 61136 16058 33249 72215 64631 99366 55042 80084 21200 33489 62204 35979 63621 44639 71779 45070 49724 31989 65771 56336 43980 41986 7864 32396 52823 45147 91235 8726 59866 26598 69297 9251 71184 77432 22205 29858 80577 411 94925 78248 33470 63166 15021 29375 62865 50823 60672 95079 33450 39832 17149 38105 77947 93892 52819 71313 87396 33292 887 71586 48869 95737 24451 48998 69668 49376 46895 97861 29093 13859 17326 43584 87532 14386 82919 11816 32772 62220 90914 99727 88769 4374 39990 53284 46129 16068 26856 32904 91374 96951 58361 74643 27290 61285 41061 7738 16289 97241 68580 27458 23436 87047 24586 36351 78573 %n4445 144
35772 55444 96489 20665 41631 45657 99974 80590 44329 52771 37367 86778 11640 68207 23632 67140 60801 75608 78724 572 34014 16585 72796 18672 5448 8418 20939 1658 8711 4295 3209 3212 72705 76685 17350 90963 37268 9822 96105 12147 94078 17834 59147 25548 87184 74648 99693 9182 82878 11443 5295 36316 99064 16104 7970 78829 9618 73210 85034 31080 63993 98432 83773 39482 83475 69071 6779 55259 86275 26238 78551 39144 81771 20318 25848 5612 43369 30247 42697 90738 9293 63049 17962 9096 73954 74893 86868 85550 70047 93471 48637 87374 3873 73937 78881 48746 82421 47293 37438 86074 23294 26361 80646 99425 51129 50186 85053 32922 88313 32261 19052 28802 98777 13624 77408 12793 99104 1950 36041 14837 75240 83837 87137 24173 344 68525 28310 53444 4963 28977 8070 90915 56882 23170 59546 96559 23747 39130 69492 70515 83586 60988 49137 7329 %n2653 116
74412 40821 82674 83232 69232 56108 55429 41756 22002 83878 22087 729 62555 91209 32975 47887 72666 59419 30271 3654 14734 78316 89091 33402 17237 63814 45156 61585 55125 29228 33570 90095 53279 12609 72188 69049 24965 59771 11741 25240 55674 79600 67835 23707 97095 53115 92008 41534 20155 99109 11662 56423 79478 12415 98148 33927 53535 32489 8906 60646 38571 19108 36339 22259 82437 14607 86714 7508 26877 68451 65881 37383 16738 38299 86548 6428 69834 87961 8770 31633 81715 20415 97691 46997 56074 21224 7465 83014 45876 70695 80404 19063 78770 62119 57878 31805 14821 25593 39899 61241 12462 48389 71610 45416 55872 32720 87990 8326 94774 31636 96475 78782 51270 83781 45752 77872 %n246 85
15152 72744 86701 4453 72619 36721 49651 9381 13706 7784 36893 26946 59495 93356 14078 61722 90157 13890 93817 82806 17263 69615 99303 37979 87695 62656 6671 33034 1199 44095 59090 4643 59740 702 78863 53711 34829 98938 76426 57429 76466 25343 85998 83929 84119 98386 47155 72768 81249 10166 54576 94337 59382 26101 98614 80883 11464 95081 16244 44902 21832 91991 67195 66179 31990 43573 70762 47549 357 45114 25824 71161 42044 83304 56840 190 65827 76116 79777 55206 50008 60208 71013 80044 86697 %n914 52
37742 41698 67222 28492 34811 59050 50665 48915 10322 20185 41342 20383 55595 20948 99563 12413 39763 91658 75841 96727 85386 80297 75613 90115 94229 96433 83009 87375 93548 58004 11823 38443 70166 27061 71304 81659 91346 96564 11665 76159 71028 54761 12515 14738 67677 72311 82522 56131 37006 5972 81452 50592 %n2670 44
21659 5316 54312 15639 50379 34620 91205 9554 98998 87376 17551 33145 83412 62779 66686 2150 38217 25980 95041 49298 97032 13582 32805 331 64749 86704 49271 96939 84696 30111 85407 87864 61183 130 3043 40218 51239 12137 13591 58978 67733 11427 69596 51514 %n4333 33
59332 59322 21917 49869 42926 87400 30014 62036 5785 47706 55109 49746 5489 96206 43081 27019 5778 50905 71211 12570 34855 39093 83139 80293 62417 96567 96187 42330 62428 59086 25786 56590 10656 %n2867 21
57291 35729 60562 97675 99881 13850 48874 86486 63845 68846 2905 35937 55126 39682 3121 11029 72631 25765 30205 42325 54730 %n2739 21
21610 59225 31960 46359 46559 81806 9886 25433 17536 72877 83066 24776 99754 9476 41745 50353 86838 52135 28141 24774 15083 %n575 13
21072 76618 73276 99689 13441 20107 84933 37922 97746 32837 80554 31551 45267 %n444 12
45441 24167 83251 10183 6031 28240 38026 7237 11305 18485 87923 21746 %n3930 10
23016 79604 73703 50627 63344 45777 44837 54706 90072 96990 %n2475 5
23539 93964 30676 55131 98891 %n569 6
49953 95485 30294 56215 48257 68181 %n207 5
90410 35418 15585 74769 96766 %n2763 4
25534 1324 47237 37473 %n1237 0
%n3703 1
31414 %n5474 0
%n3551 0
%n2644 1
48799 %n1338 0
%n5052 1
19780 %n3430 0
%n3788 0
%n1882 0
%n66 1
2100 %n4141 0
%n25 0
%n5563 1
39851 %n3901 0
%n2312 0
%n4743 0
%n1014 0
%n5419 0
%n4609 0
%n2092 0
%n1404 0
%n4103 0
%n3740 0
%n3233 0
%n586 0
%n3356 0
%n4964 0
%n3463 0
%n3598 0
%n2102 0
%n3026 0
%n382 0
%n3573 0
%n1771 0
%n4164 0
%n3782 0
%n3321 0
%n412 0
%n5491 0
%n1917 0
%n1305 0
%n2317 0
%n2666 0
%n2747 0
%n2452 0
%n1750 0
%n1689 0
%n1849 0
%n966 0
%n3724 0
%n4131 0
%n428 0
%n2151 0
%n5362 0
%n1918 0
%n5434 0
%n785 0
%n2473 0
%n3259 0
%n1408 0
%n2841 0
%n402 0
%n3000 0
%n4702 0
%n366 0
%n4461 0
%n5230 0
%n5420 0
%n107 0
%n5280 0
%n