264
3302 15
52814 37766 14960 70280 20611 92328 71717 5893 31478 82282 41535 17805 88043 51175 15189 %n19722 13
59175 40366 11196 81474 40901 84569 17849 69191 65947 48246 22574 65890 62942 %n16051 12
34758 79644 88187 49929 4573 35127 18364 40130 25434 60589 23303 2671 %n1989 14
12268 3499 54451 2874 17557 20665 53805 55018 62508 70292 41926 27149 12180 27600 %n1744 14
45577 26766 1643 37397 88415 43412 36877 69448 68228 64013 90036 35473 69490 79970 %n15759 10
34056 35978 37386 46397 19805 13735 69868 79154 17147 75801 %n9455 11
87210 71678 68627 81099 61243 64826 37805 89356 68442 10284 37292 %n1503 12
81352 64320 6143 73552 73063 28884 91509 35057 54546 76976 29416 62800 %n12639 13
12435 18036 59586 92646 19579 56196 27125 992 51003 3749 6515 49214 37819 %n24634 11
48342 94308 88955 42417 90806 53056 82267 6823 59197 3772 54684 %n6688 11
73201 42173 51774 84252 57378 26974 53076 7601 43350 91696 12478 %n13342 10
82847 57711 59694 54125 26806 87630 64895 79364 50162 55017 %n24159 6
72414 40150 60539 191 22902 27853 %n21704 10
91061 33009 81174 13554 40948 60823 15159 83847 63662 70173 %n22701 8
61115 91710 68147 60337 35983 11902 50398 42120 %n321 7
32555 25857 19344 59964 42152 59554 30854 %n17035 9
81889 82391 4074 25745 77871 77634 93990 39570 60520 %n11536 8
79494 4778 22111 49108 13329 54465 80331 24498 %n23748 9
36602 60142 10167 91007 20518 64178 26644 61610 94004 %n8321 10
2753 76151 6457 84908 72764 8328 35573 67151 82920 71311 %n21199 10
49720 46344 16513 46192 9935 14792 74230 73121 58349 22119 %n141 9
81242 52452 80797 34438 38795 71310 10728 18301 63401 %n575 6
61085 52017 10670 42897 26315 13944 %n13381 9
33664 94203 10425 87392 17249 87288 33849 10700 18600 %n5900 9
22089 55316 67944 38188 53898 26487 78314 57439 42876 %n16390 2
34546 12485 %n735 8
36 79371 27512 53658 3797 44625 1656 65306 %n15004 6
63690 85947 50378 58876 9434 43420 %n597 5
26925 28338 74369 75013 68738 %n18964 4
74902 22824 6150 41922 %n19014 4
61882 27317 83879 89651 %n253 9
51730 6052 35315 74762 42025 57022 19042 12907 68243 %n19446 4
15749 67888 77988 36308 %n5369 5
51609 16291 52193 57600 26400 %n25172 6
79376 93402 59339 92815 89778 12850 %n2176 3
14218 12343 53359 %n16828 5
33058 91430 76252 26714 35331 %n509 4
33786 14454 11612 39225 %n20919 6
92737 37462 11712 90998 38996 33304 %n6461 4
77041 77490 91076 13591 %n11449 5
15474 69741 41771 44844 70709 %n15546 8
57127 8958 72142 68718 15304 30193 71291 52217 %n5436 5
37002 22281 80207 57612 81200 %n12965 5
76138 9164 79831 85613 47443 %n23295 7
94661 92571 1525 62270 90118 23790 2249 %n15520 2
40207 59896 %n7929 5
13780 56380 60400 40651 74159 %n22354 2
4721 64592 %n19487 1
81118 %n21345 1
57169 %n22948 5
43425 21561 56188 7214 69672 %n24630 5
34627 58218 63422 61571 53274 %n22432 3
87526 94629 34374 %n14990 4
18386 34081 63865 20306 %n11215 5
51467 63335 22563 52525 76882 %n20659 3
48192 86071 29491 %n10578 2
94544 11872 %n15762 0
%n8469 5
18373 6508 83104 44756 21522 %n4925 1
42121 %n1755 3
4344 75263 18119 %n5615 1
86791 %n15232 2
56799 13257 %n21888 4
1950 28153 17915 22864 %n22471 1
52246 %n18637 5
29142 23146 12771 28382 19186 %n10275 1
32770 %n10715 1
39820 %n8464 4
40040 75877 28123 92119 %n2729 1
15768 %n11808 1
28831 %n15635 3
81669 46815 93443 %n904 3
92906 6590 92894 %n4244 1
17470 %n15634 1
36102 %n9758 1
41002 %n4949 1
23131 %n6343 2
35771 89612 %n4112 2
16453 85957 %n1380 1
8173 %n3504 1
52776 %n1972 3
19854 61505 71726 %n18793 0
%n8522 2
35208 39757 %n17494 0
%n5136 1
13945 %n3907 1
71560 %n14703 0
%n10496 0
%n17835 1
35283 %n24308 0
%n17894 2
14566 11062 %n20732 0
%n9671 1
65809 %n23291 0
%n20262 0
%n4084 2
87523 65188 %n196 0
%n20845 0
%n5602 0
%n24436 0
%n12820 0
%n8096 0
%n18593 0
%n5572 0
%n3293 1
65236 %n24966 0
%n21730 1
5342 %n761 1
4224 %n19045 0
%n21474 1
45015 %n15358 1
47150 %n23309 0
%n12428 0
%n23066 1
56649 %n23410 1
22677 %n12813 0
%n25374 0
%n19896 0
%n14144 0
%n15737 0
%n19336 0
%n4913 0
%n17493 0
%n18035 0
%n17299 0
%n13818 0
%n6238 0
%n3525 1
59155 %n18533 0
%n24191 0
%n21563 0
%n16606 0
%n728 0
%n15949 1
10511 %n15552 0
%n10423 0
%n23483 0
%n13425 0
%n8026 0
%n9436 1
67893 %n24861 0
%n11036 0
%n11356 0
%n24916 0
%n16612 0
%n982 0
%n21417 0
%n15981 0
%n14261 0
%n749 0
%n10618 0
%n3145 0
%n17495 0
%n15534 2
70757 307 %n17560 0
%n9879 0
%n5747 0
%n1768 0
%n4522 0
%n10429 0
%n22385 0
%n1156 0
%n1947 0
%n19478 0
%n463 1
46385 %n4610 0
%n7535 0
%n59 0
%n10402 0
%n18274 0
%n11410 0
%n15019 0
%n8714 0
%n18613 0
%n1949 0
%n20720 0
%n15927 0
%n10107 0
%n18438 0
%n9935 0
%n7695 0
%n2766 0
%n15805 1
69516 %n10116 0
%n2475 0
%n18228 0
%n22615 0
%n19981 0
%n3837 0
%n9085 0
%n11853 0
%n11405 0
%n23530 0
%n24012 0
%n2993 0
%n23538 0
%n16109 0
%n25152 0
%n9677 0
%n11431 0
%n5742 1
57613 %n18057 0
%n8482 0
%n18124 0
%n20788 0
%n19541 0
%n5239 0
%n13913 0
%n617 0
%n6374 0
%n24027 0
%n5009 0
%n13125 0
%n9547 0
%n5470 0
%n20832 0
%n8520 0
%n1813 0
%n16149 0
%n213 0
%n24097 0
%n14580 0
%n24549 0
%n11692 0
%n5395 0
%n20325 0
%n14285 0
%n8623 0
%n7970 0
%n24366 0
%n14943 0
%n21390 0
%n9368 0
%n7009 0
%n21867 0
%n5219 0
%n9432 0
%n21913 0
%n8523 0
%n23919 0
%n15138 0
%n5286 0
%n22366 0
%n21801 0
%n8640 0
%n13551 0
%n3353 0
%n8452 0
%n15904 0
%n10005 0
%n22786 0
%n23212 0
%n18184 0
%n15845 0
%n23784 0
%n13732 0
%n9872 0
%n23781 0
%n24529 0
%n3751 0
%n3361 0
%n14898 0
%n8599 0
%n