300
7384 13
46003 49814 56216 60087 43937 61571 67221 8507 58223 83127 78657 13813 85671 %n8316 13
11578 47185 57915 37518 58813 41080 29930 39175 15017 86656 70130 45267 59653 %n12182 12
83363 26414 88561 61158 85726 21280 26584 46315 32975 19750 59748 95076 %n11814 11
15935 80404 3666 40150 78278 3752 6435 29481 993 26774 88522 %n1081 12
58835 77347 90374 67288 51016 23258 30136 37397 94536 5112 68436 42572 %n16994 12
79207 93772 11816 57684 44430 55683 61950 1784 60998 50900 40972 20020 %n5089 12
30662 83904 58427 8236 53117 7090 38806 24185 63226 68568 66077 74171 %n15732 11
62868 69801 87017 42333 52328 41572 60702 71763 68988 56623 84989 %n11553 11
67824 2384 67711 69441 22077 45090 95724 5367 25022 36053 15862 %n18770 13
49086 49522 6189 53591 59495 45817 33733 73902 49074 20857 5439 51485 4925 %n883 9
77559 53315 48757 66304 33882 69997 75784 35737 58891 %n20686 12
85318 56929 3893 3946 59867 56993 31196 34814 44389 43869 29402 32438 %n2833 9
78152 88527 4090 82318 61520 8418 70991 55610 83915 %n7507 7
31315 49102 71166 33358 90263 28599 81248 %n3427 5
3013 56939 70626 84497 20805 %n1691 9
22154 55095 64356 70758 70523 8915 50139 1892 91146 %n818 8
88395 62716 26945 41135 85047 87693 80605 70473 %n3054 9
5473 39953 90437 19443 2978 58944 11470 1902 55461 %n5036 11
55917 44263 39267 39035 87230 83347 51815 33429 74628 17992 11995 %n3902 5
75562 79007 21668 43179 31354 %n2079 4
44690 34641 82150 13360 %n4929 6
28856 96427 87120 26889 41166 43169 %n12557 5
75618 86775 13378 48296 13392 %n16103 8
9536 38363 34831 56709 61457 44878 31957 89635 %n11680 4
84651 52112 88900 7448 %n20766 8
31502 72920 56908 79690 40617 42194 13530 16524 %n998 9
29471 72859 9591 425 37015 91232 21275 34550 86394 %n4670 5
2394 49878 39662 52642 20903 %n1853 5
94479 66282 95871 87004 39352 %n22004 6
74099 1047 14940 15117 43813 72696 %n11715 6
46371 47972 92023 16893 36302 70463 %n11262 6
51289 94633 7607 44210 76517 5450 %n666 6
57375 78318 69157 21498 68784 40225 %n9139 7
50247 90989 46999 79180 29343 65648 54029 %n11261 4
28521 55534 12329 94656 %n11251 3
72476 2199 64780 %n14165 5
88173 63292 14259 26887 37418 %n18961 5
92542 74104 588 72783 67486 %n11259 7
54969 10734 91223 31862 58056 76676 38638 %n2649 3
24687 11007 45822 %n9946 4
24302 7422 123 64439 %n3673 4
32734 47915 39710 43273 %n8521 2
91743 79198 %n6707 2
34595 30003 %n6225 4
31852 62053 80197 77344 %n14305 7
94345 62071 41183 70378 10051 33691 31104 %n12417 4
21341 56360 34952 31169 %n1730 3
34756 8734 40484 %n12118 5
5673 27184 26751 60348 9371 %n1574 4
47494 46205 34586 43920 %n16663 3
73898 45853 45134 %n16523 5
27967 66633 57964 48539 13137 %n12694 3
49070 43752 10226 %n12844 3
22856 64999 57275 %n15554 4
16031 9464 30742 81462 %n19017 1
82310 %n11305 3
22431 37618 14478 %n9665 1
54894 %n7198 5
38246 94168 38111 30018 64282 %n11540 4
70244 68347 59827 25373 %n14419 2
40693 88858 %n17294 3
14197 1417 69303 %n4610 1
55505 %n14391 1
12162 %n8700 4
91861 6456 94310 70503 %n17296 2
62849 73580 %n2991 2
11991 3530 %n2322 0
%n17299 1
95421 %n15725 1
23620 %n886 1
4012 %n8529 4
90173 9279 53276 73610 %n10402 2
79663 78161 %n16464 2
43192 68862 %n18084 3
23336 81107 20443 %n5432 1
30711 %n6407 1
42929 %n15123 1
80470 %n2068 1
7975 %n21396 1
5110 %n8650 2
15127 24891 %n14625 4
71228 49652 71105 86526 %n9072 2
22819 43338 %n5642 1
13370 %n6755 1
46387 %n7137 2
63874 42055 %n9480 0
%n21540 2
68040 179 %n3153 0
%n794 2
29224 55559 %n21901 0
%n9444 0
%n7734 1
85338 %n8711 1
64620 %n9811 2
17861 32064 %n4031 2
42297 38097 %n14563 0
%n83 2
29980 26301 %n807 0
%n3653 1
13207 %n19995 0
%n2183 1
26873 %n7199 4
11174 51896 73396 59010 %n17260 0
%n19805 1
5133 %n21516 2
87327 1413 %n5395 0
%n1125 0
%n21915 1
23617 %n14247 0
%n4180 1
2842 %n5195 0
%n6276 1
54036 %n4791 0
%n6860 1
94470 %n5796 3
10629 38832 48770 %n12847 0
%n11438 1
36770 %n10129 1
81217 %n558 2
74639 14263 %n1060 1
31608 %n171 2
70467 2819 %n21032 0
%n12179 0
%n829 0
%n11828 1
77936 %n8679 0
%n780 0
%n8991 2
61315 47298 %n6199 1
20035 %n18555 0
%n1989 0
%n14912 0
%n8341 1
71381 %n13847 0
%n19274 0
%n17960 0
%n410 0
%n20624 0
%n14057 0
%n613 1
12738 %n18390 0
%n18300 0
%n18418 0
%n4613 1
74492 %n1943 0
%n18375 0
%n11561 1
84634 %n20918 0
%n696 0
%n4294 1
19450 %n2925 0
%n19627 0
%n3971 0
%n18129 0
%n10184 0
%n21035 0
%n10468 0
%n18227 0
%n2797 2
35721 4758 %n11131 0
%n10729 0
%n12212 0
%n11009 0
%n3202 1
51268 %n12263 0
%n16580 0
%n2345 0
%n19582 0
%n652 0
%n15150 0
%n3745 0
%n15693 0
%n13791 0
%n2125 0
%n11818 0
%n20123 0
%n5857 0
%n8431 0
%n15986 0
%n1805 0
%n7299 0
%n7318 1
46117 %n4638 0
%n4418 0
%n5755 0
%n15111 0
%n12755 0
%n8936 0
%n21006 0
%n13512 0
%n9690 0
%n9045 0
%n6194 0
%n21908 0
%n17882 0
%n8427 0
%n10753 1
31278 %n16608 0
%n3363 0
%n285 0
%n16225 0
%n21991 0
%n17814 0
%n17330 0
%n21568 0
%n10726 0
%n14058 0
%n8495 0
%n5776 0
%n5725 0
%n7842 0
%n16923 0
%n14598 0
%n20009 0
%n17081 0
%n12785 0
%n14862 0
%n6701 0
%n5916 0
%n7019 1
81811 %n21557 0
%n10216 0
%n10099 0
%n8750 1
45329 %n12475 0
%n5325 0
%n19224 0
%n7790 0
%n16065 0
%n6398 0
%n1130 0
%n16365 0
%n3555 0
%n6171 0
%n11611 0
%n10992 0
%n88 0
%n20102 0
%n17921 0
%n14250 0
%n6088 0
%n17509 0
%n11623 0
%n18067 0
%n8021 0
%n6138 0
%n13312 0
%n297 0
%n20334 0
%n1518 0
%n4719 0
%n2373 0
%n7899 0
%n12364 0
%n1519 0
%n12360 0
%n5157 0
%n20961 0
%n19802 0
%n11202 0
%n12595 0
%n7863 0
%n3424 0
%n14204 0
%n1678 0
%n20912 0
%n21333 0
%n281 0
%n19665 0
%n10097 0
%n21735 0
%n18808 0
%n3588 0
%n1291 0
%n20401 0
%n19098 0
%n13998 0
%n1474 0
%n13164 0
%n18279 0
%n16936 0
%n6938 0
%n7013 0
%n2370 0
%n6977 0
%n11767 0
%n6469 0
%n16459 0
%n2891 0
%n14491 0
%n4063 0
%n18146 0
%n6482 0
%n20387 0
%n16780 0
%n16719 0
%n20697 0
%n18854 0
%n21377 0
%n