344
11389 9
36420 12823 52492 88820 91282 3381 85865 74502 7989 %n5747 8
5483 57996 72361 68400 3821 41555 58575 71437 %n13965 9
49221 13521 26540 69477 72744 36482 18444 80743 55599 %n22142 9
940 48731 45776 32841 22810 2512 47101 86989 15271 %n411 10
71153 92460 23255 78030 37661 95171 53921 42301 51606 28283 %n12390 9
74402 57248 31938 57810 50816 12726 84048 92319 60112 %n14652 8
47428 88401 45982 9340 24043 92482 61867 90439 %n136 10
93782 78177 26577 25 23275 48810 86745 53004 21786 93448 %n22067 7
70454 69123 30794 74423 13469 42040 27923 %n22921 8
31791 53178 27684 92620 12153 13101 8237 81424 %n6007 7
14224 44464 26778 72550 20357 91533 14979 %n15630 8
64924 18110 23119 73061 52259 42015 11028 55270 %n8750 7
74777 75813 39910 34431 56890 42428 54045 %n1314 7
32443 13048 38465 11333 37329 19611 8581 %n23731 8
42867 22268 8182 72118 86030 4266 83748 64913 %n18690 8
77071 41171 89507 14792 65797 25006 48515 79338 %n19036 7
50461 89759 46088 59780 52682 21408 3007 %n17975 8
34472 53513 63273 80278 19245 88566 33628 49734 %n22081 7
12345 54391 48504 31988 64447 32159 44602 %n3567 6
91182 37268 80333 46101 89414 61479 %n9291 6
48839 57921 28090 49467 61608 58382 %n972 6
36821 63332 25117 80046 2414 2068 %n17025 6
39575 33875 25939 32782 53346 44692 %n13669 8
43205 37601 29653 90969 81620 59817 26293 43510 %n9649 8
79899 14532 36968 31244 89262 30667 44502 29827 %n15984 6
87080 81864 79759 73629 46624 80666 %n11032 6
31113 33933 28657 39444 46243 1386 %n14017 4
5668 52423 87679 48055 %n2147 6
75841 83909 60307 52687 68431 6659 %n18557 6
70701 3366 17720 31500 57993 66458 %n18926 6
92486 78078 70292 61928 34996 51252 %n22773 5
38866 66433 65890 26789 78018 %n16672 7
2122 43865 4154 95272 26452 42903 5156 %n3752 3
48216 50657 80435 %n4470 3
41741 1495 60787 %n8811 6
50210 74923 74208 37409 92672 78476 %n17009 6
83756 59693 65823 92763 29625 17864 %n17252 6
20849 12464 73801 63291 59207 68771 %n20449 3
16751 26257 37913 %n24539 4
40731 73994 21919 37938 %n19229 6
34987 17270 68291 93383 46339 91025 %n573 5
41573 14519 2799 38731 70740 %n9478 5
8497 56887 64903 59647 41257 %n13623 8
72320 12221 38049 20747 45827 82606 91301 75910 %n22554 4
23139 71397 66380 41193 %n23474 3
28905 94260 87884 %n6558 3
12678 59689 95158 %n11211 5
20750 13536 52287 69764 4897 %n6148 4
18918 71835 64920 89024 %n13621 3
19011 47873 38405 %n11442 5
22881 7790 26866 43407 93909 %n18831 5
87161 15170 66527 387 93411 %n18195 4
73958 18353 8997 16141 %n6074 4
76950 44339 76456 40955 %n19493 7
36362 7156 24780 36041 88100 59762 86431 %n19448 4
83936 37178 2812 75380 %n11372 5
36963 86248 5852 29956 30279 %n13544 2
89712 25242 %n12528 4
92106 72572 89736 77177 %n7449 3
601 21042 35284 %n22706 5
66819 47878 71300 58349 75132 %n1081 3
59640 67965 89114 %n7448 1
22214 %n4314 2
54442 83089 %n21279 5
85692 10612 83670 53845 91536 %n3159 4
64425 4845 10817 68511 %n2377 3
30395 53518 20717 %n12301 3
34022 94081 4398 %n22204 3
27614 4222 69308 %n198 5
82385 58513 44475 93685 29621 %n3537 0
%n10595 2
4761 69909 %n1546 1
26163 %n22979 1
26904 %n19423 2
14019 49627 %n21799 3
64181 71849 636 %n8537 3
6315 44965 53148 %n13406 4
10187 26912 75853 20266 %n11578 4
94062 17918 20803 4648 %n14950 3
92957 90009 86470 %n15449 1
86001 %n2994 1
34158 %n8856 2
7634 28295 %n1486 2
50007 42335 %n22656 2
42547 36634 %n13813 3
71755 86358 43158 %n16608 1
21559 %n1373 4
62890 34911 2611 59230 %n5081 1
91087 %n21070 4
16488 82625 44997 64261 %n18040 1
89897 %n22355 1
23092 %n5245 1
11036 %n3389 5
66410 23514 69697 90822 40336 %n3670 1
68977 %n22032 2
57403 17390 %n16252 2
24291 95221 %n14693 1
7380 %n19189 1
4503 %n19016 0
%n4804 3
4001 37293 35593 %n2682 3
10816 73079 27421 %n9971 0
%n23892 4
27579 8432 62374 4136 %n7676 4
34754 67739 19149 48998 %n12119 2
49736 11422 %n12077 0
%n3056 3
31257 69487 63200 %n8436 3
28017 8613 84404 %n14513 0
%n18388 1
24737 %n6327 2
17356 30564 %n4622 2
90269 80955 %n10879 5
36017 54610 62491 13226 44341 %n24852 1
52134 %n24053 1
76732 %n15070 1
21702 %n1981 2
62070 53125 %n19018 2
41096 21763 %n28 2
42543 40964 %n14684 2
15487 78952 %n16421 2
71833 60913 %n15382 2
4972 64582 %n14946 2
6552 19277 %n496 1
6128 %n24445 0
%n7522 1
64763 %n15372 2
73640 67276 %n12707 1
63642 %n10243 1
72848 %n22295 0
%n5512 1
8529 %n19523 2
40959 72768 %n6754 1
22235 %n14086 0
%n17310 1
32137 %n13818 1
61860 %n11650 0
%n749 2
44697 339 %n11092 1
90744 %n15137 0
%n17993 2
57506 88619 %n24515 1
655 %n20895 0
%n4401 2
49097 62978 %n13345 0
%n13163 1
92600 %n7813 1
51708 %n10441 0
%n4186 2
57106 44016 %n22584 1
78945 %n23216 0
%n20519 1
473 %n18740 2
42632 85361 %n16187 0
%n16391 2
23494 64437 %n2684 0
%n169 1
89894 %n13465 1
41902 %n6983 0
%n17339 2
57384 92177 %n17459 0
%n2721 1
57014 %n2554 1
74107 %n20729 1
44065 %n24699 0
%n2535 1
64307 %n20055 1
26982 %n10094 2
36385 48152 %n361 0
%n19546 1
46262 %n20818 2
78809 19448 %n17200 0
%n9275 0
%n14354 0
%n18649 0
%n18159 0
%n10223 1
94049 %n2949 0
%n657 0
%n5108 0
%n14183 0
%n7710 1
94002 %n9626 2
53043 13434 %n23080 0
%n20732 0
%n8827 0
%n7084 0
%n17275 0
%n19124 0
%n8840 2
64315 8278 %n9648 0
%n22483 0
%n18136 0
%n4046 0
%n14602 1
43537 %n2120 0
%n9901 2
50380 79382 %n2313 1
9585 %n21531 0
%n16483 0
%n7294 0
%n16304 0
%n17441 0
%n23085 1
68962 %n10748 0
%n2229 1
53438 %n23693 0
%n6984 0
%n23985 1
78819 %n18432 0
%n17711 2
81251 81250 %n10938 1
5851 %n21136 0
%n14263 0
%n12481 0
%n2034 1
31787 %n22933 1
7564 %n11399 1
65052 %n23368 0
%n11006 0
%n22453 0
%n13809 0
%n24514 0
%n4852 0
%n5276 1
5609 %n10038 0
%n23385 0
%n16828 0
%n11105 0
%n20147 0
%n10526 0
%n17882 0
%n24809 0
%n22547 0
%n22973 0
%n12827 0
%n13903 0
%n21372 0
%n24099 0
%n15569 0
%n19777 0
%n7993 0
%n9512 0
%n13366 0
%n22291 0
%n11265 0
%n5343 0
%n22655 1
19587 %n3482 2
53813 33838 %n9738 0
%n6577 0
%n2652 0
%n14653 0
%n16320 0
%n15895 0
%n6805 1
41737 %n14577 0
%n10286 1
6695 %n17329 1
38818 %n463 0
%n3263 0
%n7926 0
%n8818 0
%n16365 1
35225 %n19797 0
%n12509 1
58069 %n17040 0
%n24895 0
%n17419 0
%n24618 0
%n5856 0
%n24325 0
%n19404 0
%n24169 0
%n1507 0
%n21302 1
90488 %n16282 0
%n15672 0
%n17752 0
%n5571 0
%n19465 0
%n2437 0
%n17112 0
%n16694 1
26218 %n23831 0
%n17476 1
43089 %n16251 0
%n19530 1
47909 %n10430 0
%n15444 0
%n3797 0
%n7519 1
38295 %n8691 1
83869 %n2702 0
%n23960 0
%n1774 0
%n4154 0
%n12792 0
%n13141 0
%n21839 0
%n19730 0
%n14568 0
%n9255 0
%n22451 1
28179 %n22228 0
%n12416 0
%n5794 0
%n2280 0
%n13175 0
%n12990 0
%n18036 0
%n16708 0
%n17960 0
%n6315 0
%n2944 0
%n8846 0
%n12928 0
%n13339 0
%n6809 0
%n23449 0
%n15443 0
%n626 0
%n10721 0
%n4918 0
%n15095 1
90475 %n9380 0
%n7687 0
%n20745 0
%n2932 0
%n10613 0
%n10541 0
%n13148 1
7290 %n8499 0
%n5468 0
%n23622 0
%n20578 0
%n10602 0
%n489 0
%n8550 0
%n9228 0
%n10438 0
%n14719 0
%n24465 0
%n