186
6989 106
48549 7 35398 59970 67022 19302 30796 60886 34825 48387 55849 15570 9752 69793 56090 89676 75646 29601 85661 92518 98173 7750 71148 85865 7837 46001 33851 52319 15901 99036 89115 28786 66441 85477 74949 31897 85930 46764 28968 37087 56859 80441 84697 15331 74666 94597 80363 65225 15277 12824 6062 363 50010 89559 8628 22175 13030 33477 93843 41990 22470 98530 1562 81113 50105 25531 76956 3623 70011 79848 34521 36545 48317 30915 61875 68343 59821 65253 72269 17832 67742 18016 48683 20285 490 44662 64290 98872 15753 43466 36286 73824 45623 6102 63651 36683 14007 91123 98964 87386 50193 33954 92534 22800 63308 37897 %n185 95
13316 63044 40262 90735 96953 70508 73627 47176 96388 33883 65156 64234 43205 28656 43686 99991 11259 56618 22008 61546 38621 77981 63138 9001 92332 96802 9327 66562 93865 34619 88601 25804 98500 50005 25059 85782 57518 26906 20535 14794 10547 9803 78406 42227 85078 6851 65271 99521 51984 63461 60809 10641 15575 6868 46929 32072 39757 48161 78252 9679 34167 71310 77712 8381 66988 78454 81720 20112 77644 30037 67692 85294 63821 84826 30292 48098 70137 87254 46987 27911 29438 14920 23011 47166 89833 6514 41936 8426 2358 73546 17435 42046 5875 33534 12025 %n2501 82
65269 78860 55844 74285 38893 87678 44116 16995 23631 56962 7519 63301 4775 96276 31379 99999 2968 36242 9122 7093 70571 76940 56492 71400 93827 17835 74299 40042 31371 40320 61586 48222 49734 655 21546 44854 24188 63586 87160 96671 69994 57922 56680 48575 89982 87285 4056 13207 9914 267 39500 32677 8952 15612 9675 32009 30836 94795 49350 11115 76162 5379 35607 23490 53409 57317 2852 54453 93705 24337 49068 92639 4431 30376 87103 18264 8282 90505 52914 89764 23812 54404 %n3600 70
56142 4800 11281 11145 92981 66979 4139 4943 62721 5448 60045 23033 86040 30435 65046 72196 15212 74463 18053 42895 63709 30514 96700 81738 65097 26183 19065 52963 33716 97549 78731 31932 520 32262 88050 20911 41565 92781 39296 59387 98906 91241 65747 17086 58147 44271 26910 67031 77860 93678 62433 71435 74778 71563 70944 72805 81837 59328 29337 75982 25144 38585 81598 29870 69775 95435 34503 45552 29215 10696 %n4120 66
41157 36194 21641 38179 47141 78590 31096 40555 54501 989 27425 72095 44578 42723 14005 34863 3865 31016 38654 57414 50810 81546 49040 48583 66343 5023 94557 97712 97263 47437 60700 45404 95926 75316 45276 96029 27686 86454 97663 65001 92209 58602 6531 12685 74535 82210 91413 18996 75376 75537 2575 62346 45022 8281 504 56271 86825 65576 19607 34835 13140 37239 10290 34400 94264 40414 %n8648 52
46452 76861 27589 15158 54306 82578 82508 63529 71066 75416 67839 27832 50094 80923 64175 65297 67082 2704 78544 93891 95084 45347 33875 6479 64749 22215 32684 36804 23663 58108 63588 24281 23820 72635 15233 78876 51482 63268 33371 23984 42183 80443 46961 56879 80879 33676 66521 97628 15963 91564 5447 14546 %n811 54
59012 81874 48505 94970 12334 66644 8733 22242 50600 8502 38329 30474 85303 28691 78869 24095 60310 68092 97311 17005 94370 23443 41518 57486 88067 14809 35528 39693 52445 56180 39139 83191 99979 39478 35997 24162 69731 87198 49560 98630 23039 53637 56366 6325 67699 43472 87825 76539 57156 47661 51797 26867 98952 38617 %n5580 42
93704 49316 98253 12880 66732 91017 73285 73397 48133 12404 55067 24543 80072 54349 19119 41471 14565 2723 93983 72960 94499 23300 14650 11577 86751 4179 90312 31032 82377 84183 42260 48078 82073 99588 65093 78646 88283 24947 34687 93365 71293 75500 %n2726 33
9565 1370 85885 88483 30079 11191 1748 26814 6084 69277 65684 96893 16914 73708 13982 75567 27981 41184 95974 8991 93276 22864 29339 99838 8746 85371 70236 8239 3236 88820 67851 57273 74635 %n4509 27
34414 35837 42113 46177 5240 26449 84899 9434 44366 29213 55007 98455 58359 5397 52561 86286 80180 60214 32452 25103 11985 71054 45183 64867 4300 34471 50637 %n6736 36
95658 31487 15861 46327 75972 36899 91647 83407 70533 73365 9754 57800 19132 44896 30057 18231 87573 1533 87978 68369 68813 44783 75185 37457 74715 69886 26596 25753 31205 77277 21649 18687 72352 80384 373 2952 %n3448 12
35341 22018 50141 685 91478 80265 88785 39104 70280 83909 63274 9998 %n2325 22
88306 46722 42997 49377 86092 65228 38692 61805 25007 98205 52221 3087 68641 71815 30055 41920 22707 636 77062 48118 52139 13792 %n6823 19
14490 66958 66503 72913 14956 29674 22709 63944 93255 14158 24060 34027 1777 40198 75694 56057 7690 28420 5500 %n8314 14
54646 42651 30744 407 90078 82316 71698 91533 41088 50894 63910 14071 47478 61287 %n7607 18
50280 27088 47811 63289 64940 14276 40212 20732 75195 33995 57669 59891 31314 99555 3428 32706 86495 34550 %n6722 10
25619 31842 55228 17010 98179 36788 47511 79978 75467 25189 %n8713 7
76589 80789 18365 20664 53440 58749 87229 %n7224 4
44741 52898 52086 20437 %n2239 11
13261 87853 81109 68153 82958 41790 88763 93222 32298 36463 75062 %n8934 4
97881 39208 24251 60173 %n7791 5
56303 53319 76211 18626 39546 %n8454 3
76834 13963 8499 %n3539 4
9623 7260 39904 51343 %n8167 2
99799 81434 %n6467 2
10921 55179 %n2231 2
69421 46705 %n4768 1
43299 %n5113 4
49988 48288 40587 68449 %n4220 2
57961 6186 %n709 1
63829 %n318 1
13133 %n4026 1
77804 %n8211 2
54038 47264 %n6397 0
%n8576 2
60188 76734 %n6734 4
13390 87274 11953 94438 %n8287 0
%n6352 3
10988 85678 26364 %n2339 1
9739 %n3041 1
39873 %n8356 0
%n1850 0
%n3788 0
%n6639 0
%n3469 2
26802 17483 %n1292 0
%n3219 0
%n2807 0
%n8199 1
82305 %n2371 0
%n5747 0
%n1992 0
%n8011 0
%n261 0
%n4699 0
%n869 0
%n3409 0
%n5644 0
%n7453 0
%n78 0
%n3844 0
%n7372 0
%n2842 0
%n2457 0
%n5888 0
%n6336 0
%n2186 0
%n9264 0
%n5104 0
%n7928 0
%n6345 0
%n7045 0
%n1140 0
%n1521 0
%n9134 0
%n6212 0
%n8308 0
%n5735 0
%n5369 0
%n4896 0
%n1199 0
%n5983 0
%n7917 0
%n5828 0
%n5292 0
%n2330 0
%n4731 0
%n3157 0
%n2561 0
%n4457 0
%n3174 0
%n7188 0
%n8754 0
%n1770 0
%n9321 0
%n4835 0
%n3439 0
%n4456 0
%n9408 0
%n1925 0
%n7925 0
%n9084 0
%n4060 0
%n7789 0
%n1379 0
%n6281 0
%n4381 0
%n2174 0
%n9329 0
%n7653 0
%n6258 0
%n771 0
%n5682 0
%n4716 0
%n4009 0
%n6622 0
%n4071 0
%n6916 0
%n1731 0
%n4310 0
%n6268 0
%n3332 0
%n1666 0
%n9012 0
%n1346 0
%n5261 0
%n831 0
%n1553 0
%n8884 0
%n5685 0
%n5879 0
%n3760 0
%n3176 0
%n9058 0
%n509 0
%n1893 0
%n8568 0
%n516 0
%n4313 0
%n7328 0
%n187 0
%n1598 0
%n1631 0
%n7551 0
%n1987 0
%n6026 0
%n3000 0
%n609 0
%n8606 0
%n3318 0
%n5620 0
%n8288 0
%n1823 0
%n3640 0
%n6280 0
%n6888 0
%n9216 0
%n5666 0
%n7837 0
%n1565 0
%n3121 0
%n7768 0
%n965 0
%n251 0
%n6046 0
%n6961 0
%n1068 0
%n2729 0
%n4305 0
%n1 0
%n2015 0
%n1858 0
%n456 0
%n1190 0
%n8768 0
%n2458 0
%n3613 0
%n3744 0
%n4692 0
%n1660 0
%n8585 0
%n8969 0
%n6803 0
%n8344 0
%n1484 0
%n