59
109 64
10698 22388 530 8406 34690 23905 5970 41739 41971 30471 38884 10943 8491 2959 293 19368 10594 23220 23750 17016 13495 24288 1810 22980 32854 9333 12604 16699 17482 11202 34610 113 36207 10269 20006 10767 35945 30799 10900 17786 36217 10842 17612 12084 15264 853 25051 40261 33277 38906 4474 389 3169 9592 27000 32502 8441 32693 26504 4690 20303 10602 5626 23213 %n191 13
20735 28567 33460 10701 41615 38077 22855 26441 26927 33509 31000 10569 27938 %n205 4
31374 20580 16613 30450 %n23 0
%n85 1
36198 %n54 0
%n38 0
%n31 0
%n209 0
%n55 0
%n110 0
%n66 0
%n65 0
%n187 0
%n233 0
%n214 0
%n167 0
%n14 0
%n0 0
%n170 0
%n190 0
%n166 0
%n25 0
%n224 0
%n122 0
%n11 0
%n147 0
%n198 0
%n5 0
%n82 0
%n130 0
%n102 0
%n211 0
%n129 0
%n158 0
%n69 0
%n219 0
%n218 0
%n105 0
%n184 0
%n145 0
%n60 0
%n53 0
%n237 0
%n111 0
%n174 0
%n126 0
%n175 0
%n199 0
%n71 0
%n163 0
%n150 0
%n83 0
%n114 0
%n34 0
%n117 0
%n1 0
%n123 0
%n160 0
%n