308
4845 126
1119 81123 68031 67482 52297 48914 39601 73539 77952 67584 77093 22118 62359 56163 39456 29416 470 93837 21180 43875 80805 96807 800 71933 29918 86993 11761 14635 52168 31950 47045 36303 71103 36617 94980 89587 62210 97121 44716 6027 13271 95430 48115 96025 98880 13967 58038 28889 3014 78185 81475 41107 97471 63451 96608 74714 4339 33103 17155 92325 59049 94617 51387 92504 35944 7372 26865 10465 40635 8592 53651 57843 25100 19370 38314 26893 60701 55285 82447 75946 95591 3372 67146 79359 13220 84991 34470 15201 88881 915 63995 90906 7395 89998 63130 79194 19735 40773 79417 38363 83092 84659 11989 35160 71685 86122 97012 73614 49989 55253 87138 59756 83809 80633 88714 86250 79221 10437 46000 9738 43514 76245 99721 24144 76580 77915 %n6600 88
39981 46723 41897 96084 64871 88808 61634 82259 86997 54400 11950 29750 69827 25916 57022 27579 6134 54391 92517 74817 14864 67930 70617 4081 13038 46467 14185 29454 65717 40809 68891 12590 48512 90860 31129 71484 90190 14764 59605 14349 39035 17090 95050 56962 87290 88285 77920 99771 72610 42387 38651 46436 21318 94071 11166 14921 41936 8380 24614 71786 61123 6254 59620 75115 12223 67913 56449 52057 37493 4289 58832 4617 56130 81849 76411 18607 72777 18583 63051 65870 43248 14732 46734 85650 71298 57733 82829 80103 %n2312 66
63383 88689 43929 68492 8291 99920 84614 16099 17639 30555 92764 49676 45013 18261 76500 30122 95299 97655 94259 85589 400 55788 34293 95874 64968 25926 36410 75704 77553 28560 28842 66045 79652 46056 71073 94315 47589 56100 75417 73040 91500 28418 23322 82610 14874 17512 60655 39708 37910 14772 65255 23082 7621 51276 32965 63241 409 71264 35679 61802 83805 50063 23000 78996 5298 22687 %n7114 59
89574 87414 52417 25283 59269 63815 18882 34640 36147 74673 17497 16915 22434 55021 58976 58576 22973 97055 78351 68447 82406 12696 39681 56677 99074 21527 55766 25412 84187 71121 49660 66620 35228 98164 59872 20602 6997 36010 57750 96268 80420 84194 85702 83956 97458 23930 29311 28029 57108 45820 29173 45868 71864 61112 13649 23303 51392 47188 12654 %n1469 42
36337 82346 78724 14838 69200 48784 56898 95123 83362 31868 43785 73636 56305 17084 46241 15636 79872 83706 63287 34990 38545 59463 9138 42048 97348 84564 65364 13080 34301 12653 14197 61142 8758 48641 13120 71328 81754 61081 47006 86209 479 20473 %n2095 31
28763 45410 93913 55170 17558 95677 24159 68618 26820 88055 37516 57922 13308 52244 16535 45085 82314 22197 24949 3682 13072 90440 7610 86403 73577 46733 30426 38487 59722 38373 40393 %n3629 25
78507 13050 42737 93471 62054 72369 70053 85999 13011 41072 27926 33245 45785 63 79902 59172 37969 82026 26888 79017 29078 35333 77943 13637 95048 %n2470 16
89073 52207 88642 96260 50177 16750 26974 34259 20256 874 87216 84287 78791 72393 18414 82746 %n6186 14
94442 61973 73370 39683 36285 48787 24591 33362 32089 29189 4851 42828 70667 37422 %n3761 7
34187 52187 84324 32483 84942 57199 63315 %n7257 7
36767 63943 77873 96021 81953 27964 41768 %n5483 8
27934 3979 69099 23031 39885 7642 77984 11374 %n2119 7
36693 68865 83385 37938 55606 8800 78197 %n6041 5
43699 90174 55246 64552 95426 %n1099 8
25414 88650 82097 64409 13136 63572 42231 14754 %n6159 0
%n1681 1
9104 %n7137 4
19859 82639 39171 24764 %n6459 1
26761 %n2596 4
64558 81749 37191 63013 %n7689 1
66909 %n1425 0
%n274 1
86085 %n6903 0
%n2964 1
18443 %n5400 0
%n1100 0
%n1290 0
%n4353 0
%n2193 0
%n4172 0
%n2896 0
%n2608 0
%n2799 0
%n7485 0
%n3160 0
%n4340 0
%n4914 0
%n2427 0
%n3407 0
%n4312 0
%n6168 0
%n6984 0
%n7858 0
%n1049 0
%n5803 0
%n5295 0
%n3600 0
%n4784 0
%n814 0
%n5151 0
%n7815 0
%n1693 0
%n1166 0
%n6486 0
%n4318 0
%n6553 0
%n7245 0
%n1633 0
%n3824 0
%n2136 0
%n1419 0
%n2150 0
%n2931 0
%n3598 0
%n3635 0
%n5977 0
%n6 0
%n2034 0
%n6516 0
%n3614 0
%n7844 0
%n6437 0
%n3933 0
%n877 0
%n1591 0
%n5143 0
%n6562 0
%n7423 0
%n3803 0
%n1289 0
%n6514 0
%n4615 0
%n4119 0
%n6663 0
%n7171 0
%n4448 0
%n6297 0
%n2019 0
%n1192 0
%n7290 0
%n4698 0
%n5425 0
%n3191 0
%n2606 0
%n3818 0
%n2876 0
%n815 0
%n2791 0
%n4983 0
%n5457 0
%n5824 0
%n2418 0
%n4015 0
%n2769 0
%n4633 0
%n7529 0
%n2604 0
%n7728 0
%n5832 0
%n6207 0
%n3050 0
%n2073 0
%n2320 0
%n7030 0
%n7885 0
%n368 0
%n2617 0
%n5642 0
%n97 0
%n6104 0
%n466 0
%n1565 0
%n4347 0
%n792 0
%n445 0
%n1516 0
%n687 0
%n1368 0
%n6338 0
%n7479 0
%n3462 0
%n4443 0
%n7278 0
%n6861 0
%n6070 0
%n1467 0
%n3442 0
%n4650 0
%n5556 0
%n5039 0
%n3754 0
%n3326 0
%n1134 0
%n2977 0
%n7584 0
%n4006 0
%n2050 0
%n6812 0
%n2808 0
%n460 0
%n2336 0
%n331 0
%n3339 0
%n851 0
%n3190 0
%n810 0
%n3207 0
%n7773 0
%n4866 0
%n3534 0
%n5727 0
%n3299 0
%n55 0
%n1246 0
%n6831 0
%n1548 0
%n5572 0
%n6668 0
%n6972 0
%n5745 0
%n1595 0
%n1611 0
%n3002 0
%n3134 0
%n848 0
%n4514 0
%n4955 0
%n4136 0
%n4683 0
%n423 0
%n1360 0
%n6113 0
%n5667 0
%n7783 0
%n7023 0
%n4303 0
%n7750 0
%n6723 0
%n5694 0
%n5164 0
%n3376 0
%n3172 0
%n6065 0
%n550 0
%n7680 0
%n7823 0
%n3016 0
%n4617 0
%n5113 0
%n805 0
%n7573 0
%n3741 0
%n6378 0
%n1540 0
%n2469 0
%n302 0
%n4880 0
%n4808 0
%n2102 0
%n1295 0
%n73 0
%n5613 0
%n7804 0
%n734 0
%n3195 0
%n3886 0
%n6605 0
%n4981 0
%n6373 0
%n6997 0
%n906 0
%n4712 0
%n4906 0
%n6392 0
%n7656 0
%n5908 0
%n7603 0
%n7353 0
%n3051 0
%n6023 0
%n261 0
%n6556 0
%n775 0
%n7927 0
%n5582 0
%n5728 0
%n4601 0
%n1763 0
%n993 0
%n5571 0
%n3198 0
%n3477 0
%n2833 0
%n3176 0
%n51 0
%n439 0
%n4928 0
%n928 0
%n5421 0
%n2861 0
%n3171 0
%n5008 0
%n778 0
%n4013 0
%n2979 0
%n5504 0
%n7371 0
%n972 0
%n494 0
%n6324 0
%n4968 0
%n7751 0
%n4695 0
%n6379 0
%n3187 0
%n5310 0
%n3177 0
%n5638 0
%n2491 0
%n4281 0
%n6039 0
%n7212 0
%n996 0
%n7676 0
%n7268 0
%n1358 0
%n5273 0
%n7090 0
%n5176 0
%n5362 0
%n3913 0
%n5272 0
%n3778 0
%n6081 0
%n956 0
%n7378 0
%n4642 0
%n7273 0
%n4326 0
%n278 0
%n6372 0
%n2516 0
%n5125 0
%n6983 0
%n4465 0
%n4411 0
%n1634 0
%n2674 0
%n571 0
%n7635 0
%n7545 0
%n6674 0
%n6513 0
%n7798 0
%n257 0
%n5616 0
%n1607 0
%n