116
7295 109
630 15532 13770 9474 12168 9939 11026 15080 14598 14150 9782 13838 15482 834 14413 1087 13080 10989 5883 11587 16734 12635 18222 7164 10273 9919 18136 14834 17731 5333 14391 13151 16910 13772 10425 4747 12272 8 5378 13211 17588 989 15574 17218 1876 14613 16335 8646 14870 7402 4726 139 41 6890 16092 13500 10190 13103 7906 11738 6428 461 14944 15019 18740 3342 14272 10455 3861 9606 4406 12353 14612 15544 5946 12886 2474 14752 9862 17794 6484 2906 9701 16426 14685 15211 994 12589 961 7961 201 3742 3474 8739 898 5973 7082 3459 18091 2059 10683 11901 10021 13998 9163 4017 3907 14190 2507 %n3350 35
3172 9351 8782 10230 13043 18530 4867 1824 10047 3915 12652 9829 10288 13400 17224 124 15885 10593 12241 9225 11807 13591 15263 1498 1060 6290 10198 17894 693 5537 15488 3706 5983 3941 17265 %n265 35
10859 15730 17068 16254 7509 15291 14178 16140 9977 3790 9670 9477 1803 13213 10354 16116 16123 13543 10979 2962 2639 12047 6968 17453 10954 10588 14670 5038 560 443 87 18426 3127 18138 2061 %n960 35
3244 2225 4359 8759 17796 14729 18206 12982 4262 13553 18581 34 15843 4763 7866 1270 8797 6970 7290 11719 14697 12557 13983 2064 12808 4830 9623 8854 14166 57 13118 9726 11326 5356 11314 %n6861 35
8298 13075 8942 3701 16294 15440 10544 18624 15661 2226 11405 18637 6782 18793 10188 4598 4758 15260 9321 8633 7322 1470 8143 16093 8301 10452 10308 10548 15705 8077 13630 10629 3873 6362 9784 %n1940 35
16238 14745 12637 2429 16954 10953 2768 11496 15460 7570 16086 15110 18384 4005 1836 16400 793 277 3930 1285 2977 6796 9608 17144 7072 12113 4786 17704 10117 14997 17706 7842 12312 13549 17770 %n4496 34
11706 18722 2444 12457 5100 8820 18543 16806 1756 13104 17564 15597 15486 14809 18021 9503 15823 17531 11022 12695 8127 3659 3933 8316 2066 7277 10092 5811 12508 1259 8394 14794 351 3609 %n4636 35
1487 15246 10136 17182 1668 5486 8381 8200 14905 1990 4942 466 10162 9790 8697 9288 2058 329 4992 15413 6526 16069 5325 14733 12421 10810 1136 18013 15566 14873 16099 4922 4450 16541 6644 %n7120 34
7919 6550 1297 3788 11827 805 17435 8120 8038 3419 6551 6173 13431 11653 4916 13596 10772 5638 5846 13976 14490 18097 13111 11696 10034 15839 2867 1573 15535 8099 1765 12009 16346 4583 %n4029 35
15183 10229 1202 483 3344 8079 15866 4419 18669 8507 1789 15406 12086 12450 18402 224 13783 16796 3786 18794 5647 14279 9194 18333 13501 10484 4994 7596 15678 7676 8817 8971 17606 7413 17669 %n282 35
5165 8026 481 1448 17948 10955 4478 8479 18735 17720 17395 13774 6378 12598 3860 10304 16380 13268 3135 13279 2825 1513 16840 13502 8018 11407 11457 11554 16546 678 9363 11287 6566 6299 5039 %n5067 35
490 6638 13073 15147 2496 7100 11104 6323 16406 2636 6935 4288 13328 13226 4149 11803 15877 4412 17660 510 5861 6995 5509 2923 9660 18370 8868 10628 12790 5614 10673 18834 4070 13051 4630 %n7390 34
10376 15873 2631 9080 9688 12867 16999 1341 7921 17627 15079 813 4854 14238 3897 12813 1404 2773 13002 8386 618 9712 9549 645 7576 15162 13627 7546 20 15989 4068 11293 18058 8383 %n1738 35
5550 5960 4577 9575 3423 17890 215 3262 2477 14403 5975 5196 15506 7902 16216 12658 14788 9933 2258 13577 18453 352 2403 2880 730 12926 17444 13893 8637 6456 6905 6760 3345 14609 17476 %n3427 35
15561 3677 14460 6740 1973 1930 14039 1230 15059 16731 5810 10241 10980 16021 728 417 17594 204 18439 12991 5507 12243 7548 5459 16419 1131 16958 15052 998 17378 4745 15894 9148 942 5490 %n983 35
5068 15743 12632 4236 16613 13741 6017 16337 10237 12350 17597 16979 1107 16068 12419 9265 18448 5360 15420 2809 962 9251 10618 5343 4589 17099 7708 15058 2833 1643 7099 3210 400 14577 5538 %n5864 35
16692 8146 8189 18744 10293 7762 15025 6019 8676 9384 4016 9531 2394 7308 14543 17049 8147 14497 8761 6470 12261 18229 8201 7078 8050 12265 227 12989 6769 4855 10879 13183 18208 5400 14703 %n6681 35
12513 6739 14748 15243 12971 7639 14630 868 6384 7865 5473 8716 3626 9280 10332 3885 3952 9680 709 14947 15604 4529 2006 13848 6440 13379 7605 12315 5324 16127 16469 3571 11638 11552 11090 %n1208 35
11674 5368 12345 14629 1203 6376 16738 11531 12211 10958 1004 4622 2446 826 15277 11703 4875 2281 16421 17411 2467 13414 1072 9167 12424 16746 11159 2613 10091 3771 5536 13572 3391 13666 5045 %n6767 35
11604 4900 6800 3447 5669 4229 15347 14000 14975 5993 14797 2708 8589 10816 7835 4601 17296 1454 5479 16827 4324 16601 9404 18474 3104 10466 9907 18125 9785 3268 16707 3678 15165 486 5476 %n6663 34
8281 15093 543 3413 8781 18213 15940 3032 2585 17213 16372 16710 2456 11886 16108 2023 17813 7089 320 5469 10216 6786 5484 2032 1683 13966 1325 10463 4739 13424 18237 13382 14082 13919 %n537 35
14193 6148 8333 3875 11080 18524 3588 3769 1595 13105 7600 7321 7445 3293 246 10282 9495 9229 778 16211 12735 114 3217 16719 5907 343 14458 6835 14847 17615 15076 18826 6984 18381 3956 %n6450 33
10471 1867 11183 15325 6490 14357 13490 12522 10344 11942 2465 958 7118 17666 16947 829 7247 18685 4522 1514 16248 4494 6250 5625 135 15855 10596 9220 9274 11415 877 9151 5819 %n8184 34
1086 16998 699 5641 10569 4031 2988 3442 15366 17964 17016 2306 3116 12967 13927 7776 9640 782 68 8667 17457 6267 7801 8698 111 15748 1979 1130 511 546 11991 17739 12568 8468 %n360 35
4546 14588 14075 4353 16088 13693 168 14045 3484 10539 5985 2334 9825 8611 12374 9129 1561 923 65 13563 5557 10862 13760 17082 9243 17808 90 7471 5739 9121 33 3029 984 18106 3922 %n1090 35
5094 1927 4362 5516 17536 5621 382 1745 933 14427 3472 4958 7890 7392 17992 3407 17455 6641 1971 15119 1951 17325 9781 6206 18268 2603 7671 4586 2440 5542 15696 17360 15751 14122 12396 %n2265 35
17357 4157 14638 7257 16699 3241 7507 14070 5142 6849 1526 3141 17092 12378 16766 16305 8496 13128 9425 7931 16596 4585 789 16161 13933 5025 7274 18328 12370 4639 15626 11658 17995 9347 10751 %n5959 33
14290 9638 17243 7844 11404 3057 14041 10846 9316 3189 5928 1572 3800 5551 18645 9253 3823 16213 3852 11474 13849 12327 15404 15066 15295 3276 16508 16126 7945 16810 3532 9702 12162 %n4623 35
6387 12833 7725 17785 11891 18205 15942 506 1651 18754 17185 9328 18243 10465 17959 9679 9861 12581 15652 11151 7241 5135 1866 3979 11273 7539 8277 17972 5178 1235 13830 18308 3843 13090 5646 %n1069 34
12719 6230 10711 2096 9041 10959 18720 15631 14217 14986 12816 14507 373 3389 16464 16684 937 5627 5900 3257 12506 6689 3549 1887 11865 6759 13296 5699 14303 18061 2365 162 3614 12823 %n2833 35
1993 6 2241 6846 7266 10828 15135 7530 11625 16028 8829 11153 9827 854 11394 7651 17598 3998 13507 9312 17500 2972 5273 17656 1712 12935 1213 5795 15286 3274 6392 8958 916 589 11177 %n3765 35
16529 10843 17323 10451 8431 18756 13241 6066 5219 15001 7144 2733 14125 80 11475 2698 16414 12700 17745 18464 5154 4864 1156 13142 12766 17753 1157 17192 11761 16383 15158 9130 388 6632 14036 %n1076 35
11598 14084 17821 14488 8131 10692 14296 3105 1024 15194 8805 11267 17958 18119 1781 16260 8889 16782 11476 5735 13971 16367 10220 10215 7455 1475 2224 6068 15200 12169 6453 17477 9603 15870 7056 %n2045 34
10231 2368 17987 2193 1349 6937 18103 15691 7458 7563 10933 13295 11701 13359 5257 722 9754 9723 4114 12448 14106 3352 17713 11055 10670 9262 16891 451 6639 7962 7282 10064 8995 11103 %n948 33
4660 14183 1485 11996 9752 6683 11260 9740 503 5024 9979 5064 4023 13335 16152 3469 2371 9693 529 2386 172 1426 7885 4247 10335 5871 11670 5164 14569 15671 8498 17292 820 %n175 34
5812 10521 1705 4677 6405 1976 2204 11418 17302 9737 6617 8252 9152 8485 6944 15230 12173 10124 18716 13605 3048 4460 16900 7625 7713 14738 12042 13797 16182 8427 721 8478 9308 17659 %n2365 35
15634 3408 18410 8495 9940 2620 3227 12031 704 7978 13573 1035 13575 7268 7582 17690 16539 15891 5311 17653 1421 13598 8903 1666 6815 188 17714 11115 4853 16874 16354 1730 10358 9743 6153 %n3220 35
2560 3674 6676 4594 9860 5394 3500 13273 13351 16869 16917 4808 7490 17974 15197 17971 8780 49 14673 7246 15676 6797 7737 149 11825 3581 9097 10184 6269 2849 14326 16894 12593 11188 15498 %n4665 34
12815 14421 13550 202 10919 16708 14993 15916 16569 4759 3656 2995 4685 15927 370 18260 8920 14052 3831 932 9136 6185 16460 555 14915 1468 14243 11864 7826 12405 18098 12677 12274 4927 %n739 33
18764 10045 7134 12954 8312 6437 12276 16661 18396 15118 14437 12718 1047 11530 16697 12616 16575 17491 17186 2116 17176 16713 14710 13083 1084 6575 18476 160 5270 18151 18037 9401 12474 %n6072 35
7307 8994 2216 6381 14647 4766 2469 625 2378 16715 4461 14047 13764 10561 14980 15741 649 12794 1100 5212 302 14380 10601 1841 824 8227 6094 5872 15298 10835 18124 7105 1041 18324 6667 %n3043 35
287 7010 12371 9407 8302 12214 4552 10559 10916 3108 402 16171 10249 15439 12856 1940 11611 14590 16168 14527 1094 14369 6896 3882 15031 4475 7941 17567 1585 11325 15296 4269 11796 9853 4216 %n2645 35
15763 14034 15852 16461 18005 9722 643 4105 13399 13877 3743 11835 16230 2480 1908 11210 4730 12386 6279 12596 7496 9039 2736 18549 7027 9545 16151 3361 7265 8158 3199 15024 6183 13346 10604 %n2562 33
17104 1221 2722 18574 13393 11799 9081 16622 7255 17450 14958 8430 5424 8214 11576 11093 17071 17288 9744 761 1548 2344 18373 5613 14062 3747 5602 10416 12049 13713 13040 7829 8021 %n5434 33
12114 9449 4933 15858 18111 13697 18688 10379 842 2757 655 1854 648 3452 9257 16691 5997 14159 11099 11627 16985 11639 13636 16187 10015 3814 15030 11994 16240 16416 8911 8264 6263 %n1949 35
9187 6707 16616 3583 385 5018 18137 4737 12611 1066 5831 5297 10017 3972 10203 870 8628 10082 16255 5582 16964 4948 11083 15167 15884 9188 10066 418 3634 16170 7694 8527 1653 5980 5140 %n2438 33
4180 11721 7840 11318 13276 14741 14827 5895 4792 11288 10339 10380 5478 13850 3690 6158 2994 6053 5626 10748 2001 8811 11729 7189 17647 5320 8515 11432 9569 8408 15244 18612 3959 %n2055 34
14092 16470 3974 17256 13914 2822 13789 8879 7167 5761 12820 3364 6701 14215 16554 10349 12322 17041 14411 17381 5604 15324 2227 16940 7678 146 764 2801 5523 5232 14713 10280 13887 18023 %n545 35
16233 14200 1849 11836 15278 9450 5510 13846 18749 3741 10108 10514 11373 3464 8703 14508 2339 9011 10737 1690 13245 9695 11698 3633 17760 7714 5675 5492 12388 840 9846 326 3255 17393 10012 %n511 34
16174 2692 531 11111 7577 15164 16883 3935 14715 10409 17086 11789 17552 7647 6514 11833 1618 7281 5284 11925 14553 14716 5338 3305 878 14607 11778 8535 4006 10039 855 8024 15290 17052 %n737 34
12780 2454 5825 14323 17932 8688 2346 9054 4103 18374 3259 11468 8840 8285 5306 13008 13055 14991 6865 2452 9881 3681 17221 8869 15022 13674 4123 11695 8104 7063 7595 15204 17885 10688 %n9008 34
15958 8593 7517 9557 4657 1142 564 17599 5487 14180 12112 8785 12476 2471 1591 15756 17 15151 11259 15499 2746 18489 6665 4253 5915 4515 14218 2652 15221 15126 14349 51 9888 2384 %n1561 35
18162 5168 15361 17496 3176 18135 6929 17595 642 16413 8750 17609 1832 13737 11768 1751 798 7377 15900 8644 13041 17579 5878 1241 14370 16980 6197 47 4909 6798 11380 11689 1831 1504 17936 %n6761 34
7624 14386 4952 30 14451 6041 4363 13612 18112 5187 16805 3792 4834 4307 14315 1505 12398 1817 5639 14781 15930 4328 6682 14566 8765 7385 13620 4959 15310 14371 15198 2050 12868 15313 %n366 34
950 881 11753 2388 17162 11107 15620 6373 14313 7504 10054 1632 637 3963 6552 3007 7838 16706 8315 11423 11274 5292 7956 8534 14161 7711 2265 8880 13593 5415 16144 4129 13637 18818 %n4289 35
8687 2562 12387 13594 4547 4179 9533 4619 9577 12240 11535 10056 1190 4493 3152 9489 10378 2666 18078 1931 4337 15724 5227 1959 11337 15157 14902 4661 15733 12520 8035 2852 16229 986 2690 %n6859 35
4148 16347 9428 926 11248 5939 10639 11752 15904 11595 1310 13152 5065 7833 14627 2963 9807 3000 4978 10459 9202 10176 5071 8493 10310 13606 13646 6426 12120 10936 7242 12829 11157 16047 4166 %n6398 34
3475 18437 6226 5408 17113 12005 1182 17115 8773 18059 16642 12282 15039 16477 4527 15777 3441 18182 742 15978 13056 14717 15960 14972 7158 800 6574 16386 15120 8488 11369 8719 1830 13131 %n5086 32
10314 14132 1725 13547 10158 6703 16834 17057 7221 15245 7192 14423 8645 14763 4224 4986 1736 5762 17432 10787 5375 13406 8939 7430 5768 11154 16311 11442 10094 15423 6956 11416 %n5788 34
10464 9622 7824 12932 18110 7205 3191 5989 4721 73 2206 6736 1189 26 10097 4090 6762 12317 4897 7646 11844 13592 12944 128 2413 18705 13604 18470 10360 6097 7359 16685 14471 9686 %n4058 34
16212 17665 12729 3063 4021 18661 10330 12384 7633 16331 1111 7817 4289 13803 16282 8610 10242 17208 18290 15659 9416 3607 398 13291 18127 16218 5026 8121 6406 1644 13469 482 16201 13253 %n693 35
17994 843 15375 9692 10195 5500 12127 10633 392 1114 619 3992 1146 5899 2552 1873 10818 12449 536 12444 12308 7245 13827 7806 10584 1396 14448 18601 9963 9458 7365 18547 12636 10799 2033 %n4025 33
16750 18795 5914 16881 6151 14526 10387 2694 7670 7925 10367 6768 12171 11808 16125 18693 2881 3182 16351 13825 17830 10578 5558 17570 14791 5041 1785 12061 3084 4881 7523 17424 14325 %n7253 33
15799 16884 5446 6255 13081 7015 15684 6697 6369 13354 2099 11487 4776 2284 12919 918 6986 2960 7575 6418 4400 337 18613 8567 3551 5724 12759 1609 6695 17431 12478 7521 3900 %n1075 34
10372 17605 14368 695 10306 9599 3639 2978 13707 5922 7946 5875 13457 10453 6035 14211 1110 11221 16117 5217 415 6270 9453 8300 12115 10289 565 8396 17063 15502 603 4779 12690 14659 %n2392 34
1317 18760 3001 12696 14011 8578 284 11061 16407 14355 17463 8187 4879 2853 5897 9811 14398 3485 14642 15012 928 12646 16307 931 3169 10991 14699 13922 2582 14281 7025 3221 3739 16449 %n5269 32
13955 14555 2803 5577 3369 1995 14814 5402 1997 13696 16310 1247 2874 15695 15625 7724 251 9854 4 9902 16720 9884 3716 2020 8585 9183 17197 2158 15424 18715 8289 11624 %n5166 35
7755 7177 10903 17569 17350 18475 7364 10132 12466 9727 4817 12292 9772 8384 9435 16133 4079 16439 14459 17919 3306 9753 6075 13871 2934 2381 11017 14346 13035 8031 11459 8295 14505 10357 5027 %n6118 33
1355 221 3710 3772 12678 4943 16096 4188 11868 4634 2230 14327 18646 2239 2634 671 12512 2795 8999 9061 17547 11817 13545 16761 9103 5662 4263 9196 13001 16764 5686 6192 14959 %n6933 31
3929 3709 1588 2256 2197 10424 18672 9465 2470 12106 11363 973 5618 17802 445 1064 13355 12641 12825 11124 18398 4728 1729 12981 7912 11131 4059 7555 17668 8802 1978 %n6493 33
5904 11172 13196 8323 7442 1010 2493 16724 7579 12221 15710 16627 10088 12563 9459 15433 14610 6115 5716 13814 8080 6554 14721 14461 15646 3155 13663 2808 2228 4649 14176 2536 8558 %n4996 33
11767 6413 18570 15504 131 10429 9105 1896 5419 1671 14895 9574 16611 7363 4945 8891 8421 4652 5835 9143 163 17390 16693 13438 18303 12546 18171 538 11819 7344 12907 8861 10098 %n6167 35
5764 8758 13909 17832 18535 9934 63 14321 14572 16595 11561 11937 2004 13685 5048 15253 7696 6787 7547 11964 15970 4243 12286 9973 4870 3426 14478 947 6497 5404 18620 11654 5676 2198 331 %n5474 33
15545 16534 16770 8916 14137 1238 16063 7928 4033 5563 11664 9295 52 7312 7787 10671 17769 16 13319 16457 4267 16843 15417 5953 12651 18758 7454 10807 9245 5524 14901 8990 14335 %n5867 34
299 1633 11581 18288 3676 10052 12022 8654 7974 2870 974 5082 8010 1337 15103 14674 3733 11020 13862 790 9565 4038 837 9855 13258 463 4040 4839 7659 3166 14360 4659 14170 4929 %n3157 35
7809 12757 4722 12465 5079 14438 2034 15317 5382 9078 17365 9733 17398 10733 15393 2721 15478 3030 18462 18566 7729 12190 10206 9394 15071 9768 16828 10492 15256 14769 7253 12434 17267 1686 7847 %n1828 35
427 11040 9329 13557 8331 17152 6696 11805 2418 10013 3375 15236 14318 4039 4894 5826 18727 288 6971 10294 4071 5920 3842 5442 13269 16921 2045 7726 830 13868 7173 291 14259 16072 11787 %n5093 35
154 12550 14822 1641 17582 9700 4537 3904 11566 18648 2289 3515 6295 2710 2589 9936 11828 15987 12354 15136 15797 4694 578 1319 11812 11458 17253 12319 3483 3587 10019 6604 11256 10874 10540 %n3822 33
4636 11488 5496 5821 3864 14785 8195 13699 11419 8237 13086 10093 10663 16468 2565 10563 14418 10226 11027 11532 14270 12445 14126 7845 9424 5300 16010 12761 8449 2433 8238 14737 1174 %n6930 33
8456 1537 8409 3640 4403 18295 6029 12178 3962 9918 15529 2819 13665 3521 16586 15522 5964 2164 18828 12959 14669 4158 7018 1204 16257 8275 12326 14308 3378 7346 4009 6371 7485 %n6238 34
15156 2660 676 6338 9771 16726 1236 3968 11569 7536 6495 13471 15269 4065 12026 6236 9838 2074 12455 13582 7940 10577 15273 11034 9668 4164 16232 14409 809 841 10957 13205 1568 14842 %n4855 33
13615 15571 5854 4538 10722 16951 4085 9133 4305 563 16505 13732 8910 18239 12255 368 1387 11967 5118 16455 1443 12623 17780 11915 2569 6898 17986 11450 17142 4935 14286 17516 993 %n7784 31
17689 13590 18761 4014 4233 4974 3832 3541 18691 9500 4082 10701 4669 2878 1818 15719 17809 16718 7230 11759 4882 2026 13655 13101 530 8030 8935 15431 7904 17661 9858 %n1410 32
13531 8272 282 6596 17452 17515 4789 9348 5668 283 18738 8806 15111 11522 17697 12098 7870 8100 15827 6622 6012 5717 5267 6110 6136 412 1524 13307 14115 3991 12203 8299 %n1832 33
12039 13926 14565 13436 12461 4835 17014 3825 4185 14264 18527 17262 1112 6744 2876 2900 17575 12198 5017 16711 6178 5571 10413 11402 18698 12916 11724 10520 10053 16327 9696 954 15085 %n3583 33
9482 13840 8504 3465 11959 8938 8165 14762 10172 14982 16042 16411 5304 12279 16658 11334 13679 11406 17686 6163 18074 5947 17272 17108 14058 11743 10913 182 2218 14181 16287 4912 15213 %n909 32
14143 5042 12985 15040 6351 4584 2036 7463 2163 17170 14502 6241 13282 3870 2533 17944 18592 10144 5010 15148 5765 12118 16602 16166 11180 9118 7915 13395 8929 16988 978 1240 %n821 33
16358 6400 14186 2137 5199 1858 17307 2188 8199 8192 12438 522 10083 4266 11121 5684 9256 14085 8290 479 1915 3813 9724 16024 14586 15635 15992 317 4748 18165 6820 4135 5930 %n587 34
7 10100 14551 2356 8896 13743 11699 1050 8361 9141 10613 7976 1720 7578 10974 9018 455 8060 12028 13141 8044 2702 10746 10838 4700 16057 17125 3089 6237 16486 14881 13210 13569 11081 %n2466 31
1680 2521 13342 17469 18186 9998 17736 11556 3675 16704 5576 7286 14004 310 4783 2134 8932 9324 468 9472 15380 10106 18676 8812 8483 1848 13437 4960 2294 2409 11365 %n2241 34
8416 8553 7565 18068 12014 7807 14779 17467 16266 7982 8279 13009 16043 8006 2508 17930 10822 2877 1727 16501 10904 13404 1040 8442 17828 18477 9072 5185 12899 6543 272 2701 8341 5974 %n4249 35
1795 13888 13759 10845 8276 1583 10356 8411 1553 12752 10730 562 6891 13345 10884 18245 2735 14317 6866 13146 6243 9793 10458 15602 17102 8304 11070 2169 13334 11500 16507 6180 16709 2353 15451 %n4887 32
14858 8441 2399 15650 13694 10261 9304 17928 16377 9135 12773 7568 11883 3970 6011 8969 18804 1860 12151 15063 7874 14013 12454 2657 2734 15494 3729 15872 3785 12079 12949 4837 %n4892 34
14120 7407 2630 17519 6802 4390 12473 12999 104 16751 3360 10320 13896 15612 11250 15018 11623 14897 14856 2375 9534 9438 12499 6850 3967 7938 9120 3171 14255 17816 3271 591 3295 4621 %n8993 32
17626 16435 6904 11968 11878 15474 14584 3989 13070 11747 4697 7704 10316 8917 14503 1073 6451 1948 13506 143 15326 2970 1807 3184 11549 1034 12845 10027 15980 16334 17388 9544 %n4353 33
7464 8537 10415 14754 18167 11977 13352 15238 16102 14704 16428 4831 7111 3323 10951 15414 11268 12570 9560 16299 7310 1031 16858 8819 6602 15432 10967 11270 13082 13515 8211 18394 16572 %n2483 33
208 10770 4163 16462 13689 18842 13123 15195 5302 7433 8897 16537 13042 18497 18076 15444 16837 14187 5824 2479 16819 2177 6686 18800 4096 7175 7508 3137 15128 770 13110 12200 644 %n4726 32
15692 4045 17472 7258 17340 14222 15382 16415 8126 4805 95 2084 3556 11072 13261 7419 10848 7420 907 15270 4542 14924 12068 1758 5438 7882 11353 6182 2868 7597 11370 18109 %n8575 30
10934 18674 2755 17258 8642 12996 9633 16647 2709 5312 18049 13493 1021 15951 7284 7140 8851 11905 16200 2448 17352 13857 9110 4318 3978 3913 17437 6631 9277 3883 %n631 32
7466 9178 15016 8142 3161 17716 18319 7653 18340 2411 16392 14375 5532 15509 2782 7197 14024 14563 9612 16114 3658 18577 1403 16162 8548 779 4797 4074 15655 10513 4510 8778 %n5510 33
9649 12765 3156 13029 12226 17391 17870 16527 13779 6601 8706 1332 13640 11718 11246 5608 9284 16698 13645 15501 3774 15685 904 10059 9663 6718 10892 10723 3272 5837 3445 3454 3354 %n1820 33
17747 13472 593 11140 13428 2545 11685 10687 9021 10797 18833 12040 11041 12872 11403 7453 15821 9 13266 8604 6432 18024 4624 4015 13224 13755 7756 1206 9642 17596 6232 2410 6248 %n1992 34
6804 6666 7995 17003 9632 14104 1569 18362 18190 12826 7881 15865 10072 6233 4484 8998 5680 6167 8700 4966 8082 2976 13377 5581 9547 2221 13941 7055 10600 15368 17524 8893 14466 12001 %n4903 35
4173 15008 13150 10114 8748 16781 12077 6645 6361 9657 11823 17632 16584 12268 7357 7021 17518 11742 6171 10159 11750 10777 1726 2390 11204 8413 3760 4765 540 14571 12586 5231 9736 192 380 %n2073 31
9757 8368 13560 17642 15057 8419 13516 16854 12715 1903 4511 18803 5567 10945 381 11509 11307 12266 76 1277 1999 631 5643 7620 16483 2212 5548 11464 13703 7769 2322 %n4504 31
6024 12657 18667 18742 8327 3660 15379 15395 13682 15367 7483 18123 7999 4965 12503 4466 700 15288 10636 1809 5480 13067 6801 10715 2132 1191 12199 4570 10926 5173 18047 %n1331 32
18105 4060 10016 9703 4753 15434 15822 2568 9664 6599 4899 12803 1606 4791 18299 6542 17810 3569 11066 5575 14592 15051 6863 12409 5054 3239 1308 14821 8613 7370 3896 13392 %n961 32
1440 3397 3473 4647 5780 18435 10962 11075 5877 4704 15505 846 5151 2304 6572 16393 17408 10637 17584 4901 3757 14911 5464 7166 10984 9522 9748 18272 471 13287 5460 4438 %n6044 33
13942 584 14332 4183 13439 8551 4982 1970 10610 18739 17372 18244 4088 3287 9666 2122 5391 19 7215 13237 12515 9175 14759 16249 18619 2522 8659 827 2118 3300 7095 14596 11820 %n6686 32
14307 2499 5091 8575 6936 2341 1750 3444 5240 3895 10750 11708 8647 8280 2245 2129 17172 15387 1637 2431 6046 2987 16930 1747 4961 12887 2117 13642 1162 8437 719 6479 %n278 33
991 16261 1922 10960 10095 14728 8824 4449 14977 4184 5403 3234 3456 1366 1663 13804 6067 15701 13283 3768 16636 1176 16382 17423 3849 5729 8726 14570 18251 5982 6034 14618 4983 %n2115 33
13199 1891 15829 3529 9368 2596 4872 9208 225 13299 1987 2979 13938 10679 8620 9203 16167 15875 18643 8097 12620 12913 6460 17905 11751 7720 6412 14930 12556 7850 15228 10402 405 %n568 34
514 2719 17486 7121 5491 18560 9397 9826 6930 16433 16814 8762 17728 1442 12320 8842 15193 16703 11354 1906 9016 7621 876 16767 11352 4207 8055 7035 6571 6770 2095 2495 2550 12484 %n6363 34
16513 3939 15497 7351 11036 11801 8236 4177 13063 1193 12727 12235 10825 2627 18663 14802 8943 18227 6292 14044 8626 16425 9803 14135 14028 10502 11046 6619 16324 18671 3856 2563 12341 17734 %n949 33
11319 1295 15458 14889 12842 3294 2862 17091 11826 5157 4330 5584 12185 14668 14994 8746 3902 14934 17137 2242 6799 1491 1969 5072 11879 10849 8314 5016 18441 325 3836 9532 9252 %n5563 32
7766 9923 1211 3309 17400 1881 8338 4665 9775 4161 10103 17701 17237 12668 18286 10153 13514 15089 9639 1372 11299 6480 16188 7854 11321 11999 12416 15186 17673 10508 3980 5080 %n