296
229 145
23480 32416 3591 5643 21209 30962 22238 6810 17702 33155 21853 27244 40761 40355 10095 34432 24397 6017 34358 37763 33793 38042 5026 683 37154 34282 39533 7217 37108 19659 20332 8778 21024 14360 2176 15962 8350 17954 33933 29159 22017 40923 36259 37123 38688 2573 38541 34859 18368 35391 563 20280 29210 4976 22241 39375 32318 4449 21898 2723 19343 5933 24265 1750 13477 5534 994 17638 33065 133 2787 33587 36741 2017 6054 23530 35959 31462 2234 36294 5852 40902 2788 15191 26076 17486 9900 17529 13849 5067 25124 26956 2930 19242 11558 24533 30003 9454 35671 6916 35516 25472 36711 30012 35028 26797 33252 33403 12623 38017 17764 37047 21480 27808 1101 20234 19714 14597 14265 30536 29345 11052 22969 5506 10646 2510 27438 25288 10150 238 31963 33820 34171 7984 41250 23197 22140 3646 17934 8983 31125 13413 8631 757 41001 %n6888 30
37994 27981 20426 25280 33586 40412 5509 28441 27847 16388 32319 38405 17460 6405 18769 31717 20791 36485 15314 27006 25729 38639 27736 14068 8349 4866 41312 26402 37053 7901 %n697 31
40318 13483 3753 34440 22896 39208 24335 18287 33514 16873 14201 32725 10426 19696 4187 2048 29643 17178 8540 31814 28299 5167 31555 29180 4986 37562 28672 8071 13540 4980 13401 %n5514 31
33970 23684 16455 29507 13402 26765 27216 22783 21329 9736 36661 7495 1831 27283 23247 20216 11543 25225 37981 34219 18634 32457 28625 9116 13189 30230 24012 2305 18973 2769 10923 %n3808 30
15422 12643 20241 25027 18901 26853 3380 17375 38704 15051 37972 37584 5327 7634 27165 4615 31276 33059 17479 20571 33311 28143 19262 17675 4616 28696 32251 4605 37943 34832 %n868 31
3116 19287 4602 12131 5461 19634 17838 29822 18664 12001 30139 1073 34845 22791 35030 33389 29708 38015 34241 30212 3574 11776 11959 6001 1853 13436 12910 6213 9634 34936 30203 %n1908 31
5284 32711 20613 39070 8187 29145 92 23233 26994 8185 3464 29367 15874 19220 25145 34822 6618 32700 6501 9978 2798 39704 873 4923 17419 30830 2685 19022 5551 24635 22487 %n1674 31
33960 16983 32328 37075 3127 19793 32973 9397 25520 22748 10122 30220 28085 9565 6126 15110 40253 21648 24554 19460 41140 12358 6972 15890 40721 7516 8403 38355 2255 28355 2273 %n4892 31
31815 28478 2001 37275 28274 41040 13822 14365 31379 28817 14493 8547 2067 20037 17921 25303 14583 15158 28947 7749 14477 10096 7667 38905 4581 17773 6842 39527 7192 29584 8238 %n4989 31
31592 5094 35148 30996 5458 28753 21710 2201 36737 35248 39270 24246 30128 3357 12935 33521 38177 39942 5340 10823 7087 5343 3113 21925 24920 38203 13994 17453 867 33555 23991 %n5517 31
36394 13003 16320 14872 30265 16783 24881 23260 19583 25799 38943 24561 25803 33303 11164 13631 1474 959 14625 27110 29928 21897 4438 34307 40086 17398 6959 22149 17407 38276 18205 %n4703 31
1082 4815 19913 31805 25417 35401 10799 19629 29139 847 11713 6191 11301 40092 33512 14674 19961 19891 16125 4900 939 21317 5958 31959 20767 13334 25971 3003 27353 41299 26458 %n804 31
11708 2301 4978 8353 20915 28248 35014 34209 17329 12895 40765 32193 3105 9070 16008 38240 540 41347 8616 25220 32155 34230 30838 5930 24346 15437 2916 20574 503 39135 25858 %n371 29
25042 32102 18732 1744 17166 6911 38930 40453 34752 11610 9215 22079 27811 8147 2094 14339 37082 1264 40396 24368 26001 3083 36366 8041 2091 41071 32086 9262 20147 %n481 31
10049 13923 40089 3768 31688 31968 2961 1767 21844 2122 8000 9318 10695 32197 12033 16709 39661 27776 22698 27133 8700 28107 13756 26493 19081 12671 22652 12065 5019 31633 166 %n2836 31
29001 29803 15589 13100 22488 6342 16730 38274 14136 26747 35353 22223 30569 31830 31878 11352 34139 37427 25019 12770 10272 7846 1952 8735 21481 37364 9174 32965 16370 6610 39836 %n5842 30
8053 36584 17863 4482 16002 5991 9162 30250 1422 34940 27666 29880 30320 26075 16858 27923 32041 13275 26466 18722 27278 6088 23642 16257 35865 4514 478 34565 40821 5971 %n836 31
14819 26984 2816 38123 6943 7735 22641 2095 14315 39103 23027 3795 14794 30153 31510 29793 25431 19272 9661 29938 12829 7773 5364 32309 14920 10347 3603 6690 34248 37810 26867 %n6762 30
31227 21592 37406 9147 14060 6889 2878 19747 26194 5007 31116 36563 36583 21077 39819 31491 308 34715 1219 17458 27877 18681 22677 9263 37529 38678 8950 23946 30855 17296 %n3309 30
8927 17546 11600 26092 21954 23878 834 25840 39664 33824 6568 26160 41274 14057 7188 29015 19945 2406 17276 40641 33427 9617 34301 22009 25278 8729 14604 24531 29661 20367 %n2196 30
23852 6781 29756 31708 28977 27880 10952 8793 13033 25096 27720 2140 15477 5555 37396 13512 13076 24569 22729 38954 34833 31825 2523 35410 39639 576 31625 41162 16231 27966 %n3511 31
18662 18344 11706 18875 33216 28250 12367 36160 7978 40444 2848 27728 8598 28405 14937 7705 27625 11696 7892 31349 737 22764 3656 29932 26782 19777 33463 24842 24014 28723 33852 %n4508 31
35130 11982 34962 6949 38146 5960 28504 31293 5861 29082 16118 35960 1408 9722 27395 17196 26519 31415 19860 28234 20166 26606 14568 26787 24508 5308 14053 11618 31699 37629 1554 %n6501 30
11655 1362 474 4872 33488 3974 19425 18498 29481 37278 40878 32558 17571 17542 1484 20656 14129 35765 15347 39731 36438 4765 3717 25543 970 17039 25651 8228 6787 24447 %n2788 31
2154 31888 28800 39349 16377 4809 39406 2559 40730 4701 15089 16767 20738 33468 2448 11483 12161 29639 14151 35290 30644 32673 12544 28724 20577 16567 20207 39929 11905 12202 29113 %n3716 31
4519 23464 34255 35817 23945 14742 29998 27120 34116 35877 9755 9353 16854 28641 1489 25804 28395 32082 7496 20141 9685 19619 14610 5023 37671 5370 16221 16090 31750 15908 25429 %n2436 31
40596 10404 38594 32582 29608 12135 38382 27271 39490 30255 22285 21130 19837 38819 32175 15384 35259 13502 8788 23750 14860 9642 3687 26875 19995 31198 37121 12351 32131 40828 5701 %n4345 31
24802 21213 2842 38772 3654 14020 36074 17891 21974 39622 25978 6087 14946 18457 4671 2418 18489 28701 31801 23156 26342 28660 248 22757 22756 32132 29121 17484 34662 4532 25389 %n5739 31
4106 20923 7198 16411 40592 17535 33322 34200 3788 40097 31773 38608 14814 10334 32743 31048 13207 16975 6730 39859 38007 12650 32982 33924 9757 36513 4590 20266 12574 35302 18371 %n5046 31
9053 14611 19382 35351 36893 14395 16611 32609 21632 11539 11719 29388 15381 13121 34187 17314 9612 14309 32907 3504 17612 20794 18577 23498 4696 34469 25485 14797 40760 19779 10630 %n6673 30
12717 9650 30980 6056 21705 23742 36232 9285 22544 35043 20862 18614 31934 36831 27146 37950 35129 39326 9291 15285 22825 31051 384 1244 37863 28549 34908 16422 4778 40603 %n5934 30
11567 41344 29426 15865 16222 11018 11341 2452 33499 10602 25383 40770 31015 14682 23960 14418 41361 39950 3691 26184 11466 20507 18709 4344 14740 36544 6754 6480 2599 33100 %n2104 31
38342 7275 6728 3817 11983 12099 2506 31527 5263 4122 6790 1614 7343 27989 3030 29158 25956 27096 38841 35236 17569 23792 26310 10965 13447 28849 2524 25054 28617 18863 13025 %n2815 31
9460 37095 35990 40753 7127 7758 20747 31644 2553 3839 14979 4821 25562 24282 37315 14578 30568 19728 40403 6987 32415 690 7737 7051 1044 16819 40590 18240 18225 169 27635 %n4422 31
10412 33682 23959 32704 20696 37911 27455 2380 16440 2199 29961 33462 27542 3085 10775 41048 30815 25432 17064 12627 15274 41151 21965 1886 26286 383 25791 37626 5331 18500 25404 %n4992 30
39636 36925 23414 18334 23484 38506 40330 35864 8212 1677 4503 2985 17627 20485 19050 28590 40035 2937 35517 2177 3805 16689 31990 23493 6036 16686 6481 21665 40688 9684 %n4676 31
12374 13952 32117 16909 41027 26661 19964 11800 11169 41237 34588 18496 17181 17660 33910 12826 13377 27284 40932 4005 22715 12292 19248 422 7308 5760 29078 29439 41132 9529 10441 %n4682 31
13231 9502 7802 36984 30619 21270 31351 37221 14985 36219 9142 14285 360 12796 34567 18617 3942 16938 3166 14884 4250 17415 27939 12785 28201 27189 7619 19734 38253 36115 315 %n3063 31
14594 35837 21848 1735 2225 38853 36163 19200 32255 35085 16202 31264 40916 31705 34837 33833 5771 37135 25483 30318 33602 4075 9849 38265 22105 7683 37740 23298 23760 21872 26464 %n1192 31
36352 29564 24894 1278 13815 11378 25035 5932 14398 22250 34341 34400 4456 24530 1067 40673 27755 34776 35036 14823 36001 19260 21933 13374 5946 34782 21784 17947 33606 5195 20040 %n821 29
30283 9748 8754 40014 36876 11875 1521 18647 27680 27251 12472 21708 153 12684 34101 1654 15987 25325 37138 19447 13245 20017 30473 38272 30215 18124 18450 28873 145 %n3106 31
27051 17437 7600 7869 25379 33395 15511 21061 10848 797 40943 22075 18538 40988 2389 27018 19012 3548 35038 37468 22589 10571 41078 56 33624 18573 32519 16267 5767 24822 8535 %n1912 30
29721 28158 26844 4285 14517 9943 14028 21571 32662 38589 30134 4656 20449 18270 24408 24378 10826 36085 20710 12792 38811 15565 4535 33453 4102 7552 19301 8747 9668 34367 %n6814 29
33334 9585 21435 14260 31540 4952 30087 38796 8707 22005 31388 27990 12238 22883 6458 36388 991 23966 25402 37527 24566 39318 21058 22325 11315 6002 24413 41279 29966 %n1567 31
20646 37642 4540 22985 13985 13393 34244 37410 12497 29659 30453 29008 22150 32919 1695 35947 19444 30582 6186 7690 20036 22948 12860 13942 1530 6548 19176 21378 3514 19841 18809 %n2125 29
17706 12720 19231 295 15322 21208 20205 22051 28254 1161 19395 9425 33124 28407 22780 6642 11952 21704 5223 23994 4668 3290 18063 4128 13683 27263 40381 38642 35866 %n2143 31
18219 4992 15944 7742 29686 34411 13533 12808 26806 28841 4637 13120 7656 14789 21165 9948 23936 30008 17032 30051 12121 7885 28946 192 10464 9539 32675 35589 111 25207 3640 %n3409 31
10369 16383 38097 32044 27239 29809 25251 24971 19792 27546 21972 7913 6786 3122 26295 402 3298 36370 37516 23950 8447 34297 24590 1954 23091 8194 41280 17629 832 6389 11594 %n2777 30
4110 27470 751 39508 21970 8843 5959 22973 18668 38440 24492 2049 29830 12449 11783 40811 35323 3216 38469 37651 39112 27853 35580 37700 25524 9297 37465 34005 11313 32780 %n3199 30
5845 19560 13336 17323 39738 26455 5438 20055 18292 40383 25720 36425 15220 28709 21617 7720 18120 27690 4959 735 12432 8596 3446 35109 31797 36013 37288 41147 36437 22166 %n3305 30
22658 11938 37609 17781 13020 1374 36600 33617 34997 20398 3081 9732 19371 16612 25587 14300 19539 1832 20484 38548 1483 216 7405 22313 22519 19377 34233 27221 2691 34891 %n1055 31
4706 38580 40175 7169 32779 11955 24189 13765 36463 31395 11207 28960 38390 36128 38508 28994 35906 37913 39069 3240 36006 19162 16744 22354 17451 13188 28806 19147 37944 4688 12520 %n2129 31
39404 28611 15366 28721 4297 6808 32054 25686 22300 20776 34928 39963 13293 2594 21196 38687 157 30913 1254 9670 10356 11191 10651 22256 8555 5053 1062 25767 15588 28716 31883 %n937 30
232 25369 33540 32585 35980 37659 28182 18367 4032 16360 23830 27092 31742 27775 33037 39889 27494 29170 6360 4653 31249 6899 19943 32924 34175 32990 2410 37136 7486 12196 %n6064 30
21988 29605 34950 3381 30697 34850 31086 33988 14018 15619 1840 22575 18976 21764 3282 29061 9376 24875 16247 3060 9298 23671 23842 4756 40408 17589 12590 14044 18197 7142 %n1984 31
33509 17669 9646 3041 12389 10456 27118 16172 33047 17804 35908 40293 25106 3361 14739 7216 5732 40480 3167 28243 37560 37224 1080 23558 16178 32983 5244 28587 16957 14010 2082 %n1047 30
2415 25997 15617 20337 401 4037 4939 5054 34484 29057 21264 5676 18716 17028 14268 38556 32569 3329 9183 23605 13462 24670 33551 32825 2633 9777 27312 35966 24840 19458 %n5704 28
13817 39536 41351 9569 17083 3324 13660 10446 23216 31497 13594 8283 2068 40734 7199 33323 37182 30646 10159 40526 15214 22551 40472 21371 10346 18212 15233 38325 %n1859 31
21948 34141 21888 4736 4909 17574 20858 21522 27362 40967 28574 29277 5090 5783 40662 10134 18131 16196 34451 36789 28454 16379 40124 34903 35058 35238 13353 21978 32915 2716 6375 %n592 31
17264 13496 30574 32057 34119 36985 3614 8100 33472 3055 1388 395 37676 24076 17713 620 17560 37448 29728 24420 28093 11142 25137 39728 3525 21229 2412 13841 11970 20433 11898 %n938 30
9098 28290 13653 26122 11666 15559 1882 7334 11157 15479 28633 7248 14981 41205 14204 5001 16913 34974 9764 38618 10425 25678 13468 20267 41050 31616 26365 36268 30912 38957 %n4014 29
25564 25440 31066 27645 21164 41384 8358 31634 15430 11765 22402 28097 5752 28174 30490 8550 15178 40774 22011 6176 28004 8549 23869 11479 28809 1666 37809 40564 37816 %n454 30
21852 13854 12575 32028 28178 34614 6323 15062 7236 27920 1663 38129 37733 14880 11819 6308 2112 82 9993 8543 35735 21871 44 7055 6420 28412 18451 4559 17866 17789 %n1020 31
22016 32001 32423 32910 41381 28428 32642 22720 28390 5462 30109 7312 17330 29863 30197 36019 3482 28540 12797 33021 27668 23194 39161 40420 7310 27785 8605 2516 23985 2531 27692 %n4183 31
24766 2705 37120 22889 37041 7666 22509 16604 23649 28751 27106 31710 32030 34259 12215 11527 39842 5536 4997 10448 31163 6704 7646 38055 40825 33733 18733 6473 11086 16979 8277 %n1398 31
34905 12325 26925 23521 1770 10780 35631 9045 5947 15573 37988 9292 8924 7942 9749 37542 13458 27124 14419 29146 29930 22425 9862 27471 32580 36141 24029 3459 32188 11607 9871 %n2781 30
37836 38992 33756 31170 34667 18761 12197 37703 33536 4362 828 30939 31187 26019 7271 15243 40301 23118 9726 27707 5147 32196 16517 40803 15716 13601 24687 2065 15 27321 %n243 30
13306 29309 10690 23532 38200 7550 39832 13872 22480 7525 18300 8252 1693 38498 4040 25944 11442 39486 18256 24451 19824 15679 29664 19360 10503 21681 26520 18218 33897 34130 %n652 28
3810 13156 28258 19486 5502 30059 2398 12942 13887 27127 35783 28272 25859 12771 11582 31631 9069 3855 10990 30293 21182 3715 37666 23100 12048 22907 483 31784 %n6312 29
2596 20762 37355 33822 2117 4312 34694 6563 25899 3944 19509 901 39850 4606 1499 30083 26553 345 33125 7652 36100 38319 38595 14296 27482 27948 28039 36706 8287 %n1257 31
3593 37601 24809 7028 7273 20629 33899 4995 1429 15611 32470 15557 38098 10559 10170 9744 18666 18571 27337 35651 18934 23688 11333 31073 6680 18531 41369 32785 4713 29485 29973 %n3077 30
39762 36731 154 10679 18353 1156 15321 6544 32330 13789 5936 9647 31382 31133 26645 37961 13375 4861 37874 38163 27852 10032 31010 21600 122 41150 26218 14050 35646 12703 %n1816 31
20131 35455 38134 27340 5414 17199 20675 26263 11149 5124 17872 28009 21836 33656 30129 26294 17602 6669 7820 38633 26429 33366 37414 20340 32406 39805 22266 41247 28047 35045 34260 %n6099 30
34296 23088 15742 17342 24758 9497 7042 24907 32263 37174 38840 36302 13169 14167 6401 12216 31036 29271 2815 39014 25470 7611 8163 7130 18192 27800 4789 35901 22182 33517 %n1956 30
25382 28824 9077 16012 4260 10137 24316 36945 14012 19030 31854 630 34551 40900 4019 868 7345 10620 19512 14329 25606 6747 34472 33601 19271 13063 28543 26548 12076 8020 %n931 30
14753 15888 34309 5516 36743 20877 8335 7462 39184 13349 27752 13 19667 9188 34820 33942 19529 14476 37639 125 22843 40311 4943 26436 18927 33024 32269 32766 26105 38520 %n1704 29
2772 1461 35126 13672 16942 6223 15513 3738 4707 21794 9443 7149 18943 3119 31595 31503 2975 25306 29916 23054 29220 21857 15257 32814 10195 7513 23428 19300 2322 %n3263 30
35543 27909 10976 4722 12294 10891 23673 28639 4416 23166 2364 5682 9949 28046 25409 18946 35451 26597 16794 96 18321 7795 35868 38035 30737 32118 27562 23377 13509 23636 %n227 29
1955 5248 41106 439 9019 33254 2 38573 12595 7468 33687 17338 37329 28421 33039 8771 16007 7299 25123 4644 19735 5282 40896 15537 18107 24673 1616 14544 32315 %n4820 30
30797 18844 5850 37616 5886 17868 30526 7810 32846 11801 34584 14895 13288 8816 27059 241 32709 30447 24580 39301 23400 19139 6108 8761 5707 38088 22902 11802 24267 35719 %n2907 29
36107 3501 41289 7104 30983 9311 11124 34316 16555 3202 25299 16473 35136 30237 16108 8255 9268 37282 33804 16477 26091 36392 6891 9242 26745 32035 40873 23728 14680 %n4839 31
24098 15922 35504 12395 30893 6513 25976 34021 7078 38034 25631 39435 1910 4862 13604 8011 8718 33236 28307 9675 16273 36237 36383 29 3068 5817 2829 23169 30223 36535 32446 %n2487 30
38391 15862 26988 30414 33305 15173 30870 30116 18408 39705 39657 23785 18878 39866 3384 18969 2371 21800 14232 10700 41348 25805 21138 10859 36529 39564 21107 11360 22966 36494 %n3689 31
11735 32510 15027 21626 5336 25585 10168 7458 13075 36832 30253 37530 1455 20842 8081 9303 28387 21460 32115 28463 35105 21923 31300 14671 4343 33570 22661 7590 7686 7316 36225 %n6724 30
11344 5972 9598 22007 41021 20480 27445 18232 6352 22289 40720 30270 16463 17297 40907 16681 5769 32870 14071 2007 37503 36076 12809 7657 27563 33848 33647 16943 29525 27918 %n3881 31
11901 37397 20649 34502 20779 13328 16962 15098 30694 10401 10556 23802 24490 29754 14082 1606 10811 15850 8693 31488 7478 22014 23320 26638 10755 11694 4298 45 4596 29004 17175 %n0 29
6466 39627 2519 34076 30329 27814 38317 8254 760 10611 21259 39400 21337 35141 13089 1008 16550 38672 13162 6722 23676 34646 35953 22144 23401 21763 36265 25739 32366 %n1889 30
4421 27745 9562 5088 17676 5482 4523 37976 20836 12380 15210 37776 10155 33405 14923 15337 35289 3868 24763 23102 1373 12127 10465 37130 38036 23579 12447 14194 41267 21459 %n268 28
11289 12470 35205 27528 38519 2336 22092 38910 7726 27787 41058 9133 8033 14654 23778 20051 9488 30050 18460 14620 5118 37433 18435 34538 17254 28915 29019 2009 %n4879 30
3136 5517 36886 37977 25433 35240 22891 7707 28775 4781 18735 635 14113 31891 24277 32252 6280 11144 7858 34609 36333 29676 33377 20536 33352 9981 3181 322 18385 41028 %n6815 28
34678 14486 27313 2675 28382 40547 9490 16928 12362 24839 30046 6779 26138 39594 3861 19976 35750 17848 23097 35138 15736 31329 3807 23302 51 4101 3253 27295 %n5952 29
3703 17427 19717 34281 25240 414 15301 28704 6452 32072 27237 12619 15672 21902 7547 7488 17526 40294 5431 13140 39062 21035 39382 11181 9421 33173 31205 11736 18574 %n4053 31
12087 10851 38877 40290 21909 32794 36241 5 5608 20660 33245 37003 34770 37693 33278 11896 39878 5192 13947 30119 40670 33843 26681 20908 18543 15200 40132 15408 115 17599 29447 %n5033 29
30781 29841 12582 3638 40378 7448 7159 21366 10463 36749 38020 34817 34088 15406 21161 8016 5430 11612 141 15918 29171 29884 23276 40413 7762 30987 5518 35894 14974 %n3407 29
13823 13366 9278 38447 1737 12200 13407 38077 40069 4186 13327 7013 11298 14435 26685 22478 38665 4699 28232 18167 40373 23892 12727 726 8650 25203 22647 19101 5746 %n31 31
2938 12841 4828 29380 34463 38266 30211 37432 11075 35025 712 11747 12761 36714 21204 16310 36622 33627 25012 7867 3808 3772 31419 27464 25210 39547 5266 11325 28226 41143 18174 %n2115 30
6569 31175 9561 18274 1350 17011 33959 31071 17808 27576 18128 26328 35263 39989 24280 31058 8745 38821 27357 5288 39348 30703 2495 36586 11362 8285 38179 38925 15693 32002 %n2217 28
4437 34135 39203 31899 10918 18989 19906 833 34920 34448 24896 22830 34530 7929 30974 24343 26198 27961 11347 8278 8144 8404 15360 37819 10428 16261 40704 164 %n2044 30
21720 2965 31798 36803 5609 36376 40949 14519 11036 14605 34693 23279 28219 35527 16432 34534 15901 10048 10659 550 36942 28055 36202 31525 10312 25307 3922 23425 990 15871 %n5446 30
31672 26069 25113 31512 35684 6424 914 24128 34371 13787 35282 684 15356 15391 35708 11625 16424 13061 18551 9279 8532 20764 7039 29349 38607 22467 29068 5189 38420 26150 %n1601 31
15355 3932 3729 12189 10338 15091 32841 18111 17210 6152 29341 20027 11784 15818 28152 24274 30357 7256 11102 766 20224 28835 32640 1025 37798 27906 29032 4077 34993 39418 33806 %n1104 30
36827 17513 39333 4268 5413 20530 9224 6860 4188 9558 19225 5842 30513 29161 29619 3393 30926 17904 31247 9956 14925 29198 17336 16948 23897 33074 4814 36525 38650 5699 %n4151 29
5773 24194 7861 7414 28991 36539 36028 29448 3004 29903 30380 33014 35322 27988 20768 15092 5408 28767 20500 41134 14735 6227 26962 16828 16211 10985 23847 33204 12629 %n6216 30
20328 16505 29745 16217 18977 31467 36 5867 34705 18436 22515 6881 26601 14818 33306 19558 5348 19794 4455 33686 2116 9504 37328 34933 26911 16785 14913 165 40826 694 %n6525 30
30336 35539 13773 9869 2861 6014 4271 35101 8675 6998 31868 10004 3162 20894 32170 40134 31683 15415 30586 22994 1382 33557 6455 16138 3975 18162 21808 39442 21067 4123 %n2483 31
896 25247 15453 26453 23313 37444 3834 31398 38979 20902 15386 22737 570 17616 38785 15100 8485 9582 26858 36666 5231 6721 19173 24948 14402 36500 29758 24179 13199 10329 34558 %n2622 29
20549 5512 27407 29420 31539 11451 32336 3736 40401 34783 7206 24730 35066 16705 10116 27034 2312 3925 13244 37663 35769 16253 6055 35696 12555 25532 17748 34579 12716 %n877 29
37124 10608 2541 27458 1527 20944 39920 11293 38601 34495 40082 26594 15960 2026 29761 4467 31734 20097 28484 4639 894 25057 33938 35929 34755 24471 29465 32404 27329 %n5069 29
25614 16219 36080 17069 15486 26108 15954 21419 39700 590 14152 20645 38322 31090 38096 40802 9657 1142 34861 20995 1151 28645 21560 17728 30966 2532 1458 22270 33055 %n1666 31
8017 6394 37265 15293 32253 31746 19449 4030 21347 13081 38221 1457 12528 5884 12976 3854 10065 32618 13246 25848 26102 19606 1797 41144 7242 16471 21982 6200 8377 9442 41033 %n902 29
15603 32683 15043 30620 13681 39912 15957 11067 30339 708 257 22461 30303 18364 30361 30754 10959 4330 37528 38975 10888 24462 35510 37019 39777 312 41136 352 29726 %n799 30
16374 39445 7889 334 33325 16476 24967 5360 119 23066 11893 28351 32741 16606 38147 13026 23505 22608 6140 4641 34134 19679 800 32516 3312 1694 1175 20591 28938 17126 %n5967 27
5690 8274 22294 615 17294 30922 33198 3851 36114 39905 6340 30698 35233 38985 32486 29289 7440 17913 37144 28335 10580 34843 9448 26231 29911 12882 13064 %n5572 29
23651 13904 37245 18356 28477 9785 32067 1010 11942 37012 38297 39919 39615 12145 35317 36140 20789 27653 18672 30585 25579 40007 13234 19057 20783 10084 11031 36570 34831 %n236 29
5005 22585 16874 4062 30988 36864 7772 39690 35334 11016 8209 9234 37365 25667 35062 26349 25076 9995 33314 8628 40851 26660 27091 9228 28752 5004 31327 40449 21072 %n5305 30
15013 31875 34300 28826 34527 30018 20070 12598 27202 3677 22342 13714 23168 5576 36751 14234 15352 36045 38121 39539 18202 6661 9034 33799 587 31172 6160 1825 34073 38164 %n571 30
1520 15282 41331 28060 20725 40909 19015 39370 19372 16283 37035 20969 10422 40211 2367 26213 13479 1854 1717 10156 12758 37032 35184 40894 1072 33105 40835 6910 21361 31318 %n4605 30
34696 17972 11304 27414 16548 16970 3758 2143 6556 18431 35882 12103 18410 38885 13928 10701 25721 30219 859 36955 16576 6567 2054 3485 956 17724 35230 22119 13626 10717 %n5888 29
4518 6154 4927 3427 26721 17007 37788 11140 24998 34917 41324 16500 18432 4370 12963 20050 21321 41186 7281 14579 31653 9920 37100 5485 16868 19352 19868 27817 38241 %n6495 29
11076 13163 4837 30106 4638 7719 15219 15512 34173 19802 31022 40683 7403 25665 16061 14836 26226 6006 17079 40786 39659 24269 7349 25565 32316 24064 5880 24950 35174 %n3499 30
21732 24132 10053 1304 6165 29302 27662 31024 13141 6164 9997 18792 30982 199 703 20852 7341 23895 18054 19941 37872 37306 10545 35611 18821 15183 22061 32855 24506 22817 %n3582 31
27291 40323 23029 24003 26482 35115 37363 3069 16244 35850 8303 17279 25092 24876 949 10255 2437 4942 36242 36356 31694 7511 31325 19729 14022 19479 17918 33998 10916 23981 11127 %n96 28
3727 16200 5242 15275 33800 39612 25802 29696 21438 4469 22988 25283 1834 26916 24124 35951 4948 13138 6557 16215 22041 16343 18375 32833 28575 3822 53 37547 %n3624 28
25130 20616 25017 28265 4468 6169 38344 27872 36091 17418 30986 34645 172 23624 21457 6670 32439 22224 24304 26731 4790 23460 1622 28579 32587 12857 17986 25685 %n3064 29
12047 34510 18032 29586 31913 26964 10273 6546 21021 32332 39199 18613 4537 29164 23240 11415 15075 15363 31695 25075 33750 783 17886 25756 13136 37070 19406 37855 19890 %n5576 31
34965 6110 121 38875 38216 26394 26396 13277 32025 29376 20362 15833 26362 26003 23638 11374 40043 40831 34687 39544 20907 17798 34196 753 22190 5811 36838 1570 37496 23286 23983 %n5612 29
26318 8542 39092 35017 28868 36304 12810 22987 36687 30256 20989 920 26372 40694 38441 30021 3516 7482 6560 39523 23222 18541 26785 40745 29738 41393 19266 10210 33698 %n1078 29
31663 4308 16093 26940 11395 38136 11279 25669 10132 2613 38558 28886 36416 32206 8635 30503 25097 4202 40279 3746 34561 15550 34652 25947 36759 39873 27964 20705 16226 %n55 29
33163 40357 11810 10562 9207 13260 34143 113 18459 19123 3102 21059 26556 24560 9175 4888 27560 33434 19677 30479 397 4224 13346 3681 40122 18277 18495 27204 7521 %n1300 30
37112 10083 7651 21707 39663 11635 24862 35375 32969 27903 19323 21437 41012 2373 31531 1313 38936 20552 15789 17927 3890 32730 1610 25603 41097 24761 23136 11634 40849 11089 %n6291 29
30632 7315 3140 9784 13445 26817 37417 27674 16091 4352 17648 25857 23139 36063 19355 11277 12370 38370 33891 31069 1017 6576 3415 11034 18782 15048 19791 24622 33640 %n4617 29
18213 23635 16171 34773 5096 12681 19770 23929 26472 3957 2911 35016 31313 23780 38750 1903 980 33855 7166 36755 33905 10457 1042 18308 24440 15303 7020 25924 6460 %n134 30
32449 2804 3176 1247 34348 3905 27254 9348 16311 40038 1800 27613 37086 24353 8839 12973 25039 11365 28702 32972 25664 20427 15230 16630 8576 24357 16537 203 6468 3453 %n5783 30
13752 2118 4418 14619 6386 987 31502 41261 31465 23441 40146 7123 17008 35592 20090 38448 309 7748 31080 18008 39994 4173 30570 4658 18957 23727 29106 11292 15822 3956 %n881 27
8452 31714 15294 19280 20059 20760 40380 18799 7819 38521 14437 15699 30493 28650 27995 32987 21049 31368 22229 23198 15436 6571 5202 9321 38424 3924 11806 %n4166 31
24429 4080 35265 28294 7793 28116 7591 5891 7125 4215 12705 2096 32974 3698 11605 14009 27211 32815 3773 38754 16935 1907 36774 24724 36839 9248 14869 17322 6755 22031 11840 %n4574 29
12606 35564 21118 19984 10111 24295 21128 14298 16810 16684 18767 328 36334 33516 36701 20983 15350 18986 26469 23737 1392 38009 1223 36924 38260 9424 26588 3262 7587 %n1247 28
39751 7564 1030 28125 5539 10747 26774 16030 7515 15927 20822 20072 28706 27772 23639 17364 25895 24153 3827 7120 38130 8190 5429 21256 271 37466 1941 31091 %n6626 29
35778 1768 32356 27973 39226 3748 34754 24627 39185 15925 17839 18100 16400 39412 19656 32739 29853 26748 36917 28565 25473 20067 40567 36616 14385 20531 31966 18147 1405 %n1699 28
25845 4806 22654 20007 40785 15002 25390 30867 7369 21022 36868 38714 38808 4973 39044 21552 11166 28743 38363 40836 5963 9803 36923 40918 25919 8765 12241 3285 %n4930 29
26586 21436 38157 38030 15555 39980 19255 21044 23839 6338 35266 14672 586 33563 2296 37316 18380 6148 9084 30668 8490 19131 20998 22991 27803 40284 35986 16802 23705 %n6089 28
6575 1232 20514 35963 13201 28523 6135 693 30210 10410 17554 22775 22550 22319 18464 11987 36508 10624 30150 17396 22340 25643 6924 29378 38141 16965 36308 2362 %n1918 28
26021 23885 15349 2381 11212 36621 9621 10497 11964 17035 12052 34758 36788 35256 35177 28516 21393 25370 25495 25908 24545 41026 15421 28020 16884 1366 40258 11262 %n5238 30
2761 12955 4309 18806 39694 17420 21862 15671 37723 24381 9835 29428 12707 25884 5218 17742 19974 21053 36999 24511 30 23048 40528 353 15945 17517 10627 1895 10505 30935 %n952 31
9388 2977 9921 1935 33187 24136 4968 37518 10398 31635 12919 13239 6622 24612 35582 39931 10391 41192 4582 10165 25033 17022 36656 19797 28210 38418 21467 22033 38669 817 17231 %n2896 28
15999 28550 23253 34529 13619 1920 21074 11758 28855 14897 10805 15583 40850 36358 21090 38590 35841 35809 12674 38692 23942 29009 12570 34445 38112 22121 24804 20233 %n2702 30
31520 11470 25838 32169 6397 3518 28889 7529 9856 5589 31257 7494 34096 26323 22528 22668 26480 34515 25385 31312 24145 592 18168 40872 25365 30618 20149 27498 28789 24065 %n4155 28
24563 24813 12466 28132 558 27885 23627 23828 227 8318 22401 3811 25231 5072 26831 37866 40429 23218 5372 21278 7294 6004 39290 39080 5554 39427 23251 32289 %n1326 29
40626 37446 21608 1351 41252 35222 16363 37132 28665 26437 8503 31298 39256 28779 31258 25541 21396 4520 4182 33205 34975 39779 6888 25317 23052 1168 22343 21339 35525 %n5875 26
12174 6059 19190 15264 16895 21709 3508 16119 29157 37990 28241 731 29336 37024 38783 21336 20026 37209 37618 6494 33134 2424 27551 7998 26499 21319 %n6353 30
2891 12745 19889 13713 741 26649 12927 25487 38231 27210 19423 14894 40394 11741 25711 23976 19399 38302 38873 37055 13584 9035 20769 38637 21868 15258 37013 338 9653 16731 %n3570 29
2491 6674 34061 25270 18358 8405 29358 40630 977 9344 32033 13656 32061 8015 19946 21929 801 4023 14876 21146 11822 26560 13418 15022 23438 34626 15020 2797 41109 %n4795 27
28795 33773 13493 11986 4964 12648 28679 11203 15491 8889 24398 36034 23564 27231 28814 7290 17697 30006 7154 7202 35364 20091 12045 11165 21363 11557 28900 %n1810 29
7517 33085 24140 34666 29266 34635 798 28583 14574 454 21421 18637 17235 38139 12889 34615 32441 4679 28036 2387 22225 41118 5624 7134 6671 5296 36796 28028 28304 %n4535 29
5498 33689 20539 26946 21156 17671 18542 1873 19265 33174 31882 14822 40801 4083 1933 10358 15373 32150 11363 24257 19159 12628 13321 3063 16840 2712 14468 36816 527 %n367 28
9772 20169 17042 37965 39521 11930 26655 32066 35294 11697 18603 24075 2707 28642 37191 11854 38803 9301 38078 21468 11367 41325 24133 7362 6306 1310 22038 8219 %n6846 30
2417 19113 13791 39684 33840 12079 30319 4987 6132 6211 11154 7088 25890 36609 14374 7022 13137 12794 29640 35255 20704 30628 35024 26670 2258 7890 15338 25932 29476 1354 %n6609 30
2521 1143 24454 12262 5749 28585 1132 12129 7963 14186 16755 18393 23512 10953 11384 1417 28308 4360 24741 6003 23781 10912 691 12282 31016 16026 22832 19014 38709 1235 %n4247 30
18816 35096 5127 19035 9074 9903 29902 28255 34847 11300 41005 29837 5292 22403 23426 29070 6151 12693 18926 38249 19353 21906 15995 31256 22547 35904 20620 25573 10561 37460 %n73 30
35885 31627 1195 18043 17408 2795 21922 32544 3013 29526 37122 10784 1710 4800 35361 8594 5513 33136 16431 6744 3025 33511 19009 37283 1473 20282 2592 24178 22877 39430 %n3907 30
22751 36582 7607 16985 11700 11588 36652 18631 31727 39457 18550 25153 20444 23010 19170 168 40286 22956 35767 12645 12136 39104 32460 37499 18765 11254 13065 7424 28944 17976 %n4752 29
18142 23993 40746 16735 22482 8553 4283 37589 26432 7394 35034 30558 31556 11562 20290 34594 19852 12123 12700 7005 35608 21274 30421 35072 33746 1655 29813 23478 36940 %n6472 28
34319 22637 24574 11678 5836 37356 21641 3978 21121 7831 34514 5034 28383 7708 33459 14261 7295 29724 16727 28576 36519 32357 1794 24889 1821 291 41272 1356 %n404 28
17770 19962 1160 24743 21449 3901 18084 27401 27027 21116 11050 19821 37080 36414 25367 12270 7124 25771 5717 17103 6251 21771 38731 38775 20526 29182 9379 30745 %n3874 27
26161 15207 40252 31756 39224 8706 24731 26887 19130 33348 23578 32957 27126 40865 16815 32442 30387 9099 19311 36914 21235 21057 39334 29310 39971 8511 25957 %n6038 30
19468 34518 491 35745 34378 16070 453 15667 30941 32144 2180 28155 25954 27908 22743 35613 36739 17854 32594 22906 2283 27387 13208 24970 13685 29571 3507 5042 11862 15872 %n993 31
11434 32317 38780 33340 39240 5848 31183 35219 13806 31444 26039 28459 3647 5439 529 4382 12543 38371 34924 17341 39336 33353 22142 16737 28658 39200 26671 30434 12471 13741 29814 %n1061 30
30172 23854 2214 7214 394 24689 29949 17938 12204 31045 38394 7393 10281 27069 39118 20520 11455 37531 30101 19230 15440 4262 23730 17734 14901 32214 15821 31794 16982 40269 %n4201 30
19303 13236 1012 22111 1994 29559 31127 18244 14670 7333 29486 28623 1027 17246 23283 34489 30696 25174 16761 12952 2693 19826 20979 4327 518 41114 16375 29642 29537 18404 %n3341 30
27611 28066 30733 13168 17652 1923 5997 28185 27311 14494 9603 31400 38372 26886 16230 36802 39712 8167 23261 8476 22694 29324 14340 30767 23172 13549 5937 19251 33666 15602 %n2355 28
22768 5131 4903 27825 16122 6318 36111 15451 34816 18049 30378 13808 26866 32341 8680 8603 28525 29906 22557 31042 25338 37007 29653 35166 32331 39122 37569 8106 %n5905 27
21535 7175 1389 17274 3554 37435 16110 15920 34344 493 3903 18881 8111 38064 25655 38507 37622 35285 14181 347 18619 6310 10540 36517 788 37541 2983 %n5083 31
3760 11611 8593 20309 22429 545 21502 19019 15652 8759 4897 1163 33388 30739 13598 25948 24522 35021 32989 18876 30524 2366 30954 1932 33192 1213 15034 4286 29430 31241 18763 %n139 29
41390 4768 36972 33080 28108 31857 19358 33494 3793 23881 18112 8150 1239 26760 22282 3418 33578 38845 670 27253 22984 31279 21311 31601 8964 41382 12578 31701 2119 %n2092 29
2470 6692 37649 31487 40623 38115 20099 27304 30372 15266 25945 28341 20968 36541 26819 34060 8148 1866 9265 23923 19662 2405 38095 6616 1274 36296 12601 6185 9729 %n1615 27
20472 3033 862 26285 2551 8398 39565 8901 31009 1191 18366 13001 3121 25430 27744 28350 9589 26631 23538 11541 28557 32089 21518 34375 23176 17447 25107 %n3408 29
29270 20248 10496 12545 10091 30441 16601 10461 6249 36030 1656 18572 34455 34898 10196 18037 27168 30160 7081 9002 569 12482 3149 11228 2666 2232 4994 25403 28360 %n3387 27
39202 19882 14586 38962 39515 7821 28095 17261 10325 15851 40684 39480 35347 2478 4499 13258 1318 28179 16720 16266 30036 8933 12541 36086 5262 27863 22840 %n4003 28
38978 38396 19902 23928 36720 16944 13999 32278 25764 31120 19731 17751 10103 20434 11954 41244 38503 35244 23533 21603 7562 18805 14651 9544 36223 11291 8857 20886 %n570 28
22881 10208 15147 21050 21670 24419 25953 32239 25830 25855 17649 22112 13060 6220 16458 1018 16634 21354 12573 1412 10430 7625 36033 41075 7420 33214 14989 16756 %n5929 29
39798 31472 14483 36040 8851 36705 12698 17567 25260 8049 36625 10733 35303 37276 30720 2832 37573 30227 3296 27281 39288 7682 40221 27898 6217 7641 29373 18079 10110 %n3764 30
16052 40974 35562 4035 28408 8478 8156 27038 16723 32895 33411 5197 10307 27136 6905 11280 11454 24707 5735 30181 316 31061 13130 27871 19990 10495 20594 40605 26351 25870 %n5586 30
29985 12537 38045 29239 31088 30442 12082 3849 37774 11621 21258 30827 22725 17347 5059 4715 8879 3840 18223 38718 24812 17390 28620 32576 40570 19610 15118 19090 910 6296 %n912 28
3665 40806 27642 15837 31226 21556 7853 23034 3 16216 2414 23103 4444 39180 28570 1738 37210 18861 39882 25662 7388 31179 8957 26054 22502 17623 15155 24306 %n1456 30
9511 12298 7221 24387 39410 14811 39051 40083 10198 25744 30346 32765 18652 28739 36596 13313 19925 26609 3185 27219 4865 10125 5066 19939 12997 30777 22027 25136 21692 39614 %n285 28
15621 34616 12407 38080 10818 31295 19544 34805 41051 36375 27891 37888 37428 9648 12184 11281 29579 32921 16804 1463 5328 32106 25962 15568 2542 3005 35427 30236 %n2297 30
28325 2284 19403 7755 27205 37632 18981 36113 23303 37302 33016 29111 36075 10301 14342 27373 14530 36950 10973 35570 1153 273 30556 31288 40854 29050 38564 34722 29087 32348 %n1489 30
17825 41223 13536 3460 21515 25373 40953 21805 25921 36061 33937 5563 11797 17598 41041 3436 727 29126 18466 8473 21135 15750 32307 33622 33149 13400 1559 40128 16189 29983 %n6340 27
36203 26486 10078 23871 36538 31729 38646 39954 41193 3951 4081 27209 2004 24837 30841 19007 34274 9107 23348 20619 30806 7467 23312 6948 38433 38784 10641 %n980 31
10375 32588 24480 1877 9782 28616 17564 64 7952 22678 38408 8847 27307 14005 15838 34895 19538 32429 26792 10011 16835 32539 27837 10902 29144 8903 36989 20211 19966 10633 9251 %n6421 30
12929 4226 4294 35851 26890 5074 23592 6081 16073 14316 21353 22126 20891 12641 34700 25163 12258 30871 30439 34025 8042 29996 40549 32538 39840 692 24671 28357 28554 32902 %n4761 30
15637 11110 542 1051 842 6453 14270 16998 25310 38367 18402 6599 246 11170 26698 35042 17106 27779 11 37000 8114 22310 38770 14444 39153 38174 6593 6598 33036 9789 %n3833 28
17047 2459 884 40484 40575 27549 31611 22346 40462 31196 9331 5115 830 31100 22868 29798 33575 25261 23563 17966 14627 29093 26779 3153 10087 40977 32502 17575 %n1491 30
2197 32773 14595 37376 11433 20570 8348 16992 7811 22001 17111 20593 22086 2460 3862 39649 22674 1553 16306 22599 29127 16701 2574 9231 15807 25327 31280 421 29622 5087 %n4039 30
37951 22722 37985 6166 30937 2462 40100 6797 26591 23593 6367 22600 40195 1444 11072 25584 22758 10827 3075 37991 10724 24072 8713 39179 29190 8385 11593 21987 1686 19052 %n1418 28
123 16814 22072 5492 41095 19066 8515 35660 31928 10007 2439 38183 1996 12972 24334 40671 39741 14172 13836 20389 13241 10076 2106 40379 30881 8043 26183 33213 %n4056 28
4794 12422 2244 5409 16197 41072 4470 21938 850 20525 20383 22996 14509 35425 40051 8756 19655 1125 6359 4377 25228 22143 27604 23015 8684 19129 17636 23582 %n301 28
33067 33440 13840 24947 1959 25617 11672 33963 30866 14751 7186 4840 39088 24315 13986 16608 38744 31758 30654 34742 34738 6588 22195 38851 34897 14936 34990 29968 %n384 29
24045 21558 28626 5071 41297 5302 20102 12971 28227 4627 34943 34651 25086 17191 31477 37480 13876 21056 40142 11066 34280 6649 18912 16319 9325 29549 18998 7490 9865 %n2019 29
37318 8504 30544 38732 4232 33692 37768 11024 22066 20720 12624 40325 11654 38881 10714 10746 4397 25041 15390 4783 17942 34679 38250 34982 33458 28121 13903 40452 7578 %n6192 27
26995 41254 13095 17911 40964 27270 12248 9767 3589 34545 10166 917 8035 21166 3268 38291 40800 33226 29466 31075 21402 30266 33962 33496 40327 20876 14379 %n5421 29
12733 10510 11290 6431 9813 313 28520 6299 21814 8946 32094 2433 23513 33590 24439 30909 4685 39363 485 34342 34357 23008 19217 651 39467 3716 11662 33328 29335 %n4020 31
20844 3066 28263 2340 16721 1189 18027 34044 1495 19386 6354 22107 2934 38514 17590 17996 27984 8994 14623 2239 36896 1888 15217 7387 25343 38217 2626 14702 32014 4702 17053 %n3903 30
27143 17969 8340 26885 19955 10705 32242 30527 19157 10794 26561 37360 7409 28838 8865 30520 32555 23057 33090 26048 12314 7296 17837 36648 14148 9989 35936 40728 11252 23621 %n5111 29
19298 13546 36156 23619 17179 26373 28352 35857 19608 31087 40343 22445 38432 25170 24883 4017 6960 16703 17721 34320 39987 39443 38828 26707 27935 3787 24127 26498 6470 %n15 28
39221 26771 29879 21770 34339 17783 39452 37375 15197 444 17755 30117 16534 11319 11447 20419 28750 15584 2967 864 35015 9481 13732 2766 20254 13565 13829 9505 %n1445 29
1228 5763 15433 8048 14990 34234 7824 33889 39252 8895 6178 31936 17040 7011 22982 30148 1138 10287 29056 33287 23576 3002 38162 33466 3132 4826 33860 8705 30167 %n365 31
24022 32298 34049 1054 11921 2308 27479 40518 20771 8630 16472 40171 24354 31931 24377 12634 37205 23110 21190 16248 452 17004 41133 26906 22932 13397 6981 18596 24835 3039 15267 %n483 28
29003 39074 3720 32917 32759 7147 4008 24603 6971 39319 4336 22267 31603 12209 23549 8577 27835 34216 7094 782 32669 28364 713 12647 7725 37037 17193 3101 %n6125 27
10447 39541 15590 22711 37667 1283 10535 2277 10193 33384 22470 37523 22908 38365 39968 18034 19986 28041 17500 19981 1242 13528 26689 28722 7445 33646 37470 %n2931 30
35620 11204 24957 36790 1822 26952 27955 8766 2467 21640 15461 37416 487 14049 31621 13261 9130 10974 39040 24309 22053 24481 34323 36605 40911 4409 23407 14069 37010 6492 %n3660 30
36810 2455 27993 26064 21935 26056 19488 18935 8087 31763 1011 12977 8587 30386 16495 18458 33592 26151 17248 4694 21941 1934 12804 20932 35089 2320 28845 34137 36088 6833 %n3009 29
60 30776 31960 4462 12310 17833 31360 24514 11230 17737 37506 18607 19169 24337 21176 28941 40577 5277 14591 37500 15813 5521 28896 39000 5860 11519 34925 1522 1950 %n1969 31
33437 23744 35212 4193 28603 11093 12366 39054 28673 25031 16398 23349 24999 29606 33845 38928 27585 33681 32670 22577 15151 36089 10631 33914 283 5113 15624 40110 27792 27396 28547 %n2636 30
35836 557 3309 19803 22573 37753 37897 29131 37081 12214 112 11704 15094 39692 2447 15816 17573 20139 25199 31661 29969 5572 5483 3213 11398 6623 4346 37721 4727 37608 %n6792 28
9891 23346 32657 25656 23809 30470 5316 19498 32018 1598 33537 12269 7196 40903 37916 2806 18995 37452 9365 22 3428 30199 10451 35813 2348 2361 19983 2790 %n3234 30
27135 39710 16496 29819 10277 14492 17701 9807 32849 2228 25867 8930 5697 7266 6115 1384 7863 30716 26967 2732 16141 13515 25940 29265 4117 3991 7837 17340 28340 21678 %n39 30
35261 15859 37983 21309 24157 3177 14481 8216 34808 15198 669 3696 15839 13719 27815 9057 35070 6973 7975 618 10403 2056 965 13805 9947 1855 26020 479 29063 38368 %n3807 27
33872 22648 1917 13330 16846 3555 11855 18694 1048 28770 5976 23659 40962 27463 10946 2690 13262 37720 10933 8968 30749 41142 38026 14938 29807 25633 14539 %n4887 29
33243 8942 26389 35763 28305 14540 26317 930 39744 5853 9968 16667 34811 13617 13879 10267 20450 33994 19849 5423 15669 31782 1337 38689 38866 1358 4290 30892 25907 %n3862 29
39959 38468 39711 14491 17098 7129 25205 20194 35997 20914 15203 39035 2289 8830 14551 803 38158 23084 7327 12372 8868 26919 10661 34628 3218 31660 25607 23820 19758 %n689 28
25540 21930 2813 18725 29368 39162 16702 28627 13831 10908 24684 19975 16163 29417 4852 1376 19827 11222 34885 37974 31580 20395 37922 18902 36120 21846 35991 10708 %n4262 31
6102 22827 22077 40156 21829 12699 30529 35196 40952 21932 12021 77 17884 12848 18145 18994 14155 28853 35834 22389 3306 7269 38533 2369 36343 31142 41367 1464 26224 27169 11084 %n2965 31
39409 35722 28015 30847 40517 41218 36947 8164 2555 22553 27130 6183 14445 15389 12339 6324 36380 41210 26220 32752 11547 34431 13667 29810 21450 22998 22645 39595 25000 6562 26559 %n201 29
16340 16801 39880 15680 13579 38172 16824 35835 33268 11022 14761 6112 22074 17640 11665 2512 14606 15548 18682 38038 1279 32541 33194 5143 15185 31548 12280 13501 18475 %n3804 27
26225 1303 18988 39999 37732 33211 10867 28538 38857 6988 35112 8731 11743 14292 8137 31895 38907 14584 15600 36264 14388 22597 19047 1596 18115 22218 30052 %n5034 29
35923 37291 13684 605 10594 22863 19556 26252 3621 31014 41141 3146 10932 39172 24717 12672 9596 30275 13524 12773 27676 18346 25555 972 9434 40382 15663 84 36607 %n496 29
36874 22115 14165 21879 38659 16816 28894 24693 14236 22394 18259 30224 4229 28422 34778 8360 14733 18738 7733 16051 18687 22960 22465 19654 14497 9830 32984 4635 20859 %n5472 31
34242 8869 9273 2540 29823 15692 18478 19693 20165 37896 17553 11131 20965 5622 27859 9563 32085 32672 37454 20618 27393 12424 19466 20458 41082 2242 998 21430 34439 15791 762 %n5193 27
29744 14426 21701 5758 22316 3730 15909 6831 6421 24226 31147 32854 5058 37575 16275 23590 27637 17345 6830 36238 25646 3009 7873 6084 20632 11121 25898 %n2910 28
36722 40495 30723 33781 28006 39475 16254 11065 15315 16776 8948 33333 6961 1299 14908 31392 4329 18062 18182 27444 34337 2168 12194 9455 37305 10289 20074 32738 %n1426 27
35689 26636 4393 7390 5101 6921 33696 24550 18938 22814 4046 33747 11159 34611 8166 4622 6265 6214 4741 14014 38736 4662 2971 2376 25588 2999 6437 %n4759 29
4208 25447 26032 41124 15586 19612 9564 17093 14241 3297 12003 12874 30130 10685 27024 37556 22096 2728 37453 1906 4761 9763 27719 10506 26353 40152 33241 33223 12459 %n1449 31
4116 40012 18930 16102 28022 41181 14705 7830 24586 25741 31233 29343 39354 36994 1859 7178 27224 11101 31189 28921 11492 24860 24024 23403 14330 11717 27389 27786 26412 13678 13960 %n5188 27
25881 27605 39205 9256 26942 18675 21474 18309 32822 33007 25026 13107 25371 6600 21212 23205 2637 11237 11856 4402 9012 9933 12706 21629 15739 23996 36010 %n4928 27
35795 2951 27640 22761 26778 10807 10450 35176 35049 6416 14867 29392 17989 992 20560 14634 1136 35731 16029 37655 20890 28464 20766 1518 31946 29888 1078 %n1933 28
27190 37964 14717 16656 18123 40022 32306 25329 31224 34122 41240 39993 3196 19189 36693 2663 18818 26302 18865 39059 38219 22607 32749 32851 3707 1815 33638 28486 %n3444 29
1436 11602 10774 21501 10215 14522 22423 22623 10454 4390 2377 18887 26053 30391 30946 27097 14571 9438 18254 16787 41376 26356 17885 17494 40924 25630 1956 3792 34299 %n1007 27
10436 11699 1 3328 28986 6197 38490 10092 11703 20246 7346 26250 32737 1420 26512 4950 27980 30799 5230 21612 30674 16811 6203 16658 34506 4424 31350 %n5141 27
36855 32864 10628 39003 24458 21730 13966 8917 10809 26419 9541 35514 31448 15247 890 29843 2897 33707 38160 5757 3390 36360 8774 7282 18441 2836 2083 %n6088 29
5908 31186 7208 28714 25628 13115 37803 31551 34050 20021 36679 41030 17763 39585 17224 39967 13440 30705 22778 27946 34851 17846 5775 6019 17645 17051 39998 6459 8445 %n4948 28
40267 21548 10019 5070 7145 17170 27578 30766 21799 16541 38963 7990 33626 2943 25958 29330 22686 14972 32695 33761 3493 29597 6660 40754 14977 28763 30242 32312 %n185 30
3334 33201 7583 29646 22050 40032 36845 24976 3023 37791 24663 32615 5105 9902 17772 18238 33735 31932 37101 13922 35468 24714 4436 9681 25600 21596 5267 19475 10732 10944 %n4016 29
38513 19896 29516 12818 28270 26862 9288 27862 3566 3211 20753 11099 2072 1669 31897 21850 39635 13745 6163 11497 30562 2431 12494 16558 37677 40833 39960 28856 13551 %n5505 29
24400 27991 37405 34353 9412 23170 1241 11234 13428 17531 9955 4893 16079 14523 4381 17356 20379 8617 38674 36658 35808 4798 40074 8205 29757 27197 23602 8434 8849 %n2109 29
7655 16235 29152 22314 8677 39189 23265 18933 19381 513 35695 5313 29438 37591 19562 32631 34491 1812 16960 29509 35530 26033 26777 8730 13343 33851 9078 14728 14158 %n4265 28
24532 26756 17478 25887 25680 12364 5161 3581 15464 22187 22726 34261 31029 35318 36295 39970 28197 39002 15307 1472 13004 21173 41245 29570 7215 23009 8181 17547 %n6670 28
20984 12968 23411 21904 22630 25246 1085 2178 10892 25829 14412 40181 11566 40213 38977 31236 17413 17212 24521 11184 15996 2213 19410 24706 26662 774 32710 17534 %n1584 27
4580 31182 41277 31412 13632 18679 28608 2962 14784 4289 2084 22568 18786 6290 19548 20339 39337 30511 8067 594 19881 31176 16327 13167 370 22921 8627 %n2559 26
40563 2066 19561 40893 26171 11386 41296 31456 516 35907 2482 37134 11062 2736 7264 12072 23096 9449 24952 36323 2968 3226 27167 9938 12361 8105 %n5148 29
32232 39910 28163 34403 22442 13476 29575 3794 35916 13215 18684 38151 15120 30138 548 36830 34065 24790 34699 13357 10427 10938 1928 26628 4492 19340 1133 23334 17206 %n5560 30
40374 2770 31992 31141 36682 8367 6063 29562 20990 38416 21325 3911 5667 20892 24057 31845 32947 23811 23629 24853 29026 11877 35134 30775 15157 5418 6486 6931 12498 4385 %n1182 26
31306 29611 37411 2567 19808 5351 11791 19700 17284 35473 23456 19489 31823 1224 37909 36509 10528 6344 368 13779 25386 14641 30692 8162 37064 10068 %n5129 27
28678 20809 15348 40690 37033 1087 4154 23129 28895 26526 40915 39023 1395 258 8904 12239 18093 30028 31780 33716 18275 32236 18642 40065 40427 33706 40676 %n398 25
15444 17203 25747 37295 35569 5883 15629 24793 20416 5719 20522 32324 40946 40426 7097 9961 17177 38641 35488 15636 9507 24117 24517 22455 34267 %n621 27
17746 27399 36152 24425 15765 15985 18592 7818 24361 38789 7974 35845 28830 34210 24174 9822 4055 8790 41273 5232 35426 10900 18056 18125 21568 7064 31041 %n966 29
32534 26654 6866 30072 14995 34314 14798 14222 21385 22048 25808 23068 30377 2360 13915 958 20516 2634 39979 5433 40047 23354 30492 1102 32514 40079 40997 27659 32838 %n863 28
36764 3093 14581 3819 3666 23689 22453 40465 22364 24239 40363 30190 28939 2125 4172 2774 35677 22336 29614 34935 21564 26599 14601 12540 21780 33088 13723 14130 %n479 30
11762 30482 39384 23344 29554 38119 34929 4560 9901 3400 38555 15426 35657 17063 18886 36910 10124 2608 40507 6414 23817 15459 20109 19524 11979 19345 2931 19493 20232 15138 %n3568 30
9654 36846 12667 1215 3766 9450 28607 6331 16324 10981 794 13596 37938 1905 41052 40660 12363 39588 17690 29992 2877 34519 36636 20489 36921 10871 38043 9740 20849 20684 %n2766 29
3976 289 2240 8554 19903 23934 35327 37309 11577 30627 12958 39717 10056 20384 30557 17731 2988 35934 13022 11868 26321 36880 2603 10418 41125 13828 22755 30175 29253 %n247 28
3980 13092 39005 38401 8444 14448 38358 2659 33171 3274 8984 34056 5683 20810 10584 24685 7548 17213 21443 29826 16734 30370 14874 20963 38457 13090 39309 34762 %n2280 27
32444 14731 22567 5476 3222 31403 32479 7180 33038 37231 2892 30861 35922 40791 39211 40706 17570 36275 18850 34069 12765 4082 37085 23304 35998 12863 17880 %n399 29
1117 27773 20563 33240 19074 3024 32036 19439 40233 1851 12500 31459 33233 31114 19172 36167 18651 39379 9129 39190 5753 1033 34697 28507 36257 36872 23086 23340 32283 %n5423 28
13344 26834 12378 27039 37084 25670 32110 18659 39517 34992 10153 26450 16805 34176 36426 13461 23056 22191 39619 886 1116 33324 2311 39652 14766 11624 34364 7480 %n2961 27
4870 30314 20870 14510 12304 40123 15412 23517 10185 27364 5898 40858 22951 31741 7582 30614 26036 5787 2021 20933 12179 9405 30845 34142 13767 33272 7438 %n1355 27
20621 20137 23116 14976 39280 5770 16915 4906 3534 10878 8521 30037 15096 23171 28834 19380 24083 40157 34622 286 11720 24271 9975 24263 33782 22769 41308 %n1985 28
24411 4335 36372 16164 17257 24256 25699 20659 23657 5399 29129 27457 7395 17784 1428 27838 24283 20247 25861 35535 22353 1591 31206 17187 1817 7049 15399 31947 %n3312 26
14452 1583 29334 18127 14685 16554 6205 24272 23694 33522 39071 26693 12187 37524 40291 39681 31574 13747 35942 33393 23560 18261 11266 37119 29402 30149 %n487 30
15201 34404 18306 8132 31623 27260 25615 25003 10723 29688 4851 20711 22666 23405 18141 20320 25698 9171 1987 3532 4749 27468 38486 8937 33655 18207 33346 11609 18022 14348 %n945 28
17628 5307 40292 11571 31494 20255 17890 7798 36139 17873 12689 20052 16622 7935 8662 6141 28908 23448 5243 29162 16035 23492 4180 12538 18104 31622 40502 5627 %n1463 28
19760 33815 237 39511 15377 7193 38795 15058 40402 11510 39909 24181 27789 37413 19384 11192 40501 34253 36029 37062 2952 29712 18175 27538 16806 10731 38768 20962 %n2938 29
17401 10988 22054 6882 40986 8028 25879 995 10386 3317 29023 30395 24919 567 28078 18290 24478 32445 8275 7084 36717 29681 3761 11630 17896 19281 30229 5373 41065 %n2675 29
9858 22657 28133 22416 35409 38581 22776 1635 7983 4293 30214 3668 16936 7262 20746 23523 24918 38235 1192 26451 36742 32296 29925 12284 38500 17993 35046 26598 8115 %n1172 31
37593 3874 36298 10029 25304 5453 11061 9364 35335 17826 32362 41062 18390 4541 10909 37939 35480 12939 18200 14708 24229 22280 24744 23731 13451 34443 15509 10158 143 33818 19110 %n3925 28
27499 4608 19318 27506 34749 31308 17073 622 2385 27951 25973 36319 14405 2502 878 208 31032 12950 9551 24592 39556 31898 31082 6350 20833 35390 35989 33600 %n4402 26
15277 23615 40140 39030 16706 501 36495 23477 25935 11236 32151 20271 16160 30572 14288 15079 6761 12488 13235 40205 18447 13412 38294 17578 15380 16243 %n6680 28
26408 19796 11769 1977 5104 17544 4384 17241 39584 40186 35933 12067 1782 28963 20276 12697 36791 3275 21734 1533 23632 25687 16417 31607 21269 37258 5040 34899 %n1673 29
22022 25102 26292 8858 11969 33841 14762 40225 12932 35734 38847 8897 15531 25334 22504 33529 1393 36863 34734 4015 38753 6553 33688 14352 39025 36340 2076 4621 8914 %n3111 26
19282 33850 26600 38255 39378 4089 16249 10742 21950 24222 27675 19174 29620 5900 11815 8920 396 7778 27060 11156 2607 4464 8197 30599 25348 6276 %n4395 28
33577 16042 19308 15730 8362 19553 22045 25743 39432 34058 4640 4108 37957 10885 5653 34075 38582 7077 19104 30598 20118 40717 24751 26025 37504 37698 26282 25087 %n1421 26
28203 7565 11831 15225 2100 35201 40868 13341 39828 3829 33651 18383 28546 9319 32477 32370 40919 30884 25180 32819 37387 20225 2698 27327 33504 5191 %n2263 30
26827 12532 26672 738 37200 22132 35764 24097 7174 15869 29647 4210 36663 40489 38002 4001 28222 242 1336 17617 1003 14423 4788 9139 29882 24264 29219 5406 245 23011 %n408 27
23863 41160 9115 36847 17802 19437 40460 25566 13699 4201 25088 5400 11233 2215 11145 22181 33491 14170 15239 40055 4311 40119 28839 14422 11994 37553 16127 %n3671 29
8748 35120 2711 10217 38482 26456 5452 7141 12376 15263 36929 10261 11242 844 26975 9000 26346 37110 8 38694 25842 18012 23362 24777 12553 10028 36469 35701 22873 %n909 26
29972 6964 29684 7012 9390 35354 11667 23275 35607 39393 3360 17516 31499 15507 15498 12774 29153 33623 40234 7812 17435 5815 28113 19950 38023 19306 %n361 27
6537 19258 31101 32157 30071 24830 31505 1193 13762 2635 28807 28801 28482 17923 7704 4 38829 4824 19857 16522 27523 21801 18059 20590 19344 18623 25601 %n967 26
11963 17483 31165 36812 37063 6619 19633 35584 7251 25732 7967 16752 16639 35811 30578 28 8784 28942 25263 22000 22752 25221 26749 35216 18958 15108 %n123 28
36179 36870 2008 3899 7431 19079 13098 20931 2379 32886 40389 3307 12736 9281 3557 29953 23001 23725 19383 38201 14947 40490 20742 22371 29464 25677 11196 16428 %n505 28
29163 21179 21517 27517 30483 28161 40063 23162 30626 16861 5137 20291 39883 32948 5616 14554 20689 10323 10569 1722 34789 19774 2942 9846 2998 10615 18031 37999 %n3794 28
37218 25337 7219 37370 34717 35682 25189 5106 6774 25128 38683 24902 30440 21721 26157 20650 36762 28096 21920 7475 34017 30375 35875 14779 37485 37537 31669 4925 %n1216 25
29130 2809 22942 40218 30306 39207 32160 8557 7553 52 2477 26061 30195 18515 17852 17750 40423 18342 4526 11540 35586 6137 11968 36101 3158 %n3704 28
34132 20662 20806 30869 4620 4700 32221 5968 38649 19958 18075 28644 12085 38800 27856 26652 31675 5487 26131 293 30279 32941 4474 20900 28260 10737 13305 32879 %n10 27
31439 3502 7958 28418 34258 13047 9727 31720 22797 1586 32826 1716 35645 16478 24244 20553 32301 24716 39407 3977 5170 10002 5249 21634 8207 8880 5051 %n5379 28
16506 10957 12678 1790 21376 37959 16849 34363 31038 35366 12659 28281 20680 11108 18644 36093 14160 40164 17368 5261 11934 27359 29980 10050 4725 28882 24484 26264 %n2150 31
16691 11122 9013 32409 37270 6979 32809 24260 14323 10245 13474 16027 38492 13073 31438 32268 38452 19209 14038 6287 13329 38660 37441 24694 16282 33975 35873 30603 13348 37550 21843 %n