218
965 132
77796 99432 59520 27883 66957 72154 58726 15973 70033 96730 57359 95909 51050 3076 99788 9420 64589 88340 6799 10691 32044 21574 81779 35027 34788 82526 97776 50413 60112 18977 20737 58292 45262 83999 31365 10952 97258 71721 32568 51954 66117 30953 94509 19121 19154 33736 83842 54127 4079 1877 98698 74468 9946 16917 51117 11226 37946 46478 39393 20632 69508 90065 6613 11035 89687 46494 71153 77127 75985 70692 51919 3878 33031 33908 73196 67871 17101 7013 6454 70364 26126 5753 9133 60743 8566 30265 41574 29745 12936 10396 11376 6148 63057 43934 29600 56732 92471 17687 65847 86166 56533 34886 78407 3692 23653 35619 910 22743 50854 64311 39091 34681 66336 19682 72135 59667 57529 36551 59529 6260 79826 91722 8409 94510 35354 72849 55081 32418 18507 30080 52326 82715 %n809 101
50464 39224 27022 65191 73970 79920 78697 34502 95934 57328 15071 10942 75673 42412 94745 50071 14791 25000 25543 81709 30666 92987 87713 38851 56151 10668 26843 57274 82686 47906 4263 98735 54843 56399 12510 10339 87656 40537 73488 53330 25707 6905 40175 11962 54864 19552 1054 560 86471 15461 57404 82072 20104 30345 13356 2150 3057 97832 74888 61799 68529 110 39380 63890 45726 73770 99650 16217 3973 33478 68096 62202 16677 66338 99695 30650 42011 56429 42873 60219 87282 14964 29375 11448 9628 83910 16438 44384 20018 8429 27203 40319 71245 53973 15821 28964 13349 19049 62432 27531 37639 %n911 89
93983 7484 98933 71658 87861 88424 42289 22277 53583 92691 47852 28253 96564 7497 21714 57814 71294 55304 70307 46431 8918 15058 21353 55501 53779 16845 29551 10212 87132 53389 70146 67692 29956 38576 22815 89506 87145 2510 99433 18991 36134 71209 58520 91448 68471 3784 81096 93353 9309 77390 89719 71001 87102 75328 28024 18440 48241 90512 58145 34256 47235 28697 69639 92348 8134 34414 42595 26819 14800 98858 21193 87806 70766 53656 31203 71779 94 60027 40809 45321 6707 36425 42059 70455 18849 22905 60983 242 5838 %n333 70
16228 18831 6558 97809 71185 50088 21425 78278 42696 39310 12232 39308 50546 15165 11905 37125 39038 10464 7579 60454 51100 66391 65046 24956 416 53697 79844 45035 77692 67832 78900 98701 31168 97202 94302 19296 56766 47756 99420 74728 24904 4220 11250 50691 50720 53190 78154 11135 5442 97917 18340 92851 44687 20978 94377 17053 7549 44635 48221 13285 4038 25759 48527 38768 93677 42146 83068 76517 24164 92683 %n511 53
74653 19834 87402 50564 86463 3462 42884 96991 31057 37908 67679 25704 37493 84663 17253 75037 43755 88434 96429 48700 68946 38511 87891 83740 73432 2393 38189 95283 35008 86416 26399 66942 14458 23928 1320 32104 51084 5582 78257 4256 92936 23662 58886 33833 78425 32249 42483 87562 24385 41008 54608 58102 34575 %n651 37
39156 24282 54278 22391 87095 15653 81993 91323 549 67423 86778 92836 59661 91761 42728 92260 40638 35263 66328 80701 81323 68828 21927 6377 21678 74481 3216 5939 30806 95512 12831 84012 74768 94095 5800 68983 79440 %n532 39
48230 5551 66946 367 50087 5968 62408 37016 64708 294 67391 36978 16897 81475 47552 98549 30119 66794 89131 8012 54992 58541 69387 96609 1152 73337 14735 6409 3984 2022 93678 38130 66105 42814 76333 6008 75034 496 17697 %n420 31
56945 5780 96294 51286 39718 47323 69497 72810 52068 64229 18656 83950 29685 54146 15091 68198 28769 64391 61834 82186 79820 35684 36070 84107 51263 43701 86128 97109 69976 91948 20680 %n247 31
43006 19231 16746 89608 62940 80254 1194 90310 44069 58331 80696 43611 94884 53775 9332 62115 50709 2996 75687 1579 77185 83456 27778 8167 43466 22439 89161 56116 47562 21472 46865 %n879 28
95402 48465 85093 58914 23407 43932 29862 93023 31753 50848 48325 54000 19573 66305 54187 73355 61565 21780 67443 113 47399 17361 10497 13369 11740 54639 68723 1876 %n1138 9
69848 27525 88764 70740 87866 37044 75015 71050 39305 %n1143 12
90323 55626 30556 42822 15600 53 74307 46091 66485 6690 62999 87232 %n990 10
94861 9251 45585 47021 33030 25835 79670 43914 7573 25136 %n1186 6
62810 24352 55181 40397 65784 48641 %n1237 4
52404 45215 41877 8449 %n578 4
90243 69041 63442 15883 %n57 2
56031 70609 %n411 3
5980 55952 60552 %n1235 3
31876 73625 69257 %n352 1
49845 %n1291 3
25599 61598 29316 %n681 0
%n9 3
53137 52681 82175 %n121 2
97851 1544 %n873 0
%n181 1
71838 %n174 1
45754 %n264 1
82831 %n232 0
%n746 0
%n581 1
76468 %n1165 0
%n1332 0
%n1200 0
%n714 0
%n105 0
%n843 0
%n779 0
%n1040 0
%n97 0
%n951 0
%n1222 0
%n119 0
%n700 0
%n649 0
%n761 0
%n1073 0
%n542 0
%n479 0
%n1339 0
%n1369 0
%n1286 0
%n1373 0
%n481 0
%n1022 0
%n90 0
%n1185 0
%n901 0
%n271 0
%n338 0
%n1125 0
%n967 0
%n1319 0
%n1076 0
%n1271 0
%n272 0
%n750 0
%n322 0
%n491 0
%n935 0
%n1119 0
%n1195 0
%n494 0
%n682 0
%n915 0
%n831 0
%n1199 0
%n595 0
%n914 0
%n1189 0
%n1012 0
%n1058 0
%n1344 0
%n1068 0
%n284 0
%n964 0
%n142 0
%n956 0
%n77 0
%n337 0
%n86 0
%n974 0
%n268 0
%n343 0
%n93 0
%n997 0
%n943 0
%n115 0
%n893 0
%n324 0
%n210 0
%n854 0
%n445 0
%n583 0
%n1295 0
%n1062 0
%n790 0
%n1363 0
%n687 0
%n622 0
%n929 0
%n522 0
%n1232 0
%n1262 0
%n92 0
%n263 0
%n998 0
%n11 0
%n165 0
%n342 0
%n975 0
%n1099 0
%n1284 0
%n1046 0
%n356 0
%n262 0
%n716 0
%n279 0
%n267 0
%n634 0
%n428 0
%n1181 0
%n1280 0
%n720 0
%n361 0
%n898 0
%n217 0
%n78 0
%n1024 0
%n1322 0
%n173 0
%n660 0
%n1159 0
%n1292 0
%n1005 0
%n910 0
%n1029 0
%n1079 0
%n686 0
%n1035 0
%n17 0
%n371 0
%n1105 0
%n53 0
%n1001 0
%n545 0
%n141 0
%n751 0
%n834 0
%n1288 0
%n868 0
%n109 0
%n1210 0
%n1178 0
%n1142 0
%n895 0
%n1208 0
%n151 0
%n715 0
%n274 0
%n546 0
%n527 0
%n562 0
%n839 0
%n238 0
%n340 0
%n385 0
%n365 0
%n212 0
%n407 0
%n598 0
%n456 0
%n350 0
%n182 0
%n1254 0
%n1209 0
%n1028 0
%n733 0
%n468 0
%n269 0
%n900 0
%n186 0
%n528 0
%n1151 0
%n1258 0
%n538 0
%n81 0
%n310 0
%n131 0
%n189 0
%n1265 0
%n76 0
%n717 0
%n607 0
%n995 0
%n568 0
%n1007 0
%n1347 0
%n346 0
%n68 0
%n107 0
%n302 0
%n1115 0
%n608 0
%n281 0
%n731 0
%n889 0
%n564 0
%n