207
4042 197
3551 29754 11974 9869 29877 5809 47761 97023 4568 39209 46600 54554 53248 19332 64055 49808 11510 68404 81302 9451 78035 27871 24258 44048 84464 64654 67368 70896 93995 12187 61516 4561 73499 79476 28090 75720 5599 70081 6914 96781 81811 99006 75075 29841 39110 59544 82543 15039 65139 33623 32336 68870 93073 64833 66012 7860 50128 96251 98187 80285 96495 28472 10819 54088 9745 12023 99892 14123 55993 45279 57149 82098 39129 37400 12659 35264 20634 13724 9607 20312 76543 82770 17506 21290 88607 33423 32247 94365 1273 88841 47931 96709 60929 86103 89626 40999 31691 85703 30204 34108 76971 51791 22233 79592 57039 84048 49636 72601 11866 62297 19227 4394 22841 19248 11840 48996 7532 25898 18394 33869 52971 43229 30185 53054 80346 86662 20334 6640 8980 48501 33728 42208 89409 27438 83355 82029 29929 2231 89464 22019 15203 32638 72124 43193 88289 6111 45999 43808 12918 94397 19834 61182 36788 71466 68319 71507 38638 72209 37123 28381 23944 39301 92460 50471 81387 41145 21585 75060 41046 86743 59502 54650 48957 51122 99506 84079 74931 87935 74602 22216 42848 21945 25902 30798 40521 88638 19057 60097 95095 95267 49048 51883 80679 90733 30574 74445 99915 %n2035 133
94558 35412 69010 81620 7941 34205 16799 53552 33722 4615 90002 9615 51039 36810 98338 47232 26432 94526 20690 46132 33517 88503 8253 65579 29164 12087 87857 3321 9020 75739 32682 98496 50278 24775 76995 70183 14386 90179 26633 27617 14907 28048 37527 85026 85088 25634 21149 47090 12 30992 86450 49446 18604 97826 46314 9306 33799 90862 54263 20878 18282 18839 22341 23169 14060 98516 27540 33917 14775 65984 67909 53061 81381 48639 57576 35749 37430 51938 739 71462 74606 82111 36153 69550 76926 44070 64984 75278 47390 24823 27321 36464 32074 83677 34753 90242 93525 9528 951 88762 7124 39853 91512 56582 20446 81551 57479 76723 63021 79112 73852 35286 79823 8891 39887 21482 476 89161 39991 11152 69307 65426 76748 46916 49338 23286 94647 75861 14922 1340 65506 77026 31876 %n3237 86
82278 23468 12220 89301 73526 24718 66834 77800 92403 36944 87985 69096 52737 16 2235 71150 55777 88236 89580 50995 72193 4231 85755 41012 68828 57155 13609 50704 4160 60423 95818 21244 86 33466 57556 78972 75280 47574 25101 82446 87426 68512 45951 86307 51765 55300 5064 72668 95037 93528 70481 38074 42326 89806 61822 62075 72136 31261 25756 98298 74045 38967 12713 76340 41487 1454 38284 22606 92268 3120 43217 20502 50354 81398 11690 46860 76096 32476 10159 30892 17413 72476 5384 9739 2311 25107 %n5031 67
69956 35841 18734 5043 3163 5229 30902 93587 169 11186 87403 26880 48962 28629 59999 13550 47240 494 55464 43219 65522 13055 52813 44498 14746 34677 85003 50674 76265 87960 88671 96886 23282 72769 89497 67637 77966 86333 59437 75429 63110 90280 60424 38920 85971 20688 82302 97951 88062 803 41239 6307 28580 35148 46776 28133 22888 66320 90461 4803 97618 80671 91536 65167 4438 5967 10532 %n3165 41
40182 38670 18458 80290 53353 24558 43499 71233 91559 88102 82858 98785 13075 47662 21170 14418 20760 77992 94297 86601 20085 75597 56284 30976 60003 64701 98930 13697 48723 72932 459 83321 86642 92005 91937 41453 61223 1467 52402 78662 287 %n2574 28
26566 90210 54024 42303 98237 53315 81321 38118 55783 32774 47115 1886 87207 68942 97248 48987 23494 45940 7459 33717 93867 92319 36720 79493 28091 26501 63594 62406 %n4197 14
88589 35108 95004 95446 3457 84425 89247 39417 57343 40129 61308 21384 44364 98296 %n1050 13
88629 22466 41534 9915 63320 71854 74992 22535 58869 70000 4450 92421 95493 %n4785 10
63022 94960 68674 50624 5309 35926 54553 15302 44320 13336 %n3749 6
55185 41967 99897 52652 85731 76895 %n2231 3
80776 56346 77391 %n1226 1
25895 %n3536 1
61574 %n121 3
33442 62106 67285 %n2692 0
%n3939 1
43020 %n1005 0
%n2289 0
%n555 0
%n1488 0
%n1632 0
%n4884 0
%n489 0
%n2837 0
%n3520 0
%n674 0
%n1782 0
%n3454 0
%n3799 0
%n4904 0
%n128 0
%n334 0
%n365 0
%n244 0
%n2136 0
%n1110 0
%n638 0
%n1555 0
%n2735 0
%n1805 0
%n3833 0
%n2139 0
%n3486 0
%n2265 0
%n4823 0
%n918 0
%n1724 0
%n1058 0
%n4663 0
%n3707 0
%n268 0
%n1548 0
%n2493 0
%n3944 0
%n2335 0
%n4958 0
%n890 0
%n2304 0
%n1327 0
%n619 0
%n1212 0
%n4527 0
%n2492 0
%n533 0
%n2862 0
%n453 0
%n4798 0
%n3580 0
%n502 0
%n2056 0
%n256 0
%n649 0
%n2100 0
%n1186 0
%n2484 0
%n4138 0
%n4771 0
%n2107 0
%n4425 0
%n4373 0
%n3171 0
%n3781 0
%n2928 0
%n2868 0
%n3147 0
%n1682 0
%n3371 0
%n4641 0
%n1391 0
%n3894 0
%n1408 0
%n4235 0
%n4671 0
%n5046 0
%n1359 0
%n1987 0
%n3253 0
%n2633 0
%n3106 0
%n2299 0
%n3528 0
%n3058 0
%n3344 0
%n272 0
%n1431 0
%n1452 0
%n255 0
%n3160 0
%n2598 0
%n2694 0
%n4839 0
%n1760 0
%n3906 0
%n922 0
%n2993 0
%n4980 0
%n3387 0
%n3730 0
%n4878 0
%n4628 0
%n3989 0
%n4826 0
%n4872 0
%n4101 0
%n3089 0
%n1590 0
%n1290 0
%n734 0
%n603 0
%n4480 0
%n3310 0
%n5054 0
%n2785 0
%n1493 0
%n2344 0
%n4961 0
%n2686 0
%n545 0
%n999 0
%n1171 0
%n1542 0
%n1853 0
%n93 0
%n4318 0
%n4841 0
%n1876 0
%n1413 0
%n4953 0
%n395 0
%n2522 0
%n66 0
%n2096 0
%n4224 0
%n2148 0
%n207 0
%n1668 0
%n3999 0
%n2165 0
%n4495 0
%n3094 0
%n1152 0
%n606 0
%n3810 0
%n1773 0
%n329 0
%n1950 0
%n287 0
%n4317 0
%n4253 0
%n1028 0
%n1217 0
%n300 0
%n2934 0
%n4152 0
%n2033 0
%n4278 0
%n4002 0
%n1322 0
%n3464 0
%n1726 0
%n1925 0
%n1263 0
%n4162 0
%n2897 0
%n2150 0
%n2890 0
%n3597 0
%n4944 0
%n709 0
%n3787 0
%n4687 0
%n4494 0
%n468 0
%n3865 0
%n1666 0
%n4877 0
%n2976 0
%n1135 0
%n3678 0
%n4549 0
%n2965 0
%n2548 0
%n683 0
%n3012 0
%n2560 0
%n1834 0
%n2074 0
%n