136
3963 22
6801 1474 58497 12059 76134 36636 36306 33906 14659 59262 76763 48070 13481 65350 53131 64565 17909 77907 28375 9792 72066 67949 %n5436 19
76814 56107 8008 10513 5377 30221 55780 29491 37831 63542 34470 34634 10793 54767 51503 19487 57964 3357 49113 %n4023 20
28418 44237 46761 36293 1670 26421 49193 22174 69890 2268 57682 60347 38809 14749 12697 63767 71649 45180 41489 34154 %n7224 20
14877 69479 18978 58713 73159 25162 44327 51333 6899 69140 57262 67088 11704 58719 16789 32444 7288 33582 35887 47108 %n290 22
69691 2472 55923 64067 42001 23068 46302 25557 68418 53484 29886 32364 16148 45030 73163 61693 58134 76591 22515 49539 69897 43342 %n551 17
2712 3351 39528 41786 67521 32657 66181 14126 28381 41588 24199 35053 9034 67627 3480 54830 31374 %n7344 14
58191 58664 39483 41830 30922 12938 77317 26941 50636 46735 30424 53614 72858 69707 %n5144 15
27467 16653 54062 48025 63577 22399 3985 32937 71545 17576 4535 32080 49128 22714 51148 %n72 15
13885 44572 16170 26672 9988 14338 29461 33459 44846 74874 13764 78213 29226 20230 42535 %n4884 14
13353 10887 43986 17983 25102 324 47537 27956 73000 8115 57812 49170 71210 25247 %n3407 11
31441 50020 46602 38399 15309 67604 66634 61153 71916 34472 44462 %n5843 15
39876 76207 16233 15742 10665 28356 36579 37843 8346 71973 34399 20614 28150 34632 17013 %n2662 10
62831 60786 48494 771 5875 61108 18920 34448 49291 65811 %n3741 14
67129 23915 23674 25773 31840 25913 73091 75606 48118 10103 49049 44904 3039 45859 %n7456 8
51415 13747 61751 29388 63733 66035 69077 71358 %n2586 11
40479 52027 27706 73088 17145 33200 73530 28816 30117 6425 43456 %n2795 10
22966 39510 56067 5597 69762 65891 51208 19030 26690 20029 %n2358 5
60801 75749 21565 19320 21124 %n4814 8
73241 36880 62496 24304 66193 16948 40952 62401 %n6066 11
64803 60136 45154 38894 50428 59199 71605 20372 46863 44508 45385 %n1761 10
39156 46866 559 18132 54398 66477 76998 26549 1114 74188 %n333 9
37268 75877 53309 49474 2363 9044 59327 40664 31769 %n5320 7
1619 48746 58552 17050 9806 52681 68668 %n7568 9
35291 59723 13169 1123 48767 66922 44440 22472 58276 %n7867 4
8581 27534 64426 43610 %n747 8
6226 64603 67557 18119 63908 25864 1865 8338 %n4537 7
35172 40604 3512 47281 37064 68549 67741 %n4615 7
8024 42054 47411 61316 51527 22262 18059 %n7443 7
63674 12553 57168 726 58871 64640 57138 %n3331 3
46194 35993 47415 %n3931 5
34421 40023 62349 77616 56838 %n1635 2
23558 39236 %n5923 7
36214 37194 39051 68256 57306 20115 20723 %n1774 7
71648 43150 46175 67170 32968 53997 56894 %n4298 3
71904 3499 20268 %n7862 5
38282 39672 33096 25949 56302 %n5769 3
23169 3762 26351 %n1423 4
59274 14297 35226 8663 %n7382 2
47733 16225 %n3096 5
70328 34758 42276 59049 34676 %n1512 3
28806 64053 23060 %n6965 2
15774 7571 %n205 1
2126 %n2344 2
61813 64826 %n7137 1
6290 %n2264 4
66126 71381 74048 24521 %n1844 0
%n7216 4
11584 36670 43018 63937 %n2892 3
67139 51591 15095 %n4295 2
20072 2872 %n750 4
4124 18498 65245 20050 %n2269 1
16555 %n4055 1
61934 %n6567 2
25123 54650 %n1131 2
52928 30406 %n1459 3
58833 27279 50702 %n7810 1
16865 %n4173 2
43351 59381 %n3247 1
775 %n3936 1
30799 %n7419 1
53401 %n4413 2
65395 70356 %n657 1
28241 %n3744 1
69226 %n7753 4
15425 1637 63292 58421 %n3371 0
%n1111 1
12987 %n3554 1
484 %n1347 1
64193 %n93 0
%n6060 0
%n6844 1
78114 %n4716 3
65204 36618 47119 %n1451 0
%n6956 0
%n3176 0
%n3414 0
%n6315 1
53718 %n7879 0
%n4319 0
%n7541 0
%n1397 1
53605 %n4797 0
%n2724 0
%n3895 0
%n3418 0
%n4849 0
%n2612 0
%n3805 0
%n1610 1
63914 %n6048 0
%n1216 0
%n6268 1
43472 %n3372 0
%n5986 0
%n4485 0
%n748 0
%n7413 0
%n4365 0
%n5459 0
%n3508 1
16934 %n7281 0
%n4278 0
%n7845 0
%n6092 0
%n2111 0
%n238 0
%n930 0
%n2437 0
%n3073 1
71249 %n6827 0
%n7009 0
%n4476 0
%n1757 0
%n4815 0
%n2768 0
%n158 0
%n323 0
%n4490 0
%n5301 0
%n1346 0
%n6764 0
%n4143 0
%n5695 0
%n4140 0
%n5124 0
%n6105 0
%n1678 0
%n6135 0
%n489 0
%n3841 0
%n7251 0
%n6437 0
%n3918 0
%n6150 0
%n880 0
%n