250
8140 94
55899 1456 13755 59083 63863 78219 91802 69556 23060 11458 66171 83683 79699 25859 67323 16497 61779 78470 89075 717 66027 74693 32325 51366 22240 80595 66017 27267 82187 99985 41319 48217 45010 87870 96242 54648 46340 36896 98981 26896 73666 24122 14847 59894 37757 15852 975 90239 67529 11526 87142 84360 1606 8999 36536 76251 22161 56405 11303 66247 93639 21607 4713 69582 82403 90572 63384 9486 25389 83430 49995 85014 57708 1427 93099 29863 55744 67454 28326 36460 77973 80379 58679 84358 58485 36569 20181 86773 7338 15153 19082 56337 2220 80040 %n8365 84
83439 16157 10316 47173 40162 36697 17294 91887 93940 13243 20920 99698 71045 44038 2450 12680 70991 97829 41751 4077 25601 1232 2210 39351 16333 87526 4351 83432 31775 42029 62487 51225 59772 34373 27492 88464 2953 13975 32067 78019 85992 34047 71162 15028 47717 47492 65423 94197 88380 54720 72071 74205 85693 75205 84411 15602 55337 99695 30896 13656 53318 91027 56558 23467 31959 30240 14064 91195 28809 99852 86801 49945 33028 76008 13405 62664 32905 52436 81582 69253 81472 64789 87562 89507 %n2441 71
14787 52834 57000 79965 9131 70720 13811 83723 18755 67822 42791 45309 16893 12352 11089 30718 63913 81970 69843 24032 67172 44664 14023 73197 81498 15829 27281 15039 3533 27504 83154 62098 30592 6692 7742 53424 91550 26462 60626 74574 96972 61466 76360 12413 3494 12022 40424 35708 23257 25328 69304 19686 46389 89291 69140 33619 15024 74756 16280 95477 63487 3255 64902 63210 81767 13695 80889 19333 22667 95602 94609 %n4026 67
76540 14806 21074 33742 96223 31495 97190 4439 14727 79353 12114 43248 96439 3538 21583 95548 25962 99775 41663 14426 82873 35675 53673 7142 68607 64273 22893 93166 69470 14710 45933 1951 19312 71534 17100 45252 16034 64587 24414 4606 19936 94364 41905 63206 45262 60648 92703 97762 92598 58584 20336 21757 60583 88074 4082 69809 48904 39290 78859 42002 31733 18307 46754 78045 74349 69229 14470 %n5079 53
51044 64210 93280 35124 65276 15936 93111 90221 70469 47456 35848 61893 59814 5988 41565 40238 97628 17939 66055 92449 33630 99545 93323 10890 42008 36801 59234 17454 85017 81149 72771 29343 90511 70154 51866 2260 95559 89517 89340 54994 58041 56287 71026 70086 39926 84942 95611 66805 31500 19545 35520 11382 45763 %n3647 52
97375 94775 98500 26491 97122 16595 5148 33238 77893 78764 63468 64683 35382 11582 10050 52498 2060 84053 29337 40944 50326 58425 76368 19384 32233 81129 77058 85790 23097 57164 71031 43800 66731 13225 9849 81677 1826 21330 99143 98363 62505 91253 14212 6870 76105 84459 14645 50401 42719 39065 53479 89411 %n9596 38
49707 95763 30584 20421 86082 27919 77208 68493 27737 17363 2623 2254 75889 87008 58575 15803 79194 36946 70114 37897 5496 36633 12990 51996 4921 14343 2838 20416 75242 95349 83722 2809 6188 49005 61636 49691 12096 55799 %n1754 34
39878 5871 88824 21802 41600 78709 96570 3905 67872 42122 17613 3842 43171 49633 19050 41702 37128 78367 51388 38687 19052 93198 4155 93546 25552 61446 54464 50952 89961 98525 46327 5386 28603 67436 %n9166 42
68791 52343 58245 37579 76766 85423 81460 26210 44452 9569 50090 50087 40867 54261 84049 53574 66934 79317 54765 3941 1670 10618 80482 51925 14254 96336 414 75578 37735 70503 22337 39874 67275 41292 87209 89016 17778 78949 76643 82871 74417 84014 %n9415 31
73565 43960 36150 90760 18418 96937 47555 539 8502 9388 95430 54344 16244 79924 66545 27240 56999 50314 7923 34397 70839 92459 15192 51028 3836 47102 89721 26109 34774 80346 10122 %n970 26
86525 65003 3821 1323 9139 63381 10106 41471 3457 96941 94644 32974 67781 69289 99348 13386 50856 78461 57344 56647 66938 46537 58953 87867 49586 81793 %n8810 15
89567 72965 8356 19983 46911 52165 73890 88028 15671 63255 32594 4504 90956 22378 7650 %n9690 22
30831 70167 37924 78778 82394 26045 50746 91386 30038 40906 39269 57204 39917 99098 28077 18278 18839 17930 40954 40627 58821 99916 %n7257 23
6667 27621 14648 73437 9967 1877 67310 91030 11880 24969 69702 72333 67387 34533 8549 29080 68419 53128 11938 58830 78358 1185 65591 %n7606 20
39074 7374 5558 64148 97052 17666 86351 21086 55922 37799 75984 60690 96387 32301 12054 53725 91202 85587 10613 72119 %n4011 14
25052 53731 11783 49325 84675 95895 41598 66411 71215 35907 7199 46489 774 85055 %n5669 10
99247 64690 30471 58472 93251 11634 50711 31452 19682 63935 %n1689 10
64378 27969 62796 49250 90494 68571 89446 646 87911 66198 %n7595 13
95425 58101 50065 8569 81025 55500 72147 38430 65767 52222 69580 86029 196 %n6360 6
47486 64397 65537 67011 89099 34667 %n9268 7
25139 98461 19795 66922 72785 73954 48019 %n4135 6
93905 72097 7643 44613 1688 9889 %n3611 9
89281 30635 90788 52749 27780 73444 78059 16315 88344 %n6557 6
45187 76268 57905 22217 25811 20855 %n2148 3
24031 59962 10694 %n1876 4
9694 97873 8236 73632 %n824 4
72769 77024 84046 32742 %n1672 2
84687 1948 %n5640 4
41588 80763 57688 27660 %n6086 3
54110 20670 10021 %n6301 2
50704 4453 %n8794 3
96503 70712 9811 %n4609 1
6337 %n2654 1
60471 %n1692 4
34804 87690 67236 26401 %n6673 0
%n7414 1
49989 %n1394 1
37767 %n1053 1
17608 %n2521 1
81191 %n2285 0
%n7912 0
%n5492 0
%n2030 0
%n280 0
%n5187 1
36302 %n1237 1
13969 %n8876 0
%n9068 0
%n4934 0
%n5118 0
%n6487 0
%n3705 0
%n6420 0
%n3563 0
%n760 0
%n2291 0
%n5510 0
%n6349 1
95054 %n8395 0
%n9446 0
%n5026 0
%n6006 0
%n1252 0
%n5837 0
%n1512 0
%n7220 0
%n6027 0
%n6759 0
%n8875 0
%n8891 0
%n693 0
%n1630 0
%n9547 0
%n4777 0
%n487 0
%n8549 0
%n4014 0
%n6614 0
%n8079 0
%n660 0
%n5704 0
%n6125 0
%n2163 0
%n4083 0
%n70 0
%n3221 0
%n942 0
%n5092 0
%n7557 0
%n2891 0
%n2928 0
%n9015 0
%n2750 0
%n7345 0
%n3926 0
%n6528 0
%n8047 0
%n3113 0
%n5537 0
%n555 0
%n28 0
%n3544 0
%n333 0
%n8449 0
%n3447 0
%n5462 0
%n7117 0
%n9204 0
%n829 0
%n520 0
%n3080 0
%n7529 0
%n8093 0
%n5915 0
%n5126 0
%n1114 0
%n484 0
%n2108 0
%n820 0
%n2988 0
%n7481 0
%n4572 0
%n1518 0
%n377 0
%n7754 0
%n5916 0
%n155 0
%n4783 0
%n750 0
%n4622 0
%n4119 0
%n736 0
%n8029 0
%n6151 0
%n4258 0
%n7574 0
%n5855 0
%n5923 0
%n507 0
%n622 0
%n4286 0
%n2949 0
%n5246 0
%n8174 0
%n9552 0
%n3868 0
%n4893 0
%n1700 0
%n7511 0
%n4179 0
%n4849 0
%n1411 0
%n9163 0
%n3122 0
%n4972 0
%n9782 0
%n3525 0
%n389 0
%n7245 0
%n3197 0
%n993 0
%n5224 0
%n3268 0
%n681 0
%n3551 0
%n9497 0
%n524 0
%n3621 0
%n7559 0
%n7823 0
%n6789 0
%n8341 0
%n6722 0
%n3153 0
%n7861 0
%n7006 0
%n526 0
%n8916 0
%n4335 0
%n5521 0
%n9654 0
%n8161 0
%n4481 0
%n9266 0
%n5257 0
%n929 0
%n2489 0
%n8027 0
%n4360 0
%n58 0
%n392 0
%n7078 0
%n4317 0
%n9812 0
%n5265 0
%n6298 0
%n7726 0
%n6529 0
%n7712 0
%n2151 0
%n4004 0
%n6622 0
%n1288 0
%n8088 0
%n4548 0
%n1789 0
%n3908 0
%n3006 0
%n799 0
%n9589 0
%n2334 0
%n7787 0
%n3924 0
%n7180 0
%n3083 0
%n3146 0
%n7474 0
%n3112 0
%n9711 0
%n6152 0
%n3033 0
%n5631 0
%n6670 0
%n3783 0
%n743 0
%n5489 0
%n6645 0
%n817 0
%n4267 0
%n5610 0
%n5122 0
%n7925 0
%n979 0
%n2286 0
%n1564 0
%n7876 0
%n8212 0
%n2592 0
%n5999 0
%n7616 0
%n6170 0
%n6472 0
%n620 0
%n7722 0
%n1407 0
%n8256 0
%n6481 0
%n8402 0
%n4489 0
%n