692
0 10
38334 41305 65094 35441 83924 53730 64216 42686 63147 81242 
1 10
5388 67789 27870 58286 3610 60903 58158 66991 92428 78708 
2 10
12040 60890 78283 88708 12531 15962 63320 24245 53469 27983 
3 10
40659 12736 15283 21343 49890 24390 71288 17250 64633 59210 
4 10
45819 87747 15752 36992 3793 21918 45443 92778 9825 65982 
5 10
84030 63909 46128 66736 65660 41672 62905 11944 42028 18091 
6 10
9746 61661 12165 89245 96260 38974 56904 71838 84437 61241 
7 8
93290 66451 72486 6567 48560 71989 78551 52900 
8 10
19582 76479 18248 44414 84544 42957 37277 10340 70175 57625 
9 9
45468 57786 95887 10414 35777 70959 47101 6932 76311 
10 6
70980 80534 71071 88949 48081 67426 
11 10
80452 81980 90958 58243 81223 79080 3537 49659 57828 92860 
12 9
25868 81057 32577 54366 89055 58486 47830 62134 56097 
13 9
25136 49476 82970 79159 21405 53804 34981 52954 64607 
14 9
58862 56444 62627 70118 73550 35439 20509 6729 46928 
15 8
95203 12807 57478 89197 79719 65613 29714 86322 
16 7
65852 84979 82773 22672 18467 37054 34680 
17 9
12327 58775 94387 37602 22330 93871 52694 6974 93011 
18 9
90506 13157 71906 8034 16668 39689 65887 89053 87149 
19 10
90295 40663 57144 80823 79572 4658 56244 84560 30738 19117 
20 9
51553 58607 85816 77400 25378 87357 5329 32642 68769 
21 7
42821 13703 2177 95561 9341 94896 53672 
22 10
59336 91906 53345 83261 8169 48843 40592 23217 18899 37189 
23 7
19443 41002 11734 90380 68466 70193 81285 
24 9
93918 70115 74586 52531 68866 9681 71737 48280 94793 
25 6
3011 84466 16257 31441 919 94224 
26 8
96603 44752 77282 44433 32429 47975 5962 45984 
27 8
88166 59190 37289 5867 89727 84924 55543 77593 
28 8
16875 25571 42572 30043 74789 42816 95267 8689 
29 7
77880 70989 36175 64683 14622 11416 47404 
30 7
31663 72463 85405 48185 65240 49591 65909 
31 7
25938 10150 57587 89027 52265 69096 36884 
32 6
45630 13515 17338 20586 77576 85900 
33 9
16310 21005 86099 9232 81590 26557 48022 17707 65797 
34 6
2179 80871 39273 2827 78121 44790 
35 3
33569 48373 27146 
36 6
68240 76177 12467 39602 8637 92847 
37 8
34703 75426 53284 11784 89764 51520 95177 19942 
38 5
83776 42950 62977 1639 64029 
39 6
64471 11917 76649 28260 90885 36824 
40 6
41740 45433 49832 51327 54261 30820 
41 6
92384 20476 56536 7367 25419 35744 
42 7
81031 54658 68371 19023 90419 68649 16152 
43 6
78376 82426 74372 67701 80220 35797 
44 7
11183 49407 89758 53315 80600 42431 41616 
45 7
60815 84866 69301 48327 35536 57209 63042 
46 7
33365 21970 42739 15193 74733 29348 15861 
47 4
70422 55933 46136 18869 
48 6
8385 75164 59120 18352 77679 24263 
49 5
29185 51344 39359 42100 65651 
50 5
42998 21053 84850 4984 81832 
51 7
65352 85611 55544 44162 84119 39697 39545 
52 2
41528 30789 
53 3
77411 77960 15548 
54 7
23827 28231 25910 89454 5035 2838 40439 
55 4
41881 62163 38546 52751 
56 5
94908 53560 63741 91069 88715 
57 5
43951 39497 76180 26090 9713 
58 7
29378 89667 86974 65795 88612 77446 12587 
59 6
43062 90387 43732 32070 78524 78754 
60 7
1071 29454 62000 27019 53509 78068 25624 
61 6
81552 22477 15071 7759 10206 19093 
62 6
68643 77018 68974 2963 89518 24904 
63 5
61256 58429 20278 73735 69459 
64 7
88249 63061 51703 9942 17803 57688 11623 
65 1
42531 
66 4
49877 65644 57741 58037 
67 5
7393 47834 29471 43862 29467 
68 5
65202 4673 40869 86280 39759 
69 4
56099 62186 19320 40844 
70 4
92908 64393 78791 14048 
71 4
54275 1400 28241 15229 
72 5
46889 15846 63883 51019 53716 
73 4
12059 5798 68342 91685 
74 5
828 72610 53990 4353 8513 
75 6
76956 2416 95358 70483 34546 7781 
76 4
33121 60423 45744 57511 
77 5
85665 53316 68558 56430 15171 
78 3
59294 7944 69383 
79 5
5741 87144 69825 85735 11019 
80 3
6777 84393 16966 
81 4
90049 30533 4567 93749 
82 5
33727 45223 11136 27639 41340 
83 8
58970 95793 52584 19646 89784 44749 81160 54707 
84 5
22490 9060 16360 78100 49002 
85 3
12454 26164 68995 
86 3
37635 16104 65 
87 5
17972 34094 13255 18696 86666 
88 5
49391 18561 37011 5241 27638 
89 2
41983 88864 
90 7
23152 5584 3484 87548 11117 28604 32227 
91 4
93319 3149 58710 35377 
92 2
59239 54599 
93 2
67995 6586 
94 3
29766 93128 94996 
95 1
95759 
96 6
16440 91265 10773 10901 22079 86396 
97 5
71620 84577 87460 48904 39172 
98 3
86641 78123 20633 
99 2
42113 93076 
100 4
11704 73374 91901 32319 
101 3
70704 4398 44234 
102 3
94521 62604 35677 
103 3
49579 79146 77825 
104 3
66960 7967 74905 
105 4
43415 12706 42012 24065 
106 2
75001 76142 
107 3
87839 10274 82966 
108 2
77797 32397 
109 3
3419 57631 25262 
110 3
68379 52277 55606 
111 2
49956 94250 
112 2
32692 78841 
113 2
43504 64923 
114 5
82387 25669 56750 88064 83456 
115 2
8734 95285 
116 2
22146 61768 
117 3
1192 28388 64650 
118 3
75757 15145 83352 
119 3
42404 13105 90658 
120 5
36305 52043 36867 83060 10190 
121 3
20703 69597 47247 
122 4
35470 31546 82041 86304 
123 1
1415 
124 1
72780 
125 2
46223 79977 
126 1
13154 
127 2
53033 16140 
128 3
69959 62252 40640 
129 3
76275 71154 23407 
130 2
96552 47003 
131 1
82396 
132 3
86030 36640 13452 
133 1
64534 
134 5
53068 44720 51873 66727 48995 
135 2
34419 11281 
136 2
71190 32648 
137 3
25684 93235 39132 
138 2
20006 21242 
139 2
7229 37483 
140 1
48050 
141 2
21491 20844 
142 2
24323 23629 
143 3
50042 37299 17256 
144 1
22566 
145 2
54958 88784 
146 3
9672 92440 18401 
147 3
82655 86838 47915 
148 3
61737 56425 81034 
149 3
68121 47242 25187 
150 1
66186 
151 0

152 4
263 89841 18421 20031 
153 0

154 0

155 2
32100 16988 
156 3
17820 32662 39468 
157 1
46185 
158 1
28226 
159 3
72791 22278 75384 
160 1
32398 
161 1
16109 
162 2
51236 3072 
163 1
642 
164 3
49765 87951 13140 
165 3
28716 45458 42008 
166 1
55254 
167 1
86566 
168 0

169 4
85566 41064 31393 18797 
170 0

171 0

172 2
68103 94957 
173 0

174 4
50815 32532 29818 95214 
175 2
54010 3480 
176 0

177 2
41751 52789 
178 2
54739 59314 
179 1
52299 
180 2
44646 26077 
181 3
51715 94382 17961 
182 2
34578 19684 
183 2
63452 61793 
184 0

185 2
24639 29341 
186 0

187 0

188 1
24370 
189 0

190 0

191 2
1016 12203 
192 1
48224 
193 2
3251 78808 
194 2
46496 63318 
195 1
86466 
196 0

197 2
3844 57231 
198 0

199 0

200 1
16838 
201 0

202 1
53780 
203 1
28344 
204 2
19739 78771 
205 1
24090 
206 0

207 2
16141 90456 
208 1
71502 
209 1
17076 
210 0

211 0

212 1
54862 
213 0

214 2
6109 18638 
215 0

216 0

217 1
25873 
218 0

219 0

220 1
6798 
221 1
85153 
222 1
30482 
223 0

224 0

225 0

226 0

227 1
29063 
228 2
62359 90493 
229 1
41453 
230 1
30538 
231 0

232 1
32354 
233 1
65228 
234 0

235 1
13272 
236 0

237 1
43175 
238 0

239 0

240 0

241 1
73474 
242 1
41524 
243 0

244 1
91196 
245 1
83475 
246 0

247 0

248 0

249 2
58608 5750 
250 0

251 1
45335 
252 0

253 1
43342 
254 1
3641 
255 1
92121 
256 0

257 2
66057 67708 
258 0

259 5
68540 35448 69074 50198 80798 
260 0

261 1
54583 
262 1
18026 
263 1
46820 
264 0

265 0

266 0

267 0

268 0

269 0

270 0

271 1
95583 
272 1
46632 
273 0

274 1
43052 
275 0

276 0

277 2
46578 94060 
278 0

279 2
31792 14974 
280 0

281 1
72166 
282 1
83031 
283 1
38720 
284 0

285 0

286 0

287 2
11639 77378 
288 0

289 0

290 0

291 1
56343 
292 0

293 0

294 1
34404 
295 1
73155 
296 0

297 0

298 0

299 0

300 0

301 1
76032 
302 3
33071 4142 29105 
303 0

304 0

305 2
4760 73578 
306 0

307 0

308 0

309 1
27616 
310 0

311 0

312 0

313 0

314 0

315 0

316 0

317 0

318 0

319 0

320 0

321 0

322 1
55891 
323 0

324 0

325 2
21794 37901 
326 1
77666 
327 2
19460 84819 
328 0

329 0

330 1
53850 
331 0

332 1
72379 
333 1
82448 
334 0

335 0

336 0

337 0

338 0

339 0

340 1
72200 
341 0

342 0

343 1
42424 
344 1
85144 
345 0

346 0

347 0

348 1
57414 
349 0

350 1
62091 
351 0

352 0

353 0

354 0

355 1
73205 
356 0

357 0

358 0

359 0

360 0

361 0

362 1
54895 
363 1
33717 
364 0

365 0

366 0

367 0

368 0

369 0

370 1
21078 
371 0

372 0

373 1
9708 
374 0

375 0

376 1
89511 
377 0

378 0

379 0

380 0

381 0

382 0

383 1
27378 
384 0

385 1
45627 
386 0

387 0

388 0

389 0

390 0

391 1
25334 
392 0

393 0

394 0

395 1
94109 
396 1
11233 
397 0

398 0

399 0

400 0

401 0

402 0

403 0

404 1
19194 
405 0

406 0

407 0

408 0

409 0

410 0

411 0

412 0

413 0

414 0

415 0

416 0

417 0

418 0

419 0

420 0

421 0

422 0

423 0

424 0

425 0

426 0

427 0

428 0

429 0

430 0

431 0

432 0

433 0

434 0

435 0

436 0

437 0

438 0

439 0

440 0

441 0

442 0

443 0

444 1
73507 
445 0

446 0

447 0

448 0

449 0

450 0

451 0

452 0

453 0

454 0

455 0

456 0

457 0

458 0

459 0

460 0

461 0

462 1
73313 
463 0

464 0

465 0

466 0

467 0

468 0

469 0

470 0

471 0

472 1
60389 
473 0

474 0

475 0

476 0

477 0

478 0

479 0

480 0

481 0

482 0

483 0

484 0

485 0

486 0

487 0

488 0

489 0

490 0

491 0

492 0

493 0

494 0

495 0

496 0

497 0

498 0

499 0

500 0

501 0

502 1
54957 
503 0

504 0

505 0

506 0

507 1
80880 
508 0

509 0

510 0

511 0

512 0

513 0

514 0

515 0

516 0

517 0

518 0

519 0

520 0

521 0

522 0

523 0

524 0

525 0

526 0

527 0

528 0

529 0

530 0

531 0

532 0

533 0

534 0

535 0

536 0

537 0

538 0

539 0

540 0

541 0

542 0

543 0

544 0

545 0

546 0

547 0

548 0

549 0

550 0

551 0

552 0

553 0

554 0

555 0

556 0

557 0

558 0

559 0

560 0

561 0

562 0

563 0

564 0

565 0

566 0

567 0

568 0

569 0

570 0

571 0

572 0

573 0

574 0

575 0

576 0

577 0

578 0

579 0

580 0

581 0

582 0

583 0

584 0

585 0

586 0

587 0

588 0

589 0

590 0

591 0

592 0

593 0

594 0

595 0

596 0

597 0

598 0

599 0

600 0

601 0

602 0

603 0

604 0

605 0

606 0

607 0

608 0

609 0

610 0

611 0

612 0

613 0

614 0

615 0

616 0

617 0

618 0

619 0

620 0

621 0

622 0

623 0

624 0

625 0

626 0

627 0

628 0

629 0

630 0

631 0

632 0

633 0

634 0

635 0

636 0

637 0

638 0

639 0

640 0

641 0

642 0

643 0

644 0

645 0

646 0

647 0

648 0

649 0

650 0

651 0

652 0

653 0

654 0

655 0

656 0

657 0

658 0

659 0

660 0

661 0

662 0

663 0

664 0

665 0

666 0

667 0

668 0

669 0

670 0

671 0

672 0

673 0

674 0

675 0

676 0

677 0

678 0

679 0

680 0

681 0

682 0

683 0

684 0

685 0

686 0

687 0

688 0

689 0

690 0

691 0

