285
0 11
93996 38189 98934 98191 48626 17444 13163 8090 56854 83175 70905 
1 11
2694 21688 40299 33942 1203 43226 23174 9566 28050 26834 82160 
2 10
53704 65044 61285 70340 87627 23460 71328 74591 25469 89726 
3 10
8386 71568 94440 53028 27859 24529 26805 10404 35277 49101 
4 9
4581 53044 67400 90608 30798 75340 28312 83377 73025 
5 8
87137 15070 47566 47205 7350 17005 45562 25389 
6 11
2259 45955 36060 26073 41403 7106 15707 34671 23984 21335 4380 
7 7
14020 87815 19317 42972 20636 29753 71663 
8 11
22741 67523 16905 45502 49158 73184 77085 50089 20355 45678 42575 
9 11
24556 6522 6715 94898 77589 98735 49244 10459 96963 29934 63595 
10 9
41197 7950 36532 85727 47623 81290 52287 27185 64788 
11 10
70860 45742 80017 53677 29006 85157 57218 57374 50789 52706 
12 7
1135 32313 25396 43612 74495 2194 14370 
13 8
22804 51076 23900 69472 80572 87840 93903 33902 
14 7
35393 11852 36493 15233 75516 52006 64415 
15 8
85148 74827 65626 59641 84043 12126 17197 31951 
16 5
97312 7214 18601 37762 26718 
17 7
93616 73073 82105 45543 8229 18075 12605 
18 5
32360 72289 14677 50325 88141 
19 7
68776 66756 83022 48064 78683 14533 55859 
20 5
82509 88186 91233 59232 20928 
21 4
6155 36029 8975 17167 
22 7
88430 82268 91846 41329 84059 39631 43655 
23 5
41609 69778 5326 46429 21357 
24 5
57041 41347 67895 9254 35887 
25 9
74783 29984 96152 47223 14372 41188 64505 92015 67349 
26 9
89772 94757 51866 1921 62552 79559 81147 19850 91748 
27 5
65782 96212 89211 69741 5044 
28 4
91531 28518 16618 46688 
29 7
88171 18139 88302 7134 29819 56700 80109 
30 6
11825 84734 72940 79687 51467 35337 
31 7
92138 70671 59848 24721 60797 8295 46494 
32 7
41630 18076 78620 10974 47949 77474 7763 
33 5
64248 33520 64754 95315 47176 
34 5
71870 49697 14425 20594 33634 
35 4
2247 85096 98143 81614 
36 3
23578 80645 5305 
37 3
55064 21955 10355 
38 3
74017 7826 12471 
39 4
59618 44060 23734 87313 
40 2
35667 51550 
41 4
55232 47752 11382 6967 
42 3
75965 29713 17254 
43 2
96510 53703 
44 4
61758 58213 10097 29696 
45 5
90878 14576 86609 89107 44824 
46 4
70003 13295 59402 19243 
47 3
71638 45981 68563 
48 3
31281 95339 34557 
49 2
19579 46362 
50 4
99815 68074 78004 41092 
51 4
61324 42295 5450 59791 
52 1
61974 
53 2
25495 5600 
54 2
49541 55638 
55 2
19269 30235 
56 3
12311 66229 61079 
57 2
25692 14740 
58 5
4326 61425 57995 97980 82307 
59 2
10853 27344 
60 2
66753 61903 
61 4
80975 5924 21236 17497 
62 2
97059 28481 
63 4
18572 29623 17405 52584 
64 2
42172 14579 
65 2
1188 21049 
66 2
64909 68847 
67 1
98836 
68 2
29892 66912 
69 1
27546 
70 1
11317 
71 3
14772 44147 44402 
72 2
69796 78416 
73 2
52974 97569 
74 1
70532 
75 4
17734 12064 8278 23053 
76 3
54566 8855 10512 
77 4
80226 42198 48440 90228 
78 0

79 2
32593 96343 
80 1
93123 
81 5
43079 7037 66757 753 61840 
82 1
22644 
83 1
21570 
84 2
51897 63719 
85 1
42138 
86 1
90509 
87 1
28264 
88 0

89 1
64916 
90 0

91 2
66363 43728 
92 2
89537 62364 
93 0

94 1
66252 
95 1
61284 
96 1
86435 
97 2
95243 4420 
98 2
18893 93380 
99 0

100 0

101 0

102 0

103 2
5868 22787 
104 1
71185 
105 0

106 1
73999 
107 1
91626 
108 1
56006 
109 0

110 0

111 0

112 1
62041 
113 1
74744 
114 1
39541 
115 0

116 1
3915 
117 1
23861 
118 1
90405 
119 1
12186 
120 1
98652 
121 1
14006 
122 1
69470 
123 1
90254 
124 0

125 0

126 0

127 0

128 0

129 0

130 0

131 1
36044 
132 0

133 0

134 0

135 0

136 0

137 0

138 0

139 0

140 0

141 0

142 0

143 0

144 0

145 0

146 0

147 0

148 1
21562 
149 0

150 1
80174 
151 0

152 0

153 0

154 0

155 0

156 0

157 0

158 0

159 0

160 0

161 0

162 0

163 0

164 0

165 0

166 1
18116 
167 0

168 1
90090 
169 0

170 0

171 0

172 0

173 0

174 0

175 0

176 0

177 0

178 0

179 0

180 1
55835 
181 0

182 0

183 0

184 0

185 0

186 0

187 1
71398 
188 0

189 0

190 0

191 0

192 0

193 0

194 0

195 0

196 0

197 0

198 0

199 0

200 0

201 0

202 0

203 1
10968 
204 0

205 0

206 0

207 0

208 0

209 0

210 0

211 0

212 0

213 0

214 0

215 0

216 0

217 0

218 0

219 0

220 0

221 0

222 0

223 0

224 0

225 0

226 0

227 0

228 0

229 0

230 0

231 0

232 0

233 0

234 0

235 0

236 0

237 0

238 0

239 0

240 0

241 0

242 0

243 0

244 0

245 0

246 0

247 0

248 0

249 0

250 0

251 0

252 0

253 0

254 0

255 0

256 0

257 0

258 0

259 0

260 0

261 0

262 0

263 0

264 0

265 0

266 0

267 0

268 0

269 0

270 0

271 0

272 0

273 0

274 0

275 0

276 0

277 0

278 0

279 0

280 0

281 0

282 0

283 0

284 0

