44
0 101
46951 88657 54752 43634 25153 8277 1339 87278 31972 53388 83565 97785 51108 76610 53625 40629 66405 76409 26264 56262 84255 90629 42630 5401 32361 9399 63853 8362 62462 87915 69290 54975 38734 77381 43958 58556 16632 90000 65374 24934 59688 42243 64490 6584 65291 21172 23204 70789 76716 85276 46195 4371 37852 23670 1517 28876 95035 65609 74043 831 98871 32234 36410 47837 25082 65855 76065 53604 83241 30619 20385 94598 68912 68997 60847 91095 30012 83570 29457 17931 69137 54956 41959 10178 60813 32388 44697 3977 67012 99171 92419 73032 88375 39911 73781 61902 20070 3057 57252 38747 90334 
1 80
13426 48288 3585 78616 83285 9834 34662 7648 18581 50511 98400 52737 35286 6672 12922 5412 59462 54978 28638 23003 34349 52165 24248 50770 69951 97396 80691 17563 51405 42189 34563 63896 55896 53149 88597 17731 58408 65526 42345 23565 44254 69560 93871 2491 11088 30493 17326 43474 99165 68763 86844 87822 51040 33499 45242 33493 48983 73159 72219 19355 17044 76568 40270 39286 4860 82551 43456 41192 41831 39250 24506 982 6340 54398 77571 90765 55172 41684 2712 10660 
2 62
83404 48022 61558 54216 41956 79227 76175 5650 576 99023 54062 52557 24821 76043 53829 72611 93259 42858 87235 31194 16182 68320 79094 44845 5375 69632 39509 96964 34976 61546 58986 72534 74480 1690 87544 19011 77071 73527 61184 40247 28743 19571 50053 51358 31096 88870 48483 8946 11811 423 24541 36817 61506 43569 19278 47218 15738 89164 9831 66444 67746 63683 
3 60
34135 28666 47237 19293 24451 21250 46971 50892 55972 20889 72998 41883 88058 93128 3500 3061 48537 75716 94082 70233 81793 86992 72553 79457 7222 83309 12318 84790 91562 81420 40250 88917 39483 41511 87220 24116 72685 53250 11874 68733 5348 87651 88856 45333 58451 46934 57886 51024 69115 79428 24137 85716 99779 89943 33312 8967 35154 36533 71561 67250 
4 49
66914 24076 79296 55540 67963 1083 849 83392 44877 5091 26096 42349 56980 76636 39097 80330 70792 92101 50860 70306 16976 34895 2602 10343 22646 60126 44404 95089 15643 71709 75845 92918 50341 56472 50859 4097 81905 80070 87093 81825 90683 13419 56706 60269 41411 85825 17878 15892 81499 
5 30
79819 40037 26636 98306 72752 66031 43194 7947 38574 72601 55481 50131 14494 28038 32248 92908 63583 76118 13021 43801 17938 88282 67444 96534 26629 52333 27796 60778 15331 41037 
6 33
72604 12040 87547 11559 96672 92989 75879 20098 64945 41347 37845 39399 76779 94995 45441 55122 92259 61978 76767 26260 79158 12798 44019 47731 4271 81489 4067 32633 5848 51605 93759 73861 88158 
7 26
24671 21880 31418 45655 33551 75484 96878 91418 82259 87379 95671 59373 30614 82407 7864 8522 76297 12422 42004 68246 79038 16679 31741 32177 45190 67282 
8 18
31244 77991 12627 67742 32982 94145 60648 67260 44243 3741 81602 93486 4207 1590 45796 83142 48456 82698 
9 12
1648 95954 73511 20416 22967 27174 66839 37727 93012 33843 49215 70946 
10 16
34370 58621 26543 63450 55760 12180 55588 28285 86884 64195 52514 2227 45813 71118 43392 63628 
11 12
34398 20696 81603 79955 71014 19536 64580 24201 56784 71504 24811 99847 
12 8
57731 87376 90355 93538 48044 57646 32933 66219 
13 7
87618 31064 97905 78494 34691 56197 20641 
14 2
90134 95342 
15 2
50114 84720 
16 4
27817 41303 49352 91492 
17 6
69400 24687 88488 98999 73403 93541 
18 2
28584 25008 
19 0

20 0

21 1
21801 
22 1
29424 
23 1
65159 
24 1
51878 
25 1
68927 
26 0

27 0

28 0

29 0

30 0

31 0

32 0

33 0

34 0

35 0

36 0

37 0

38 0

39 0

40 0

41 0

42 0

43 0

