138
0 17
38876 17834 20150 54615 75281 72974 85595 42389 29235 98884 52984 36957 11059 85702 41468 76296 36682 
1 17
75177 75996 16100 12037 49577 70449 65448 58945 56710 93711 95760 45420 68768 52375 88547 49856 36919 
2 15
85774 57669 93275 42466 15984 47423 68602 64356 58991 1619 65980 46271 42914 27275 24909 
3 15
73191 15862 37307 41565 31464 48959 23002 61084 45897 12971 77373 94029 72819 26629 12543 
4 14
42037 96214 5954 43042 3645 44415 77871 86910 85615 94235 95628 79261 14613 70292 
5 14
80200 69935 10687 649 38710 20514 77847 74619 91098 6427 78254 47438 32925 55048 
6 13
54430 28526 41887 44363 4970 32168 66884 31847 140 47036 70738 91831 36363 
7 12
50393 82049 91653 33508 3659 79268 45231 61424 92556 3412 24647 51698 
8 11
32929 4702 78272 51557 56667 37773 49162 79710 56684 1355 72642 
9 12
33898 10729 26549 40510 35869 77170 99732 73568 40693 75749 69527 71310 
10 12
63094 76749 82987 57541 84248 94426 26492 5250 59460 71413 26429 52779 
11 10
11878 92792 7504 39597 89726 60201 18298 3342 42642 16673 
12 9
62876 99447 67836 86928 49084 13657 69916 47899 75312 
13 8
74136 49975 79095 6006 37000 82148 15465 32068 
14 11
6123 85719 11521 24711 15481 17906 95973 99481 14440 2529 41904 
15 12
71721 38719 9418 25712 80622 28631 49387 11462 94076 90703 72985 76308 
16 7
31347 1908 42173 73350 64401 36773 10524 
17 5
11657 42684 53102 20782 11423 
18 7
73284 27177 59008 29557 24465 49742 26169 
19 4
26780 88213 54318 6769 
20 8
67449 12318 39199 56523 99180 47761 23100 8584 
21 8
58339 34705 57128 32227 26283 30922 82082 54653 
22 7
90524 57539 87007 42340 58793 54848 33097 
23 7
59334 67621 20647 72386 46811 20076 11417 
24 7
39349 71604 63337 37045 74706 91034 35093 
25 3
1241 58244 85707 
26 3
99593 99605 44846 
27 1
99786 
28 4
10496 94034 87790 9625 
29 3
90248 10129 92680 
30 2
27380 64069 
31 4
82426 32446 89327 88376 
32 5
8898 49072 97750 67958 55276 
33 3
76878 56024 31490 
34 3
36795 72563 86334 
35 6
78163 18615 90776 72299 6304 72368 
36 2
26009 66740 
37 4
48568 36224 63179 82897 
38 2
19193 77019 
39 6
38137 89431 47101 90198 3693 60808 
40 4
89309 36034 94636 34921 
41 3
46019 75562 3614 
42 2
33401 66558 
43 3
34836 57738 65638 
44 4
18241 78492 13948 25426 
45 2
75032 53817 
46 1
94566 
47 2
46883 19792 
48 4
51534 60799 97632 52987 
49 3
4929 91001 673 
50 1
2973 
51 1
68471 
52 1
55236 
53 1
24188 
54 3
83147 67467 61078 
55 1
64299 
56 2
2502 50491 
57 1
45982 
58 1
97360 
59 2
28660 20383 
60 1
20058 
61 0

62 0

63 1
27087 
64 0

65 0

66 0

67 3
73247 51168 97027 
68 0

69 0

70 0

71 0

72 1
96741 
73 0

74 0

75 1
87137 
76 0

77 0

78 0

79 0

80 1
55247 
81 2
26546 73493 
82 1
31676 
83 0

84 0

85 0

86 0

87 0

88 0

89 0

90 0

91 2
95890 23307 
92 0

93 0

94 0

95 1
89887 
96 0

97 0

98 0

99 0

100 0

101 1
2934 
102 1
53772 
103 0

104 0

105 0

106 0

107 0

108 0

109 0

110 0

111 1
20093 
112 0

113 0

114 0

115 0

116 0

117 0

118 0

119 0

120 0

121 0

122 0

123 0

124 0

125 0

126 0

127 0

128 0

129 0

130 0

131 0

132 0

133 0

134 0

135 0

136 0

137 0

