205
0 132
82072 10249 91904 47561 12257 43216 84106 47040 28511 47202 52290 22914 72928 83743 46981 95595 7540 78186 15501 53803 56266 38527 18515 49324 70501 37064 37704 2387 30854 9990 20105 16604 88324 58004 5741 24054 38929 52868 63848 57512 95381 66795 78398 15457 9969 22850 23016 64191 15629 63229 46282 29584 97467 45014 77629 13431 7510 95761 77854 13756 49233 44672 60553 12595 21270 16932 94679 89330 18543 13135 31198 99128 20325 11339 70861 6248 47025 41915 31807 14039 40036 36284 20873 49666 12294 52142 18054 79671 57671 43938 46639 84790 13163 50914 20421 79467 9431 53264 3718 95766 23840 95171 19500 79445 28180 78771 55357 43055 68709 1636 70713 82074 19683 6461 73699 56554 63449 63288 57751 54484 68372 64467 62779 36519 62129 99140 74776 87316 99023 63775 80495 23424 
1 4
34841 11720 130 59045 
2 4
31363 6654 63978 54361 
3 4
45096 1328 83518 43621 
4 4
79403 15498 23161 48442 
5 4
59661 26940 54320 36113 
6 4
29947 38190 38404 92697 
7 4
10254 31432 34696 78251 
8 4
1082 73824 51703 87381 
9 4
25478 34604 54694 63836 
10 4
23452 12978 89801 96215 
11 4
3842 20088 11759 63558 
12 4
84557 38162 94866 65762 
13 4
96541 98348 46375 9462 
14 4
60407 96508 96001 1662 
15 4
16454 55820 40626 65158 
16 4
45710 99353 31382 49487 
17 4
98605 58358 18873 87592 
18 4
14053 3769 74169 88883 
19 4
73948 28060 39329 25023 
20 4
58421 65733 87867 12398 
21 4
50349 74253 79626 17011 
22 4
14888 3428 69255 93241 
23 4
24601 70220 56828 73607 
24 4
52229 33369 15090 99352 
25 4
94477 83146 33102 82388 
26 4
49774 13091 68512 83552 
27 4
63524 48541 14212 89165 
28 4
55616 25566 56825 97673 
29 4
91025 49243 57060 93083 
30 4
64963 2958 98368 70569 
31 4
46776 72891 8673 80505 
32 4
60190 70777 98735 83921 
33 4
6777 22268 79473 86125 
34 4
40688 91336 3629 10966 
35 4
42782 36219 53607 58231 
36 4
42570 3026 7958 7228 
37 4
53894 89027 83542 33717 
38 4
96607 70453 14191 54256 
39 4
38704 75582 76539 28379 
40 4
56097 85931 63900 44955 
41 4
55694 71164 7559 10930 
42 4
12198 79809 9367 92154 
43 4
84133 97634 75799 88555 
44 4
99269 48607 27445 72590 
45 4
64277 48699 21611 5970 
46 4
38753 13486 74291 39553 
47 4
27827 19908 38129 19948 
48 4
85291 13434 95293 70290 
49 4
75436 86866 25140 7024 
50 4
94297 21168 45756 34069 
51 4
87560 86642 84157 7753 
52 4
83385 55441 31084 11264 
53 4
57877 26074 16617 46440 
54 4
21461 36796 90430 30379 
55 4
65293 13940 47704 83689 
56 4
55076 77906 91015 78834 
57 4
6328 31885 99106 52031 
58 4
97313 64882 40831 29723 
59 4
68206 70797 73663 27120 
60 4
96802 71558 71874 36258 
61 4
298 65723 55693 65078 
62 4
75377 23010 64528 98713 
63 4
87762 73508 29354 33457 
64 4
93949 63628 12403 70995 
65 4
56504 97824 90600 90569 
66 4
22500 79821 68664 34439 
67 4
83383 81878 37909 96854 
68 4
3666 85342 73428 80514 
69 4
50394 51479 42707 18406 
70 4
36857 60559 38152 61687 
71 4
59346 22457 28283 18152 
72 4
85884 62679 72085 43008 
73 4
36132 21261 18461 17024 
74 4
64755 42587 91748 14938 
75 4
14696 53391 90062 33751 
76 4
97536 20828 14431 28858 
77 4
71962 30370 46026 4369 
78 4
21267 16883 36417 14611 
79 4
2658 81787 87508 91128 
80 4
42982 9012 7036 45422 
81 4
10388 45820 5543 59841 
82 4
24868 83050 1092 81185 
83 4
54388 88430 35839 61418 
84 4
6891 87928 17846 17254 
85 4
31476 13491 49978 49008 
86 4
91317 98312 87425 65632 
87 4
26108 14207 78369 56386 
88 4
17890 26402 64296 94509 
89 4
23120 91531 62491 55136 
90 4
27324 55297 52455 43752 
91 4
94573 1805 4918 552 
92 4
51096 77234 82160 58799 
93 4
95240 37065 75649 60337 
94 4
30064 81761 70698 86684 
95 4
43595 19868 19144 58801 
96 4
60945 96929 11556 76916 
97 3
51661 33471 45154 
98 4
92216 84665 79673 17585 
99 4
99084 8484 7986 45955 
100 4
83592 77889 44483 92461 
101 4
50846 7179 33691 95301 
102 4
20710 93181 26462 72940 
103 4
20200 95148 16308 66274 
104 4
53536 39049 93024 21369 
105 4
3269 57714 8094 86102 
106 4
38943 62154 85336 33373 
107 4
35846 38063 8395 32898 
108 4
25280 57038 71059 57359 
109 4
41607 99257 32648 91351 
110 4
2840 40648 95615 16732 
111 4
30527 76900 50238 98369 
112 4
56994 75967 95063 93072 
113 4
65974 43787 96381 41625 
114 4
86341 31158 55869 13810 
115 4
87929 6626 99180 76511 
116 4
73590 90054 1918 96253 
117 4
18528 18 35156 49089 
118 4
44657 47982 93176 21856 
119 4
98455 61982 14565 99004 
120 4
5214 45552 18020 28124 
121 4
65306 16328 72878 31913 
122 4
86648 20852 50768 58329 
123 4
88640 8321 34453 43458 
124 4
47225 545 22758 24358 
125 4
27828 16569 69708 19287 
126 4
78276 21481 91440 91314 
127 4
7068 96231 70786 46133 
128 4
69611 77146 70337 37072 
129 4
9193 5311 79331 44882 
130 4
87978 65232 99603 12172 
131 4
60793 35539 44429 65664 
132 4
69977 30635 35762 66047 
133 4
31137 77387 51399 15180 
134 4
60390 45740 60815 91234 
135 4
87540 78423 54695 64928 
136 4
11513 82401 83825 32901 
137 4
21271 95008 89248 49275 
138 4
84506 92731 89497 52163 
139 4
13000 76999 91770 69439 
140 4
55021 27384 26047 51326 
141 4
98566 98129 30123 41481 
142 4
98593 39252 46943 3741 
143 4
9336 62686 64510 38705 
144 4
96050 37077 60726 70920 
145 4
20277 28127 53509 9219 
146 4
31425 43687 37930 16567 
147 4
73945 1733 53480 77055 
148 4
5437 77616 6574 23708 
149 4
71250 37123 59831 6436 
150 4
82587 94036 31093 38425 
151 4
71318 76110 74611 13357 
152 4
68817 51844 15985 6020 
153 4
77526 38159 51327 98015 
154 4
80036 27196 19123 78203 
155 4
27229 1249 19107 56087 
156 4
14810 69831 85682 75422 
157 4
36695 41604 51468 75175 
158 4
14600 91349 92478 93076 
159 4
38729 26253 122 25691 
160 4
87880 15876 95041 23689 
161 4
65599 11153 38911 73953 
162 4
36139 46708 39440 1927 
163 4
30571 24929 58900 64780 
164 4
85757 46902 65000 7943 
165 4
97180 90709 45047 93150 
166 4
29491 20487 5391 95220 
167 4
12112 90822 50999 33402 
168 4
51131 60472 30688 58260 
169 4
4824 24229 82751 92413 
170 4
92391 61914 63284 70445 
171 4
28179 58785 91720 17071 
172 4
28411 87665 89429 53372 
173 4
54091 4703 33754 75853 
174 4
69520 414 1372 74590 
175 4
51631 30610 80850 808 
176 4
7982 48465 16158 56751 
177 4
68095 88982 77042 84473 
178 4
75135 24857 70100 2267 
179 4
53056 94362 98865 79658 
180 4
41912 90319 28991 72044 
181 4
23168 34955 90080 87770 
182 4
29726 4092 85058 26060 
183 4
61063 11284 25189 47640 
184 4
71830 4013 57707 22722 
185 4
41967 87375 64577 10111 
186 4
74535 75701 65848 2795 
187 4
84735 78101 6261 79299 
188 4
16171 34746 24492 56715 
189 4
82637 87894 69947 22219 
190 4
43406 6096 66617 94696 
191 4
51637 40465 4882 64617 
192 4
86918 8920 84246 40500 
193 4
58327 81922 87999 36728 
194 4
90542 65208 76400 53677 
195 4
16156 74222 85815 62880 
196 4
22698 69781 41465 56616 
197 4
83918 35681 9589 51781 
198 4
37297 9071 65819 74150 
199 4
78620 28505 97575 36487 
200 4
73740 53404 3043 77495 
201 4
79284 93948 50249 70343 
202 4
43316 46889 1761 38233 
203 4
95392 38664 40359 95755 
204 4
58605 82122 62546 42122 
