139
0 139
72437 70524 15451 67795 48847 32297 82670 20498 65065 14567 39580 17347 46296 71159 42897 838 77950 27344 60500 55091 3270 70614 16426 47135 12561 12011 69118 57040 56546 16308 69988 48258 43910 47106 39534 1992 30869 57377 41446 62107 14840 88255 35657 54451 40250 6008 3181 55191 23080 45940 78301 74219 17677 53459 702 6727 41612 53915 74190 55982 69999 84743 7219 85111 16278 31441 27082 42825 16886 30910 60847 19521 15936 13987 23868 31090 26666 36721 80301 44851 40744 39059 4064 49302 39585 187 6409 20552 53733 82120 26249 19260 58649 6749 64293 132 16081 62722 85477 15445 63550 36267 23979 58389 23563 3098 265 86948 83965 18007 31128 57453 54498 24441 8951 22358 10084 48126 59113 45388 35426 5025 49779 62141 16181 68107 41616 66473 43676 74409 30008 52978 31589 48737 44081 29232 34377 20185 68003 
1 67
24464 31332 55938 64350 27271 61077 67155 82839 39565 25051 86854 14004 82314 76046 65882 41664 57551 80496 74762 2174 64774 53429 23775 64309 86361 84811 37886 74471 45889 10015 31048 19079 20363 75185 26235 4424 28765 8625 23484 46224 72447 45770 50850 16488 52560 55211 25564 62428 46070 54355 67474 58655 25000 28794 66683 39560 18231 9408 49458 77407 36620 66333 18982 33150 77784 28394 2050 
2 38
33363 77771 57460 41693 23038 52582 50159 36420 5854 46423 72304 47896 4560 30636 36132 40560 43780 38709 26472 46408 43709 14118 56752 24847 55254 57995 50877 71035 77607 26347 25072 61736 71491 5635 36555 29572 22339 34738 
3 24
83616 74120 82069 18021 34455 23644 32392 20122 32412 86636 60939 50884 79196 24893 5090 88003 48528 65655 19773 18774 63966 42254 38032 65798 
4 10
7302 49309 68779 38440 23948 76380 37968 44927 34684 87514 
5 8
63668 37331 5224 67589 57297 52785 41126 40985 
6 3
36645 18375 6524 
7 3
53365 80785 28333 
8 0

9 0

10 0

11 0

12 0

13 0

14 0

15 0

16 0

17 0

18 0

19 0

20 0

21 0

22 0

23 0

24 0

25 0

26 0

27 0

28 0

29 0

30 0

31 0

32 0

33 0

34 0

35 0

36 0

37 0

38 0

39 0

40 0

41 0

42 0

43 0

44 0

45 0

46 0

47 0

48 0

49 0

50 0

51 0

52 0

53 0

54 0

55 0

56 0

57 0

58 0

59 0

60 0

61 0

62 0

63 0

64 0

65 0

66 0

67 0

68 0

69 0

70 0

71 0

72 0

73 0

74 0

75 0

76 0

77 0

78 0

79 0

80 0

81 0

82 0

83 0

84 0

85 0

86 0

87 0

88 0

89 0

90 0

91 0

92 0

93 0

94 0

95 0

96 0

97 0

98 0

99 0

100 0

101 0

102 0

103 0

104 0

105 0

106 0

107 0

108 0

109 0

110 0

111 0

112 0

113 0

114 0

115 0

116 0

117 0

118 0

119 0

120 0

121 0

122 0

123 0

124 0

125 0

126 0

127 0

128 0

129 0

130 0

131 0

132 0

133 0

134 0

135 0

136 0

137 0

138 0

