191
0 18
53708 22010 36625 55389 45578 42450 5426 37284 37663 25067 34877 3212 49170 55823 12995 32450 14243 39597 
1 17
9296 13570 37132 2071 22117 10967 1309 4737 33976 48741 29284 23443 5813 21210 54945 4822 59468 
2 14
46411 45514 5692 59075 202 22336 1318 25938 41952 49387 6140 42620 60289 1080 
3 17
50776 28375 10781 1379 22987 47269 32478 20583 38880 11656 41733 31515 52080 30159 2739 14955 12119 
4 14
11071 21850 27978 35935 42081 13265 58486 57231 36541 28692 44459 25979 28031 583 
5 11
7431 10990 45090 13178 16391 33473 36144 36989 44655 59658 15755 
6 13
53802 3631 60340 43015 29336 52141 29988 37269 33831 35768 6191 21933 46643 
7 12
21436 20704 42561 50375 2200 19067 49832 3481 17300 6533 35669 39715 
8 10
37378 25124 26296 30128 4050 30317 60858 54750 22337 40855 
9 10
27523 48519 53056 43992 45368 9826 41316 19222 27421 30168 
10 8
6883 38519 31039 17138 28283 279 53591 30924 
11 9
58863 13142 5245 48481 25849 32689 45575 2297 51414 
12 10
47143 15875 44206 51568 52802 5928 42041 36737 60102 60596 
13 7
28415 2957 30386 37409 57256 2660 51463 
14 8
38242 21167 3498 46954 56324 61106 55943 44930 
15 4
9729 29440 39219 20480 
16 8
49123 21195 51700 55480 60752 20844 55873 61192 
17 6
1075 3814 14297 23463 29013 16523 
18 8
37407 18142 25531 26674 44553 45260 43242 53312 
19 3
44741 13965 25250 
20 1
12169 
21 8
36345 26082 25915 30684 42867 38489 5033 20527 
22 5
37140 15091 57272 40271 6016 
23 2
44225 7532 
24 2
36177 3178 
25 1
3462 
26 1
2880 
27 0

28 7
33958 41096 33194 23544 22544 57906 19464 
29 3
49102 28605 43803 
30 5
59242 6099 55654 15593 15510 
31 0

32 1
27849 
33 1
32749 
34 2
50696 51924 
35 0

36 4
33918 21496 41954 7917 
37 1
41723 
38 1
36779 
39 1
49577 
40 1
1859 
41 0

42 2
13937 36167 
43 0

44 0

45 3
22109 3518 55772 
46 2
52285 58491 
47 1
23581 
48 2
23127 14339 
49 0

50 0

51 0

52 1
55017 
53 1
12809 
54 0

55 1
36399 
56 0

57 0

58 0

59 0

60 0

61 0

62 0

63 0

64 0

65 0

66 0

67 0

68 0

69 0

70 0

71 0

72 0

73 0

74 0

75 0

76 0

77 0

78 0

79 0

80 0

81 0

82 0

83 0

84 0

85 0

86 0

87 0

88 0

89 0

90 0

91 0

92 1
36887 
93 0

94 0

95 0

96 0

97 0

98 0

99 0

100 0

101 0

102 0

103 0

104 0

105 0

106 0

107 0

108 0

109 0

110 0

111 0

112 0

113 0

114 0

115 0

116 0

117 0

118 0

119 0

120 0

121 0

122 0

123 0

124 0

125 0

126 0

127 0

128 0

129 0

130 0

131 0

132 0

133 0

134 0

135 0

136 0

137 0

138 0

139 0

140 0

141 0

142 0

143 0

144 0

145 0

146 0

147 0

148 0

149 0

150 0

151 0

152 0

153 0

154 0

155 0

156 0

157 0

158 0

159 0

160 0

161 0

162 0

163 0

164 0

165 0

166 0

167 0

168 0

169 0

170 0

171 0

172 0

173 0

174 0

175 0

176 0

177 0

178 0

179 0

180 0

181 0

182 0

183 0

184 0

185 0

186 0

187 0

188 0

189 0

190 0

