145
0 10
46999 83345 74543 81687 78999 12966 21462 19164 29159 60173 
1 10
85148 35100 78898 46621 64224 25843 51303 44215 48542 33685 
2 10
71988 37784 48773 48881 48945 39021 8402 19063 6218 25051 
3 8
18889 84489 70181 54969 35997 8587 3132 29035 
4 10
67282 26898 62766 33275 76934 52011 48084 43286 58959 60754 
5 8
67573 66129 22188 34824 16601 24664 14143 37467 
6 9
11868 31416 11990 8259 35065 14531 46710 25933 41478 
7 6
42274 14443 42637 46067 45115 21311 
8 8
39427 31035 48039 61172 18295 22145 82046 15643 
9 7
8796 44749 21994 40866 16345 77650 40298 
10 9
77687 80396 28592 47887 26825 13496 38899 34404 43444 
11 6
71427 3833 1919 6145 43282 6867 
12 7
32710 68820 66284 56873 79012 75487 18914 
13 8
52771 70024 26600 24254 58685 59690 11730 58690 
14 6
10360 69691 8523 46460 58657 35818 
15 7
48397 51839 46891 47568 34743 44956 17064 
16 8
72258 16082 39909 55045 303 23298 49126 25746 
17 9
10968 47229 34218 1905 74990 82576 51752 16258 77400 
18 8
12132 71861 65327 78555 9233 57446 68950 11579 
19 8
34834 32061 68399 35554 72609 28914 53727 10349 
20 7
33280 24756 69394 30046 16762 38115 45167 
21 8
6099 58595 73513 76053 15112 84529 68341 48987 
22 8
47259 63667 24949 81635 82301 41633 85154 37517 
23 4
78272 56248 42073 69601 
24 6
31589 14156 28177 52517 75965 24896 
25 7
33030 1996 76923 5094 83582 12763 77216 
26 7
1728 15429 44176 39081 47269 57209 10476 
27 6
24019 84012 19481 12654 83898 43411 
28 2
71943 6880 
29 8
77550 1271 63065 76762 34193 66043 73203 34285 
30 4
43454 63493 58163 52089 
31 5
79673 4376 41207 13775 31075 
32 5
73801 6176 28605 72795 5288 
33 4
62487 28538 66606 74944 
34 6
67745 52927 3114 85076 28543 43464 
35 2
26341 53361 
36 5
10200 68566 34483 18947 20850 
37 5
71310 34203 209 20364 38408 
38 7
82743 60447 58819 84593 52285 56909 72709 
39 5
52525 55545 70523 33658 7487 
40 3
44804 2192 22677 
41 2
7787 49724 
42 3
11092 28129 57837 
43 7
57156 61287 57011 72407 54158 33203 11067 
44 3
32048 906 29144 
45 2
79843 71771 
46 5
42914 66150 33854 70337 15149 
47 3
14669 1184 81454 
48 3
39942 59869 58390 
49 3
45652 71306 74497 
50 4
44905 16815 59473 65620 
51 1
83696 
52 3
78945 54607 6714 
53 3
52133 53107 6143 
54 4
41312 52831 31152 48419 
55 4
81005 33332 73239 70420 
56 3
42287 76675 83347 
57 1
32378 
58 4
9078 7735 73858 18445 
59 0

60 1
3330 
61 0

62 3
12152 34482 73387 
63 5
35549 53993 7541 14881 49635 
64 1
71185 
65 1
21510 
66 2
53111 63409 
67 2
65715 16896 
68 4
77726 75652 59804 49858 
69 1
1932 
70 1
52820 
71 3
8449 37731 49370 
72 0

73 0

74 1
10889 
75 3
75542 4824 79678 
76 2
70303 3009 
77 1
1699 
78 3
41695 68463 81486 
79 2
13969 39662 
80 3
15605 72377 65499 
81 2
68353 32644 
82 0

83 0

84 1
5740 
85 2
61130 63106 
86 1
13002 
87 1
26803 
88 1
81102 
89 0

90 1
81426 
91 1
3589 
92 0

93 0

94 0

95 1
42388 
96 1
47074 
97 3
5705 16391 46624 
98 1
83710 
99 0

100 1
41982 
101 1
61766 
102 2
58603 47549 
103 1
69961 
104 1
75427 
105 1
81114 
106 0

107 1
10415 
108 1
47416 
109 2
30194 21109 
110 3
75014 3309 39184 
111 0

112 0

113 1
54833 
114 0

115 0

116 1
11734 
117 1
60831 
118 2
52486 20104 
119 0

120 0

121 2
30931 79612 
122 0

123 1
79378 
124 0

125 2
43637 77344 
126 0

127 0

128 2
18748 77203 
129 2
81317 5286 
130 0

131 1
7325 
132 0

133 0

134 1
12147 
135 0

136 0

137 0

138 1
34273 
139 0

140 1
79772 
141 2
47322 19871 
142 1
83549 
143 0

144 0

