395
0 103
37397 63335 12160 55087 49017 51274 40473 67655 25924 13583 35771 22251 63979 41099 36566 1587 1841 48978 79680 7082 5749 12876 87874 40975 66988 19641 13635 16952 42785 41967 8744 25977 14793 14246 28282 40729 75909 49056 63305 82575 69442 71025 81443 47651 38463 81839 8337 54968 11239 57442 59706 68810 9498 63597 36552 38481 81383 9143 30834 60046 13547 76336 81483 39289 48112 29413 85470 44839 71723 34995 25865 61819 59314 56183 22081 47456 76501 31046 69996 88143 8584 83798 64734 49624 4506 63658 82536 22875 44955 5806 44922 66465 5898 66710 15357 23173 69159 4842 49154 83035 13988 46223 48872 
1 62
65840 9308 72426 21970 84717 15065 5162 12143 33458 84178 62548 85794 50945 51832 41232 20135 50808 70201 28826 27462 2435 20278 19570 5548 21655 31428 11307 51801 41204 49163 25728 67552 16912 10000 54956 24259 56702 50728 56889 64486 82909 52490 55994 61823 50320 38821 35910 2281 45482 65420 39838 77152 41701 88862 60793 39423 48084 67369 27097 50963 10128 71878 
2 34
3182 13503 34646 80904 13292 59558 48722 48130 4399 32971 83555 29891 25446 39775 24840 11263 55290 61142 6663 15863 87207 32306 39472 27038 33619 10451 76633 29823 37992 85807 77761 21218 1036 87125 
3 27
45961 52090 38294 48557 43013 7622 39494 46156 17995 23350 2418 7807 73377 57064 67331 61403 80729 26333 32143 50533 56951 84907 78982 69231 3742 28259 952 
4 18
57825 13363 2464 77986 47267 59365 41620 21338 10980 17295 9990 50735 18657 9729 21246 32131 86696 20792 
5 4
693 10965 88903 71398 
6 2
59414 82296 
7 3
79740 15127 68458 
8 2
52252 49928 
9 1
24396 
10 1
19773 
11 0

12 0

13 0

14 1
1078 
15 0

16 0

17 0

18 0

19 0

20 0

21 0

22 0

23 0

24 0

25 0

26 0

27 0

28 0

29 0

30 0

31 0

32 0

33 0

34 0

35 0

36 0

37 0

38 0

39 0

40 0

41 0

42 0

43 0

44 0

45 0

46 0

47 0

48 0

49 0

50 0

51 0

52 0

53 0

54 0

55 0

56 0

57 0

58 0

59 0

60 0

61 0

62 0

63 0

64 0

65 0

66 0

67 0

68 0

69 0

70 0

71 0

72 0

73 0

74 0

75 0

76 0

77 0

78 0

79 0

80 0

81 0

82 0

83 0

84 0

85 0

86 0

87 0

88 0

89 0

90 0

91 0

92 0

93 0

94 0

95 0

96 0

97 0

98 0

99 0

100 0

101 0

102 0

103 0

104 0

105 0

106 0

107 0

108 0

109 0

110 0

111 0

112 0

113 0

114 0

115 0

116 0

117 0

118 0

119 0

120 0

121 0

122 0

123 0

124 0

125 0

126 0

127 0

128 0

129 0

130 0

131 0

132 0

133 0

134 0

135 0

136 0

137 0

138 0

139 0

140 0

141 0

142 0

143 0

144 0

145 0

146 0

147 0

148 0

149 0

150 0

151 0

152 0

153 0

154 0

155 0

156 0

157 0

158 0

159 0

160 0

161 0

162 0

163 0

164 0

165 0

166 0

167 0

168 0

169 0

170 0

171 0

172 0

173 0

174 0

175 0

176 0

177 0

178 0

179 0

180 0

181 0

182 0

183 0

184 0

185 0

186 0

187 0

188 0

189 0

190 0

191 0

192 0

193 0

194 0

195 0

196 0

197 0

198 0

199 0

200 0

201 0

202 0

203 0

204 0

205 0

206 0

207 0

208 0

209 0

210 0

211 0

212 0

213 0

214 0

215 0

216 0

217 0

218 0

219 0

220 0

221 0

222 0

223 0

224 0

225 0

226 0

227 0

228 0

229 0

230 0

231 0

232 0

233 0

234 0

235 0

236 0

237 0

238 0

239 0

240 0

241 0

242 0

243 0

244 0

245 0

246 0

247 0

248 0

249 0

250 0

251 0

252 0

253 0

254 0

255 0

256 0

257 0

258 0

259 0

260 0

261 0

262 0

263 0

264 0

265 0

266 0

267 0

268 0

269 0

270 0

271 0

272 0

273 0

274 0

275 0

276 0

277 0

278 0

279 0

280 0

281 0

282 0

283 0

284 0

285 0

286 0

287 0

288 0

289 0

290 0

291 0

292 0

293 0

294 0

295 0

296 0

297 0

298 0

299 0

300 0

301 0

302 0

303 0

304 0

305 0

306 0

307 0

308 0

309 0

310 0

311 0

312 0

313 0

314 0

315 0

316 0

317 0

318 0

319 0

320 0

321 0

322 0

323 0

324 0

325 0

326 0

327 0

328 0

329 0

330 0

331 0

332 0

333 0

334 0

335 0

336 0

337 0

338 0

339 0

340 0

341 0

342 0

343 0

344 0

345 0

346 0

347 0

348 0

349 0

350 0

351 0

352 0

353 0

354 0

355 0

356 0

357 0

358 0

359 0

360 0

361 0

362 0

363 0

364 0

365 0

366 0

367 0

368 0

369 0

370 0

371 0

372 0

373 0

374 0

375 0

376 0

377 0

378 0

379 0

380 0

381 0

382 0

383 0

384 0

385 0

386 0

387 0

388 0

389 0

390 0

391 0

392 0

393 0

394 0

