40
0 156
52234 29443 86621 65207 7255 9261 56178 61568 72614 5317 92318 2898 54638 73272 82754 28273 17674 44100 22620 75220 44992 64765 11934 1784 58645 6968 73117 53266 40016 43244 12527 45309 77978 40393 4859 93221 51146 45553 28281 80041 69980 34380 77733 93 53971 70658 44928 24990 69192 53965 37411 33010 91359 29749 23115 79855 16223 63436 22003 7846 39116 91712 86167 95757 52167 30800 37277 19690 64657 72688 78867 74588 38580 8239 71669 98357 84449 74375 38728 41854 71537 89628 68799 28341 69312 30408 94525 78771 26095 2672 13182 88489 41135 23255 79708 18098 33611 70010 23085 97321 15716 26253 29582 95919 29407 8652 41531 62242 36488 8505 38310 72779 15076 18744 96491 82739 61635 88506 13382 13935 46444 20131 30100 51577 85024 16743 98767 91527 98782 36636 4806 70989 2738 61561 72802 45123 97423 73262 65546 69184 84770 54064 27635 2509 58584 11745 81095 86070 45310 23153 11016 24361 94054 13365 7063 37213 
1 152
89841 81623 10125 38227 39445 76193 79614 51793 21650 89714 9697 51032 8853 27824 74818 65813 26756 56114 39003 77014 41479 97684 84897 85610 75423 22666 54418 38857 73066 64670 36815 12563 71956 23444 9396 1231 56063 78936 95108 71935 17722 22919 60101 21888 3623 71853 4129 65919 46622 76579 69595 25506 45420 76822 76568 70310 23192 58475 17868 11839 44537 22878 61454 7298 99376 8587 14277 93226 6884 23185 2609 22745 11537 37345 52694 20357 3293 27682 73165 73439 82920 98427 16787 78819 24978 3545 96822 35280 3646 74186 12568 97998 14671 11544 33298 630 12766 1988 87499 96089 35637 90818 19643 60197 20425 27902 34153 66047 4043 45911 25437 51711 92552 65655 28168 56125 98401 46499 32523 20499 11510 6716 18106 81969 3832 37474 68350 65441 32499 48993 28379 98655 28898 20687 48241 7381 12119 21833 41450 17098 48547 146 63331 46402 17201 49545 81298 49161 74696 60080 49304 38328 
2 148
57116 39814 81301 29426 70053 6283 49203 25382 59490 52289 49454 18013 18984 84994 15143 95725 14790 15645 78109 72704 77639 70561 90415 24653 51482 31177 49185 10102 72639 75600 7199 12001 64645 19017 68572 48782 42628 20659 21769 29356 53193 23054 88370 92703 77544 33761 59874 84443 78512 89918 69528 76109 52713 530 96024 85792 38844 61059 24336 24107 10808 24062 37214 2629 60284 23738 13374 55572 69523 94976 14595 19228 16349 54295 48305 9794 39013 60926 74939 82077 66855 34978 26793 48929 94084 8181 12693 56243 77981 13177 48013 94995 14211 69445 63606 73963 51256 58048 40434 58390 89674 88251 17473 78682 90665 75610 12502 67114 12150 53083 18839 84972 32203 3303 46544 47137 96372 35266 93588 61126 88255 18895 77208 37701 84725 77507 55105 92787 50643 55353 57696 64277 72852 66648 83028 29715 84174 79458 25504 85004 82940 90093 82782 3384 13595 66148 39800 7693 
3 140
97487 22112 45052 53407 85348 23293 25884 8796 47097 17336 69759 99627 57452 66919 20765 91764 18647 65870 18559 472 43397 32173 50406 84976 38491 40107 61920 29472 1162 59513 48322 44129 41743 74311 89064 55143 21778 36840 36140 19568 63886 84158 74933 57906 69132 9618 24425 5618 1535 21857 61048 8295 31343 14281 89139 41317 92350 20718 21569 28517 28064 72489 66652 79362 62765 70377 35047 81624 28084 26887 47345 13748 43209 27927 70924 20440 36092 38153 4760 48455 22338 33340 67144 5203 13305 43419 32493 3917 30896 76112 8972 94082 99242 37073 64147 22385 99884 45228 10958 55956 38442 33289 69282 80189 79770 91886 95010 58893 90196 46889 43217 7559 78902 87122 27623 74517 71898 1127 41287 93058 37294 69876 95464 33059 55575 74752 89016 84285 23073 39498 13962 31408 60661 19862 96680 51244 4820 95345 56392 34002 
4 98
24764 37109 64396 27167 41056 95880 70846 74173 71301 4104 55678 79033 70239 37159 61762 76207 77438 31419 52003 2821 27890 18871 52484 27594 52965 53219 89058 10931 73087 62500 86929 26147 25840 28489 58122 29608 69056 78416 7769 51538 29501 17206 51709 37997 75738 81699 78048 75353 32966 83435 49134 8840 21571 853 66759 46001 28053 17856 18848 49584 34567 18416 17232 63382 33465 56400 96697 68062 32832 7393 19511 2307 17850 83401 60977 92812 63525 11051 30072 33875 49027 22344 3158 48837 24340 22310 50821 43033 96681 69640 191 47507 51801 16165 12320 86995 58595 70854 
5 60
28718 84969 31570 21243 48642 23158 11009 18003 64528 37608 12804 22815 81125 16119 92814 45491 91288 74756 27973 83883 76788 60452 27559 58637 83202 73971 9406 63837 37216 23638 24745 50560 87681 64659 32468 44526 16345 35585 92988 63500 199 12246 73903 49322 45661 2252 84482 56702 94749 61830 79852 83110 54672 57617 96472 82371 57107 43734 80546 24251 
6 46
96676 19172 73561 65803 85603 83002 8345 96641 63056 70768 33951 32729 646 88895 30930 27583 82365 2651 59788 26010 85436 43478 98314 42293 61411 68575 36160 24228 77325 43642 82981 91836 55149 61810 58650 61959 9365 96074 12861 59943 99419 93542 16385 2385 19128 36608 
7 30
12756 11232 53787 17594 51501 79199 33682 51749 22819 31885 90156 43373 46462 48796 24979 46921 61324 41361 16409 17496 65733 86223 92994 6755 46196 36372 74759 41896 18078 5263 
8 29
99044 9671 15257 90860 57604 40365 20366 56629 383 67050 79863 86737 10367 14776 26418 12213 21521 92565 23899 34583 18862 57207 35316 81894 93061 7094 25136 11310 27091 
9 21
26798 96008 62613 9773 6099 51002 43291 59424 66508 94948 54988 59291 73152 54578 95655 74099 97916 87341 62298 38143 25426 
10 7
1977 35495 47684 78539 7581 23297 9196 
11 4
70807 87506 12067 15419 
12 5
30437 39396 3374 69762 51772 
13 2
39269 61871 
14 1
91 
15 2
10543 32081 
16 0

17 1
28146 
18 0

19 0

20 0

21 0

22 0

23 0

24 0

25 0

26 0

27 0

28 0

29 0

30 0

31 0

32 0

33 0

34 0

35 0

36 0

37 0

38 0

39 0

