183
0 142
18108 24097 61976 6863 33972 86653 66764 44236 70833 32363 83750 70816 93881 50520 71347 79818 77325 24019 39799 42736 16014 80672 72649 75940 27031 47307 13008 68840 94993 56649 86367 74733 77922 88125 86562 49023 54020 26509 57140 4546 38321 36600 37553 47206 76642 27131 27939 94654 48375 81109 68782 46712 95835 29269 84549 51855 15251 81316 31296 5601 15457 57944 23290 7987 61231 43902 74598 41372 72344 39894 65996 81294 8160 77889 60273 77925 55876 52240 72676 64934 17060 13326 9086 2551 37413 55362 72300 77744 21254 41408 35052 35248 31354 57896 2886 11599 95717 26390 7265 51517 53233 29809 44675 47653 81787 78150 65003 23465 35067 67295 15327 66226 31312 58603 24926 28446 58799 53258 38011 35189 54577 91734 38095 15267 41754 32368 75332 92709 41337 82247 4167 9524 26069 61815 70210 21801 92898 10387 62293 76606 27371 69694 
1 118
89062 31724 38782 15075 49534 63102 24572 73250 37224 23461 71550 97921 58838 75498 33790 84067 41882 78176 88648 52062 28537 17181 21155 1312 85001 78770 41285 68041 36565 67494 90448 69927 15950 84646 93826 89838 93515 75618 62287 74380 47798 42657 96466 47451 67567 56447 81181 81430 36751 77583 91788 38714 70637 19717 31359 31222 63240 62770 15399 53765 93313 97761 362 88493 92197 76525 71259 45012 48717 36458 16990 50187 55183 57560 45934 20071 24710 45237 19793 64339 28324 72010 87930 49746 88500 32097 92838 75695 1642 89840 33697 33832 42896 921 90975 84276 94723 78045 77332 29848 90694 68047 57263 52177 57513 60529 40479 74541 4990 8076 36913 60238 61545 79363 56700 11040 48849 80661 
2 102
20543 35882 2581 86532 56938 25322 43880 72733 39364 4571 30669 54833 98014 59841 82594 52135 43528 5335 67890 39748 53127 54482 13461 82860 12565 83092 33605 11027 95518 43930 79617 6052 9719 25897 65111 13128 27853 22991 96862 15430 88308 65582 11803 62451 9060 34675 35027 98443 52623 51812 68819 36653 93519 78983 46442 45150 93164 28946 56438 54057 65151 77906 24524 94086 54469 69720 6454 51515 11166 86934 54894 46135 64414 99298 23713 78062 86026 19319 64664 81864 51628 64651 67356 28353 74588 47737 4152 47449 59602 11891 54781 50148 50018 19536 38763 9544 57185 51735 88028 37609 87317 76589 
3 82
15653 88444 2277 60399 94544 2111 26181 14025 53072 12493 82745 74188 60372 77542 4697 91545 70707 95143 13698 29660 64967 9271 16847 77535 70987 63307 38894 33238 60385 99904 97892 53216 63083 8585 41568 3668 80417 91493 12875 37073 62796 24232 34198 55416 38384 10267 1037 30857 1197 52192 63654 16838 65752 67209 73561 82657 65132 80116 6268 1260 46809 72629 74198 22030 62950 74884 89669 49670 94623 30550 60183 6265 5705 51982 78504 991 86218 29159 85450 16468 35425 70767 
4 61
27639 3602 73607 78522 64835 7095 23317 72183 79161 82993 33267 32158 43974 76797 26191 33241 54596 83235 81213 64031 97154 44485 71741 76623 33874 2084 96570 61902 57784 30931 56660 34640 76444 98097 6500 83056 85417 94664 66454 98153 11794 27607 52165 11854 16033 61030 70747 73899 79155 62943 36293 69625 92740 85241 4622 19448 9841 53060 67056 91395 59819 
5 57
65026 88666 90125 17010 61186 31340 68870 16133 12614 54612 69246 16527 74652 93722 89888 63598 75623 40140 87505 97001 63393 63790 87528 42055 46628 1559 97123 13055 30326 97237 82853 54964 17651 69743 96477 66132 68084 66118 57414 41008 74645 11473 6688 45398 79567 56692 96969 86537 99322 9368 12793 30486 83179 90613 85524 65069 89833 
6 40
98426 38815 94346 45060 89473 77090 33004 63960 48627 36701 93730 19351 47061 48845 57294 58368 90084 33001 68705 40914 13815 77446 15363 26414 19329 7445 71786 30313 43527 35066 65219 78552 32266 4957 81634 13617 60148 54006 23313 26922 
7 41
49098 51637 29460 69104 42469 39710 97698 67496 83063 90627 15455 69034 54717 66977 10155 78874 39444 19206 55543 79844 42603 97864 93381 29738 40559 89997 15307 8855 72533 16844 71265 92116 82774 80792 60322 853 34021 53546 31358 39658 93712 
8 28
49943 4237 82965 83158 37895 82813 5558 9906 58775 11197 54764 59448 24647 40082 1398 20110 84062 83197 52646 33434 48254 88535 5498 32053 13954 17343 18545 53661 
9 17
17549 19238 601 45510 22040 60073 7444 43641 76912 61299 82827 11400 46837 36012 94854 10135 98945 
10 16
39038 93717 57477 63414 13336 4133 38232 34142 59110 70269 99086 35393 19914 79500 73584 4414 
11 17
29195 13405 81670 17677 78779 93038 12040 17829 4202 14477 96483 13014 11931 61748 84213 58651 191 
12 16
71383 56634 43251 26002 87693 20745 74638 27290 99666 94258 52283 97321 92249 70064 70845 66105 
13 12
59445 96949 38020 89456 98127 99080 19582 86932 92119 2785 80845 51828 
14 14
70096 54768 45040 57021 55629 30091 73513 34152 61233 62715 67582 78489 26607 65814 
15 5
78500 33150 85160 66957 30232 
16 6
33524 65513 52879 27539 93446 35931 
17 6
97161 61565 65712 51929 39193 18359 
18 8
96765 22950 29532 57228 19447 75008 21941 51705 
19 4
51968 48556 40184 33235 
20 1
10654 
21 2
91918 44530 
22 3
72962 54712 68285 
23 1
41625 
24 1
80916 
25 0

26 0

27 1
41422 
28 1
77946 
29 1
1466 
30 0

31 2
7977 83190 
32 0

33 0

34 0

35 1
70839 
36 0

37 0

38 0

39 0

40 0

41 0

42 0

43 0

44 0

45 0

46 0

47 0

48 0

49 0

50 0

51 0

52 0

53 0

54 0

55 0

56 0

57 0

58 0

59 0

60 0

61 0

62 0

63 0

64 0

65 0

66 0

67 0

68 0

69 0

70 0

71 0

72 0

73 0

74 0

75 0

76 0

77 0

78 0

79 0

80 0

81 0

82 0

83 0

84 0

85 0

86 0

87 0

88 0

89 0

90 0

91 0

92 0

93 0

94 0

95 0

96 0

97 0

98 0

99 0

100 0

101 0

102 0

103 0

104 0

105 0

106 0

107 0

108 0

109 0

110 0

111 0

112 0

113 0

114 0

115 0

116 0

117 0

118 0

119 0

120 0

121 0

122 0

123 0

124 0

125 0

126 0

127 0

128 0

129 0

130 0

131 0

132 0

133 0

134 0

135 0

136 0

137 0

138 0

139 0

140 0

141 0

142 0

143 0

144 0

145 0

146 0

147 0

148 0

149 0

150 0

151 0

152 0

153 0

154 0

155 0

156 0

157 0

158 0

159 0

160 0

161 0

162 0

163 0

164 0

165 0

166 0

167 0

168 0

169 0

170 0

171 0

172 0

173 0

174 0

175 0

176 0

177 0

178 0

179 0

180 0

181 0

182 0

