233
0 271
7690 91806 49881 29767 28926 40521 47070 39226 50366 54540 71491 69172 68631 14094 35749 92391 37150 92954 45422 65507 16397 63839 62327 79387 41344 35963 12344 36839 33197 95023 8518 86445 30329 45656 16530 77067 83235 38804 82104 25380 44002 22843 88857 63211 61170 25743 81452 43957 68609 48330 8928 95447 52878 4013 76463 62826 47892 85672 21792 24550 76595 9864 6090 80680 59238 61198 51011 24946 23855 29993 47111 76598 23029 78182 91331 98539 55071 17184 74531 74146 13117 94461 60901 94475 64497 62584 70754 92618 8135 35363 98661 56040 7488 75081 22754 76970 79215 65148 31636 62156 66585 89638 14717 12703 31354 30019 59533 83174 60514 96989 40046 62773 80633 7265 20850 40045 14296 75608 93255 81820 30427 90069 98482 70529 5387 298 90843 53989 33657 82704 28379 69725 69880 16565 69117 83046 71313 31726 87994 20934 48781 23341 39329 51987 93833 80209 16997 33888 47933 77854 23432 89802 26717 42799 43615 35850 54132 67826 32927 85806 60052 7705 443 972 96050 17227 14748 12591 37613 21280 30246 89458 50824 35018 76736 48743 2530 50071 22415 69133 88181 67450 52045 79222 74333 11255 157 80605 59479 21850 29283 33299 13990 85887 84954 53604 85490 3995 81383 20633 56418 92832 36906 85714 91373 73887 27015 33947 40495 82259 80779 58905 60022 16892 45507 20759 43089 20337 58464 92110 5689 75409 29033 28185 14728 92696 24185 83331 76550 74287 95383 46905 55312 66281 28305 3961 19499 77975 97975 21719 59693 68587 67488 9259 88053 98478 88445 74251 68864 93133 20632 41308 52823 69740 65660 42077 1599 503 53221 73362 65201 8187 71005 65685 80088 1739 37601 85985 96038 73177 16897 
1 113
14005 62534 50788 91086 59005 86904 20868 54347 71151 25009 30096 70038 21103 83522 50544 10490 3912 68648 25205 7874 60991 72624 95414 46274 78401 45064 21591 92837 79161 56714 85017 36568 59651 45573 36636 61834 68063 52151 86734 82265 49679 40204 20127 7395 29344 52836 9105 39796 61983 41152 82878 47731 74911 41072 80011 73294 43276 42736 82802 22643 55330 32844 510 28612 15360 67244 97956 79567 46569 86994 96713 48428 54619 99140 86075 9557 74808 46383 88591 19759 67048 58452 20113 35422 64515 87374 54669 10272 33812 26256 98974 80704 28617 85346 25811 43138 32765 19168 27556 90757 88717 24765 37915 42272 77377 82111 43368 88937 17111 87074 39666 40635 21277 
2 49
17618 68901 79850 48400 44258 40097 9159 99258 78683 33506 23008 7833 87831 54876 47996 82231 34844 28962 47800 61777 50067 4185 12222 80293 86609 85445 37121 33961 7312 23315 22891 48566 61157 58715 13756 68683 22158 90662 36920 70932 86716 57484 98363 14681 85528 54247 79000 16496 99027 
3 18
56726 34461 25697 1296 5561 92946 72601 14088 78307 14099 3642 25122 24150 16988 86164 3053 83648 76599 
4 10
96098 860 77577 97332 61201 42522 93499 3415 75941 64740 
5 2
14627 90685 
6 1
71644 
7 1
19463 
8 0

9 0

10 0

11 0

12 0

13 0

14 0

15 0

16 0

17 0

18 0

19 0

20 0

21 0

22 0

23 0

24 0

25 0

26 0

27 0

28 0

29 0

30 0

31 0

32 0

33 0

34 0

35 0

36 0

37 0

38 0

39 0

40 0

41 0

42 0

43 0

44 0

45 0

46 0

47 0

48 0

49 0

50 0

51 0

52 0

53 0

54 0

55 0

56 0

57 0

58 0

59 0

60 0

61 0

62 0

63 0

64 0

65 0

66 0

67 0

68 0

69 0

70 0

71 0

72 0

73 0

74 0

75 0

76 0

77 0

78 0

79 0

80 0

81 0

82 0

83 0

84 0

85 0

86 0

87 0

88 0

89 0

90 0

91 0

92 0

93 0

94 0

95 0

96 0

97 0

98 0

99 0

100 0

101 0

102 0

103 0

104 0

105 0

106 0

107 0

108 0

109 0

110 0

111 0

112 0

113 0

114 0

115 0

116 0

117 0

118 0

119 0

120 0

121 0

122 0

123 0

124 0

125 0

126 0

127 0

128 0

129 0

130 0

131 0

132 0

133 0

134 0

135 0

136 0

137 0

138 0

139 0

140 0

141 0

142 0

143 0

144 0

145 0

146 0

147 0

148 0

149 0

150 0

151 0

152 0

153 0

154 0

155 0

156 0

157 0

158 0

159 0

160 0

161 0

162 0

163 0

164 0

165 0

166 0

167 0

168 0

169 0

170 0

171 0

172 0

173 0

174 0

175 0

176 0

177 0

178 0

179 0

180 0

181 0

182 0

183 0

184 0

185 0

186 0

187 0

188 0

189 0

190 0

191 0

192 0

193 0

194 0

195 0

196 0

197 0

198 0

199 0

200 0

201 0

202 0

203 0

204 0

205 0

206 0

207 0

208 0

209 0

210 0

211 0

212 0

213 0

214 0

215 0

216 0

217 0

218 0

219 0

220 0

221 0

222 0

223 0

224 0

225 0

226 0

227 0

228 0

229 0

230 0

231 0

232 0

