280
0 16
60208 5750 72056 92273 32439 37438 40312 98002 96081 42751 99688 40140 27638 90123 70301 62108 
1 16
57667 85234 27513 65554 63875 95375 81179 2523 60753 79257 28108 83180 43973 43570 17123 5946 
2 16
84000 44707 3824 40671 27173 3996 26593 20007 34537 76842 80431 28425 2623 54754 53720 24381 
3 12
42648 21559 10808 83612 65458 73699 38440 84284 85855 28926 52136 90738 
4 14
94614 37276 65679 38862 8380 83292 84224 78979 53646 88715 22599 2316 28667 59578 
5 12
2879 67389 94264 34608 49744 83712 34479 46094 88674 10424 93174 80332 
6 13
73146 6888 24847 54921 70828 13918 9464 8451 10318 13439 1273 34661 2404 
7 9
80335 88173 59729 99856 32976 66470 48466 63591 45832 
8 11
57390 78980 4101 88576 28827 19925 73532 94127 57554 7155 99592 
9 8
73632 34140 17817 53429 11041 21993 15491 49857 
10 8
85185 72875 20456 64165 42791 55587 27640 77618 
11 7
71512 39884 40386 61826 78986 7193 21081 
12 7
50153 52469 66292 89432 71284 12900 73411 
13 9
92789 84716 59437 1621 2434 14973 13268 45327 70976 
14 10
40220 77676 4596 75231 57412 76024 38306 92635 87973 98923 
15 11
69499 78052 53765 61571 63445 93978 47123 8919 81344 32894 71570 
16 10
54376 52181 66128 44153 54354 89754 7547 65280 67885 56676 
17 8
34076 28258 13404 18190 12707 62460 27415 35660 
18 11
77735 4371 67637 66143 52854 15892 69554 42525 15056 31026 99375 
19 7
48992 12016 24319 29633 58583 68153 76815 
20 6
99040 25212 24192 55742 13422 19561 
21 3
15535 67108 39273 
22 4
97064 78523 9785 41754 
23 3
25363 93069 49299 
24 5
11191 53699 42908 57730 37395 
25 5
72884 47172 50452 28481 12167 
26 5
78788 86967 30738 7360 85424 
27 1
83310 
28 3
74715 11141 15123 
29 6
11802 31190 70884 30672 87535 50262 
30 4
97124 46257 57191 25700 
31 4
65356 48411 92986 67096 
32 2
99330 93598 
33 4
61290 86652 65455 56807 
34 4
41114 56218 81244 77706 
35 2
13341 75766 
36 0

37 1
25262 
38 0

39 0

40 1
37364 
41 2
69981 74466 
42 3
71044 57863 76720 
43 3
62060 81692 35262 
44 0

45 1
42294 
46 0

47 1
50793 
48 1
2013 
49 0

50 1
9471 
51 0

52 1
3597 
53 0

54 0

55 1
8734 
56 1
46591 
57 1
2711 
58 2
66810 64529 
59 1
38841 
60 0

61 1
67315 
62 0

63 0

64 1
75462 
65 0

66 0

67 0

68 0

69 0

70 0

71 0

72 1
7083 
73 0

74 0

75 0

76 0

77 1
59741 
78 0

79 0

80 1
12476 
81 0

82 0

83 0

84 0

85 0

86 0

87 0

88 0

89 0

90 0

91 0

92 0

93 2
13680 95567 
94 1
92008 
95 0

96 0

97 0

98 0

99 0

100 0

101 0

102 0

103 0

104 0

105 0

106 1
87372 
107 0

108 0

109 0

110 0

111 0

112 0

113 0

114 0

115 0

116 0

117 0

118 0

119 0

120 0

121 0

122 0

123 0

124 0

125 0

126 0

127 0

128 0

129 0

130 0

131 0

132 0

133 0

134 0

135 0

136 0

137 0

138 0

139 0

140 0

141 0

142 0

143 0

144 0

145 0

146 0

147 0

148 0

149 0

150 0

151 0

152 0

153 0

154 0

155 0

156 0

157 0

158 0

159 0

160 0

161 0

162 0

163 0

164 0

165 0

166 0

167 0

168 0

169 0

170 0

171 0

172 0

173 0

174 0

175 0

176 0

177 0

178 0

179 0

180 0

181 0

182 0

183 0

184 0

185 0

186 0

187 0

188 0

189 0

190 0

191 0

192 0

193 0

194 0

195 0

196 0

197 0

198 0

199 0

200 0

201 0

202 0

203 0

204 0

205 0

206 0

207 0

208 0

209 0

210 0

211 0

212 0

213 0

214 0

215 0

216 0

217 0

218 0

219 0

220 0

221 0

222 0

223 0

224 0

225 0

226 0

227 0

228 0

229 0

230 0

231 0

232 0

233 0

234 0

235 0

236 0

237 0

238 0

239 0

240 0

241 0

242 0

243 0

244 0

245 0

246 0

247 0

248 0

249 0

250 0

251 0

252 0

253 0

254 0

255 0

256 0

257 0

258 0

259 0

260 0

261 0

262 0

263 0

264 0

265 0

266 0

267 0

268 0

269 0

270 0

271 0

272 0

273 0

274 0

275 0

276 0

277 0

278 0

279 0

