57
0 329
70557 64501 1290 98360 46774 18342 66512 74680 99338 43099 64752 82830 3871 5551 75950 91421 56008 95752 16659 69037 20128 41356 8154 6985 98786 29884 86890 49449 55433 29168 38751 3618 3783 68729 28575 51967 70149 46077 28037 35224 57476 22402 8883 48838 40664 94143 68906 13344 46700 52254 23580 79077 18603 15338 67231 88248 48021 62322 99352 20347 95022 50433 61691 74916 39069 12968 51075 46866 92943 39106 89280 80947 2547 33468 23302 69319 41387 3282 713 38723 55644 71060 1842 35042 98462 57219 18067 21621 79132 91331 8072 47746 42273 14735 71921 94456 44577 96122 49159 41461 41775 29975 52202 13627 5326 23510 61888 76516 13305 57503 64611 2878 73677 11273 87694 29606 39191 39126 64079 2484 41756 85163 88358 20135 66980 49139 98784 92115 60152 18635 28191 25574 59282 17640 27240 68846 98284 28828 53145 33015 32527 65242 9294 94429 16546 39634 10737 65735 34212 94643 6012 99883 66377 87343 64367 79804 15892 68199 61414 27904 18762 76639 69547 64129 2109 80278 39811 42871 46813 87067 52818 5981 16930 36801 85080 80795 77144 92576 13193 6259 31495 62292 93587 83926 19835 50410 67662 73888 75277 19122 31121 76802 67490 82437 67092 4391 52895 97405 23087 68713 39255 34125 20560 143 57575 90629 70546 40009 2909 56962 40829 42155 97229 49558 76720 35767 80041 88332 25794 50245 64100 16365 81112 8122 34354 15580 50885 26868 8752 20980 3684 29046 7184 8116 63381 5464 62568 7173 52816 56828 64555 36560 27194 94618 55394 19491 14940 52787 55173 37666 25324 48286 15174 66016 22947 80303 13904 83004 55192 41994 7923 10284 81241 12978 9468 65598 40757 60458 83749 27430 8027 99346 96342 74536 20801 67593 48565 94985 57322 94291 86751 13924 44452 71189 24830 86534 84734 2449 1989 56236 59775 87862 64635 87872 8475 33113 32335 85920 35210 90206 60641 76862 69503 91789 28330 37798 87719 70284 80961 92113 95711 4176 90024 59710 74714 49232 18093 33838 5424 64362 9722 95898 92238 86485 96194 43169 90210 52167 97992 
1 178
19504 73680 56240 44528 58399 30351 41844 81855 7956 97973 97382 59306 11755 74404 86671 1233 13834 18622 27145 97945 26730 83953 68456 36460 71030 2315 96387 81948 12120 11254 19826 11096 75225 67362 31685 32903 91989 76091 99390 12354 53314 8976 83669 72572 29638 88210 79661 1503 47740 39841 33432 5520 1700 4258 9458 92357 28505 98485 73776 47317 15585 19539 30770 37381 42754 83399 6885 27895 54726 75491 63994 58552 52522 31319 41773 32236 83342 4960 82564 86723 89470 596 72895 85127 76139 42308 35628 60808 68357 51626 55910 34173 8445 87979 14116 3392 71353 24112 1876 78617 21888 18091 46265 20673 32167 93257 71155 87092 77803 94377 10020 40543 83963 43990 22513 97121 31124 86638 17167 5221 41035 18730 77643 26627 50793 75188 52856 61531 69924 78221 65724 63180 71351 7316 25810 79169 37157 19183 28656 75564 35704 72151 22063 11427 30419 80135 79701 89678 79908 69943 92559 23973 5931 70023 22759 52688 37063 57605 66484 39111 25928 37284 31666 71446 98261 37561 22520 61817 77200 63102 92973 55126 68672 35185 87751 73758 1648 59351 
2 100
81615 72771 35285 96252 47166 15943 92060 21197 15240 31746 11322 33813 37722 70057 97180 2886 3429 22349 2372 69825 92963 2069 82042 38162 21734 5297 22740 42847 76385 15708 8729 66675 57323 73656 71409 54468 76852 83748 11870 6912 57338 66199 61977 16491 7694 81025 78631 20568 1896 75590 75906 94626 84682 71703 64981 80989 483 82264 83407 16605 21938 60803 86197 22220 89288 45840 4220 43344 89039 50167 45553 73753 96526 76043 49900 24945 10866 95006 77486 46384 484 84121 34077 98107 48493 37964 71053 52801 76981 51067 61552 48685 89540 33135 3493 30116 43382 54411 60805 34404 
3 56
49684 77670 11107 50327 52898 61787 27710 75358 46170 62476 8973 79250 85371 13400 33876 13910 29636 3885 39965 64783 83439 38878 15269 68190 84979 69297 80660 32452 35992 11802 32218 68958 21109 130 74380 6800 83513 82434 684 67627 7241 93337 16749 18791 39078 26792 13391 12820 58097 14588 74194 26300 18541 46389 27220 13112 
4 30
35024 76338 17803 58268 75779 47846 17248 62675 7960 63408 6950 25010 3573 92017 34187 96453 89413 76390 44993 81040 64181 20272 17434 64361 97094 79495 23915 45977 67333 53045 
5 14
29971 35471 82498 21642 99650 63707 5122 50556 75871 40212 99745 73698 77646 41101 
6 10
20255 57727 8188 30437 40909 34041 67129 25874 59293 40786 
7 6
76667 1794 29294 3437 50607 43391 
8 0

9 4
98585 9151 47560 71485 
10 1
29574 
11 0

12 1
64231 
13 0

14 0

15 0

16 0

17 0

18 0

19 0

20 0

21 0

22 0

23 0

24 0

25 0

26 0

27 0

28 0

29 0

30 0

31 0

32 0

33 0

34 0

35 0

36 0

37 0

38 0

39 0

40 0

41 0

42 0

43 0

44 0

45 0

46 0

47 0

48 0

49 0

50 0

51 0

52 0

53 0

54 0

55 0

56 0

