34
0 270
55311 11107 61653 74418 75786 45312 30360 6886 34819 24428 46553 60623 22050 65960 75800 12373 50969 47302 12678 42201 77863 81351 52544 26436 75938 82960 77043 28549 57952 48104 77899 53703 81283 481 18065 57970 54336 79299 61185 83645 22805 66412 32375 49815 50133 61858 11040 83231 50507 19102 981 20546 50425 22039 65481 30829 70850 65059 48144 29149 37252 40883 47358 53041 69836 9669 66830 35145 20432 19930 64139 36092 4901 40677 81021 34865 67200 44540 22773 74438 14155 64635 31996 83230 6371 9104 50578 58722 4031 24385 16739 71291 4554 28464 77645 75650 34398 4892 41075 49614 45883 70027 37089 2 22806 44118 72995 69138 6662 76557 81152 45052 3224 32514 42757 79222 25586 74654 16600 36549 39503 83084 14698 45992 4274 54139 61008 893 73110 34165 39003 39614 18764 50854 2532 7435 50508 49001 23980 44609 53676 48746 51162 38964 26471 70439 7883 77052 83739 29975 66869 71507 12667 18816 81842 49650 41329 23021 3668 11025 28195 65503 79262 58832 2741 67141 9848 27429 76173 1280 40993 44170 40717 24492 50254 9022 69482 69349 48314 39670 32588 2016 52435 37698 42870 11835 17902 14228 75169 1437 13425 17575 48173 28095 52186 29783 54312 69760 24425 58787 28219 1286 84235 31597 11573 71716 70781 17534 42450 43939 66023 70786 82403 3358 76016 60811 57118 25454 37986 47209 54402 26172 55879 43889 39065 57808 44740 80297 19942 53348 68765 5581 18298 46611 82909 80427 75783 63555 3548 10030 50709 77677 62603 18819 60569 22472 35946 78013 40656 72189 9707 62567 70246 73327 15080 34233 44249 56356 61233 20648 697 11496 31111 10090 20819 82778 12522 33841 18817 64197 
1 46
24359 81847 73939 53331 21522 69536 28598 74413 13948 68841 63512 26482 6084 74345 73326 46235 12164 82859 50080 43654 72630 7647 46529 47995 54096 69990 10971 78369 28978 21626 1358 53187 56080 69643 62014 53790 49613 44430 79157 30461 35247 19739 8 30645 59723 1449 
2 46
4656 26853 21648 13566 56081 43690 30408 76049 71039 45418 46432 79817 23208 19996 28326 32736 57485 84278 76718 45609 10890 303 36243 32681 11607 55092 13340 68840 82977 73127 59962 25258 35080 23582 78236 7282 65635 38287 48712 74539 48877 25142 28675 40644 39778 15351 
3 46
78956 35165 42037 71064 2910 82332 64700 1933 5542 7467 44983 12101 32885 65499 5664 15940 4127 23169 57153 30297 4482 35124 53744 43141 36495 7173 82924 51100 25654 15489 59363 17487 30635 39154 35716 68700 41898 74879 55103 43476 43383 63397 31103 43007 44655 2578 
4 45
42978 44059 76379 56085 66225 19602 18535 2007 27949 68860 73581 41625 38525 61315 30485 44056 9060 33620 17017 14914 65764 29316 76791 52874 14819 1160 39525 66438 38706 9284 3797 27695 71887 21604 37674 45765 66648 26464 77888 58047 84171 2364 47629 73441 48668 
5 46
19902 75203 80149 78545 15095 75252 44058 75738 57095 11944 62496 34879 31501 29475 54684 81995 15203 35148 12982 77331 30906 56063 53594 9790 38924 6465 7212 54115 47485 80235 17579 66164 44193 29447 7701 65416 38449 28672 59849 61138 19183 70117 13006 2607 54175 47129 
6 46
56520 6262 23346 35300 815 41775 80151 12813 199 60726 64667 50483 77153 47341 37030 28559 21562 42084 1490 40113 25210 2317 34288 81391 42155 55577 21128 63760 26283 37462 13596 60770 5905 11167 36746 71056 57364 53863 15988 31239 60557 38655 72382 47641 5122 25913 
7 46
10003 48706 15225 83881 969 64194 11196 28330 29417 54132 62822 25386 4491 15537 44147 82524 13224 71601 58017 25834 56298 39285 23644 30817 83655 50397 66935 66960 4762 1585 37792 81205 63851 16571 49506 15295 62597 14089 55095 36349 21905 47069 55186 9730 38913 38000 
8 46
31603 10610 9072 46644 59694 33531 79064 59656 32163 16646 7748 67708 4703 5979 32539 23379 12946 21915 56813 76832 8322 44024 4570 74641 58110 14368 63047 16555 55839 20411 25709 69201 1911 9755 15938 41968 53494 51276 25225 25368 53246 4890 57994 54993 21066 34276 
9 45
61580 26772 23456 69206 38195 46977 3555 63832 14108 50546 11333 34622 28427 46065 66691 80715 42721 8782 4393 74998 75506 29015 40964 53349 72847 14225 22237 31899 50580 3241 68325 56418 47971 25489 37182 62077 42161 678 81859 23148 36513 65504 71350 525 18378 
10 46
45338 74909 79846 68063 10283 59390 14356 24017 21877 71239 59289 74815 81148 4366 32966 43554 18568 32106 2298 69947 1779 30704 78600 77540 71127 67144 78654 21988 25757 6952 28514 7627 80853 61761 78462 36058 49378 79681 18250 82312 79124 77 70462 3239 57527 30964 
11 46
31247 18314 45546 75422 34646 45369 64114 73621 29066 75952 65512 64627 61354 83846 13665 69446 77934 38831 65394 72775 71667 42295 6852 70227 48299 32609 21487 33976 71945 58788 80581 16180 55223 18400 44551 56408 22211 49564 5397 35576 36791 17616 13158 49307 76145 17718 
12 44
9443 35473 82348 11194 71319 4653 61980 33183 30314 3872 6778 4334 20661 43427 58572 45576 77044 52884 38252 7797 45706 73657 25302 22721 29041 30883 8487 67560 56016 14907 24336 61525 34253 27509 1416 64006 12739 22595 34974 14241 58965 73434 24035 35163 
13 45
61595 57878 50697 29765 30537 5472 24023 22714 44233 32022 63596 72264 6003 55427 6787 37004 37620 29650 22070 60462 65352 24120 24478 22544 77964 16478 82938 80311 57427 55690 17581 22122 49572 23395 25176 20157 25443 61381 55757 83735 17024 70477 69008 24229 5519 
14 45
60120 62121 64239 23260 26677 16789 63819 30109 11690 57621 80778 10562 68753 40279 52125 54227 67033 11963 56927 48708 81550 19208 66125 37063 56857 47941 35697 22864 46889 61998 15733 18433 9681 58833 17280 17953 11229 16905 33085 71748 63811 70237 16557 30516 59676 
15 46
75909 75659 3236 48147 52261 22726 59858 50937 79634 69626 61604 71327 63361 67245 83481 2091 40269 14511 9591 42650 51149 15078 52586 43118 83154 20378 75259 49507 31641 11821 17276 83369 63086 33392 58101 72624 73771 73491 66070 35010 2026 17696 82808 41827 58289 28173 
16 44
29772 42590 76311 74632 43617 13444 72098 80645 51837 46169 74432 25914 8733 9863 15858 47530 52925 19097 61207 39502 14246 39879 12089 14989 13018 2228 78694 12116 40916 4113 43120 37318 12076 61366 62486 62118 17510 4963 14505 57997 32781 80575 31753 6342 
17 46
52077 22937 61879 83600 6790 82297 20882 16070 22399 22242 42413 32339 61252 10647 47818 71459 16862 27424 77094 69591 35573 30916 32276 47045 12549 7702 6725 17304 18653 32201 60923 29320 41108 56945 46665 57966 72819 37971 21887 46062 9421 33225 30756 32959 12562 29262 
18 46
55890 38084 10086 69087 79692 74278 23457 81203 28122 32573 56890 73459 84305 24607 27347 23512 52162 38479 44673 46281 8519 65920 46443 14734 37445 15647 60456 17093 47399 18357 58953 52782 83468 5709 38243 44312 16700 67780 41099 26386 9232 42165 45250 67792 58022 79223 
19 46
40554 70565 24136 42929 41109 19420 78376 18388 42511 1998 30556 69761 36448 57897 45100 17863 6183 4099 11122 38310 45101 15712 2261 61636 8409 28650 71399 42192 25061 10338 724 58373 65634 16652 51286 59619 46154 19907 68083 71292 50091 57128 67219 48793 25614 7442 
20 43
12379 67007 7768 12917 24240 64357 12304 42291 56835 51503 29301 24292 80647 61806 76507 34989 27463 25668 41225 83454 29389 19181 4954 63729 2603 77546 29478 79954 30375 45989 61951 12843 75091 56785 74429 14002 84109 27162 29993 48750 76786 41413 16218 
21 45
22100 27687 8301 50138 48873 15228 102 74424 15803 9954 81119 1075 428 53043 7079 80279 1922 25720 30325 56146 48122 17532 35764 11910 2422 16010 54338 58580 24641 60861 2798 47258 63359 46777 1054 1479 83930 5604 60042 43101 60706 49660 23685 82290 78340 
22 46
38747 77026 57061 2574 30417 63895 24161 39301 58055 59161 35087 79261 17872 68344 52995 70603 56127 82956 53918 48777 50392 2308 82564 50178 36559 58045 60749 35854 7400 30638 3939 71550 20403 84247 35265 43887 55889 63367 4372 61214 15506 25287 32283 10294 23196 16362 
23 46
23469 61669 70140 19935 26931 38379 65256 47331 75545 77132 69313 57572 8501 42080 39038 54018 64637 2184 63174 36066 78243 1440 33201 46431 45743 59620 36373 81238 82386 64794 3911 26805 40555 5442 33783 49840 45070 17888 73311 43656 82047 71236 61318 61723 57135 72426 
24 46
51932 64140 83729 66583 63982 36843 41346 9767 13270 54560 55785 7133 80255 13290 79257 46276 40888 40571 2620 17030 72914 68392 4578 47949 6539 51878 77201 58542 36597 35892 63058 79785 79705 4247 75802 71686 10708 83472 5749 49327 53876 16870 75382 34106 75118 81202 
25 46
77286 46868 50006 56748 74089 18389 76933 75588 79992 26288 50417 50525 13445 58822 78860 50694 72697 13221 52198 61006 14913 1078 42340 72289 42046 72190 45179 46733 1095 37944 23747 14027 51968 38187 11674 15019 83996 40743 28709 28487 74170 39684 83823 8043 77207 78648 
26 46
20182 82528 80338 69987 66519 29791 62889 30374 60153 60817 49027 31304 52548 47812 23637 13348 61118 54142 36035 40253 56591 25980 34507 25071 37 73407 32678 40899 2866 57886 54496 58456 4698 57206 2649 68154 6986 73141 49098 61572 2205 83760 35020 4869 34363 83465 
27 46
2529 66325 63773 14932 43429 58751 38518 29102 37831 10095 24151 74024 5341 48270 67031 50798 46581 5617 73584 53087 70422 49651 80796 84033 13728 58116 10747 24809 8019 31941 2434 14491 18651 17242 3261 42655 11799 42525 21071 66437 47974 57730 17942 77146 57471 19125 
28 45
57138 49028 40715 7672 30277 64591 79771 68221 29845 8621 16371 76819 42150 35424 51226 34229 43993 82040 10748 13086 55510 2148 29362 56368 15832 39435 18361 33802 37548 9080 45196 65491 46491 83876 39712 55842 49269 31016 42430 83707 72710 44770 2705 21467 4119 
29 46
50713 57002 13355 53222 66511 27613 19290 64820 32387 71526 7569 72046 50509 49115 83901 30955 66068 15459 11398 32003 12149 75528 51875 35663 53935 42133 51760 44508 3030 15522 19993 52560 29366 54901 64642 35121 17954 74518 75274 21266 10927 37337 77613 75234 46929 4953 
30 46
59439 17100 11384 44052 18139 46125 27775 51992 80915 25966 2608 14036 53176 27922 50942 28312 39851 51489 55369 13697 55887 7736 52471 80016 35579 82461 15980 4525 14682 77473 45832 47226 19645 72193 23293 26073 58581 13472 10391 5699 32871 47384 39058 46202 50956 50107 
31 45
55898 82482 33945 38697 21919 20752 31229 26218 6207 13881 46987 70999 71690 68035 21765 58877 20108 31907 36688 9851 47911 75640 63558 5486 57492 61916 78415 69419 45814 4550 70059 7083 25119 50369 78097 49922 81915 74689 38113 5214 4202 14232 31167 53155 6148 
32 46
13879 22140 19740 39963 46590 14845 36237 17421 48200 45578 10202 43992 79062 34724 72504 27470 8944 32949 63166 73993 21835 73294 56101 35751 67008 11034 74043 427 17829 62599 80899 65885 40237 55066 46817 18423 9535 58615 34694 21463 5490 1976 39839 19474 64861 37818 
33 46
38940 5872 63613 34452 54509 27497 67327 73594 17786 55713 26534 13543 53566 31849 46975 77387 372 40298 73951 8859 29698 13908 508 34356 64292 52985 15959 20507 23688 78514 49360 72810 24902 39317 41517 58784 80402 2691 15456 15531 76289 62484 71505 36519 5548 4313 
