212
0 9
77125 9940 60086 13189 7983 49686 71020 23246 23334 
1 8
67582 62548 57408 45326 45697 2202 5146 20692 
2 9
10660 26651 25481 73077 6743 19932 22221 38690 47968 
3 8
30949 15744 60824 15458 20512 38944 683 10639 
4 9
26636 10036 75850 24906 72566 40688 57023 33095 38670 
5 8
71064 42170 24648 54520 74583 53995 67992 24024 
6 7
64729 28534 17984 7066 41012 28140 30402 
7 5
61045 76345 46189 73815 31006 
8 7
53963 18990 3834 32388 17208 48436 43008 
9 8
8550 2731 14639 65905 4107 1695 4581 52347 
10 6
3912 5370 57836 24786 59451 48547 
11 5
66901 70078 53191 65580 23855 
12 4
39846 51191 67239 4570 
13 5
70204 62236 9383 51067 59876 
14 6
40783 61233 58506 73848 13982 1917 
15 3
3056 72042 71598 
16 5
5504 38046 75062 20995 59650 
17 7
13491 58513 13842 17011 30712 18476 35699 
18 7
53119 54317 64581 31073 58280 10822 44370 
19 5
16485 49804 24499 10599 66558 
20 1
35562 
21 6
39430 75740 21335 26315 59448 34119 
22 6
59228 37860 8095 26248 16159 3836 
23 2
75482 33296 
24 5
46636 59031 51643 10117 44765 
25 3
14662 14182 68081 
26 3
11012 73822 32166 
27 5
17906 3095 58840 49347 77009 
28 4
56592 67826 32595 48880 
29 2
62957 40969 
30 3
7280 58199 72317 
31 3
44835 136 62227 
32 4
13338 15119 73795 71737 
33 1
57190 
34 1
41247 
35 2
51948 63904 
36 1
16769 
37 2
48930 13968 
38 4
56129 33439 65306 46098 
39 1
5223 
40 2
37220 27081 
41 0

42 1
52675 
43 2
45284 12093 
44 3
58451 3060 30390 
45 5
38568 39480 11242 10418 72675 
46 0

47 0

48 0

49 2
38892 32068 
50 1
47724 
51 2
74155 725 
52 2
63963 10668 
53 1
44494 
54 1
44438 
55 1
8462 
56 0

57 1
67021 
58 1
14486 
59 2
35392 67542 
60 3
72265 22395 19907 
61 2
31231 14299 
62 0

63 1
26538 
64 0

65 0

66 1
63312 
67 0

68 1
20775 
69 0

70 1
75933 
71 1
38725 
72 0

73 1
58224 
74 1
24436 
75 0

76 2
14149 34594 
77 1
40884 
78 0

79 0

80 0

81 2
60097 45880 
82 0

83 0

84 0

85 0

86 0

87 0

88 1
33783 
89 0

90 0

91 0

92 0

93 0

94 0

95 0

96 0

97 0

98 0

99 0

100 0

101 0

102 0

103 0

104 0

105 0

106 0

107 0

108 0

109 0

110 0

111 0

112 1
17344 
113 0

114 0

115 0

116 0

117 0

118 0

119 0

120 0

121 0

122 0

123 0

124 0

125 0

126 0

127 0

128 0

129 0

130 0

131 0

132 0

133 0

134 0

135 0

136 0

137 0

138 0

139 0

140 0

141 0

142 0

143 0

144 0

145 0

146 0

147 0

148 0

149 0

150 0

151 0

152 0

153 0

154 0

155 0

156 0

157 0

158 0

159 0

160 0

161 0

162 0

163 0

164 0

165 0

166 0

167 0

168 0

169 0

170 0

171 0

172 0

173 0

174 0

175 0

176 0

177 0

178 0

179 0

180 0

181 0

182 0

183 0

184 0

185 0

186 0

187 1
37181 
188 0

189 0

190 0

191 0

192 0

193 0

194 0

195 0

196 0

197 0

198 0

199 0

200 0

201 0

202 0

203 0

204 0

205 0

206 0

207 0

208 0

209 1
63344 
210 0

211 0

