370
0 11
50010 1738 42457 47102 56476 42370 52625 35111 2997 59017 45631 
1 11
21150 26034 27605 10621 23750 20867 17973 59983 30924 42094 26159 
2 11
21973 54472 23855 17873 49112 49026 25806 42923 1017 22711 27004 
3 10
5505 24310 53362 39226 34468 59226 10577 58188 8786 45371 
4 9
14919 28123 46552 51913 45416 24636 22470 60931 13223 
5 10
4626 27140 1907 42662 58353 554 12768 3791 41979 24068 
6 6
49464 7376 60240 38749 10756 31944 
7 8
40652 27537 27318 38243 54313 21419 44367 58448 
8 6
7789 45260 20337 27759 34769 23817 
9 7
13578 43946 61241 29051 32424 27495 23662 
10 7
43389 6644 46297 3749 60287 49991 32258 
11 7
45453 42070 28534 55351 52174 52298 32016 
12 8
1607 50012 55887 4063 22480 9459 5577 42695 
13 6
57481 59040 9740 18697 20350 4160 
14 6
28847 41232 15145 61232 12906 13679 
15 8
62157 55438 53521 3734 55641 17478 22663 33712 
16 7
41249 4550 44574 40240 37077 56082 9397 
17 5
24953 37960 20828 22985 30331 
18 5
52128 1097 11143 833 4192 
19 6
50728 44084 6483 53542 25714 35649 
20 7
28815 61390 6929 11275 36212 13363 32510 
21 4
60538 59269 20761 28036 
22 5
40188 55377 38101 38815 58131 
23 7
27629 60152 57537 54080 18648 247 24613 
24 2
125 57210 
25 6
49789 56817 33054 30629 36395 5588 
26 3
45498 16214 40591 
27 3
24397 1785 18006 
28 3
39502 34061 43173 
29 6
37215 57349 31003 51589 14343 48898 
30 6
127 2676 55743 3105 40730 15790 
31 4
46651 60000 2382 33249 
32 1
52472 
33 2
32785 61935 
34 2
42646 46321 
35 2
25304 9649 
36 2
9050 27548 
37 4
9276 28996 9484 9678 
38 1
52246 
39 2
20611 23416 
40 1
14776 
41 1
20452 
42 4
25009 55353 40112 61603 
43 3
6105 17934 53001 
44 1
17122 
45 1
58660 
46 1
17005 
47 1
16698 
48 2
45827 14072 
49 2
20873 53552 
50 1
25712 
51 2
32473 17143 
52 3
26529 53209 55230 
53 1
55425 
54 3
34710 41108 46158 
55 0

56 1
49723 
57 1
34479 
58 2
22669 51027 
59 2
7224 32773 
60 0

61 0

62 0

63 1
28828 
64 2
36825 60729 
65 0

66 2
12579 40140 
67 1
29668 
68 2
45378 33437 
69 0

70 1
39103 
71 1
56585 
72 1
12964 
73 0

74 0

75 0

76 1
17798 
77 1
35138 
78 2
61665 12364 
79 1
45087 
80 0

81 0

82 1
60843 
83 1
48032 
84 0

85 1
28612 
86 0

87 0

88 1
30995 
89 0

90 0

91 1
59512 
92 0

93 0

94 0

95 0

96 0

97 0

98 0

99 0

100 0

101 1
9605 
102 0

103 0

104 0

105 0

106 0

107 0

108 0

109 0

110 0

111 0

112 0

113 1
15228 
114 0

115 0

116 0

117 0

118 0

119 0

120 0

121 0

122 1
14260 
123 0

124 0

125 0

126 0

127 0

128 0

129 0

130 0

131 1
37560 
132 0

133 0

134 0

135 0

136 0

137 0

138 1
25028 
139 0

140 0

141 0

142 0

143 0

144 0

145 0

146 0

147 0

148 0

149 0

150 0

151 0

152 0

153 0

154 0

155 0

156 0

157 0

158 0

159 0

160 0

161 0

162 0

163 0

164 0

165 0

166 0

167 0

168 0

169 0

170 0

171 0

172 0

173 0

174 0

175 0

176 1
26496 
177 0

178 0

179 1
12346 
180 0

181 0

182 0

183 0

184 0

185 0

186 0

187 1
52400 
188 0

189 0

190 0

191 0

192 0

193 0

194 0

195 0

196 0

197 0

198 0

199 0

200 0

201 0

202 0

203 0

204 0

205 0

206 0

207 0

208 0

209 0

210 0

211 0

212 0

213 0

214 0

215 0

216 0

217 0

218 0

219 0

220 0

221 0

222 0

223 0

224 0

225 0

226 0

227 0

228 0

229 0

230 0

231 0

232 0

233 0

234 0

235 0

236 0

237 0

238 0

239 0

240 0

241 0

242 0

243 0

244 0

245 0

246 0

247 0

248 0

249 0

250 0

251 0

252 0

253 0

254 0

255 0

256 0

257 0

258 0

259 0

260 0

261 0

262 0

263 0

264 0

265 0

266 0

267 0

268 0

269 0

270 0

271 0

272 0

273 0

274 0

275 0

276 0

277 0

278 0

279 0

280 0

281 0

282 0

283 0

284 0

285 0

286 0

287 0

288 0

289 0

290 0

291 0

292 0

293 0

294 0

295 0

296 0

297 0

298 0

299 0

300 0

301 0

302 0

303 0

304 0

305 0

306 0

307 0

308 0

309 0

310 0

311 0

312 0

313 0

314 0

315 0

316 0

317 0

318 0

319 0

320 0

321 0

322 0

323 0

324 0

325 0

326 0

327 0

328 0

329 0

330 0

331 0

332 0

333 0

334 0

335 0

336 0

337 0

338 0

339 0

340 0

341 0

342 0

343 0

344 0

345 0

346 0

347 0

348 0

349 0

350 0

351 0

352 0

353 0

354 0

355 0

356 0

357 0

358 0

359 0

360 0

361 0

362 0

363 0

364 0

365 0

366 0

367 0

368 0

369 0

