98
0 9
82387 48797 8241 13290 16608 68011 32737 5858 22273 
1 9
65540 19703 19597 84665 32882 38059 20411 4906 54318 
2 7
84974 19816 23193 20986 50321 40519 69487 
3 8
36797 3760 49261 47640 61773 89027 58621 92318 
4 9
4827 16741 37634 31595 42532 62111 53211 16999 96040 
5 8
73557 49909 5349 56699 27004 29753 66941 82255 
6 7
24637 27348 69357 51932 57437 71352 93738 
7 9
41030 92029 75430 3774 3986 19804 21921 89309 78562 
8 7
32903 73191 37445 89670 25906 31510 88791 
9 9
34370 90888 52623 69808 41250 58226 17313 16011 57226 
10 9
96030 59317 60583 26587 32139 47127 59188 68972 35162 
11 8
87189 89528 711 92526 24403 59184 73628 27420 
12 7
2781 42092 13150 10817 3542 59312 81121 
13 6
84385 14507 64049 45660 53469 12552 
14 9
39853 6935 7172 5297 71236 46458 17138 2138 36857 
15 6
77391 53246 43547 68441 31184 1600 
16 8
16431 57085 50869 80453 81067 1561 80674 59025 
17 7
672 45414 78680 3349 39710 79255 72167 
18 7
65708 81597 76169 63458 74530 78277 84937 
19 8
59423 16743 9067 90026 63377 94519 13737 84211 
20 9
7851 47971 40026 5564 34585 92335 55034 86460 63757 
21 7
59485 57234 80285 28809 46383 50420 92612 
22 4
36440 73813 2500 81651 
23 7
73946 7641 29031 24633 40089 76487 26485 
24 6
74781 71159 2732 93711 63551 2757 
25 8
91657 9339 24381 54595 53904 46417 2153 27122 
26 7
58077 76839 53354 90421 38104 6267 31835 
27 6
80289 78936 69698 45530 37693 79333 
28 9
8085 72143 53418 40780 68063 86357 78454 23108 3447 
29 5
66131 8482 36512 49106 86171 
30 7
12386 33288 22418 6817 91547 9567 12291 
31 4
69352 27597 54542 20771 
32 4
11004 31129 23036 33633 
33 5
14981 69786 63264 68645 50024 
34 5
5490 56232 34681 5934 85001 
35 7
5222 5283 42327 25947 19986 96065 5240 
36 8
12954 25649 59591 69342 62801 94370 63792 69827 
37 4
78601 23637 53653 79178 
38 5
88063 57516 73342 49172 7683 
39 5
31897 19394 15112 94817 727 
40 6
76555 67477 36900 63588 66580 51996 
41 7
78205 44744 28710 77879 57031 40388 84019 
42 9
10981 55528 92117 50356 46136 69444 49624 24987 35918 
43 6
30050 345 20833 29568 55595 8022 
44 3
66109 69450 56712 
45 6
21283 11407 50810 64207 47639 61404 
46 4
94233 17720 42403 73018 
47 4
6068 74625 15746 52940 
48 6
5048 60234 30131 37948 53651 58826 
49 6
71386 74652 64567 63658 53404 22823 
50 3
8825 73452 13289 
51 5
41359 87726 19269 18797 90206 
52 4
16053 60690 55056 56647 
53 2
68908 91697 
54 5
57165 33616 92532 61958 28633 
55 4
44652 92761 88935 74286 
56 3
19993 85047 87931 
57 4
23483 65093 90098 70351 
58 4
46038 76478 77258 19905 
59 4
47088 51577 45404 49156 
60 4
5251 62843 34240 51717 
61 3
52040 6512 81299 
62 6
71272 74115 63999 78199 8404 37871 
63 4
76352 16802 36368 72103 
64 2
29383 21649 
65 5
36244 71758 25760 57417 41986 
66 1
14265 
67 2
1359 25867 
68 3
17788 70131 28735 
69 2
35585 5545 
70 3
58115 86430 30983 
71 3
74875 71153 2113 
72 3
25122 55138 16465 
73 4
70187 64706 60095 8526 
74 7
69621 18179 85662 75356 81512 61533 56245 
75 4
72894 76764 32583 12771 
76 3
37955 35250 90614 
77 4
56703 40483 64188 39975 
78 5
92842 67050 46901 7871 36061 
79 5
16064 8059 20886 52851 93460 
80 4
58322 14536 31330 35471 
81 3
42146 5403 13595 
82 4
16776 63052 65949 16614 
83 4
47616 40632 34175 33277 
84 2
12955 9874 
85 1
770 
86 2
45723 33536 
87 2
12728 11950 
88 6
48553 48964 83178 30026 5497 30332 
89 4
49787 76940 43294 6548 
90 2
46137 76102 
91 1
55003 
92 4
25466 79816 2277 18039 
93 2
95182 22951 
94 1
60236 
95 3
86667 17905 75455 
96 3
54956 73847 87444 
97 3
41795 29976 7606 
