94
0 304
3966 35194 24728 70526 34252 43699 14192 82489 70367 71620 7980 77069 2241 55088 88886 42472 57710 48746 64148 43718 54242 21693 89273 2811 49729 56778 29835 41066 39603 79170 83427 25204 39588 36117 40973 73187 22440 63629 70383 1825 95380 66623 51700 67101 5433 12069 8827 10126 77382 57864 58951 17469 38005 10714 83621 39653 542 84149 94832 99944 55433 44770 18126 97245 4154 68173 21851 28847 1363 37624 69865 41535 1303 44425 97923 55080 91012 41088 48655 60145 98289 54523 81757 14769 7845 73251 94824 82883 81033 11805 97327 20726 85578 50464 10966 4390 21885 63442 98801 31454 45104 43331 96000 55543 32732 41836 60183 97547 17287 902 51572 73533 59725 5425 15542 58166 66917 95585 28544 69179 1649 59015 82790 28486 83709 7768 20387 8461 67233 17984 96695 58687 82334 67295 76944 40804 81461 94871 1732 40336 74822 42163 14612 61766 98961 20543 80318 29193 32771 56358 38068 16096 62393 64178 78944 36847 62898 18939 4682 72893 39438 63871 33640 42954 70690 8199 29497 98334 55747 97503 29142 46393 32975 83321 2103 30196 99471 36740 34480 68740 27346 98864 26730 77012 8585 60119 14924 62703 13828 85407 91953 58391 19082 14858 48478 69082 20206 81293 90011 10890 86637 83993 42211 74985 3319 75047 45457 57706 82216 70849 33076 63979 15358 52680 1890 79340 53472 47492 52838 71368 82877 59523 7903 72193 55264 9926 20338 24410 75366 47368 44495 80319 84738 31915 84638 92831 83143 66970 30426 72116 78151 31946 23918 15934 23363 56602 76598 88475 87814 89262 66383 44816 47123 66902 10836 64872 87282 76073 53340 89186 58719 84821 50021 8780 29435 3007 20281 42151 49665 98745 2323 50252 38893 1670 12231 41366 26016 32950 33553 99160 23148 2286 77188 10686 40826 95631 65340 50748 15176 22583 4581 78347 73476 42719 62175 35353 3106 50379 22309 86553 59043 10155 76792 82343 
1 186
38931 84278 75801 53617 47058 74165 91669 40109 14005 18499 90121 92787 97864 23104 71433 62344 65970 26177 69817 81301 78622 96547 87765 95837 72684 33218 93529 63142 27791 532 69901 29452 2231 8081 59562 73364 94482 17776 77437 13169 18209 13532 17827 61849 89533 55046 86992 43616 52690 61013 45611 63890 61496 419 92943 13204 82810 22012 4184 27943 60386 96560 19921 41109 56009 32167 52040 36615 84586 62065 98269 29430 24862 47937 46417 9109 56150 73816 91351 83931 48305 73698 39172 19405 32240 59754 58655 33748 34408 68898 99523 46344 36570 40814 53337 42435 85307 59756 40382 90449 83328 10935 18237 6311 16032 64351 50483 26214 31616 80788 3361 12779 19895 63593 20466 42767 71531 95609 36207 66979 68940 45590 52684 84521 8132 19328 77967 44358 1884 10147 712 23799 75971 63323 20548 19055 78381 29272 21391 8332 38230 22467 74081 15627 49668 88441 36260 21267 43797 78185 8534 45541 55843 13470 62653 20169 33401 10257 22157 50134 20102 7110 28613 44319 57428 28482 41 67451 93038 16744 52772 5804 45650 49813 47032 23795 93669 23719 16548 41923 52613 74305 89300 1332 18083 79991 
2 91
25076 93971 66648 41806 9940 45176 76247 61450 94749 60420 14692 80149 85204 52725 10020 43615 75954 20216 59238 42562 84883 64781 39114 16663 14845 90435 21027 47450 58658 34198 45395 49407 6366 74234 49281 85188 38574 62004 48600 73493 86075 60187 67881 91527 57901 74767 41204 57322 10409 5346 61744 60511 2097 49047 48744 52890 2975 68162 2470 5248 9397 90077 86092 22050 94455 7424 44651 57451 66853 11935 91421 70885 66609 52761 81420 38268 35966 45238 97963 84320 19216 77046 51975 42816 31088 88063 31327 39722 53418 29963 9534 
3 63
47120 20516 63828 66165 10209 90921 1847 67947 41672 399 32516 80529 28568 76899 43192 75929 9545 28855 98766 9611 86839 62018 94007 47184 3021 21424 66845 10631 8193 44960 71822 83168 76942 30322 72521 29031 26838 31176 35104 62907 89552 56955 10474 45685 93284 17654 15667 48242 17838 99643 91969 63531 69437 99829 5711 82746 7883 27757 70567 64517 63332 71633 20274 
4 32
89540 88564 17115 80099 63757 13964 27442 43376 98675 38722 6139 90827 18054 56412 59175 66996 50978 732 999 53078 42889 38684 13736 67853 88968 44842 44335 11869 40806 27923 25604 89442 
5 25
83692 65319 47440 31742 80692 15322 77020 10780 37443 17899 22812 26469 2977 91436 9968 41422 90711 29283 44969 97997 41371 80967 77754 54645 71150 
6 14
95917 27367 98159 23916 25022 80307 79222 44537 54312 67081 90761 24138 56250 8495 
7 9
41049 64926 36655 7404 2291 64201 87719 35486 40652 
8 4
90212 6274 69856 28591 
9 3
18298 89633 35595 
10 1
38876 
11 2
97764 22882 
12 1
55791 
13 0

14 0

15 0

16 1
4030 
17 0

18 0

19 0

20 0

21 0

22 0

23 0

24 0

25 0

26 0

27 0

28 0

29 0

30 0

31 0

32 0

33 0

34 0

35 0

36 0

37 0

38 0

39 0

40 0

41 0

42 0

43 0

44 0

45 0

46 0

47 0

48 0

49 0

50 0

51 0

52 0

53 0

54 0

55 0

56 0

57 0

58 0

59 0

60 0

61 0

62 0

63 0

64 0

65 0

66 0

67 0

68 0

69 0

70 0

71 0

72 0

73 0

74 0

75 0

76 0

77 0

78 0

79 0

80 0

81 0

82 0

83 0

84 0

85 0

86 0

87 0

88 0

89 0

90 0

91 0

92 0

93 0

