74
0 277
29322 85787 33963 18435 15288 84501 45889 64777 63680 31901 36237 99170 63915 39186 44505 62715 77163 15356 42603 73689 6865 11060 87595 80193 7922 28015 40515 81720 9526 22534 97282 21393 77383 34930 67000 4839 3421 64165 97887 24319 15158 30233 61961 58588 49158 32128 47299 4475 44259 26867 74234 58252 79639 46169 50719 33534 70882 22922 20639 7715 58148 2847 74582 96434 3999 49747 26368 57269 14274 31206 10435 21066 50680 83237 95168 57412 51275 91870 81599 2161 61695 60925 37937 3340 20291 99248 64296 31073 18295 76862 7915 50653 10264 55211 33205 17200 70031 71611 89842 12034 81359 95779 83818 59115 21862 7823 62401 98836 71017 94635 43982 191 77043 10606 10411 17377 28188 13666 38333 1277 12807 12663 9457 49317 33555 35611 50734 26364 68408 65166 65242 92989 16138 55446 9186 68635 62616 15877 84278 68672 18468 46207 15680 17186 47417 65733 84828 20621 51656 23395 69843 51000 91475 3388 13620 49575 10977 64568 83274 66757 99763 61790 46470 64592 57101 4967 53430 50201 3404 51923 66125 39807 58887 30766 14109 64415 37529 73290 21319 88810 1913 41712 89527 67073 20512 15639 53863 39389 57429 47523 38650 50785 62339 94186 6504 96790 1489 28940 72814 5329 85259 44518 56753 91286 66132 38322 87077 46949 96036 57518 57812 84823 69531 58091 85990 68393 34580 29908 53592 16580 49354 82072 18318 16395 59317 76979 63997 7175 94940 23028 38146 4696 72729 83024 5537 76267 55372 60129 99261 6547 32895 64859 40339 94437 53716 84884 23781 94008 89535 33278 85579 17940 47099 26264 24370 85404 11945 80663 90483 19054 22531 31213 56127 66861 48863 98396 51823 507 61770 98757 59297 36297 48975 10126 17698 26656 97974 
1 172
77370 23154 72770 59988 88900 71593 39037 12817 95365 78782 90496 74196 30660 97951 95731 30228 46517 56750 35138 43461 38205 18693 73281 4817 1137 32261 353 702 89202 80446 74794 96597 91083 43947 63643 76529 19886 12077 29913 46341 51070 90116 4962 43285 37593 60143 25972 9546 17711 28382 76481 28487 30400 52433 45627 80727 2969 70927 87069 21247 20826 53776 89342 96078 95503 13190 36919 57452 30044 41713 62298 63922 53614 35265 59533 84034 82027 65626 89079 86507 41119 10726 51096 3961 27516 77828 70542 84306 32607 85 54149 33153 53095 65727 79242 50563 61437 88182 42300 3773 91359 67881 71484 68616 18532 65266 75976 90887 5633 78639 65865 46800 48100 71424 85176 83096 98621 20463 57316 46385 66078 25006 65249 41279 46452 1693 66219 10998 73543 3209 92062 35613 88566 84657 91643 90888 7005 14891 78301 21777 1068 62503 13596 8200 5524 58729 64737 81012 36131 52470 25678 26792 61689 53424 27406 43693 33566 93503 29446 9533 36617 13980 61234 36894 23871 42011 20732 51890 57329 25786 85911 63475 
2 136
96720 99074 80778 52558 42452 93918 56863 42570 56824 45751 70935 90126 70331 56833 17210 8264 92685 49225 68168 28610 50332 10683 34504 96513 74486 14645 71367 28947 75817 96929 69172 4360 75756 19552 57580 41324 24480 55286 22987 17208 26207 57367 21422 91653 16501 96587 54698 76168 65759 35506 51462 59211 90889 88974 31723 1829 64421 51118 77065 32472 16853 70776 72347 64200 27930 62542 88291 80371 84385 46884 68165 90043 39419 97670 99241 11809 33517 51309 54286 39598 29843 65400 51281 61375 77296 64020 63349 2942 61977 38241 42601 67487 8883 82307 80310 79862 82403 24567 2650 40787 41883 33561 85752 41318 90382 87634 60199 28492 20499 87004 72737 9649 86775 5743 90387 15475 11040 58612 8438 39516 57187 88535 7552 25266 23700 49844 50638 12723 966 31778 60393 65542 65497 8187 94178 66268 
3 78
64298 5513 31269 49557 24585 90805 71417 52493 51030 50677 67028 83807 37005 68470 48681 73119 4635 16277 16774 6981 93862 1979 10309 23311 42930 43037 78842 91207 79361 47469 83757 65225 13612 72815 46285 3609 12218 74431 41184 953 56929 3400 62857 73753 31578 71678 75559 87226 58744 4894 13717 3386 10440 87562 24312 19231 63530 28187 28834 87223 28071 89263 37404 44905 17692 12870 88618 35272 63219 15341 51465 3056 66108 9969 15866 32837 78567 40274 
4 47
35590 18916 58321 35153 60334 22640 79697 39006 3702 55618 94975 9865 12298 93688 20536 51301 47823 81799 40141 36939 15170 82477 20290 80340 8368 13019 24213 32661 11627 31779 58860 11770 32003 56583 33250 57650 3199 29421 43660 17066 69709 48104 97422 71372 83568 66828 2819 
5 34
79589 4120 41153 38863 64663 36533 41474 77030 85530 36397 10066 32951 62488 41805 52382 42804 89688 82794 78093 4043 15182 38181 35444 35348 44712 41177 83122 77861 39651 79922 96131 67556 16574 48763 
6 28
63029 15192 33809 65361 30110 73498 24798 53264 56979 22658 53327 22276 82314 49772 34948 23143 75749 54254 37512 92755 9729 70410 93831 37903 38111 66303 19367 1509 
7 10
21695 4217 53883 80965 78608 26773 90906 36506 26701 37890 
8 7
58499 40253 66830 56642 39324 95607 66533 
9 4
28156 26763 21587 20352 
10 6
59287 35544 83709 26385 891 73027 
11 1
30215 
12 1
93992 
13 1
34028 
14 1
11630 
15 0

16 1
877 
17 0

18 1
87536 
19 0

20 0

21 0

22 0

23 0

24 0

25 0

26 0

27 0

28 0

29 0

30 0

31 0

32 0

33 0

34 0

35 0

36 0

37 0

38 0

39 0

40 0

41 0

42 0

43 0

44 0

45 0

46 0

47 0

48 0

49 0

50 0

51 0

52 0

53 0

54 0

55 0

56 0

57 0

58 0

59 0

60 0

61 0

62 0

63 0

64 0

65 0

66 0

67 0

68 0

69 0

70 0

71 0

72 0

73 0

