141
0 8
46483 80894 38189 45811 57795 6489 75162 58749 
1 8
22950 8833 4725 29399 83600 62736 56217 79358 
2 8
38898 43000 11720 81513 52933 68263 7155 35239 
3 8
48838 20317 52342 69779 6081 26018 19156 59246 
4 8
36547 65402 66214 87987 15421 69200 20884 70020 
5 7
57676 65863 76565 41964 46027 62506 50202 
6 6
85805 77156 84959 73315 4805 83788 
7 8
51609 4397 52583 16080 85903 16750 10645 83851 
8 8
1927 63612 53180 93122 62102 71040 12788 29719 
9 7
60813 17493 76925 82968 70419 8721 52429 
10 8
56665 14615 44051 21013 41027 24554 25034 20645 
11 7
20707 39646 28587 36456 87204 15591 31332 
12 8
57842 87570 20066 87797 35851 58187 62224 6867 
13 7
4018 33620 19588 55678 68335 12111 50685 
14 8
53716 92865 53886 51898 67246 68858 44959 51624 
15 4
70587 16162 32284 85539 
16 8
43465 38937 67460 33548 10963 53314 89041 43985 
17 5
24030 24048 45404 41585 21940 
18 5
9825 5297 30577 29831 24203 
19 7
76896 21664 23133 31059 41375 19914 50058 
20 6
37575 51081 29338 14831 19114 89810 
21 6
33606 40092 16836 89393 29074 61405 
22 8
61876 31368 33656 48197 81423 51275 90464 9582 
23 6
72383 47868 22262 22252 32728 11166 
24 7
34027 5847 27375 47755 73803 5193 92218 
25 6
69990 66672 47718 66008 63683 57156 
26 7
64520 59696 78096 36626 39745 61141 42248 
27 6
85596 21752 25609 83476 69917 78970 
28 5
73802 47636 39253 7432 39181 
29 5
21345 91715 26670 74032 77820 
30 8
87187 74243 91481 37642 45249 6916 79144 77807 
31 7
5491 46341 82336 46628 92634 20422 9928 
32 8
26950 26558 84631 60088 89260 86837 4689 91307 
33 6
1692 53946 43853 65908 76440 47406 
34 7
57789 84888 50143 86966 92126 20802 57750 
35 6
92109 81540 10597 75600 2355 89644 
36 6
86412 50897 33333 49220 18164 14818 
37 5
37641 70739 25072 5866 6076 
38 5
33918 78372 27380 90804 14408 
39 5
87688 20477 38486 21060 2203 
40 2
34922 91014 
41 6
28321 43582 70515 44446 20800 70184 
42 5
15767 7192 11715 59759 86000 
43 5
16168 42463 7968 92106 88582 
44 6
72294 91663 21347 63050 17743 58965 
45 3
75725 76512 31532 
46 6
44333 43151 6288 18215 82152 40307 
47 5
25922 76074 65978 80765 54619 
48 3
23234 961 28291 
49 5
18671 65525 49625 18354 36641 
50 5
70138 5536 84635 14899 73117 
51 5
53550 23535 55279 737 16683 
52 3
74662 77583 93001 
53 4
31703 49204 17075 11685 
54 4
91257 43932 88663 12154 
55 5
37462 61449 68171 82654 61778 
56 5
46623 75327 92459 46265 52357 
57 5
51065 44386 66705 2085 79067 
58 3
14688 70723 73951 
59 5
17818 34882 60228 76846 26825 
60 3
68691 87908 58478 
61 2
13297 10242 
62 4
22531 25885 15335 8446 
63 5
76379 90640 48511 85169 12675 
64 5
29757 19661 37445 9342 38925 
65 4
56310 61693 90428 77966 
66 4
45339 62191 18161 55819 
67 4
11931 8568 35388 28930 
68 5
26437 1765 70575 72846 71657 
69 3
4095 1274 51299 
70 6
9280 11619 24799 31400 7688 30984 
71 6
81802 33725 82886 75944 48391 25176 
72 4
6660 49495 27813 42797 
73 5
3334 29731 26541 3200 91693 
74 5
38072 40274 46577 2201 75391 
75 2
55181 27159 
76 4
562 88360 52281 8525 
77 4
76244 77762 72837 78265 
78 3
8295 25872 40468 
79 5
14863 78084 66186 34174 65953 
80 2
9013 30512 
81 2
76697 41935 
82 7
34990 4457 40813 13809 41447 63238 74596 
83 4
50944 44498 30818 41076 
84 2
20556 46468 
85 6
32348 22855 9224 45141 71868 90810 
86 3
1312 9784 69515 
87 6
63519 44358 17486 80989 88930 7819 
88 5
34664 11473 81239 50657 83300 
89 4
3410 62352 92189 86193 
90 4
50272 88689 46735 12924 
91 4
70939 29510 59122 86239 
92 2
65298 47668 
93 2
62775 36976 
94 5
54775 62944 57122 80172 82506 
95 5
40657 47738 28679 67867 61526 
96 5
64889 61547 24109 47523 89647 
97 3
70233 5225 62019 
98 1
9781 
99 2
37380 71524 
100 2
62934 59962 
101 3
5575 62292 34112 
102 7
14687 22519 83512 10749 49435 4153 68558 
103 3
74568 19008 25564 
104 3
89235 25199 76056 
105 1
35154 
106 4
27217 21462 15962 17940 
107 1
78547 
108 2
46078 17336 
109 1
46065 
110 0

111 4
6833 51853 28589 74540 
112 2
84477 39144 
113 2
78978 87352 
114 1
93610 
115 3
28873 33848 8121 
116 2
71026 92859 
117 1
34132 
118 3
69157 59440 547 
119 3
83013 23624 12641 
120 3
12342 83200 22656 
121 1
87771 
122 1
77880 
123 2
38886 18548 
124 4
73612 13658 65292 2281 
125 3
52147 80497 71801 
126 2
65074 42468 
127 1
49742 
128 3
81933 26946 82929 
129 4
59262 8480 55603 45686 
130 4
82428 77171 45660 12690 
131 0

132 3
78578 28566 6315 
133 2
74642 35283 
134 3
70978 31853 84242 
135 4
61167 85488 80083 90297 
136 1
92687 
137 1
92133 
138 3
57918 14923 80068 
139 2
72342 67704 
140 2
43361 47577 
