437
0 197
43948 52965 7751 82933 27900 37423 54671 98387 12480 36751 5638 9190 7453 18074 76537 46828 41679 63364 94296 79692 98493 77725 68975 55823 24482 25769 75184 19775 68281 86238 437 56068 76284 97830 1717 98631 34970 80929 3097 35137 63851 25699 3835 79333 29017 51242 10024 39348 3015 69873 14865 29895 53548 57416 67586 67714 32822 66211 28789 86315 97062 17232 93190 31677 49882 8086 61453 68959 74574 22818 98276 22210 83007 50204 77641 66990 63958 72659 57623 22628 7715 9755 22673 11842 17326 74639 62156 77526 4864 76309 46628 34530 63369 67847 96017 67449 66274 53606 58171 14465 79308 52434 79128 43232 40446 58808 16990 14834 56587 12482 19376 27083 95530 80680 43618 23790 15418 91284 97652 85479 29894 535 39762 27610 51063 29651 77743 31879 29717 56771 76337 68932 50565 95148 34770 63222 18496 54445 90989 14534 53165 79427 22649 80604 23171 14078 21753 48398 88012 7204 32540 29294 66290 31823 53766 40712 35314 72868 32406 34011 87501 11893 14224 50085 53960 30902 88483 46553 18796 86340 2597 27155 20019 34282 75656 60442 29156 43500 89716 18886 54416 93285 81915 10468 74742 33451 99740 79524 38205 52052 97673 99726 3394 65127 88347 8933 25116 
1 117
73451 43994 34934 28431 76341 56035 47694 60991 90456 60457 39721 94971 56054 99991 39347 36038 28037 48075 46674 6712 59421 32931 47099 13757 96095 47974 42261 98936 39187 47317 51620 88654 13960 27297 85599 39237 27707 87972 72807 40120 70044 16154 26402 12312 2224 90865 83827 80317 25906 797 34407 20840 70622 97616 78619 60654 20885 64441 78251 79382 71967 61320 27073 88778 84018 95283 17526 19971 61648 88550 96883 91748 19604 13999 26524 94857 84226 24549 28511 70304 34359 66767 57035 81879 70572 69207 19221 23936 43335 21186 58833 32831 33282 40917 10131 98160 49223 18940 66941 4355 57746 23835 87477 20333 59745 20808 47119 45779 48755 90243 14231 81869 40011 74428 34416 77214 43745 
2 72
53220 8625 19344 77289 19796 37935 76385 2571 98384 52998 45909 88595 26281 67153 61201 57524 11040 53736 52268 33997 31288 16696 67915 95139 29561 6266 61783 59490 5616 4041 72650 80444 45668 4593 48595 44272 6665 61914 69056 11198 29334 32069 90068 26989 56579 76660 18873 68821 46497 22271 58146 28971 89695 60759 16654 76008 59465 11887 40425 9403 56181 82168 23990 95275 81905 19244 26577 68623 65574 5408 28087 81087 
3 43
42372 25921 8461 9744 56193 89742 72 71663 25283 77053 61403 62744 51386 54650 99210 38563 27462 46242 10336 97418 39072 993 68968 87119 45959 67512 45712 3874 96082 12674 9552 56379 45518 39579 57782 82894 19856 36725 56902 32201 42663 81389 56874 
4 21
59003 11475 18509 94523 33584 53906 59495 57808 75672 14906 68645 22543 48644 28523 76032 72024 19335 19454 60382 53285 69392 
5 11
31417 41153 75104 77561 87703 63962 25146 38893 57896 4914 98831 
6 6
55937 87088 6534 24181 74479 22462 
7 5
56994 78462 66832 76366 4313 
8 1
91086 
9 3
75633 97024 65220 
10 0

11 1
52319 
12 0

13 0

14 0

15 0

16 0

17 0

18 0

19 0

20 0

21 0

22 0

23 0

24 0

25 0

26 0

27 0

28 0

29 0

30 0

31 0

32 0

33 0

34 0

35 0

36 0

37 0

38 0

39 0

40 0

41 0

42 0

43 0

44 0

45 0

46 0

47 0

48 0

49 0

50 0

51 0

52 0

53 0

54 0

55 0

56 0

57 0

58 0

59 0

60 0

61 0

62 0

63 0

64 0

65 0

66 0

67 0

68 0

69 0

70 0

71 0

72 0

73 0

74 0

75 0

76 0

77 0

78 0

79 0

80 0

81 0

82 0

83 0

84 0

85 0

86 0

87 0

88 0

89 0

90 0

91 0

92 0

93 0

94 0

95 0

96 0

97 0

98 0

99 0

100 0

101 0

102 0

103 0

104 0

105 0

106 0

107 0

108 0

109 0

110 0

111 0

112 0

113 0

114 0

115 0

116 0

117 0

118 0

119 0

120 0

121 0

122 0

123 0

124 0

125 0

126 0

127 0

128 0

129 0

130 0

131 0

132 0

133 0

134 0

135 0

136 0

137 0

138 0

139 0

140 0

141 0

142 0

143 0

144 0

145 0

146 0

147 0

148 0

149 0

150 0

151 0

152 0

153 0

154 0

155 0

156 0

157 0

158 0

159 0

160 0

161 0

162 0

163 0

164 0

165 0

166 0

167 0

168 0

169 0

170 0

171 0

172 0

173 0

174 0

175 0

176 0

177 0

178 0

179 0

180 0

181 0

182 0

183 0

184 0

185 0

186 0

187 0

188 0

189 0

190 0

191 0

192 0

193 0

194 0

195 0

196 0

197 0

198 0

199 0

200 0

201 0

202 0

203 0

204 0

205 0

206 0

207 0

208 0

209 0

210 0

211 0

212 0

213 0

214 0

215 0

216 0

217 0

218 0

219 0

220 0

221 0

222 0

223 0

224 0

225 0

226 0

227 0

228 0

229 0

230 0

231 0

232 0

233 0

234 0

235 0

236 0

237 0

238 0

239 0

240 0

241 0

242 0

243 0

244 0

245 0

246 0

247 0

248 0

249 0

250 0

251 0

252 0

253 0

254 0

255 0

256 0

257 0

258 0

259 0

260 0

261 0

262 0

263 0

264 0

265 0

266 0

267 0

268 0

269 0

270 0

271 0

272 0

273 0

274 0

275 0

276 0

277 0

278 0

279 0

280 0

281 0

282 0

283 0

284 0

285 0

286 0

287 0

288 0

289 0

290 0

291 0

292 0

293 0

294 0

295 0

296 0

297 0

298 0

299 0

300 0

301 0

302 0

303 0

304 0

305 0

306 0

307 0

308 0

309 0

310 0

311 0

312 0

313 0

314 0

315 0

316 0

317 0

318 0

319 0

320 0

321 0

322 0

323 0

324 0

325 0

326 0

327 0

328 0

329 0

330 0

331 0

332 0

333 0

334 0

335 0

336 0

337 0

338 0

339 0

340 0

341 0

342 0

343 0

344 0

345 0

346 0

347 0

348 0

349 0

350 0

351 0

352 0

353 0

354 0

355 0

356 0

357 0

358 0

359 0

360 0

361 0

362 0

363 0

364 0

365 0

366 0

367 0

368 0

369 0

370 0

371 0

372 0

373 0

374 0

375 0

376 0

377 0

378 0

379 0

380 0

381 0

382 0

383 0

384 0

385 0

386 0

387 0

388 0

389 0

390 0

391 0

392 0

393 0

394 0

395 0

396 0

397 0

398 0

399 0

400 0

401 0

402 0

403 0

404 0

405 0

406 0

407 0

408 0

409 0

410 0

411 0

412 0

413 0

414 0

415 0

416 0

417 0

418 0

419 0

420 0

421 0

422 0

423 0

424 0

425 0

426 0

427 0

428 0

429 0

430 0

431 0

432 0

433 0

434 0

435 0

436 0

