112
0 16
27526 48613 16434 9257 18833 24084 27279 17718 27591 50890 5881 7696 15326 20198 42553 39398 
1 15
14354 27514 25918 28099 32710 47472 35139 19871 3254 11032 41943 46640 3404 49092 19601 
2 14
2624 48534 52182 3833 29667 23909 40371 31344 19009 6021 10949 47818 10015 39007 
3 13
6924 15305 42135 9004 39403 32774 47925 10374 49234 16081 20200 5947 10635 
4 9
1082 12120 14878 37023 49550 39589 29443 599 43290 
5 12
45827 50678 30318 48196 19223 33842 35358 49950 5990 3442 20165 12438 
6 10
41209 36701 20559 25152 7285 52180 21263 27590 11605 3199 
7 7
47299 47374 39749 8248 27146 41472 16466 
8 9
22332 9087 23407 10486 48774 17675 889 13917 42980 
9 8
16494 14560 14846 12456 48562 2282 40565 27729 
10 9
6383 40527 6229 10845 16381 26548 15654 6339 24529 
11 8
6381 8605 18541 51125 3013 34683 36560 18706 
12 6
7069 4792 40520 13678 24709 17864 
13 5
19075 44195 51268 50812 24974 
14 7
7810 14212 50059 39761 21185 49626 11908 
15 6
52172 25387 29005 31614 40716 17346 
16 1
3549 
17 4
14988 18543 8735 9908 
18 4
40689 5715 27914 13684 
19 6
34206 45548 17584 37685 28447 803 
20 7
22595 20651 6 40496 37427 47958 39797 
21 2
34366 19512 
22 2
34628 15797 
23 3
27166 33228 7244 
24 3
2448 30542 42588 
25 2
40698 16161 
26 4
4444 33992 23767 11200 
27 2
41332 35550 
28 1
42741 
29 2
32289 19392 
30 2
12680 31280 
31 2
31650 44930 
32 2
6858 26669 
33 1
26533 
34 1
18312 
35 3
14137 29061 37479 
36 1
38243 
37 0

38 1
7484 
39 1
37032 
40 0

41 1
10144 
42 0

43 1
47551 
44 0

45 2
29339 37550 
46 1
38128 
47 2
28214 20360 
48 1
40933 
49 0

50 1
35471 
51 0

52 0

53 1
12576 
54 0

55 1
12070 
56 2
16334 7826 
57 0

58 0

59 0

60 0

61 0

62 0

63 0

64 0

65 0

66 1
38564 
67 0

68 0

69 0

70 1
3882 
71 1
36064 
72 0

73 0

74 0

75 1
29225 
76 0

77 0

78 0

79 0

80 0

81 0

82 0

83 0

84 0

85 0

86 0

87 0

88 0

89 0

90 0

91 0

92 0

93 0

94 0

95 0

96 1
24683 
97 0

98 0

99 0

100 0

101 0

102 0

103 0

104 0

105 0

106 0

107 0

108 0

109 0

110 0

111 0

