307
0 13
61276 69713 56795 56533 32654 19984 17906 1831 35871 16879 28724 13266 14066 
1 11
2096 27283 71846 37950 23283 24472 27890 59549 10943 37708 59120 
2 12
51972 70550 44871 10805 46996 53283 22294 18937 50469 19211 37265 59828 
3 11
44447 40800 59611 64158 10309 4908 39851 27447 14790 75113 63975 
4 10
12614 66499 43839 61626 53187 62171 74701 59907 45278 47066 
5 11
62107 33275 13730 70940 37384 68486 70763 69020 44490 71629 15085 
6 8
11019 35965 75218 25443 8505 37400 45620 60307 
7 12
22436 21149 6856 3415 49910 6921 31024 3815 51503 48523 35338 908 
8 11
6578 23084 69536 66826 23336 29136 57091 24442 2710 65916 43195 
9 8
69734 13757 16923 64842 45489 70834 38762 72880 
10 7
3019 30767 42209 17565 64167 22240 1882 
11 10
63699 64658 6487 38555 72253 26169 52633 69412 66572 30955 
12 10
23064 43494 46141 56134 274 865 22607 10905 71207 46764 
13 9
20906 36653 10869 71861 70220 75182 63215 43329 64820 
14 6
74890 8295 1491 50000 12923 29035 
15 7
26778 10727 66773 8460 45518 5781 43964 
16 3
70734 13311 34505 
17 8
27080 6802 24167 41939 38541 21854 5199 35896 
18 4
19290 8071 4645 36275 
19 6
20666 72756 29341 56862 10857 14915 
20 9
34000 70384 49264 65697 71330 15514 23470 52890 74595 
21 7
56032 11320 24363 52697 29474 15758 8585 
22 8
35408 39755 31105 20592 59150 16955 15161 73411 
23 4
50623 8380 67296 26325 
24 4
60291 56825 12050 52892 
25 5
27210 2990 35507 41648 17494 
26 5
29087 44302 11991 69624 67075 
27 6
43559 3827 26489 41787 73551 35806 
28 3
52723 70342 39465 
29 6
55140 24522 32360 72673 7790 37017 
30 4
50657 7845 70784 71127 
31 4
12633 48083 43909 20407 
32 5
59445 36801 31632 66298 20895 
33 4
41499 20294 50107 23338 
34 3
14382 29126 17323 
35 3
59118 21989 17640 
36 3
64159 26821 42202 
37 1
50634 
38 2
2772 387 
39 3
44657 24112 15040 
40 1
46703 
41 1
1676 
42 3
23206 37032 64042 
43 3
64779 45397 52481 
44 1
35458 
45 3
41605 54346 43333 
46 2
20411 57783 
47 2
71460 61465 
48 4
38882 51822 28177 11562 
49 3
39478 74580 50042 
50 1
36796 
51 4
66248 10182 40997 37110 
52 2
18661 33252 
53 0

54 1
26832 
55 1
10651 
56 1
11375 
57 3
31661 67470 33931 
58 1
40744 
59 0

60 1
56297 
61 2
53021 42310 
62 1
31100 
63 1
10550 
64 0

65 0

66 1
31833 
67 2
52718 53738 
68 2
33817 41806 
69 1
7041 
70 1
45304 
71 2
27635 3183 
72 0

73 0

74 0

75 0

76 0

77 0

78 2
42118 8176 
79 0

80 0

81 0

82 0

83 1
702 
84 1
27206 
85 0

86 0

87 1
70598 
88 0

89 0

90 0

91 0

92 0

93 0

94 1
15469 
95 1
43739 
96 0

97 0

98 1
22115 
99 0

100 0

101 0

102 0

103 0

104 0

105 0

106 1
39105 
107 1
51225 
108 0

109 0

110 0

111 1
42526 
112 1
20870 
113 0

114 1
6149 
115 0

116 0

117 0

118 0

119 0

120 0

121 1
14421 
122 0

123 0

124 0

125 0

126 1
63291 
127 0

128 0

129 0

130 0

131 0

132 0

133 0

134 0

135 0

136 0

137 0

138 0

139 1
31030 
140 0

141 0

142 0

143 0

144 0

145 0

146 0

147 0

148 1
57945 
149 0

150 0

151 0

152 0

153 0

154 0

155 0

156 0

157 0

158 0

159 0

160 0

161 0

162 0

163 0

164 0

165 0

166 0

167 0

168 0

169 0

170 0

171 0

172 0

173 0

174 0

175 0

176 0

177 0

178 0

179 0

180 0

181 0

182 0

183 0

184 0

185 0

186 0

187 0

188 0

189 0

190 0

191 0

192 0

193 0

194 0

195 0

196 0

197 0

198 0

199 0

200 0

201 0

202 0

203 0

204 0

205 0

206 0

207 0

208 0

209 0

210 0

211 0

212 0

213 0

214 0

215 0

216 0

217 0

218 0

219 0

220 0

221 0

222 0

223 0

224 0

225 0

226 0

227 0

228 0

229 0

230 0

231 0

232 0

233 0

234 0

235 0

236 0

237 0

238 0

239 0

240 0

241 0

242 0

243 0

244 0

245 0

246 0

247 0

248 0

249 0

250 0

251 0

252 0

253 0

254 0

255 0

256 0

257 0

258 0

259 0

260 0

261 0

262 0

263 0

264 0

265 0

266 0

267 0

268 0

269 0

270 0

271 0

272 0

273 0

274 0

275 0

276 0

277 0

278 0

279 0

280 0

281 0

282 0

283 0

284 0

285 0

286 0

287 0

288 0

289 0

290 0

291 0

292 0

293 0

294 0

295 0

296 0

297 0

298 0

299 0

300 0

301 0

302 0

303 0

304 0

305 0

306 0

