91
0 38
64109 49031 77427 37063 13914 60137 48719 56920 59169 58191 2691 10328 59330 95300 50091 1608 79189 31652 11243 33918 21463 19216 59811 5112 42455 78513 19680 39470 16105 14059 74862 84509 16087 53380 87002 91039 91567 40017 
1 35
23110 80378 58151 86715 17772 23184 14548 88730 44732 73496 83092 16129 39829 28456 35879 40249 45024 12562 27284 59161 85780 35486 20521 65451 48045 45763 24835 56056 66799 11792 94040 70407 74953 66480 9899 
2 35
57594 585 6878 414 83284 44004 51943 9681 14624 62116 94753 59827 7716 59738 45166 9872 67411 79364 86817 90963 49673 77362 69458 77969 3579 5620 25090 52232 14211 48046 91932 60041 80721 81324 84055 
3 32
82977 16871 73362 97582 3468 95389 37789 36298 16174 99987 64223 11563 6889 45370 75907 73446 82597 79888 11724 71536 65685 38201 86674 33054 25632 76008 88373 60614 76266 98079 17687 2583 
4 30
31673 68051 56780 9163 32174 60870 59248 51893 43325 81239 91245 96927 89327 17210 54829 23160 88997 96793 49968 1244 53892 57756 23864 87787 10898 33815 63717 34530 59458 7304 
5 27
77263 93347 38954 13895 24095 64643 826 139 689 38701 11231 31113 66836 90413 41437 7888 63752 5803 15332 37424 71734 41683 41410 18682 21912 58418 63532 
6 31
98996 41532 7042 33995 29707 91103 54518 33318 88444 95520 6343 13282 37389 47828 65376 19713 20534 16898 47148 85526 83968 17416 98288 76336 521 39410 9486 36507 86512 2246 95762 
7 18
99496 90882 72156 30148 90411 92568 91849 21911 29002 36320 79741 89316 49703 81387 10303 91447 16660 76137 
8 27
5048 53677 39999 98859 83745 23831 11989 59526 97950 91615 70312 96740 40022 38848 53142 58302 36680 94802 91903 50856 53047 80351 86293 67420 17946 47517 69442 
9 26
21082 31158 38707 16102 14078 47087 79660 57959 63660 3765 33594 24963 63780 24730 48058 11076 78530 43841 33015 33025 94616 28792 2586 68046 79127 74771 
10 21
12241 80940 89420 5626 3226 26633 65002 98119 62546 51124 30670 15291 68964 78595 80265 95305 17950 58790 34834 67972 46023 
11 19
79231 26457 68365 32536 12619 10593 87105 75999 41109 91726 58502 5825 9023 84917 92995 9452 32491 59189 62048 
12 20
82463 72188 73203 32668 86893 77052 12242 94035 27306 19376 64774 786 77867 12590 34590 13824 12022 34351 58213 41631 
13 18
16451 352 19654 36324 5737 62096 68858 72541 93393 74168 18958 63444 60627 47242 67293 59902 20434 73872 
14 16
49768 69306 86644 60833 91974 80485 35042 59572 99184 86474 63199 15004 98750 47658 47484 71951 
15 15
23599 86895 2151 89301 22007 2433 21187 23086 89804 78897 10781 58186 3315 62212 18109 
16 19
36406 69162 46379 18049 67714 18621 11835 59255 59160 73717 36279 22321 91694 65778 22134 28899 78817 4873 27609 
17 20
79964 75743 64126 73989 38992 9196 1827 17027 88611 32841 4820 42887 25922 46262 4279 49051 72013 20884 45152 41700 
18 20
95394 4258 96750 74091 98027 86755 21251 62359 57393 35779 60617 12191 79457 21833 62842 99948 53861 21471 70140 80077 
19 11
48317 76149 29217 70349 50198 53086 30508 83253 55028 98834 48712 
20 16
32912 28210 60440 82019 36759 87764 80818 37223 56288 54618 91215 45980 35860 48669 68373 5863 
21 11
17635 65639 68597 17671 64937 86457 27859 38216 69204 21716 9306 
22 12
44471 3238 57079 81158 66478 42216 2243 95809 73460 68296 84023 45662 
23 7
62429 29445 78268 55188 1015 4793 67679 
24 13
89564 36383 67617 5012 45457 70446 67989 8510 35782 31493 21404 71667 28356 
25 11
31237 85139 73287 97903 36467 28677 12282 53202 1326 23025 99657 
26 11
5987 98678 39407 63868 89694 34648 76984 86531 46256 17895 99169 
27 11
49135 83642 78165 1220 61635 71982 29771 75132 11409 89203 66231 
28 7
50850 43580 97281 3569 24001 33169 67221 
29 10
4956 75203 5169 24833 22267 35535 87211 91247 55800 92649 
30 11
24016 67806 27614 79951 64822 99421 61718 99995 70343 93915 68492 
31 6
12827 10398 87507 68702 30507 4684 
32 11
80032 44585 38613 22137 44598 99882 90069 16633 3780 37816 24962 
33 8
68192 58384 98498 84075 17090 6687 66108 59374 
34 7
93461 59298 84513 99016 19794 49858 38433 
35 5
8148 81765 36348 80420 4724 
36 9
30875 14300 76177 29267 80330 32399 52976 11219 7580 
37 9
19104 63560 81992 29468 76334 43655 28957 47767 88740 
38 6
22640 81603 77210 11640 96593 52019 
39 2
88951 45055 
40 7
37601 91742 79463 53403 66807 64392 66245 
41 4
61041 2705 13002 78772 
42 5
55310 21291 86717 39438 78234 
43 4
34378 57952 49953 25609 
44 3
33339 54684 19090 
45 5
59086 73035 32127 70357 75192 
46 3
5247 42895 19564 
47 5
6248 97897 22516 3481 41583 
48 5
65923 27154 4575 95982 75520 
49 7
62963 32198 82089 11291 27934 7847 49803 
50 3
25508 6388 44957 
51 4
62795 30149 86905 7146 
52 2
84715 42911 
53 3
52119 20070 49211 
54 1
19848 
55 3
49823 27885 26506 
56 2
8190 91833 
57 1
33608 
58 1
54756 
59 2
77315 49425 
60 3
15995 36246 65110 
61 1
59346 
62 0

63 0

64 0

65 0

66 1
20875 
67 0

68 3
43168 73312 10990 
69 1
5695 
70 4
99652 20774 73854 57279 
71 0

72 0

73 2
62532 66271 
74 1
62670 
75 0

76 0

77 0

78 1
31393 
79 1
28844 
80 1
2494 
81 0

82 1
85094 
83 2
25054 25194 
84 0

85 0

86 1
45936 
87 1
90049 
88 0

89 1
28211 
90 0

