253
0 17
81267 98084 86762 74065 15213 92232 15313 15855 23186 16231 97158 51329 95167 6181 37564 18378 21693 
1 17
23414 53715 30160 35716 79495 76479 84717 7180 24577 17762 68174 79804 92491 25501 68935 45928 59067 
2 17
98499 3928 2203 5459 77103 36417 35385 21506 40533 7813 90411 85734 12599 62600 3479 59977 88994 
3 15
62047 70575 56338 52214 50011 4730 59308 39282 32587 63778 42281 70174 17975 66273 40810 
4 15
5479 17198 36959 31149 84280 30301 98020 14752 2758 83092 39226 92400 66909 84637 35602 
5 14
64384 39214 18911 24140 47553 93178 43903 52013 69068 24470 42523 55519 3030 59202 
6 11
15470 43944 82523 79228 69179 70475 18274 39535 96454 26818 43158 
7 16
55095 16259 46333 18054 5279 90600 28446 98753 92352 36738 60803 80981 84212 12035 83950 6937 
8 14
41490 61196 59016 22204 76723 90433 71307 49298 11972 44338 57954 61708 81737 91107 
9 12
25405 67142 21128 74207 51285 86537 32379 22034 29108 75590 91979 87344 
10 8
44861 72296 39922 45886 69579 2452 17216 61102 
11 8
78144 26318 76366 12886 30149 10069 74578 68503 
12 10
27813 87769 48315 36363 32994 30736 27682 32032 50643 74893 
13 8
97567 77172 42169 64968 86964 51171 8196 5638 
14 12
97170 89894 48350 4041 50156 59513 7575 44474 29072 25964 75128 4631 
15 12
1099 36661 8007 20133 72920 94135 4778 91868 63456 75755 48338 12559 
16 14
56703 16270 23586 6575 27074 82230 38947 42100 90752 67541 60044 61444 74327 76819 
17 11
50832 17472 21710 3264 96900 87743 71167 57771 98504 11351 98710 
18 11
34107 14049 13665 60144 38616 37554 15773 1952 28100 94260 22091 
19 8
29085 97483 77569 52490 76328 34229 14435 61163 
20 7
67019 58746 81619 60361 40629 38526 88019 
21 5
73817 46325 29660 55177 51873 
22 9
26430 32483 93327 40794 19529 29976 79330 5466 19437 
23 10
245 80554 29546 54694 44657 33965 81052 9865 35996 97332 
24 12
34624 33995 29525 32220 49545 63918 77183 61281 35003 30523 44429 67191 
25 8
34569 59696 3981 7818 16528 93109 86528 9328 
26 7
40193 76862 77225 73464 94875 64430 76673 
27 6
30188 36808 6337 57236 66997 19898 
28 5
72203 89268 33873 53903 13015 
29 7
56909 9785 47986 7706 88650 38777 91804 
30 6
23204 35149 93476 3724 3502 81775 
31 6
7515 18841 14907 59420 5829 57216 
32 2
41063 11910 
33 7
80989 96566 2285 49191 47717 50501 59022 
34 5
91692 61486 90390 31244 52116 
35 5
63505 91916 58414 13046 22284 
36 6
56320 86550 75497 84868 28688 1243 
37 5
31106 34684 4613 64659 38403 
38 5
11020 20804 61480 88098 51740 
39 8
56082 48081 19890 63659 74898 54841 77962 64003 
40 4
22163 32192 73438 95537 
41 3
19605 7379 49943 
42 5
11322 46406 47730 58374 96052 
43 5
1070 67199 51634 8278 81587 
44 4
8224 70289 79845 69859 
45 5
80510 27265 94884 25550 45685 
46 6
3860 32541 79893 51556 18599 22903 
47 2
14050 56417 
48 3
93451 54934 24536 
49 3
31430 86043 32898 
50 3
46646 27601 67033 
51 5
49615 28676 75197 36485 86050 
52 3
68026 63959 8709 
53 2
38893 39799 
54 3
44658 16529 75082 
55 4
40694 7391 8451 9871 
56 2
10302 63728 
57 3
16178 50120 88059 
58 3
19209 55951 80572 
59 3
45624 89603 63290 
60 4
448 18410 66153 53106 
61 5
15325 32103 18111 2603 27268 
62 1
59419 
63 1
13468 
64 2
6255 32543 
65 2
42282 773 
66 0

67 2
53601 8659 
68 1
36630 
69 1
87866 
70 3
62751 50827 21587 
71 2
79641 80242 
72 0

73 1
43122 
74 1
6667 
75 3
31424 4600 41045 
76 1
20548 
77 3
30090 87324 72580 
78 4
2493 21265 70202 93371 
79 0

80 1
10259 
81 1
41771 
82 1
35178 
83 1
59461 
84 2
67028 78902 
85 0

86 1
7394 
87 3
71422 94624 52177 
88 0

89 0

90 1
66652 
91 1
68526 
92 0

93 1
13274 
94 0

95 1
86695 
96 1
39764 
97 2
40398 68273 
98 0

99 0

100 3
75303 26265 61543 
101 0

102 1
55260 
103 1
28336 
104 1
4669 
105 0

106 0

107 1
40423 
108 0

109 0

110 1
32369 
111 0

112 0

113 0

114 0

115 1
69850 
116 0

117 0

118 1
61722 
119 0

120 0

121 0

122 0

123 0

124 0

125 0

126 0

127 0

128 0

129 0

130 0

131 0

132 0

133 0

134 0

135 0

136 0

137 0

138 0

139 0

140 0

141 0

142 0

143 0

144 0

145 0

146 1
32958 
147 0

148 0

149 0

150 0

151 1
50724 
152 0

153 0

154 0

155 0

156 0

157 0

158 0

159 1
26903 
160 0

161 1
93640 
162 0

163 0

164 0

165 0

166 0

167 0

168 0

169 0

170 0

171 0

172 0

173 0

174 0

175 0

176 0

177 0

178 0

179 0

180 0

181 0

182 0

183 0

184 0

185 0

186 0

187 0

188 0

189 0

190 0

191 0

192 0

193 0

194 0

195 0

196 0

197 0

198 0

199 0

200 0

201 0

202 0

203 0

204 0

205 0

206 0

207 0

208 0

209 0

210 0

211 0

212 0

213 0

214 0

215 0

216 0

217 0

218 0

219 0

220 0

221 0

222 0

223 0

224 0

225 0

226 0

227 0

228 0

229 0

230 0

231 0

232 0

233 0

234 0

235 0

236 0

237 0

238 0

239 0

240 0

241 0

242 0

243 0

244 0

245 0

246 0

247 0

248 0

249 0

250 0

251 0

252 0

