141
0 17
24481 95893 28594 56975 17496 16409 59313 95900 22437 49329 72872 9283 37605 25109 69270 28116 60406 
1 17
47287 60750 47766 32379 2568 80273 77537 38637 85683 15327 50886 46358 94861 15978 11505 92420 48992 
2 17
19915 41529 63521 38656 45709 75025 19238 7900 63622 81016 68155 60598 83536 83832 71888 71230 3785 
3 13
44323 39747 95051 90848 62039 99997 37486 9769 73292 80701 97397 59834 1250 
4 11
40470 13303 51175 84697 36676 61518 56332 50410 57943 67249 65929 
5 11
91237 43835 61044 36520 20612 98465 30039 32414 71169 71123 78364 
6 15
60904 24420 54793 60386 56915 54357 4825 82213 45378 79041 67258 3512 32320 15413 30982 
7 13
34081 29277 4593 51775 59372 45433 67551 49569 22889 48039 16931 67190 13305 
8 12
87863 25146 79708 9522 77052 74937 79191 64356 37095 22170 36958 53407 
9 11
85656 22443 63113 52965 97689 71594 50602 52623 75279 43072 39855 
10 14
21383 20671 95361 3837 7909 32001 55354 13811 22508 81731 16980 18306 60759 59252 
11 6
27884 28361 50056 43653 9552 83709 
12 8
41302 88431 50821 45530 72587 15972 12128 29150 
13 13
22594 81944 56110 21989 28026 80577 7734 55474 34855 14676 54734 96552 73338 
14 10
66825 35743 4018 75912 29367 72621 31423 93510 6032 49646 
15 10
75241 49044 59241 72483 7854 59630 8911 43494 30279 20702 
16 10
34626 63616 63374 29318 80781 231 71827 87902 71587 68302 
17 8
9562 28461 75651 21154 69160 16636 6176 6812 
18 9
26637 75922 23946 20242 66013 86833 42093 27003 39776 
19 6
19040 26043 17516 59852 32933 87582 
20 7
99497 24111 71648 60840 52467 45048 88070 
21 8
32491 31738 49214 66634 65617 47485 53244 69968 
22 10
34762 2319 82402 5328 94595 20647 78027 988 22871 19536 
23 7
3060 42891 3221 73643 55218 74761 62125 
24 6
5806 35905 65705 22294 14124 487 
25 10
63855 3806 74097 21199 96098 72481 66820 15319 58317 7670 
26 2
77141 62063 
27 7
41597 55787 23032 79813 8083 29614 71400 
28 6
2731 45572 61634 54854 62369 68443 
29 5
80462 15836 78839 74505 6094 
30 7
14211 93020 50836 62783 5138 45501 83172 
31 5
43042 32272 67696 72684 79320 
32 3
29113 51273 74674 
33 6
86636 22464 98382 60713 18551 65652 
34 4
18409 3280 60735 61536 
35 3
78784 78870 83495 
36 7
40433 24208 42800 51512 6428 58271 13775 
37 4
86258 70046 92540 4812 
38 9
17634 2763 58347 92802 87834 75649 16667 81974 11701 
39 5
82365 84356 1227 53862 27359 
40 2
7827 63694 
41 4
26564 88717 58456 79604 
42 6
4455 80356 69950 69724 85322 3312 
43 0

44 2
79965 86438 
45 4
96744 47264 50043 87486 
46 2
43520 5544 
47 3
75444 82130 96498 
48 3
57430 17357 34427 
49 0

50 3
4834 37452 82156 
51 3
82419 36957 80605 
52 3
71611 39935 31029 
53 4
18009 40364 68543 77699 
54 1
87210 
55 1
3451 
56 3
8523 71625 84828 
57 3
90345 5869 42569 
58 1
44060 
59 1
46432 
60 2
87387 84308 
61 2
34341 9389 
62 3
97974 53463 94605 
63 0

64 1
19126 
65 1
27694 
66 1
129 
67 3
82200 60849 60981 
68 1
68775 
69 0

70 2
23211 71651 
71 0

72 1
598 
73 0

74 1
11789 
75 1
34755 
76 1
63005 
77 1
72226 
78 0

79 0

80 0

81 1
78780 
82 0

83 0

84 1
16532 
85 0

86 0

87 3
98095 76035 37336 
88 1
34166 
89 0

90 0

91 2
97004 92337 
92 0

93 0

94 0

95 0

96 1
47886 
97 0

98 0

99 0

100 0

101 0

102 0

103 1
86323 
104 0

105 0

106 0

107 0

108 0

109 0

110 1
21151 
111 1
34252 
112 0

113 1
84063 
114 0

115 0

116 1
92718 
117 1
54979 
118 0

119 0

120 0

121 0

122 0

123 0

124 0

125 0

126 0

127 0

128 0

129 0

130 0

131 0

132 0

133 0

134 0

135 0

136 0

137 0

138 0

139 0

140 0

