304
0 108
19508 173 6543 9989 22873 25462 14470 3468 1373 9622 24957 14416 15926 4216 8007 23169 23292 2330 8286 22029 13175 7610 14642 11995 15078 14356 23463 11473 8230 15499 16120 22454 13202 7037 25367 985 22426 13550 9396 6320 25270 23665 5832 9103 1608 12838 25485 13557 12486 23426 483 1960 10329 25734 16409 11144 15987 18725 23192 15734 22322 21335 21881 1031 12099 24118 12044 3317 24315 15637 4850 5203 21822 21028 23109 17384 17645 20095 8262 22241 25470 24432 24245 12026 5467 14245 7991 24111 20041 8671 15133 16044 10416 8477 23066 22640 20375 9253 5357 842 23785 21972 2591 12729 17325 10806 22504 12182 
1 5
592 14237 4253 18355 5611 
2 5
13162 19 5592 23339 15358 
3 5
19162 12330 12411 2183 10571 
4 5
12691 15962 13453 15278 16894 
5 5
3950 23783 4662 17546 17551 
6 5
19368 24888 9612 12445 4832 
7 5
17990 14095 6839 21761 2929 
8 5
1294 15813 25432 15387 15810 
9 5
4907 1529 1107 18416 5324 
10 5
5245 18205 18973 2602 13940 
11 5
20038 19625 20644 12492 20008 
12 5
20869 6339 7476 4960 11329 
13 5
21413 24592 13343 12894 4457 
14 5
12138 23876 350 20362 2302 
15 5
1392 7044 14346 5482 19769 
16 5
2068 2072 14511 1021 24605 
17 5
308 9792 14875 14203 24273 
18 5
8687 8617 2622 11982 9658 
19 5
5809 13345 23288 1389 19009 
20 5
9067 23924 1181 8261 3620 
21 5
3120 1894 12674 14247 15496 
22 5
2805 14698 8903 19981 13875 
23 5
7801 8695 24635 14488 15811 
24 5
20483 18468 14348 21007 12737 
25 5
18798 13842 4624 19435 6481 
26 5
1147 7652 16300 4634 5563 
27 5
5489 7962 2281 14357 12685 
28 5
16317 5814 17112 20599 19172 
29 5
3441 6814 6895 15135 6291 
30 5
2328 13992 12974 10211 25052 
31 5
22756 7244 21006 11045 3666 
32 5
24287 24044 5159 20681 4602 
33 5
2272 500 20775 19682 17581 
34 5
4778 2618 1639 7988 12589 
35 5
15258 2936 14585 21424 16456 
36 5
17817 25208 17487 14985 16605 
37 5
10613 554 24074 23526 17854 
38 5
10322 19840 14528 2793 19693 
39 5
11929 5034 16245 5474 2384 
40 5
16105 16901 22114 9666 23934 
41 5
5232 1563 2494 14799 12115 
42 5
2580 3749 24409 25622 14452 
43 5
6653 8468 25149 2815 17547 
44 5
13007 21580 4551 9136 10062 
45 5
18424 4285 22914 17662 9852 
46 5
8459 4286 18294 25649 23234 
47 5
17600 21642 9842 4735 3979 
48 5
4943 23798 9294 10010 19424 
49 5
18397 14646 24601 11466 15767 
50 5
21756 10003 10292 10178 4499 
51 5
3838 15905 1633 15289 20966 
52 5
3492 828 1981 9607 20990 
53 5
25464 2196 14365 2480 6635 
54 5
16774 20445 6670 5289 11384 
55 4
7543 10943 20603 21855 
56 5
8947 8357 22249 13347 17798 
57 5
24461 7460 16968 16832 6546 
58 5
1425 5975 20525 19318 7663 
59 5
21272 13964 19093 8409 7898 
60 5
6836 9816 5396 18 9696 
61 5
23187 4317 6412 5169 9092 
62 5
3201 495 15676 19740 4408 
63 5
13745 22525 16229 513 119 
64 5
23919 23373 5587 3479 2686 
65 5
2019 11151 14884 9780 2791 
66 5
436 22901 18384 11820 1732 
67 4
22560 7535 12164 1196 
68 5
8237 9934 4937 12973 6622 
69 5
3252 19281 6352 8789 2582 
70 5
18258 21547 4773 22769 25081 
71 5
10177 24864 21634 6638 15437 
72 5
20974 20758 9043 1998 24831 
73 5
25749 15096 505 25252 2882 
74 5
20448 15527 1112 10619 3223 
75 5
16393 20122 7685 1234 12455 
76 5
4538 23226 23981 20856 22645 
77 5
13903 13262 22096 7758 20964 
78 5
23747 6514 21810 969 14588 
79 5
10755 10623 20250 19177 11014 
80 5
13401 3981 21355 9515 15217 
81 5
12467 15892 1078 20349 9618 
82 5
15998 12096 4523 16914 5079 
83 5
17973 18163 3552 13205 10521 
84 5
3350 14793 7422 10573 22015 
85 5
5465 22121 9506 21587 18801 
86 5
24045 15296 22158 3899 10818 
87 4
14876 19067 4696 17460 
88 5
23921 4071 23786 8730 1308 
89 4
11097 21806 25391 19284 
90 5
22125 20141 14291 2866 24595 
91 5
22192 24437 24171 20488 8577 
92 5
15702 13986 1672 3349 5664 
93 5
4589 25379 24327 4941 14062 
94 5
9496 12843 10279 4657 3769 
95 5
11398 15895 24332 22394 1490 
96 5
11342 17258 18247 11371 16102 
97 5
1618 16390 382 17261 6736 
98 5
11252 61 4639 3777 10191 
99 5
7048 19828 8451 13323 1271 
100 5
15000 10525 9684 10790 552 
101 5
19906 4143 10929 4664 5172 
102 5
4306 22657 8002 12105 4516 
103 5
1946 13556 1510 16176 5384 
104 5
15530 11952 13882 7651 9286 
105 5
12722 3185 11755 23686 1 
106 4
16130 9376 22811 19789 
107 5
8990 19604 8350 6080 4474 
108 5
19143 971 25413 10798 24860 
109 5
22134 16699 22876 11497 19180 
110 5
11022 11700 4993 5440 5532 
111 5
21148 9629 1036 24590 5557 
112 5
21928 3871 6007 11036 1541 
113 5
22862 3431 2417 5805 10266 
114 5
24986 20201 16304 4537 5389 
115 5
14556 18501 23521 14563 20153 
116 4
12167 2623 21456 3240 
117 5
15971 14989 8916 2532 11375 
118 5
8026 19480 16791 15417 23699 
119 5
4585 2875 9104 5416 17942 
120 5
4918 4584 15497 6989 9146 
121 5
858 19481 17682 19855 15510 
122 5
24811 2701 21590 16953 455 
123 5
942 11933 24759 2786 1390 
124 5
15257 18281 20453 16351 15456 
125 5
12764 22254 16924 8870 14084 
126 5
19587 7306 11554 25501 16994 
127 5
10940 14776 8707 23307 6758 
128 5
14815 4031 1002 7859 13710 
129 5
3098 15967 8978 13222 8523 
130 5
20526 2590 5951 1502 14712 
131 5
25706 9015 18923 6319 22406 
132 5
23191 9350 13599 14584 4571 
133 5
10476 8608 2472 13952 13574 
134 4
2478 19707 16566 13305 
135 5
15009 21951 13709 17309 20045 
136 5
2385 10340 15214 8656 9776 
137 5
2379 25786 18496 19316 20815 
138 5
5835 13619 25293 16023 7450 
139 5
13133 18414 1605 24487 12155 
140 5
5974 23399 18603 7472 21639 
141 5
6070 14737 12405 7826 754 
142 5
8162 9802 13053 13506 20258 
143 5
20040 11639 17105 6002 7169 
144 5
896 24098 25251 19520 7978 
145 5
2807 2076 10563 22259 17678 
146 5
4996 11740 11492 14701 25757 
147 5
15320 15825 24304 10197 20121 
148 5
4759 8335 9615 16733 6000 
149 5
10414 8579 16349 8770 6633 
150 5
14893 20341 8992 3224 3888 
151 5
11937 5952 15036 14555 18586 
152 5
23022 2708 1402 13968 23676 
153 5
8372 2146 8169 22990 3388 
154 5
4910 22637 18939 18377 14861 
155 5
20096 14515 5007 21930 4578 
156 4
5413 14850 275 25373 
157 5
14265 14829 1042 3083 9890 
158 5
21266 14282 21040 25078 13957 
159 5
13316 20521 810 4352 8232 
160 5
3593 24904 19816 13330 17585 
161 5
11108 17356 25614 25269 12260 
162 5
4917 710 23772 17979 1310 
163 5
19104 16574 9724 20831 24376 
164 5
14618 24604 615 2371 14351 
165 5
5053 23628 8289 22649 25686 
166 5
5757 23472 16136 535 10299 
167 5
10830 25304 2829 10390 559 
168 5
5347 22335 6375 21404 1272 
169 5
3374 19130 24641 20929 22194 
170 5
17092 2596 24246 14296 5924 
171 5
3483 19391 20903 3053 17458 
172 5
7982 19949 9038 24154 16821 
173 5
5967 4954 13868 1820 17017 
174 5
747 1184 706 22857 24236 
175 5
9061 18637 25398 21177 9346 
176 4
16219 14696 19428 16324 
177 5
5684 454 15604 11197 19854 
178 5
5270 12165 5723 21932 7700 
179 5
5752 25650 38 23571 2727 
180 4
3111 12673 909 2783 
181 5
2881 17620 10333 25075 16288 
182 5
10979 23630 18682 18479 11890 
183 5
23139 9818 14495 21124 23901 
184 5
17370 24321 844 12142 15340 
185 5
14990 12381 1622 6445 9237 
186 5
21453 8576 5457 23479 15041 
187 5
21657 14321 1255 17947 10159 
188 5
7540 7866 23381 10659 19234 
189 5
9665 6380 14352 10220 12000 
190 5
4426 4274 12342 18458 4887 
191 5
6617 10893 6414 4295 16150 
192 4
16749 16721 7689 4219 
193 5
20883 14740 14104 24514 24132 
194 5
21182 24979 3509 5821 21228 
195 5
15344 12818 5493 757 21229 
196 5
23768 6462 16050 19470 8524 
197 5
18054 10042 1004 25681 1918 
198 5
20956 18885 13663 24201 7836 
199 4
20567 8465 4487 4494 
200 5
21999 727 24926 11585 6287 
201 5
12951 16143 6828 21629 10277 
202 5
16785 2011 21112 6955 21384 
203 4
18619 11348 10773 2689 
204 5
2874 25162 7818 12920 7247 
205 5
11037 8636 23688 625 9677 
206 5
3442 8792 3904 14 20026 
207 5
8781 22763 25601 713 4136 
208 4
16443 10231 25366 19506 
209 5
13170 7039 20415 9611 4486 
210 5
24113 20608 19533 475 17410 
211 5
17396 936 16915 19249 18320 
212 5
18491 12520 21600 4000 23112 
213 5
5401 11590 10777 6408 23675 
214 4
5675 2091 9907 6231 
215 5
5113 4043 112 21175 7575 
216 5
6969 15279 10172 18833 17131 
217 5
9991 5647 23899 13793 16743 
218 5
18970 6066 20246 22847 3650 
219 5
6929 15121 7789 13242 14400 
220 5
22580 23250 23155 14152 23243 
221 5
14244 12390 1689 19532 22683 
222 5
6571 15506 17757 24010 3876 
223 5
19880 9548 9205 3411 10837 
224 5
3898 10270 111 5542 15631 
225 5
18582 15677 9288 3056 25060 
226 5
24584 22032 1067 25322 4480 
227 5
7835 25388 21728 7091 980 
228 5
20563 20067 16179 1114 5216 
229 5
17812 13733 18302 3739 23892 
230 4
15424 1959 18139 9914 
231 5
13193 10510 4342 7784 22835 
232 5
13997 5643 24769 13492 15975 
233 4
15322 3963 9516 14921 
234 5
22320 17270 22023 17756 15933 
235 5
5049 16232 4453 21051 20755 
236 5
10721 24910 13377 2644 10608 
237 5
17691 2210 9245 6419 6224 
238 5
23663 10538 6053 7346 21373 
239 4
13083 6587 20685 7384 
240 5
8362 273 2583 14390 5377 
241 5
23185 10878 11844 2269 18769 
242 5
19676 7508 22384 15488 4312 
243 5
18703 11825 5820 19822 13587 
244 5
25019 12541 11180 4844 22718 
245 5
8073 3450 2718 22095 19339 
246 5
1883 11966 22605 7339 2287 
247 4
9821 19661 7976 17128 
248 4
10189 14344 9322 13294 
249 5
434 17847 20794 1352 22924 
250 5
19523 9425 11009 9683 6811 
251 5
6041 22754 6844 9459 23804 
252 5
4766 10405 5892 4697 11115 
253 5
17153 4269 12178 23448 8000 
254 5
1522 2612 25237 24650 5077 
255 5
16235 3653 4831 1740 2509 
256 5
23598 15894 6776 22588 1273 
257 4
6721 4112 6428 24683 
258 5
6720 18868 18454 23409 15140 
259 5
25131 17825 10782 18995 21690 
260 5
28 24097 8440 5164 25780 
261 5
17475 19529 23346 21866 20269 
262 4
5761 19132 20424 20630 
263 4
20327 20642 19714 7541 
264 5
5071 18465 7997 15156 6552 
265 5
694 16514 24377 17702 16569 
266 5
16565 18741 13589 21601 16087 
267 5
4280 8651 8756 5175 19518 
268 5
16576 24221 13091 5574 4207 
269 5
20972 22291 20099 15595 22890 
270 5
4005 22434 24302 1434 20886 
271 5
12496 16177 3290 19620 19767 
272 5
17505 16554 15106 17999 23143 
273 5
13567 16338 5154 11646 2614 
274 5
70 22354 18375 14512 1325 
275 5
13405 7994 8455 15543 25722 
276 5
20270 6984 11451 8890 4626 
277 5
11349 10005 10816 9804 14527 
278 5
21100 23566 10852 3497 15489 
279 4
10389 15145 1223 1920 
280 4
10227 14089 25026 10053 
281 5
3028 11419 19273 10418 4356 
282 4
5990 23956 22714 6033 
283 4
3889 16473 25022 3609 
284 5
25793 16011 2692 11344 21865 
285 5
8034 5320 19089 20920 5852 
286 5
3488 4400 8649 8048 1921 
287 4
6185 17709 7914 23335 
288 3
21198 3619 19108 
289 5
12225 21149 11268 20089 18201 
290 5
12820 498 3578 15613 23349 
291 5
22973 5252 24054 5341 17637 
292 5
5191 15584 10037 20254 11871 
293 5
23592 20001 16827 8729 25039 
294 5
19321 21521 3999 15219 6649 
295 5
21188 4223 15239 3059 2468 
296 5
18980 8033 25776 23856 19371 
297 4
12152 13910 17601 15790 
298 5
6712 23556 23697 12452 17030 
299 5
6959 8305 1266 19126 9469 
300 5
25716 23527 12045 15656 13711 
301 5
9795 13881 24454 23669 10324 
302 5
279 20933 21744 7558 6060 
303 5
19527 18976 2576 23035 2205 
