109
0 22
5745 57203 21356 1872 70040 37442 20023 42401 47178 66676 61877 28615 19019 3873 25867 22537 60221 58310 60144 743 39675 53967 
1 19
71627 592 8913 39320 8479 22627 1861 44503 44117 58122 66928 21447 54599 35255 37747 43353 1878 73555 40500 
2 14
39431 47096 39902 39003 4465 70874 23451 68698 57219 50994 61675 16500 58492 4294 
3 15
62604 59416 18960 41711 61243 47954 40033 67692 36511 53192 21215 38385 35600 34962 11447 
4 17
56631 40250 41509 72034 24876 31921 31345 5364 67006 57247 46860 23458 32897 41404 68354 69715 35735 
5 18
25396 26743 64608 35959 33551 14692 26427 67894 13243 50231 55936 51573 71461 20682 39430 10247 60573 17077 
6 18
62403 7475 38007 74054 60813 53654 18300 6415 13184 29633 55510 9288 42222 11094 46278 63368 41348 52947 
7 15
21019 15812 35328 17311 35746 61820 33991 38354 28336 58784 51244 38728 71202 73347 39203 
8 15
20988 28614 16392 55124 1604 51727 70115 28493 63331 3997 4909 59643 49904 12388 66252 
9 14
10216 40291 49780 75049 15366 18752 66446 18367 72512 33117 34650 38724 7832 60058 
10 12
42190 42221 17448 68408 35830 15629 9200 34021 40338 31111 58318 63145 
11 9
46383 70000 36015 9705 37032 62046 46901 65758 50418 
12 8
3195 4103 69097 18928 16184 56452 28187 68962 
13 11
54280 37506 61836 69501 57909 32699 49370 23887 61250 68364 29912 
14 7
64653 46795 45543 23537 13545 36673 38071 
15 7
26768 38324 31437 32746 33809 28173 13951 
16 6
42836 4643 26117 11968 5501 24192 
17 6
43802 24443 2523 55562 14671 72458 
18 5
14662 71373 52921 4365 57583 
19 2
8272 56297 
20 4
11498 32986 60509 73306 
21 9
2533 6611 23581 64626 34598 28338 43938 55025 50362 
22 4
53507 21663 15179 16073 
23 4
61860 33263 57246 51042 
24 5
30781 52494 16287 55484 57999 
25 6
19641 73758 65440 4373 69164 2993 
26 5
19553 50650 70405 20323 273 
27 3
71762 33213 68647 
28 1
56376 
29 2
28197 29041 
30 3
62166 11407 25526 
31 1
74208 
32 4
23667 62117 40481 29632 
33 1
22157 
34 0

35 1
65126 
36 3
14674 5872 47458 
37 1
60805 
38 0

39 1
20486 
40 0

41 0

42 2
5903 66709 
43 0

44 3
632 19936 22667 
45 2
19363 16411 
46 0

47 3
33811 63462 33907 
48 0

49 0

50 0

51 0

52 0

53 1
27154 
54 2
32212 72076 
55 0

56 0

57 0

58 0

59 0

60 2
22153 29242 
61 0

62 1
29063 
63 0

64 0

65 0

66 0

67 0

68 0

69 1
46755 
70 2
67135 28139 
71 2
51070 54574 
72 0

73 0

74 0

75 0

76 0

77 0

78 0

79 0

80 0

81 0

82 0

83 0

84 0

85 0

86 0

87 0

88 0

89 0

90 0

91 0

92 0

93 0

94 0

95 0

96 0

97 0

98 0

99 0

100 0

101 0

102 0

103 0

104 0

105 0

106 0

107 0

108 0

