134
0 711
63717 4311 35104 23360 90853 14262 73568 67685 47821 50331 23600 85626 30730 49172 50490 49307 82606 61221 2113 40184 80429 2867 65671 28349 26564 36225 96899 36565 35315 77543 50262 14471 39169 38705 3630 40422 36576 35605 91243 71966 99171 5315 74023 67036 19181 56051 36025 70129 79890 81472 17544 7438 71208 37221 40975 55931 37534 78709 99763 56805 96384 77419 58990 11717 80805 94665 84557 63083 28743 38986 11599 57188 2438 56939 74021 6846 50372 20568 86073 9263 61315 23377 17768 67469 50038 33086 58630 16701 42793 88274 72447 68460 20986 8462 50473 24116 35052 34708 17847 87490 15332 81200 64758 46286 21196 99439 31804 47094 93491 88679 47926 20487 15239 69448 73883 14244 74700 73631 25787 41326 30931 3239 87676 98682 65996 3812 36376 65895 93368 48338 53318 54759 78989 41942 82324 92454 49312 42279 77389 74432 66881 90354 85968 77613 48006 53931 39263 39241 92410 59617 93429 57809 42175 92299 93002 644 73665 56132 775 59769 74512 61817 19581 44748 85000 56676 77632 16861 18736 91416 37729 22680 91512 2013 34737 48597 91804 198 36472 62567 88863 74668 76860 30603 61980 67107 33583 52694 4476 21107 80809 53208 93389 14274 44948 49465 18070 7220 62720 31498 26849 66026 53882 97584 12499 46345 20541 4798 65331 51184 49368 82491 52388 38476 21006 90292 23568 71626 91236 92999 60410 68325 3724 94274 84771 12905 10334 33539 70632 41985 24351 80940 35807 59275 26874 81948 5572 1704 57043 83018 10175 63323 86138 60819 48347 97255 45746 491 88077 26396 54899 10646 82411 42512 53425 16844 29667 34007 26069 71718 95260 64950 79374 64057 14313 15835 76088 29314 11243 75145 62872 32645 93221 37516 26792 3932 95835 34893 77310 76705 7526 61195 94994 69769 70145 26282 74118 10528 63082 15616 73983 28045 51242 65363 7755 15694 93033 71240 63441 66690 37302 26837 81925 26733 85558 43096 25654 3045 16366 53462 70376 55975 88266 40920 99008 86215 45795 12137 88446 96481 40923 27510 37994 67828 29634 68243 4866 41181 36104 78442 23054 39560 28640 12056 30367 57821 58925 43512 98390 39480 26196 45217 22774 83716 4033 60519 66610 36529 86912 78105 45799 55647 48824 81843 76432 50409 41997 9268 18615 35931 63864 27363 61988 17248 16833 48431 4960 95155 373 83789 83156 15858 82937 8435 17446 46025 16360 43178 29854 87272 72152 82474 96689 19848 78278 44474 48907 6117 83233 647 19465 61188 92312 90392 43072 15471 98539 12970 23910 78860 93995 7613 5873 30238 78051 56425 35640 31850 9884 93128 67006 19926 23504 18665 44197 88975 68181 51970 65389 10259 26451 80445 52754 18946 20528 61087 2546 30797 49678 58585 51727 70128 65795 81424 55291 50016 6966 56920 56089 20299 16481 21866 57278 91943 60486 31230 31375 58251 72381 78692 10092 33790 91343 83203 67467 45373 40488 84438 27340 87576 44978 80083 57871 24205 76462 32327 21951 40874 98698 42739 99860 31301 54614 96448 4032 2599 64788 28578 52706 97787 8524 82064 71624 61599 58082 55902 27516 86980 5420 13926 13946 52711 22104 3694 69817 2470 44137 93599 77018 7743 62269 53497 40370 81753 29641 79516 66142 17668 11750 26951 9302 48269 93574 12582 47700 18596 63984 15978 80538 88527 84107 70413 89166 34099 38394 25259 74301 76985 14552 50199 5594 46634 2107 28537 34063 72300 85913 37951 89027 73967 3223 71812 36154 225 58808 80528 98923 37487 60996 33415 29060 99068 92761 53370 53515 91469 84570 10867 61969 22757 66976 8740 27848 59230 14600 93760 68566 60948 76288 1196 70006 51287 3149 71001 78993 50471 73349 88135 1207 91966 35314 21742 57194 62058 15791 2733 351 65868 3830 9376 31170 86317 31895 27180 77551 42337 69454 2682 3157 70146 699 35948 59219 31187 57128 58848 84750 92679 28055 49717 32110 16994 82976 39205 32888 28062 51061 79249 9945 41363 80736 69483 67440 44928 34586 87620 51986 8361 1166 31000 75704 40056 16902 96177 11510 15603 26138 29958 11324 97193 80385 16431 35884 94603 51346 66430 71802 42332 47857 64048 70650 39540 7998 74756 48281 74881 18962 69428 28160 48677 50754 13024 33215 60746 55226 41276 72158 60833 4005 53445 12191 18803 68496 12723 27551 81533 52230 58129 52811 19580 69653 25823 1066 28755 16645 55509 48771 7961 50509 3228 22749 22120 25276 47576 78505 98703 82195 32899 12329 54587 97538 29730 823 85241 83193 43000 30414 28106 44405 57207 79924 
1 111
25499 74825 21073 40146 34857 84004 68401 18177 39798 43878 48056 62351 50867 37581 59196 58320 39923 17077 80250 62737 75485 18585 57059 33619 72327 50790 36506 81863 63312 47216 46033 60418 72956 20278 67430 37285 70096 38091 32187 53439 4758 46650 28766 51448 40933 71415 74780 93885 10754 76130 92599 87955 19868 53572 54584 19273 23920 53295 6603 75167 90832 40718 6172 8021 73113 7769 23735 63051 24286 90609 43460 80112 98568 87352 78736 37208 406 65136 62700 57343 55539 6770 23510 61346 96711 84585 46893 82690 45596 95826 84232 8900 47572 89423 74770 87914 38730 769 70790 58760 82042 93098 52036 95758 33604 15324 79562 94719 26077 75323 76279 
2 22
75458 71141 1477 60239 71284 38446 91179 21628 17026 74184 88558 78566 21276 55449 76890 8587 10759 63941 67423 13331 32193 6826 
3 2
26799 25656 
4 1
25367 
5 0

6 0

7 0

8 0

9 0

10 0

11 0

12 0

13 0

14 0

15 0

16 0

17 0

18 0

19 0

20 0

21 0

22 0

23 0

24 0

25 0

26 0

27 0

28 0

29 0

30 0

31 0

32 0

33 0

34 0

35 0

36 0

37 0

38 0

39 0

40 0

41 0

42 0

43 0

44 0

45 0

46 0

47 0

48 0

49 0

50 0

51 0

52 0

53 0

54 0

55 0

56 0

57 0

58 0

59 0

60 0

61 0

62 0

63 0

64 0

65 0

66 0

67 0

68 0

69 0

70 0

71 0

72 0

73 0

74 0

75 0

76 0

77 0

78 0

79 0

80 0

81 0

82 0

83 0

84 0

85 0

86 0

87 0

88 0

89 0

90 0

91 0

92 0

93 0

94 0

95 0

96 0

97 0

98 0

99 0

100 0

101 0

102 0

103 0

104 0

105 0

106 0

107 0

108 0

109 0

110 0

111 0

112 0

113 0

114 0

115 0

116 0

117 0

118 0

119 0

120 0

121 0

122 0

123 0

124 0

125 0

126 0

127 0

128 0

129 0

130 0

131 0

132 0

133 0

