264
0 15
59694 79644 46815 40040 92906 61882 80207 38795 5893 57022 62508 80331 83879 58349 10511 
1 14
88187 20611 35315 65236 15474 88415 75263 42897 19186 21522 53274 65890 26714 33304 
2 15
59175 8958 87630 4778 40366 91007 33786 16453 13554 36877 42152 88043 55017 12180 68243 
3 13
51609 14960 86071 81174 61243 71717 75877 12771 29491 43350 11062 44756 3772 
4 8
32555 25857 35978 57378 65809 37805 68442 41922 
5 13
37766 42121 42173 74902 61085 51774 34438 94203 19854 17849 13735 73121 47443 
6 11
69516 16291 53658 40130 61571 69741 54546 22574 81200 53359 27600 
7 9
22824 93402 57169 4074 12343 91076 44625 52776 63401 
8 11
43425 80797 4721 28153 59586 7601 31478 39570 69672 34374 71291 
9 12
52814 39757 34081 46397 79364 85613 23790 79154 70292 30854 75801 18301 
10 11
73201 34546 58218 33009 52193 50162 35983 41926 62942 12850 94004 
11 13
72414 3499 36602 63690 81099 5342 87526 14792 59197 6515 68738 22864 2249 
12 11
67893 46344 64320 52017 94629 82282 17805 49214 61505 15189 60520 
13 9
94661 76138 37386 56188 27512 77988 37819 22902 65306 
14 9
81669 8328 59964 12907 19805 13945 19579 59896 64013 
15 10
13780 47150 33664 37397 43412 6150 69448 74369 41535 35331 
16 8
81889 93443 48342 81474 55018 11612 82267 75013 
17 8
64592 60823 17915 40651 15159 1656 50398 27853 
18 8
91061 84908 51467 68147 22111 13591 35057 89651 
19 9
54125 49108 64826 65947 26487 90036 33849 71311 10284 
20 8
91710 8173 35127 81118 42417 24498 26644 60589 
21 8
51730 73552 37462 22677 15304 40207 63865 37292 
22 4
10167 6143 9434 6508 
23 7
60142 26974 17557 59339 89356 90806 89778 
24 8
82847 81242 46385 53805 77490 3797 56196 42876 
25 7
4224 12435 72142 49929 40901 92815 191 
26 8
79494 1643 52452 90118 86791 10425 29416 13257 
27 9
57127 29142 84252 18373 74762 67944 92646 69868 30193 
28 6
48192 2874 92328 90998 17249 74230 
29 4
4344 60337 68228 89612 
30 4
36102 54465 7214 2671 
31 4
91430 83104 6823 54684 
32 5
61115 81352 87523 79371 48246 
33 9
34758 2753 33058 20665 14218 11902 3749 65188 71726 
34 5
37002 40150 35283 44844 20306 
35 4
18364 9935 71560 53056 
36 4
63335 4573 39225 83847 
37 5
22089 50378 18036 84569 17470 
38 4
34056 27317 41771 62800 
39 4
36 94544 35473 79970 
40 2
52246 63662 
41 6
6052 16513 14566 11196 13944 36308 
42 0

43 6
92571 56799 307 71310 23303 38996 
44 3
1950 42025 59554 
45 5
57711 55316 19344 64178 39820 
46 3
68627 22563 12478 
47 4
85947 94308 78314 70709 
48 4
12268 26925 15749 40948 
49 5
45577 38188 25745 76976 69490 
50 5
87210 52525 85957 53898 27125 
51 0

52 4
79376 9164 45015 18600 
53 3
92119 28831 67151 
54 3
72764 57439 26315 
55 0

56 2
13329 59155 
57 5
35208 53076 63422 67888 28123 
58 1
57600 
59 4
6457 10670 60400 58876 
60 4
28338 88955 57612 17147 
61 1
46192 
62 2
11712 10700 
63 1
26400 
64 6
70757 21561 15768 79831 91696 70173 
65 2
56649 23146 
66 1
10728 
67 2
70280 19042 
68 1
74159 
69 1
41002 
70 3
26766 87288 60539 
71 1
22281 
72 3
73063 6590 28884 
73 0

74 0

75 2
35771 11872 
76 0

77 0

78 4
77041 76151 82391 22119 
79 1
61610 
80 2
91509 52217 
81 0

82 2
23131 14454 
83 0

84 0

85 1
64895 
86 1
76882 
87 4
18386 92737 18119 92894 
88 1
56380 
89 1
77871 
90 2
12485 992 
91 1
20518 
92 2
32770 42120 
93 2
77634 82920 
94 0

95 1
25434 
96 2
87392 51003 
97 0

98 1
26806 
99 1
43420 
100 1
62270 
101 1
71678 
102 0

103 0

104 0

105 0

106 0

107 0

108 0

109 0

110 1
28382 
111 0

112 0

113 1
27149 
114 0

115 1
49720 
116 1
51175 
117 1
34627 
118 0

119 0

120 0

121 0

122 0

123 0

124 0

125 0

126 0

127 0

128 0

129 0

130 0

131 0

132 1
69191 
133 0

134 0

135 0

136 1
68718 
137 0

138 0

139 0

140 0

141 0

142 0

143 0

144 0

145 0

146 0

147 0

148 1
57613 
149 0

150 0

151 0

152 0

153 0

154 0

155 0

156 0

157 0

158 0

159 0

160 0

161 0

162 0

163 0

164 0

165 1
1525 
166 1
76252 
167 0

168 0

169 0

170 0

171 0

172 0

173 0

174 0

175 1
54451 
176 0

177 0

178 0

179 0

180 0

181 0

182 0

183 0

184 0

185 0

186 0

187 0

188 0

189 0

190 0

191 1
93990 
192 0

193 0

194 0

195 0

196 0

197 0

198 0

199 0

200 0

201 0

202 0

203 0

204 0

205 0

206 0

207 0

208 0

209 0

210 0

211 0

212 0

213 0

214 0

215 0

216 0

217 1
35573 
218 0

219 0

220 0

221 0

222 0

223 0

224 0

225 0

226 0

227 0

228 0

229 0

230 0

231 0

232 0

233 0

234 0

235 0

236 0

237 0

238 0

239 0

240 0

241 0

242 0

243 0

244 0

245 0

246 0

247 0

248 0

249 0

250 0

251 0

252 0

253 0

254 0

255 0

256 0

257 0

258 0

259 0

260 0

261 0

262 0

263 0

