59
0 65
10698 22388 530 8406 34690 23905 41739 41971 30471 38884 28567 31374 2959 33460 20580 293 19368 10594 10701 23220 41615 23750 17016 13495 24288 1810 16613 22980 32854 9333 16699 12604 38077 34610 113 36207 10269 26441 20006 35945 30799 17786 10900 36217 10842 26927 12084 15264 5626 4690 3169 27938 25051 27000 10569 10602 38906 23213 389 4474 853 8441 32693 32502 31000 
1 14
20735 36198 5970 10943 8491 17482 22855 10767 26504 30450 9592 33277 33509 40261 
2 2
11202 17612 
3 1
20303 
4 0

5 0

6 0

7 0

8 0

9 0

10 0

11 0

12 0

13 0

14 0

15 0

16 0

17 0

18 0

19 0

20 0

21 0

22 0

23 0

24 0

25 0

26 0

27 0

28 0

29 0

30 0

31 0

32 0

33 0

34 0

35 0

36 0

37 0

38 0

39 0

40 0

41 0

42 0

43 0

44 0

45 0

46 0

47 0

48 0

49 0

50 0

51 0

52 0

53 0

54 0

55 0

56 0

57 0

58 0

