5
0 497
69911 93320 2684 89097 16065 65104 78199 47125 1961 89750 25719 27175 51572 12990 80315 8208 90320 53320 69708 49330 65480 51532 14119 43055 52473 51351 5809 31866 53841 52944 71682 71357 27768 97860 86837 98998 47553 72312 62146 24907 17130 47044 51123 17772 67261 23832 48027 21891 91276 58979 98284 12095 95482 41654 19536 95194 81307 49750 79442 6521 90018 93045 23306 16504 18843 23822 75852 1210 16378 76276 40633 672 81570 46892 57127 45395 43332 78571 46429 1364 23599 34211 43638 70580 95697 26112 85576 82590 9526 4624 72247 51565 50127 69919 23540 36454 73319 28017 13603 43008 2864 50359 94452 57488 71330 3720 95092 28078 98229 59999 31728 88948 81486 76402 26498 78639 6331 51582 59881 20220 5332 34216 99171 75945 81862 41501 75550 68469 10458 58721 1199 18952 43626 24072 14590 48764 43147 81274 92391 2147 11726 99945 36262 51307 80932 16792 14073 38255 6358 63451 64033 44048 95628 79746 8000 93240 12651 81092 72562 27999 94290 84543 75015 10573 11383 17032 85592 90563 89853 96209 82151 18318 47014 35234 29406 92483 97374 20643 74343 95254 71593 1607 96664 500 63433 50380 75617 96131 73727 14662 9698 70000 32953 80269 58314 46924 85184 45134 66187 75425 5736 32702 88724 98338 4060 76486 29653 73183 99751 55838 54799 49498 77144 12174 31786 56810 86717 89936 6102 32130 81248 21385 9993 87243 44111 29381 88540 63470 69601 60574 88030 98552 27430 21984 95885 29343 41449 68038 64383 93959 54846 59334 77745 53767 35591 14942 69581 9489 2172 17572 38856 4852 17171 66987 18401 97193 52328 94394 25661 77045 17026 23531 64596 45717 75877 27368 5924 13477 48818 8850 58911 68660 91863 9976 41991 88386 79080 35324 44546 92930 57080 97486 13810 41108 61920 98387 80355 95623 96293 52674 61714 1631 5047 69505 80788 86882 4735 56230 32073 55906 81430 12751 59873 43345 52459 19875 31324 27310 46107 86671 69486 74177 73231 25952 8017 73481 7634 96958 7184 96763 26459 11030 1044 20645 82462 59977 78483 9624 1789 20914 23605 40967 17914 18435 82110 87092 61698 48147 14360 38613 88624 59148 54733 20632 77125 20146 71903 59795 6222 50585 45548 10167 90081 22229 50001 28690 13420 3468 88436 31761 36203 9540 58832 84435 42510 15546 24440 98455 78147 40420 87742 90373 57232 98430 20304 75887 82430 94993 20138 63963 29520 53987 33307 21051 87821 79894 46886 82379 69767 17625 76709 83498 86543 78312 22347 64322 69065 28316 5325 69410 82805 568 14161 65335 38906 16778 62015 7670 6421 35448 91736 52821 58163 20365 51152 17057 44982 63003 78889 37444 12776 31068 48708 80546 21331 99707 12436 58561 92707 65512 99413 26940 5378 26157 61563 49447 44076 60157 42577 88742 59053 1330 5587 40083 48577 85036 84833 50536 56984 14053 61420 50923 16685 77863 14771 19151 93694 18345 43555 85709 4955 84453 51431 98752 46574 24393 95561 80350 32614 49143 69299 89559 76002 82632 52114 87102 77591 8989 20639 88988 63056 24137 39551 54801 10791 33960 93746 67430 79654 3886 39049 35282 27317 43749 44322 55091 4066 
1 236
11057 61565 38995 41471 74544 94894 84878 85127 97176 87447 95173 84418 9216 8140 75441 15192 45598 87538 52449 11695 87891 80007 28801 11923 46910 50788 87348 29528 27537 82216 94662 92532 11417 73290 45252 6640 13083 54864 83518 59216 27615 95718 49813 81420 78525 41273 87238 24834 54543 60042 43328 52356 80799 10917 42004 44710 82306 97466 64896 64333 44798 58148 14627 13514 58798 18796 36713 19378 19219 90932 50846 62969 14475 82079 4625 42820 14571 50337 12638 97236 79781 38017 3032 41142 46547 37661 90415 62215 82603 18742 78415 49023 63008 39467 81585 31125 69904 51238 11964 92919 91177 25144 15834 36615 34570 12011 4126 1535 6499 48420 37609 65786 42733 59889 58689 95857 2410 58048 5359 80472 36978 7560 51081 62589 24747 96535 81640 17819 60195 84593 83236 68753 6962 88874 12238 7532 18941 7411 66277 25187 15933 830 60117 99619 17830 36756 90631 86593 85335 16928 29044 91327 23967 75588 9356 91212 61906 83801 1518 48020 71967 53730 87345 86840 3980 78365 60010 44517 57724 79847 31360 67320 31292 13820 68559 3640 71217 21059 60495 62018 66913 6382 3776 20943 9643 32984 77912 43060 93983 53045 9242 20244 36456 43181 66925 31106 91095 89704 56176 14165 33211 26890 92324 31247 1948 17961 67980 944 81305 99058 49665 21810 15920 72910 86195 98416 74650 23384 30775 49877 86775 70733 64671 66022 77537 54339 33509 45390 55913 67271 9626 24145 62906 84327 17447 31156 
2 118
45951 56927 36145 69337 62728 84579 76466 28199 26434 98807 56098 25530 64574 96526 46873 63735 75037 3497 69924 87613 30001 18898 78599 27681 16791 98422 26976 86971 28126 89030 41223 61241 11277 7651 99640 95571 99525 43435 59425 98941 7849 60577 51348 61311 69620 2829 45464 32015 90026 34159 79023 36915 70246 13394 16608 59473 31549 33207 40616 92632 24866 14197 64415 59468 40268 33636 98795 24611 39305 36329 45513 49484 38002 69315 17709 83238 8626 2014 21820 88474 73703 12271 2519 39017 27822 96906 99005 13257 512 8088 63074 28962 83939 38568 87422 58392 9468 2852 33329 62131 82453 12068 77238 77453 59395 2294 63599 30541 57704 44196 15095 30546 29421 92939 31817 33868 40199 58504 
3 59
47805 59905 25100 54538 31813 94532 89226 14025 16002 51135 88743 84683 79491 41851 17434 20033 91895 16705 47557 59758 24553 66596 51556 6678 5729 30103 28878 45217 91657 8251 63054 62666 18154 21505 7830 93645 52337 58506 53690 96756 95000 63506 7686 25552 63546 46250 23798 89169 81343 8484 53926 82726 98874 82871 33499 73729 69564 32235 37430 
4 23
36981 4130 93226 6670 81705 66888 96831 93926 29070 66664 46214 32413 9865 3708 44889 34111 65344 44046 31869 54320 96757 80544 8323 
