878
0 132
17009 31837 13472 535 59800 13662 97989 44557 19185 54646 24823 8963 27734 94941 1142 85726 54142 69412 13473 93008 57520 95125 17018 7126 13202 2600 1197 88061 97024 68377 74464 70052 93776 28655 97968 62981 81453 51309 56847 74421 72964 87907 47838 76745 87248 46988 2581 39670 92411 92749 72258 45064 70252 25981 64452 31875 37742 23340 16535 73813 14599 78259 37045 87751 42352 13844 46550 92654 1779 8778 91923 42198 98207 97959 59661 48354 944 42721 11758 80430 40857 21848 29633 85994 22944 49214 57270 39722 32304 86324 13465 29293 17986 21423 69088 14422 37474 28927 66381 66336 85519 33453 87185 91395 31443 27046 46407 4204 64008 83543 47877 27230 57862 44132 42109 24474 23279 99257 10427 98605 30901 62762 58637 40434 5657 86875 67995 94573 13396 74385 24914 73132 
1 104
48178 74450 87781 33381 62057 88090 69394 756 8695 30072 86757 14936 40454 93649 15676 66973 97442 6473 54410 59480 21378 25584 91577 17856 71079 21377 38167 59422 54579 24094 99670 5534 9002 86660 24797 75915 27786 11261 59711 70679 5880 65920 50375 1604 39354 32645 1842 88213 50411 33605 10773 52465 57245 12457 33826 37108 3836 80462 21916 74829 26680 3543 72443 68229 1486 71535 12891 57530 2335 5074 24940 51431 49780 69910 75165 97855 60821 94727 29948 52020 93997 38945 91220 26808 71024 80765 88003 1192 8436 79589 25715 75826 79793 41118 9346 52081 96633 91457 15014 87098 98927 94824 63787 71778 
2 77
64689 21655 53515 90156 1931 92969 92260 10329 72286 46860 47861 65199 7924 40476 11917 4838 42273 77659 51075 87838 16371 82714 49134 54667 44875 32226 43330 2577 8884 35584 65065 41 73565 54568 61832 12489 18163 49377 61913 11532 57089 3911 21067 2762 32880 14506 54458 69986 77940 39403 18900 69679 83788 21798 52567 49662 74761 6184 28324 54040 22365 90858 19839 86540 80249 24179 75674 53274 53604 60646 69019 6051 63495 49815 27066 74694 71097 
3 69
51873 66319 81587 74577 21864 50859 32795 75836 85657 89359 37014 42586 26621 87051 16290 49569 709 76170 10026 97352 1032 56404 31550 10798 49297 59634 80603 17712 71202 72120 80026 86460 2669 71725 51855 10743 46467 55349 63696 59978 95791 83239 24799 70138 58324 90526 5904 51240 39461 45909 75549 25941 14663 33114 7451 78557 8170 52487 88096 78662 28997 12861 23869 45764 48979 73236 32209 63060 97831 
4 44
43559 60224 42327 56417 58054 85520 31211 56517 60503 93709 26243 590 17693 85227 22658 97046 96319 36473 86691 97327 34773 38919 27238 18293 21606 97868 48296 54222 10396 21396 85880 16550 65193 2155 68068 34152 26398 1130 59255 11511 78642 76711 40796 99628 
5 42
26341 78244 70892 8579 29275 29187 68756 18082 15515 32191 66247 32222 93983 94140 39245 87687 61108 49666 33772 44078 56663 93724 72486 33277 77750 43866 16768 13879 73973 58370 84868 8447 46775 93694 32936 82654 5647 40190 52191 77515 91934 3657 
6 36
88035 74371 3796 43123 22931 63765 92520 95040 84119 52520 22323 36663 15703 46496 84876 11819 33099 54932 31267 70249 10970 33818 19670 59539 42714 83740 97358 31908 66498 12325 2970 51392 96809 92385 67045 55239 
7 22
23141 16612 30947 128 10639 95947 810 72290 62481 40743 66905 43303 19868 36393 52534 83387 650 20617 21789 50152 38323 3939 
8 18
47076 98878 40692 33425 44392 83512 69058 49453 59494 30821 6946 42497 69330 83092 4643 16939 3844 92774 
9 17
7789 73079 3807 49840 70218 39602 72457 31486 59526 60610 34894 52456 38727 64848 18517 52756 93702 
10 12
44478 2894 6967 28845 1423 56699 14362 15035 83316 13291 76386 87113 
11 9
15850 96499 42846 61348 81829 9141 30577 33278 4100 
12 6
54526 66501 88377 45364 82447 49265 
13 6
45131 62043 85674 95106 11480 56975 
14 2
28654 55126 
15 4
54379 64599 84480 47002 
16 4
22598 83945 60244 16259 
17 2
40617 30838 
18 2
12666 45365 
19 1
91254 
20 2
17811 4633 
21 1
41854 
22 0

23 0

24 0

25 0

26 1
27764 
27 0

28 0

29 0

30 0

31 0

32 0

33 0

34 0

35 0

36 0

37 0

38 0

39 0

40 0

41 0

42 0

43 0

44 0

45 0

46 0

47 0

48 0

49 0

50 0

51 0

52 0

53 0

54 0

55 0

56 0

57 0

58 0

59 0

60 0

61 0

62 0

63 0

64 0

65 0

66 0

67 0

68 0

69 0

70 0

71 0

72 0

73 0

74 0

75 0

76 0

77 0

78 0

79 0

80 0

81 0

82 0

83 0

84 0

85 0

86 0

87 0

88 0

89 0

90 0

91 0

92 0

93 0

94 0

95 0

96 0

97 0

98 0

99 0

100 0

101 0

102 0

103 0

104 0

105 0

106 0

107 0

108 0

109 0

110 0

111 0

112 0

113 0

114 0

115 0

116 0

117 0

118 0

119 0

120 0

121 0

122 0

123 0

124 0

125 0

126 0

127 0

128 0

129 0

130 0

131 0

132 0

133 0

134 0

135 0

136 0

137 0

138 0

139 0

140 0

141 0

142 0

143 0

144 0

145 0

146 0

147 0

148 0

149 0

150 0

151 0

152 0

153 0

154 0

155 0

156 0

157 0

158 0

159 0

160 0

161 0

162 0

163 0

164 0

165 0

166 0

167 0

168 0

169 0

170 0

171 0

172 0

173 0

174 0

175 0

176 0

177 0

178 0

179 0

180 0

181 0

182 0

183 0

184 0

185 0

186 0

187 0

188 0

189 0

190 0

191 0

192 0

193 0

194 0

195 0

196 0

197 0

198 0

199 0

200 0

201 0

202 0

203 0

204 0

205 0

206 0

207 0

208 0

209 0

210 0

211 0

212 0

213 0

214 0

215 0

216 0

217 0

218 0

219 0

220 0

221 0

222 0

223 0

224 0

225 0

226 0

227 0

228 0

229 0

230 0

231 0

232 0

233 0

234 0

235 0

236 0

237 0

238 0

239 0

240 0

241 0

242 0

243 0

244 0

245 0

246 0

247 0

248 0

249 0

250 0

251 0

252 0

253 0

254 0

255 0

256 0

257 0

258 0

259 0

260 0

261 0

262 0

263 0

264 0

265 0

266 0

267 0

268 0

269 0

270 0

271 0

272 0

273 0

274 0

275 0

276 0

277 0

278 0

279 0

280 0

281 0

282 0

283 0

284 0

285 0

286 0

287 0

288 0

289 0

290 0

291 0

292 0

293 0

294 0

295 0

296 0

297 0

298 0

299 0

300 0

301 0

302 0

303 0

304 0

305 0

306 0

307 0

308 0

309 0

310 0

311 0

312 0

313 0

314 0

315 0

316 0

317 0

318 0

319 0

320 0

321 0

322 0

323 0

324 0

325 0

326 0

327 0

328 0

329 0

330 0

331 0

332 0

333 0

334 0

335 0

336 0

337 0

338 0

339 0

340 0

341 0

342 0

343 0

344 0

345 0

346 0

347 0

348 0

349 0

350 0

351 0

352 0

353 0

354 0

355 0

356 0

357 0

358 0

359 0

360 0

361 0

362 0

363 0

364 0

365 0

366 0

367 0

368 0

369 0

370 0

371 0

372 0

373 0

374 0

375 0

376 0

377 0

378 0

379 0

380 0

381 0

382 0

383 0

384 0

385 0

386 0

387 0

388 0

389 0

390 0

391 0

392 0

393 0

394 0

395 0

396 0

397 0

398 0

399 0

400 0

401 0

402 0

403 0

404 0

405 0

406 0

407 0

408 0

409 0

410 0

411 0

412 0

413 0

414 0

415 0

416 0

417 0

418 0

419 0

420 0

421 0

422 0

423 0

424 0

425 0

426 0

427 0

428 0

429 0

430 0

431 0

432 0

433 0

434 0

435 0

436 0

437 0

438 0

439 0

440 0

441 0

442 0

443 0

444 0

445 0

446 0

447 0

448 0

449 0

450 0

451 0

452 0

453 0

454 0

455 0

456 0

457 0

458 0

459 0

460 0

461 0

462 0

463 0

464 0

465 0

466 0

467 0

468 0

469 0

470 0

471 0

472 0

473 0

474 0

475 0

476 0

477 0

478 0

479 0

480 0

481 0

482 0

483 0

484 0

485 0

486 0

487 0

488 0

489 0

490 0

491 0

492 0

493 0

494 0

495 0

496 0

497 0

498 0

499 0

500 0

501 0

502 0

503 0

504 0

505 0

506 0

507 0

508 0

509 0

510 0

511 0

512 0

513 0

514 0

515 0

516 0

517 0

518 0

519 0

520 0

521 0

522 0

523 0

524 0

525 0

526 0

527 0

528 0

529 0

530 0

531 0

532 0

533 0

534 0

535 0

536 0

537 0

538 0

539 0

540 0

541 0

542 0

543 0

544 0

545 0

546 0

547 0

548 0

549 0

550 0

551 0

552 0

553 0

554 0

555 0

556 0

557 0

558 0

559 0

560 0

561 0

562 0

563 0

564 0

565 0

566 0

567 0

568 0

569 0

570 0

571 0

572 0

573 0

574 0

575 0

576 0

577 0

578 0

579 0

580 0

581 0

582 0

583 0

584 0

585 0

586 0

587 0

588 0

589 0

590 0

591 0

592 0

593 0

594 0

595 0

596 0

597 0

598 0

599 0

600 0

601 0

602 0

603 0

604 0

605 0

606 0

607 0

608 0

609 0

610 0

611 0

612 0

613 0

614 0

615 0

616 0

617 0

618 0

619 0

620 0

621 0

622 0

623 0

624 0

625 0

626 0

627 0

628 0

629 0

630 0

631 0

632 0

633 0

634 0

635 0

636 0

637 0

638 0

639 0

640 0

641 0

642 0

643 0

644 0

645 0

646 0

647 0

648 0

649 0

650 0

651 0

652 0

653 0

654 0

655 0

656 0

657 0

658 0

659 0

660 0

661 0

662 0

663 0

664 0

665 0

666 0

667 0

668 0

669 0

670 0

671 0

672 0

673 0

674 0

675 0

676 0

677 0

678 0

679 0

680 0

681 0

682 0

683 0

684 0

685 0

686 0

687 0

688 0

689 0

690 0

691 0

692 0

693 0

694 0

695 0

696 0

697 0

698 0

699 0

700 0

701 0

702 0

703 0

704 0

705 0

706 0

707 0

708 0

709 0

710 0

711 0

712 0

713 0

714 0

715 0

716 0

717 0

718 0

719 0

720 0

721 0

722 0

723 0

724 0

725 0

726 0

727 0

728 0

729 0

730 0

731 0

732 0

733 0

734 0

735 0

736 0

737 0

738 0

739 0

740 0

741 0

742 0

743 0

744 0

745 0

746 0

747 0

748 0

749 0

750 0

751 0

752 0

753 0

754 0

755 0

756 0

757 0

758 0

759 0

760 0

761 0

762 0

763 0

764 0

765 0

766 0

767 0

768 0

769 0

770 0

771 0

772 0

773 0

774 0

775 0

776 0

777 0

778 0

779 0

780 0

781 0

782 0

783 0

784 0

785 0

786 0

787 0

788 0

789 0

790 0

791 0

792 0

793 0

794 0

795 0

796 0

797 0

798 0

799 0

800 0

801 0

802 0

803 0

804 0

805 0

806 0

807 0

808 0

809 0

810 0

811 0

812 0

813 0

814 0

815 0

816 0

817 0

818 0

819 0

820 0

821 0

822 0

823 0

824 0

825 0

826 0

827 0

828 0

829 0

830 0

831 0

832 0

833 0

834 0

835 0

836 0

837 0

838 0

839 0

840 0

841 0

842 0

843 0

844 0

845 0

846 0

847 0

848 0

849 0

850 0

851 0

852 0

853 0

854 0

855 0

856 0

857 0

858 0

859 0

860 0

861 0

862 0

863 0

864 0

865 0

866 0

867 0

868 0

869 0

870 0

871 0

872 0

873 0

874 0

875 0

876 0

877 0

