392
0 13
59491 66706 59210 38108 68714 8652 41134 58440 5665 43220 36949 32184 57427 
1 13
4745 73423 52618 7068 51568 21365 31630 52025 16746 72191 29955 14549 62031 
2 13
20526 69704 72166 51923 34591 63433 15353 64567 36970 11190 26413 69052 53939 
3 12
72145 58159 3785 9633 39020 17013 4664 23884 49292 74452 56709 63610 
4 13
8783 5985 54222 80295 21976 43517 72673 44019 13286 311 13957 52481 11922 
5 13
55790 17333 6463 38607 76950 48251 48775 59726 76245 21804 67287 634 17558 
6 13
74533 41540 18301 35206 12050 29175 35036 31018 59624 24160 11299 20340 54372 
7 13
46422 816 54909 1723 4436 60698 2254 3008 14382 36849 56604 18770 9694 
8 12
37773 74324 6082 51634 1089 51833 19007 53554 23363 60431 73615 73949 
9 11
67099 38934 70610 78801 53248 78379 28282 43285 32600 77412 22356 
10 10
36512 70302 8318 54383 79058 69132 21808 78073 23944 23968 
11 9
50992 70092 35735 17970 63235 51537 65692 51548 2418 
12 13
12626 59708 45585 53693 61365 72283 18894 8583 27911 62798 48391 29112 14140 
13 9
3962 71631 77306 3863 19453 68048 80015 10906 69454 
14 11
13255 54408 20327 46253 50869 74239 36499 76265 3654 49904 31829 
15 10
31525 40454 6835 31767 54370 46418 40484 79254 61794 40300 
16 11
16909 60527 54337 51564 66179 38570 78854 54384 18193 38001 26106 
17 8
15303 31422 42344 5579 47570 65287 22786 67726 
18 11
8754 39356 70998 20155 52522 29968 56929 48926 29918 34855 11085 
19 7
71504 55993 34896 671 77983 4116 74434 
20 9
25698 17490 36617 31267 34152 62269 31660 29892 60570 
21 5
32080 16612 6192 9117 52600 
22 8
10841 39841 18113 36953 51031 50068 1518 15911 
23 5
58220 40901 40496 78427 46087 
24 6
30222 56788 3405 31786 11687 19331 
25 6
40246 76966 58162 6612 56902 73863 
26 9
12559 55938 50322 70337 38508 46008 40426 71260 31850 
27 6
30052 76228 21196 51279 19714 44027 
28 9
67017 73904 75575 49221 3592 63209 15120 70718 42492 
29 8
69396 63620 69144 68784 72843 17693 41020 1286 
30 5
13488 47735 53673 14856 6312 
31 1
12125 
32 5
46491 9726 77922 20533 79720 
33 5
72964 36493 26695 6452 70589 
34 9
42733 77234 2121 36409 6124 32042 70764 46209 37827 
35 5
72293 28770 77387 30953 52390 
36 6
18080 27276 21518 20724 52569 43188 
37 8
13276 25115 5798 61488 4206 28621 66558 57358 
38 7
70178 46973 264 74844 51455 72560 20535 
39 5
34636 38792 48174 66076 80169 
40 3
69237 51215 45308 
41 5
44115 62115 17544 55370 2419 
42 3
48976 34795 38610 
43 6
32889 1896 7504 72574 76692 36028 
44 6
64304 32350 35143 7968 56909 63887 
45 7
29890 30317 72960 38313 67405 52220 45304 
46 4
4949 65336 53441 29971 
47 7
60935 62317 21990 37806 53866 62681 60688 
48 6
66542 35175 10330 9645 5442 3906 
49 4
40233 28603 48461 36358 
50 1
55736 
51 5
64299 48617 58285 14347 12742 
52 3
35798 25724 32111 
53 7
32792 9999 40606 26768 79357 32589 25446 
54 4
41317 75040 44232 47691 
55 4
14657 33621 21698 34244 
56 5
26135 44564 28986 41324 5152 
57 3
9515 30724 78573 
58 4
54730 66462 45015 1476 
59 1
75284 
60 2
78234 70409 
61 5
5694 79521 54436 8065 62744 
62 6
37361 39202 80494 74742 55715 75352 
63 4
14907 73302 65771 46106 
64 3
4439 42625 81034 
65 4
74684 71052 54786 55405 
66 4
41522 39601 41651 66513 
67 3
12343 15093 16582 
68 3
19770 15542 61835 
69 3
30731 43132 8301 
70 2
13367 55355 
71 3
4856 23749 43521 
72 0

73 4
57076 1098 37848 75269 
74 6
43748 51383 57355 45476 38555 9208 
75 3
25463 22462 53599 
76 4
9010 41447 18921 56121 
77 3
59548 30888 21949 
78 4
1719 10664 43796 28999 
79 5
64710 65578 18733 11877 35330 
80 2
41955 10837 
81 3
38853 59010 13752 
82 1
57374 
83 5
78070 17806 61691 40404 2260 
84 2
35164 65728 
85 4
6106 62400 2546 23130 
86 4
33812 43703 69287 49570 
87 3
11131 109 5717 
88 4
74133 13782 75460 22837 
89 2
8519 47208 
90 2
27407 29241 
91 2
2858 35780 
92 2
12788 50698 
93 1
11776 
94 1
28493 
95 0

96 5
63344 66362 24337 30027 27523 
97 0

98 2
44356 62949 
99 2
25590 20880 
100 1
48969 
101 3
78533 4954 16231 
102 1
13999 
103 3
76530 48859 38299 
104 1
53610 
105 2
15914 21833 
106 2
11082 40024 
107 3
40640 20942 9693 
108 1
32328 
109 2
50722 9613 
110 1
80719 
111 2
37692 33622 
112 2
20166 77097 
113 2
34845 50085 
114 1
5610 
115 1
41666 
116 3
72427 62766 12955 
117 2
42863 74635 
118 1
1164 
119 2
51838 33794 
120 0

121 1
61505 
122 4
32082 40373 18562 65337 
123 1
58462 
124 1
39467 
125 2
11020 47276 
126 0

127 0

128 2
60551 22315 
129 1
11081 
130 2
80566 4774 
131 1
75305 
132 1
35956 
133 1
41140 
134 1
71956 
135 2
8687 3111 
136 0

137 0

138 0

139 0

140 0

141 1
20083 
142 1
20030 
143 2
64527 76633 
144 0

145 1
72719 
146 0

147 0

148 0

149 1
12713 
150 2
70739 32084 
151 1
73200 
152 0

153 0

154 0

155 0

156 0

157 1
48696 
158 0

159 1
32004 
160 0

161 1
9793 
162 0

163 0

164 0

165 0

166 1
49003 
167 1
60670 
168 1
63957 
169 0

170 0

171 0

172 1
56197 
173 0

174 0

175 1
34554 
176 0

177 0

178 0

179 0

180 0

181 0

182 0

183 1
41168 
184 0

185 0

186 1
2108 
187 0

188 0

189 0

190 0

191 0

192 0

193 0

194 0

195 1
38550 
196 2
41649 785 
197 0

198 1
64292 
199 1
77613 
200 0

201 0

202 0

203 0

204 0

205 1
61636 
206 0

207 0

208 0

209 0

210 0

211 0

212 0

213 0

214 0

215 0

216 0

217 0

218 0

219 0

220 0

221 0

222 0

223 0

224 0

225 0

226 1
77846 
227 0

228 1
8852 
229 0

230 0

231 0

232 0

233 0

234 0

235 0

236 0

237 0

238 0

239 0

240 0

241 0

242 0

243 0

244 1
33017 
245 0

246 0

247 0

248 0

249 0

250 0

251 0

252 0

253 0

254 0

255 0

256 0

257 0

258 0

259 0

260 0

261 0

262 1
3942 
263 0

264 0

265 0

266 0

267 0

268 1
35387 
269 0

270 0

271 0

272 0

273 0

274 0

275 0

276 0

277 0

278 0

279 0

280 0

281 0

282 0

283 0

284 1
11969 
285 0

286 0

287 0

288 0

289 1
56740 
290 0

291 0

292 0

293 0

294 0

295 0

296 0

297 0

298 0

299 0

300 0

301 0

302 0

303 0

304 0

305 0

306 0

307 0

308 0

309 0

310 0

311 0

312 0

313 0

314 0

315 0

316 0

317 0

318 0

319 0

320 0

321 0

322 0

323 0

324 0

325 0

326 0

327 0

328 0

329 0

330 0

331 0

332 0

333 0

334 0

335 0

336 0

337 0

338 0

339 0

340 0

341 0

342 0

343 0

344 0

345 0

346 0

347 0

348 0

349 0

350 0

351 0

352 0

353 0

354 0

355 0

356 0

357 0

358 0

359 0

360 0

361 0

362 0

363 0

364 0

365 0

366 0

367 0

368 0

369 0

370 0

371 0

372 0

373 0

374 0

375 0

376 0

377 0

378 0

379 0

380 0

381 0

382 0

383 0

384 0

385 0

386 0

387 0

388 0

389 0

390 0

391 0

