300
0 14
83363 11816 26301 21275 8418 41572 32975 30711 4758 54036 43338 48770 59653 37418 
1 12
31608 5673 48539 8507 71381 11007 73902 69303 49074 89635 73610 46387 
2 14
94168 42297 57915 88527 70626 51268 69157 29481 71105 52642 86656 55461 20857 5439 
3 13
88395 81217 40150 3530 43273 9279 7448 69441 80605 7975 95724 1902 20020 
4 14
56929 45134 56709 78278 33358 50139 14940 20443 88522 34952 55559 81811 20903 70503 
5 11
55917 74099 47185 49878 7607 39710 15117 38097 34586 86526 84989 
6 9
91743 72859 34756 8236 26584 13207 71763 64780 12162 
7 13
31502 91861 57964 31862 1784 26887 7090 12738 35737 50900 55610 91146 5450 
8 11
64356 39035 49522 27184 37618 47298 84497 26889 34814 71228 45267 
9 13
35721 57375 64620 68347 88173 15935 11991 3666 41080 2978 63226 66077 33691 
10 10
90374 41135 46999 46371 7422 40617 3946 31957 1892 68568 
11 9
22154 68040 36770 57684 79007 14259 80470 2199 86394 
12 13
23336 10734 49102 52112 90437 68784 76517 33882 74628 16893 4012 48296 31354 
13 10
23617 70467 3752 6189 29224 60998 42194 87004 19750 13360 
14 6
16031 9591 67824 47494 90263 25022 
15 7
46003 31315 54969 73898 51815 10051 77344 
16 10
2394 26414 88561 85047 80197 44878 15017 9371 85671 2819 
17 5
3013 58056 76676 29343 82310 
18 8
10629 1413 39662 75618 38806 69997 14263 32438 
19 4
27967 26945 94310 20805 
20 8
66282 44430 6435 41183 72476 10226 72696 56623 
21 6
28856 46117 94633 31196 70991 74639 
22 9
23258 38111 48757 47915 82318 44210 75784 5367 81248 
23 10
50247 15127 49070 21668 61520 58223 65648 88858 13392 4925 
24 7
17861 92542 20035 39267 59748 64282 13370 
25 6
60087 12329 123 43869 68862 8734 
26 7
53591 86775 67711 60702 33733 11995 31104 
27 10
87327 30136 45853 66304 30018 62071 33429 39352 40972 72783 
28 5
38246 45329 29980 87120 42572 
29 6
44690 28521 37015 90989 37397 5112 
30 6
91223 23620 8915 46205 38638 31278 
31 8
5473 55095 85318 74492 94656 92023 78657 85338 
32 10
79663 84651 55505 61457 21498 56360 78161 45822 15862 40484 
33 6
72920 24687 94345 11174 19443 70473 
34 5
95421 43937 5133 32734 87693 
35 7
61315 19450 51016 425 77559 26873 64999 
36 4
54894 29471 4090 58813 
37 7
90173 55534 87230 46315 22077 39175 53276 
38 6
71166 56908 43752 56993 38832 41166 
39 3
53315 53117 40693 
40 4
70244 34595 83904 70463 
41 6
95871 30742 94536 52328 43169 74171 
42 2
24302 63292 
43 4
49814 34831 1417 49652 
44 3
81107 59827 42929 
45 4
94479 69801 5110 36302 
46 4
11578 79198 60348 29402 
47 5
3893 45817 81462 59010 588 
48 2
88900 58891 
49 2
61158 51896 
50 3
32064 83127 16524 
51 3
47972 43920 54029 
52 2
30662 34641 
53 3
77347 68436 13378 
54 5
78152 22431 43179 26774 42055 
55 2
61571 78318 
56 1
44263 
57 6
58835 62849 66633 39953 77936 38363 
58 2
25373 67486 
59 4
55683 44389 82150 14478 
60 2
21280 22856 
61 1
11470 
62 4
51289 56939 84634 24185 
63 5
79207 63874 21341 87017 70130 
64 2
70758 85726 
65 3
79690 1047 17992 
66 2
42333 74104 
67 1
64439 
68 1
67221 
69 0

70 2
83347 30003 
71 1
22819 
72 1
58944 
73 1
43813 
74 1
62868 
75 3
94470 61950 73396 
76 1
2384 
77 1
31169 
78 2
9464 96427 
79 1
62716 
80 1
13530 
81 1
68988 
82 1
26751 
83 1
45090 
84 1
40225 
85 0

86 0

87 0

88 2
59867 29930 
89 0

90 1
56216 
91 0

92 1
67288 
93 1
58427 
94 1
57275 
95 3
14197 70378 34550 
96 3
93772 91232 13813 
97 0

98 0

99 0

100 1
43192 
101 0

102 0

103 1
49086 
104 0

105 1
70523 
106 0

107 1
83915 
108 1
95076 
109 2
9536 993 
110 0

111 0

112 0

113 0

114 1
80404 
115 1
37518 
116 1
28599 
117 0

118 0

119 0

120 0

121 0

122 0

123 0

124 0

125 0

126 1
75562 
127 0

128 0

129 1
179 
130 0

131 0

132 0

133 1
73580 
134 0

135 0

136 0

137 0

138 0

139 0

140 0

141 1
51485 
142 0

143 0

144 0

145 0

146 0

147 0

148 1
79180 
149 0

150 0

151 0

152 0

153 0

154 0

155 0

156 0

157 0

158 0

159 0

160 0

161 0

162 0

163 1
24891 
164 1
13137 
165 0

166 0

167 0

168 0

169 0

170 0

171 0

172 0

173 0

174 0

175 0

176 0

177 0

178 0

179 0

180 0

181 0

182 0

183 0

184 0

185 0

186 0

187 1
59495 
188 1
36053 
189 0

190 0

191 0

192 0

193 0

194 0

195 0

196 0

197 0

198 0

199 0

200 0

201 0

202 0

203 0

204 0

205 0

206 0

207 0

208 0

209 0

210 1
6456 
211 0

212 0

213 0

214 0

215 0

216 0

217 0

218 0

219 0

220 0

221 0

222 0

223 0

224 1
31852 
225 0

226 0

227 0

228 0

229 0

230 0

231 0

232 0

233 0

234 0

235 0

236 0

237 1
2842 
238 0

239 0

240 0

241 0

242 0

243 0

244 0

245 0

246 0

247 0

248 0

249 0

250 1
62053 
251 0

252 0

253 0

254 0

255 0

256 0

257 0

258 0

259 0

260 0

261 0

262 0

263 0

264 0

265 0

266 0

267 0

268 0

269 0

270 0

271 0

272 0

273 0

274 0

275 0

276 0

277 0

278 0

279 0

280 0

281 0

282 0

283 0

284 0

285 0

286 0

287 0

288 0

289 0

290 0

291 0

292 0

293 0

294 0

295 0

296 0

297 0

298 0

299 0

