87
0 180
35772 74412 96489 10523 5316 67654 57291 39624 56108 67222 28241 54312 86701 60801 32975 75608 15639 4453 78724 49869 92190 49651 35129 50379 56051 34620 13706 72796 46559 59495 30014 14078 18672 59050 98998 1658 8711 18442 39851 29228 48915 72705 33145 76685 82806 37268 17263 53123 79604 53279 680 94078 99303 87184 76618 25534 66686 11443 36316 99064 55311 35418 87033 16104 87695 2150 62656 12413 73210 33034 44095 85386 53115 4643 20155 72215 11662 56423 69071 55259 63621 53535 5778 32489 86275 8906 19108 2905 93964 45777 43980 94229 71211 43369 34829 83009 30247 12570 87375 99754 86714 58004 68451 65881 73954 411 70047 94925 84119 33470 39682 15021 7237 3873 49271 50823 48799 48746 81249 96939 17149 27061 84696 81659 86074 23294 56074 30111 26101 80646 24451 50186 51129 19063 49376 32261 87864 95081 17326 3043 62119 77408 67195 31805 43573 14821 45114 82522 36041 39899 75240 71161 42330 25765 12462 42044 13591 91374 30205 24173 25786 28310 28977 8070 65827 96475 79777 23436 56882 42325 24774 23170 56590 10656 96559 45267 39130 70515 83586 80044 
1 127
82674 44329 55429 15902 11640 59322 22002 25392 67140 62555 59419 42926 35729 16585 36893 26946 89091 62036 20939 9886 13890 65721 52843 58292 90963 72935 95485 67645 7210 13850 69049 20383 10183 25240 62951 9182 37979 73703 29277 6709 41082 79600 67835 63845 64774 49746 99563 73276 96095 99689 59740 90115 99109 39482 72877 99366 702 44639 78551 38571 30676 38026 5612 45147 8726 96433 26598 35937 44837 11823 16738 48637 86704 29375 86548 78881 33450 72768 31633 70166 97746 97691 52819 19780 47237 887 71586 21224 7465 85407 98614 11665 83014 80883 99425 32922 46895 19052 11464 28802 57878 98777 91991 55131 12793 14738 28141 68181 99727 4374 61241 39990 62428 87137 55872 31551 53444 87990 8326 21746 90915 51270 50008 24586 71013 60988 7329 
2 108
21659 40821 69232 41756 72666 3654 33241 24167 91205 7784 9554 49953 8418 61722 77002 61585 90157 3209 93817 17551 90095 1257 9822 72188 59147 1380 18413 59771 48874 55674 20948 91373 48498 79859 32463 1199 96727 85034 74053 61136 50627 33249 20107 55042 79478 98148 6779 83066 24776 32805 60646 56336 82437 41986 53711 52823 91235 69297 90738 9293 71184 76426 25343 85998 41745 74893 83139 63166 15585 95079 82421 47293 77947 37438 3121 71304 94337 50353 71313 96564 76159 80404 13859 87532 54761 31414 31990 37006 46129 71610 32904 87923 96990 81452 58978 61285 41061 190 67733 11427 69596 76116 31636 68580 60208 45752 98891 78573 
3 79
23539 41631 45657 14598 99974 37367 90410 28492 45441 30271 78316 62033 68718 42476 95731 17350 96105 69615 17536 9630 83892 82878 86486 5295 7970 9618 46511 6671 39763 95041 39441 63993 98432 92008 75613 41534 33489 71779 49724 31989 7864 14607 59866 42697 77432 9096 76466 37383 331 62865 6428 60672 54706 38105 74769 20415 46997 33292 87396 26361 45876 69668 43584 13624 12515 66179 52135 90914 67677 83837 59086 18485 83304 16289 27458 83781 87047 77872 49137 
4 53
15152 86778 83878 68207 22087 23016 46359 69670 92445 14734 68652 17237 47397 96318 55125 55109 30941 39197 25548 73220 11741 95799 58032 13441 27019 97032 83475 81771 36339 65771 34855 39093 63049 22205 37922 85550 98386 47155 8770 10166 80293 95737 11305 29093 130 21832 90072 25593 96766 7738 4963 97241 51514 
5 49
21610 83232 80590 729 38561 47887 34811 34014 47706 3212 25433 10322 12147 55595 99693 78829 18759 97095 4684 21200 28240 26238 45070 93548 86868 64749 78248 1324 38299 56215 39832 2100 81715 48869 70695 11029 85053 86838 99104 47549 96187 25824 53284 45416 56840 78782 50592 36351 86697 
6 37
20665 23632 36721 9381 572 60562 5448 81806 33402 4295 21072 38217 91658 75841 71309 84188 80297 13582 50905 78863 22259 63344 9251 26877 17962 83929 69834 87961 54576 61183 16244 51239 96567 11816 32772 32720 69492 
7 31
59332 21917 87400 15823 99881 47853 17834 24965 62779 75966 6031 43081 62204 39144 25848 9476 80577 88313 72631 78770 40218 1950 62220 56131 48389 26856 68525 15083 59546 54730 23747 
8 19
41698 37590 5785 63814 45156 41342 74648 12415 35979 33927 32396 93471 38443 48998 62417 82919 80554 96951 55206 
9 19
87258 31960 91209 93356 87376 20185 12609 23707 25980 49298 64631 59382 97861 48257 71028 70762 14837 344 94774 
10 16
52771 72619 68850 97675 50665 40079 83321 31080 83773 20318 73937 32837 357 88769 16068 74643 
11 12
67134 72744 83251 41843 16058 80084 98938 57429 55126 87374 14386 37473 
12 5
94847 5489 84933 72311 27290 
13 9
37742 44104 33570 27296 59090 93892 44902 12137 58361 
14 3
59225 31471 96206 
15 4
55444 83412 68846 5972 
16 0

17 0

18 2
28711 30294 
19 2
29858 91346 
20 0

21 0

22 0

23 0

24 0

25 0

26 0

27 0

28 1
7508 
29 0

30 0

31 0

32 0

33 0

34 0

35 0

36 0

37 0

38 0

39 0

40 0

41 0

42 0

43 0

44 0

45 0

46 0

47 0

48 0

49 0

50 0

51 0

52 0

53 0

54 0

55 0

56 0

57 0

58 0

59 0

60 0

61 0

62 0

63 0

64 0

65 0

66 0

67 0

68 0

69 0

70 0

71 0

72 0

73 0

74 0

75 0

76 0

77 0

78 0

79 0

80 0

81 0

82 0

83 0

84 0

85 0

86 0

