374
0 173
745 14923 13744 31845 77646 27776 70477 45523 78965 69728 75161 52315 63707 74620 36691 40240 66623 11809 56375 75078 76468 52721 86703 60175 1879 81663 65608 82780 63983 13595 66818 75147 13047 27701 18250 12602 54157 81852 70894 38387 83176 12149 40310 39844 67481 48953 80633 30954 79543 50550 72993 17819 20793 45700 28915 15768 8253 35683 77281 44361 19824 64208 38947 39479 47202 8444 17185 17194 82699 6007 13905 43420 40048 47592 5560 41726 66848 17146 34605 73332 44379 8902 52247 41587 63875 65176 64622 17335 27884 7959 77197 78170 11040 20662 80384 64315 63044 55295 71568 82334 15172 18155 40269 74449 34581 79436 20690 13886 35854 80786 64913 58432 71513 51335 68487 21491 84726 44499 24676 84828 77831 30424 43376 69894 29639 53779 17040 60797 36506 57295 54 27579 80647 31342 60582 85606 65567 16393 37450 69830 75704 71360 75189 53703 46692 2928 53847 58265 70715 31436 5083 48744 84064 45101 41215 14605 54562 42223 11898 61445 42925 41976 12224 69019 28457 85492 73231 50406 36468 53034 9799 75574 63886 
1 75
77310 35987 43606 50597 81447 17076 74623 56396 39669 21926 37950 71294 18205 47531 31696 9908 5945 34706 80062 18669 47285 58172 77172 24898 17785 45951 21257 31325 3408 80835 866 32010 55825 20650 57273 51454 40564 86430 68960 11 38906 9048 80687 84654 58026 32140 15345 54469 21781 16507 10824 27187 40546 43251 76011 63684 20151 47314 1698 16786 7337 50990 45425 737 62953 71880 44439 49373 58533 71662 29311 59730 68561 2526 35970 
2 18
45453 15365 7631 81060 81576 11102 40306 48548 38176 47110 47906 45870 1358 74838 81067 16784 3162 62069 
3 8
52077 67126 51998 77214 53636 85584 63851 25137 
4 4
53244 7072 16624 8951 
5 0

6 0

7 0

8 0

9 0

10 0

11 0

12 0

13 0

14 0

15 0

16 0

17 0

18 0

19 0

20 0

21 0

22 0

23 0

24 0

25 0

26 0

27 0

28 0

29 0

30 0

31 0

32 0

33 0

34 0

35 0

36 0

37 0

38 0

39 0

40 0

41 0

42 0

43 0

44 0

45 0

46 0

47 0

48 0

49 0

50 0

51 0

52 0

53 0

54 0

55 0

56 0

57 0

58 0

59 0

60 0

61 0

62 0

63 0

64 0

65 0

66 0

67 0

68 0

69 0

70 0

71 0

72 0

73 0

74 0

75 0

76 0

77 0

78 0

79 0

80 0

81 0

82 0

83 0

84 0

85 0

86 0

87 0

88 0

89 0

90 0

91 0

92 0

93 0

94 0

95 0

96 0

97 0

98 0

99 0

100 0

101 0

102 0

103 0

104 0

105 0

106 0

107 0

108 0

109 0

110 0

111 0

112 0

113 0

114 0

115 0

116 0

117 0

118 0

119 0

120 0

121 0

122 0

123 0

124 0

125 0

126 0

127 0

128 0

129 0

130 0

131 0

132 0

133 0

134 0

135 0

136 0

137 0

138 0

139 0

140 0

141 0

142 0

143 0

144 0

145 0

146 0

147 0

148 0

149 0

150 0

151 0

152 0

153 0

154 0

155 0

156 0

157 0

158 0

159 0

160 0

161 0

162 0

163 0

164 0

165 0

166 0

167 0

168 0

169 0

170 0

171 0

172 0

173 0

174 0

175 0

176 0

177 0

178 0

179 0

180 0

181 0

182 0

183 0

184 0

185 0

186 0

187 0

188 0

189 0

190 0

191 0

192 0

193 0

194 0

195 0

196 0

197 0

198 0

199 0

200 0

201 0

202 0

203 0

204 0

205 0

206 0

207 0

208 0

209 0

210 0

211 0

212 0

213 0

214 0

215 0

216 0

217 0

218 0

219 0

220 0

221 0

222 0

223 0

224 0

225 0

226 0

227 0

228 0

229 0

230 0

231 0

232 0

233 0

234 0

235 0

236 0

237 0

238 0

239 0

240 0

241 0

242 0

243 0

244 0

245 0

246 0

247 0

248 0

249 0

250 0

251 0

252 0

253 0

254 0

255 0

256 0

257 0

258 0

259 0

260 0

261 0

262 0

263 0

264 0

265 0

266 0

267 0

268 0

269 0

270 0

271 0

272 0

273 0

274 0

275 0

276 0

277 0

278 0

279 0

280 0

281 0

282 0

283 0

284 0

285 0

286 0

287 0

288 0

289 0

290 0

291 0

292 0

293 0

294 0

295 0

296 0

297 0

298 0

299 0

300 0

301 0

302 0

303 0

304 0

305 0

306 0

307 0

308 0

309 0

310 0

311 0

312 0

313 0

314 0

315 0

316 0

317 0

318 0

319 0

320 0

321 0

322 0

323 0

324 0

325 0

326 0

327 0

328 0

329 0

330 0

331 0

332 0

333 0

334 0

335 0

336 0

337 0

338 0

339 0

340 0

341 0

342 0

343 0

344 0

345 0

346 0

347 0

348 0

349 0

350 0

351 0

352 0

353 0

354 0

355 0

356 0

357 0

358 0

359 0

360 0

361 0

362 0

363 0

364 0

365 0

366 0

367 0

368 0

369 0

370 0

371 0

372 0

373 0

