101
0 202
39427 19671 30831 16068 39041 2336 21300 14939 6904 7254 6131 32018 2321 2205 6894 35758 10539 30958 39984 41686 29502 2433 1888 16841 7388 3349 27255 43199 37210 19598 34950 7045 19985 35538 27549 33245 31112 22855 4939 31144 6628 13672 38222 30161 19773 27428 34549 23820 40190 38715 31304 31571 35772 25217 30288 24538 7246 16385 39156 44555 40846 8424 13694 29570 31004 39747 43599 16701 43853 36240 15539 14123 22606 725 11481 16861 19911 24090 33802 3737 39236 31072 8557 20526 24472 11217 38304 11172 24817 8715 27052 39435 44481 11497 40543 18384 13778 5164 12870 2058 3956 29880 10508 23246 29894 36900 8649 38635 15910 8568 19862 38019 17842 12369 35769 2484 20833 36953 23606 27168 19194 35623 25275 17360 41509 41616 4697 20044 17616 43902 28780 33640 14610 33926 16475 15056 29472 42075 32998 30811 23660 41054 1509 4059 4647 42824 22773 17163 8245 43664 20650 42994 29722 28326 5184 2127 8753 37415 34198 21994 10241 1520 13175 7101 4972 33670 34364 4918 15173 34748 25580 11070 19071 3602 18612 41844 30993 14214 20636 5964 44067 6267 6164 20505 2566 824 15677 16769 21201 9192 10045 15545 22884 12910 10714 26789 2501 37095 655 17511 3809 2382 
1 72
44176 21186 16747 24722 30795 27675 24062 3591 7541 20403 22151 19811 4129 28715 1916 43435 17030 13064 6896 43728 16757 5988 15387 10978 23685 43651 5297 41382 40762 37434 10860 22918 35934 25033 16165 44662 32013 933 11123 11053 1337 31245 41658 35946 15676 17934 38749 38243 22000 24682 14824 43310 10402 41088 32087 14659 21955 6727 20368 9216 32692 3629 8450 26115 17864 33378 3954 10436 35267 11162 15451 28919 
2 73
15650 28749 29386 20085 22713 22175 6181 35194 699 35208 35961 17309 22254 27626 18520 14190 17975 30445 13499 35328 22731 14481 36295 44740 29206 6070 43540 27359 15799 28111 40205 41073 30495 6381 18564 3548 2187 31025 25528 38609 409 44027 16553 17265 42486 20688 6927 11749 10219 28355 30990 31380 11431 3848 21972 17631 20335 23363 32339 22508 1573 8610 8883 9595 38891 25092 16735 35682 5025 23562 14226 30106 39643 
3 73
14204 33398 10084 27000 23730 33530 5146 43409 1779 24388 23489 3272 8656 28748 39488 44206 21220 1776 21254 32009 33631 11668 15231 11797 16894 20366 8735 23577 12539 7595 19326 39771 25219 5713 9187 24423 26225 6818 5312 19844 23222 42272 8982 18911 210 8203 18624 25342 43479 8361 21667 38649 26374 42499 13478 24628 30802 31021 1273 395 21445 40470 7688 19609 971 6738 40632 9140 9169 25201 9926 24445 22794 
4 73
18075 33778 40064 5467 39338 21253 9533 365 20949 40258 42484 7029 39924 9749 11910 34834 29140 22125 26194 38428 31864 28789 17039 6824 36635 24761 41418 21850 16450 4173 42625 27624 14285 33120 38523 8822 38906 17963 19355 1470 2597 42681 6786 33621 41263 140 3759 11807 44340 8999 33286 40814 16928 1404 31948 19673 21894 41119 2432 40583 15589 32411 11863 32958 16333 44023 5941 15560 6832 20468 950 26683 14584 
5 71
21332 19024 25710 7948 12086 17138 19496 25040 785 29756 33819 19917 29983 5877 19548 37971 31300 40605 366 37446 15407 14605 754 37149 27759 10054 18224 31265 3521 35593 33071 38955 39804 32539 16008 14018 35692 31397 35092 6260 4106 38436 3064 6197 37528 24911 35982 43706 29879 40005 24190 31755 6075 24220 21876 12854 29132 23067 27235 18 9503 36512 27948 28746 39431 8077 8685 11742 21885 41882 40124 
6 73
37964 41160 12756 7403 27184 9059 26486 44161 3519 30587 34087 32378 19126 26314 2507 9483 24045 33844 24228 43142 4311 34196 23768 25251 32243 11353 27905 42580 36954 25786 36595 34138 38564 16474 31912 30604 24438 37391 7668 8141 123 3996 24638 43208 15016 9846 21780 1548 42113 24340 36499 25640 22384 5393 36102 6044 22297 32405 17766 10139 170 6459 38183 11720 9809 7195 19991 4741 21113 5210 42909 14934 13787 
7 73
30637 42271 7395 36167 39164 40992 35301 34700 37343 11692 53 15782 4689 43138 25415 10055 12771 35375 25809 34483 7656 32889 10429 27685 11646 32430 15525 18287 29329 38055 39970 44293 20648 33791 7625 5586 44019 3681 4061 31292 5950 43184 872 10197 37435 19950 4183 1345 32056 7735 22105 34580 26524 25787 13922 44103 8411 43132 24724 3693 4014 3281 19204 5230 43421 22623 22189 15679 40367 28778 10309 42290 27983 
8 73
20913 38638 44533 3127 36662 34505 40449 12386 38779 34350 19343 42044 27646 613 27914 32351 40879 44508 1960 42017 4032 18035 23057 11985 36885 26190 2731 36598 6513 7622 2528 21552 12897 42377 38415 13212 29950 14624 27221 27935 7465 23750 15051 4196 7658 41298 18280 24039 33397 20677 3160 35220 16762 19733 4341 28711 34833 26040 18073 7956 44150 4471 15882 4294 20879 2364 10585 38908 43357 18945 9967 3688 43326 
9 70
7512 20590 23858 42139 24024 13248 36602 127 25205 21674 8681 43283 44002 41706 22402 30461 17459 10632 21045 5275 8770 2446 26022 990 28451 11846 31147 5091 1147 23046 4506 39722 30266 35619 29385 3979 33283 4097 7694 9404 30223 868 13183 25644 8712 24208 6522 9251 21285 43662 34560 31138 38082 7800 13121 14880 5712 27531 40256 13770 32484 17071 38020 27808 19737 42921 33653 13479 30134 30872 
10 72
11366 39586 11552 38178 39283 18077 37591 34342 29836 3314 6697 23439 4020 6072 6113 1403 18464 8942 33950 14857 25569 28579 22185 40656 39103 35569 41336 10806 34544 34728 37463 9023 1619 5461 14100 1241 11384 39382 383 37996 22785 31119 20979 18439 24853 11466 1484 13816 14075 12069 21185 38670 3599 37956 17687 38725 38330 14391 19336 26624 43723 6107 16300 22520 32626 27511 36583 3905 12784 12691 40137 7719 
11 73
21392 7510 10780 18458 29360 7798 44236 172 661 11308 35551 39939 9678 17322 3906 38727 22932 13215 32724 18032 27612 1274 36466 8884 33786 6908 36018 35615 3018 43897 42695 15456 8261 8614 27158 6976 18636 12078 43094 23456 15003 39253 7378 4354 44063 35239 27058 17003 2592 16054 12423 32427 30680 12098 28302 1375 8350 16207 21539 14886 12130 26664 40964 2671 2954 37254 24929 28769 35513 39598 24821 9677 41376 
12 72
14243 8779 22658 20572 41612 13193 26088 11026 43880 30626 40809 25805 13549 20536 29540 29155 31066 11907 24596 21237 26711 20469 21968 10480 21448 40495 34697 41018 9983 6808 26340 18434 39046 37040 44090 33689 8971 43234 16255 33576 36768 39698 35064 27951 37866 9638 18016 29514 36001 27803 19175 21794 23068 41424 14202 25853 28848 25148 43327 33126 38001 41275 44130 859 1972 42211 11718 43037 15708 37304 19054 22225 
13 70
25510 32500 13946 18848 40462 13949 10408 42566 1783 17190 38681 28006 14289 35204 29578 2007 19955 17699 25190 12426 1413 21112 35705 16506 32306 18823 38192 18814 32890 18909 20703 41876 989 35613 35181 4314 34881 31096 24976 11511 9707 23438 35414 42412 29883 11268 6563 36002 35699 12396 19261 20238 26295 17979 33133 33956 24166 43231 32990 3697 34021 42999 24747 12366 8099 16652 14514 34775 39047 9827 
14 73
17341 22037 5259 33202 36198 41682 17719 30772 27881 956 39446 6251 30100 28883 3563 33170 34639 24363 25106 691 16085 36272 19426 19513 44475 29391 31312 32135 1872 20325 5200 32704 749 33600 33798 1334 29188 23543 27409 12709 39969 12664 6648 10153 37781 24319 41472 2190 31325 23525 3833 5096 21702 35157 8674 31164 11128 30725 3223 42473 35789 36520 26450 31148 23823 11536 6796 30754 40364 19157 7747 42844 29059 
15 71
37501 38513 43827 9618 24719 13651 8026 26726 7431 6550 38215 32751 31780 10083 21921 23045 19133 2200 18430 14311 7492 10722 22148 38809 41367 16954 17329 9588 27770 30294 21833 15198 14708 21626 22815 40045 43472 34012 9252 18834 17743 34658 32483 36364 44703 38691 14302 17450 9284 12131 37612 15293 14749 1369 25142 32253 19755 13409 22279 9925 687 2271 5762 38356 6259 30254 1130 38348 12516 347 33605 
16 72
37743 15191 12293 38159 28765 35988 43007 33552 12911 38291 43196 4159 29491 41588 9531 22670 14601 44480 36316 41108 43280 40408 35766 37295 5360 14688 10127 22285 3376 21138 6045 15544 31285 23592 28908 10561 13599 23582 14151 19526 3531 37568 4425 13719 30446 22912 18760 32509 27660 34164 10364 25873 1826 8366 30456 27921 25138 42797 5895 17019 38086 20072 10623 27760 35438 34945 23790 9974 44073 13152 21985 20935 
17 71
2541 12151 25535 43088 28222 43367 24825 16397 21729 11774 31546 14766 21367 32071 27829 27954 30462 22588 19744 20081 25050 25369 25769 17892 37394 29046 293 1582 43521 35927 5261 31451 37127 26756 23978 27309 30764 4719 12439 39529 23322 25916 23944 12584 22269 3121 38248 32269 38794 35286 5701 35262 7646 40200 21163 35072 31289 34678 26135 6399 1033 6229 13860 7978 1077 33905 10377 44379 308 4794 39216 
18 73
39784 17332 27659 22387 37676 3656 39787 20290 11452 38113 38889 17275 10339 31538 2277 32358 39767 2655 41270 41546 27277 32740 42780 26502 38406 18276 44446 533 16026 11880 10008 6438 16834 22866 31794 3204 18361 11978 28708 2031 36922 39553 30349 7277 35155 38115 18067 468 14658 43909 11518 28801 7321 37180 5566 30019 17745 2462 19091 38550 9142 4786 17888 22049 16346 6213 16817 24495 42238 1973 30736 13621 32197 
19 71
1587 12374 12811 44216 37291 194 4648 4118 28745 7746 26703 43133 43787 37573 40199 7984 15021 7535 18995 27256 21560 28601 32881 40114 27744 12225 22813 37980 41993 4636 21145 8304 25705 32038 6567 25808 11134 4234 14208 2439 27588 19900 4297 35562 3448 35477 41695 37117 43406 38461 23551 4230 38579 32248 37097 13275 13683 9756 32216 24290 11462 4528 10679 43045 25022 20534 7880 34071 36464 17608 28963 
20 71
2434 37710 220 40381 24119 29270 22311 13750 21226 31777 33437 26009 29991 42706 34484 16115 18990 30472 3595 11832 35051 31517 23217 15433 29305 11750 39146 24134 74 25023 26722 33211 33548 4867 36161 29301 28838 1459 13038 1987 2111 8894 2001 40404 1816 34221 25950 28348 13935 21134 25665 8766 23063 40887 2754 8640 20405 36956 28867 34688 15659 39196 15284 42855 33854 1768 5840 7305 18645 14118 44279 
21 71
16794 31376 28045 5006 27223 33022 5228 11256 39472 9102 12334 43564 27527 8135 8152 7344 39749 8745 2830 14117 29 29457 35515 18090 11277 5721 18193 20213 15864 41735 43382 43535 11484 32125 30619 36196 33481 31427 1349 9401 20297 5718 25356 30116 30646 41317 23139 24496 40691 37512 23498 3177 2811 32054 7489 19530 37634 15521 5641 40280 38187 12282 27879 26288 27682 41684 31974 19561 30396 40157 30823 
22 73
16963 28389 34552 22221 24491 24644 16903 36481 16542 9487 26962 8123 13435 40119 35148 1156 21108 43949 28866 16488 26625 29937 7252 7078 28366 13578 38229 37473 42195 4934 3636 24897 10822 4645 3969 34752 23120 3125 21529 7757 13554 28541 44388 13533 22 19797 26708 37654 5227 1227 32047 36089 37491 41009 9865 7726 9593 5103 19421 32093 29107 32779 35389 21683 17732 24383 5307 13899 34787 12054 3305 42539 15202 
23 70
38555 30636 27817 6166 4420 38434 16034 227 33252 5011 18502 23633 17385 1095 36762 6309 37442 2259 36695 22536 48 19353 21302 6523 18807 8811 7422 16177 37695 14735 27614 25284 42381 34507 42509 27180 35367 26051 28201 2348 38600 29589 38396 41635 34582 21606 1586 23904 25768 39851 2114 15925 26767 7614 26601 3282 418 41047 10216 37288 9896 6198 2381 30268 18371 41817 24674 41887 20083 36753 
24 70
11987 43168 13846 1010 14991 41766 14579 28799 9208 34366 5511 37283 16666 28587 4232 6156 36039 21871 40098 3669 19150 42638 20033 17610 13404 30775 39868 10403 8430 37479 41506 1785 22277 12639 42526 35046 4368 31681 8489 41770 37247 27455 20645 34823 38202 8628 37798 14968 40318 32912 11345 20100 36971 6640 35193 25566 21031 32853 28398 43851 33114 17628 11260 17058 40148 33296 28377 19792 17812 31060 
25 70
25072 8336 39141 36728 13641 8664 17264 43515 3720 13357 26302 10406 38064 22666 14236 18088 28568 41791 11891 3724 40643 14806 13661 34959 10626 26247 23553 10797 34875 6842 37229 39962 31865 16718 11834 21390 930 3326 7804 41033 12097 32100 4880 43668 39372 6138 5450 30012 10881 35777 34135 3579 18890 14755 35317 39381 15381 37271 42326 35999 7706 4459 23813 3415 13188 3696 33886 21111 37882 6586 
26 67
39514 21450 4474 13359 25732 41641 12990 1730 42424 40490 33998 24565 10211 19995 26068 34882 7556 10503 43536 41333 25610 21790 22012 4726 16855 31473 1497 3550 31352 3285 5603 12592 33190 33113 11557 18621 981 34044 29649 25472 37946 31568 5518 22584 9561 35176 15064 40066 8214 27403 23891 25567 11317 14524 1238 14592 10935 12647 8736 332 16546 1036 14758 31877 6492 23053 30098 
27 69
31785 33354 4307 30236 29882 12992 29443 27258 27585 28497 34849 910 29858 27915 32760 13576 36558 11170 28637 42335 38519 20091 7334 22033 33509 23807 17032 10361 10481 7932 22169 14929 1814 5208 7571 23734 916 39871 26869 8910 12058 17012 18751 43446 37845 32559 44436 20094 29733 21081 4643 35106 4162 342 16142 26256 33135 8339 32532 37478 33308 3730 43550 12899 31107 43105 32416 40016 33649 
28 70
36108 19751 24696 3668 6089 26700 14558 10622 9892 2398 14871 27157 5783 1874 11696 16161 21693 24868 23854 23616 1980 19472 25135 43118 24109 35384 41756 28858 29434 36779 2173 22132 27980 25015 11015 11645 4845 17549 39981 8168 30628 38574 8805 14077 23173 12881 31424 34013 5780 7200 18522 40748 13002 20294 6499 28 9559 19575 16722 28238 36516 27497 11355 44563 24401 11621 10886 43350 17883 28964 
29 68
36865 26657 25684 42820 23921 984 13398 4328 31276 1703 31070 27668 6736 28845 11654 17444 44089 6228 38620 4641 34136 26189 42905 39706 28120 41726 33941 13473 13874 16288 39560 20006 32431 35747 29171 6100 28750 37448 944 26839 17099 29314 1523 11655 31754 37022 41318 43092 4633 19769 23859 35355 23098 44277 12298 44344 31207 15895 29143 28093 37584 7016 27241 7910 15629 29065 43253 18574 
30 71
27146 8380 14356 32701 5507 37338 35490 3719 1233 25167 16311 22744 13364 14875 34715 26737 1709 6110 43389 5770 1281 19824 14666 22997 38078 19734 23134 34681 43688 34704 24573 7187 2420 2767 5351 9808 31375 36493 41927 16170 21811 4084 1486 19001 32651 5173 32389 13800 34885 28634 34694 23457 1435 19159 7253 34156 7494 23249 29647 32316 16055 18486 5591 30111 39892 35071 38231 39476 40131 15578 10910 
31 70
38758 13389 40731 14061 42485 41215 23480 19455 12891 13245 40042 8802 20745 41171 18466 34494 15463 18485 13602 34197 24988 38397 16226 42384 23349 19402 41584 30897 39977 35133 7831 9083 14058 21016 10683 11310 10409 23467 34637 36222 120 13792 14782 4430 15829 5500 12024 42475 29307 16116 3894 6551 17879 44464 12749 43961 16650 29707 40880 15670 41206 30127 39468 19104 25739 3405 10414 26712 27515 6664 
32 66
16442 12236 5525 26838 44198 2295 20014 15540 24739 4809 7861 44408 26157 482 9984 17889 34029 36092 18632 31730 16581 26144 31103 34994 36999 29669 30702 15775 25312 7753 11313 19417 34900 68 9534 17273 20408 27805 41329 7580 25802 8481 32051 22395 5002 8104 43669 611 30180 7678 26474 354 2668 14002 39020 16134 33606 26824 13627 13969 20911 16646 42004 38472 11044 42257 
33 71
17434 3466 38399 15145 24488 38544 40312 43063 5283 5046 21001 31759 39916 35855 10287 10086 26147 44335 23277 30015 5232 20515 14894 34916 24507 43920 1794 21746 40572 41593 3782 6662 16624 17350 1512 42065 28645 487 23474 28962 13167 23972 42294 198 42458 14122 38816 21012 12616 31322 23726 42200 25798 4829 35638 4450 4828 25403 39353 22717 6830 22154 24610 14965 2059 30451 44609 14491 15542 36678 18899 
34 70
8573 43311 43457 21424 4877 31914 42769 35304 42327 15156 2517 33206 10752 24557 26710 42116 10959 18496 8022 8951 25153 42026 12711 43972 17564 38503 17018 34146 35161 40111 33361 31524 15223 9354 15168 25984 32617 21438 27500 6035 7255 30841 44263 21845 43899 12955 1964 11860 44299 10 7651 29974 1092 12388 33106 8556 8466 23421 17615 24361 29274 1328 3942 5241 7471 19383 35546 24399 31040 16882 
35 70
44539 40536 4800 36977 25052 22839 29891 15673 15958 42445 43323 39570 1685 27897 18997 40580 29737 33925 2522 12742 10846 44523 10033 29746 8218 28096 39884 1688 14980 15013 28825 37597 25025 2696 41344 38826 32096 69 7484 27884 16789 40745 23182 29560 35027 8533 10362 5223 6774 36691 34749 12270 16064 10026 16631 12754 37696 1838 11997 8090 16237 12169 5587 29799 38135 43062 36443 21603 29601 31168 
36 69
10942 6216 29190 5439 42836 15992 40713 15789 29613 28352 19704 29970 16257 35152 42553 8885 20119 11359 29810 14431 44396 20158 37554 41527 32344 645 33362 33271 2045 26394 43872 3147 11925 23486 11730 37316 2079 6082 31969 35507 25932 37958 12486 5321 15262 4904 8684 7610 42849 39151 31805 39443 44507 10385 6194 2208 41488 27648 36219 4503 21673 32811 12867 6609 5740 31337 33946 7799 21420 
37 68
13425 25744 7300 37510 27418 23056 15152 28576 19075 43198 39665 6677 22513 11230 38450 11234 44134 3189 33040 26391 36345 23926 14760 30896 19779 27883 44353 7843 12485 40723 11728 42066 31317 16689 30698 18555 9054 16587 11354 4100 42607 15383 2809 13009 4143 762 18369 19780 3017 39693 36964 8704 133 12047 31491 33181 41112 10110 16776 12814 23375 43915 31621 39344 9934 39857 18570 32565 
38 70
15203 25351 3754 23437 39717 32523 22761 23156 18506 13456 38713 28252 24264 19613 28136 31757 40189 23230 35138 3184 30383 19189 18017 24101 19600 525 27325 4342 14953 5151 33824 44256 34672 2572 3506 41135 9791 36242 2160 42040 43383 42170 30631 25745 14292 23500 25746 6852 22622 37953 21707 30611 17221 13481 40397 4362 735 15029 26983 26603 34281 42897 34278 7893 8016 20023 5425 31284 35124 226 
39 72
19644 37086 4673 26341 38570 35594 34407 16132 33713 9584 39267 39662 28727 19746 38702 17447 24244 9902 1171 15217 4938 1515 3988 28116 1870 22186 36254 21518 6766 16567 31891 38493 16902 1780 25827 5365 43420 21167 23720 2927 13144 19557 6841 7889 16696 19893 23189 37492 22421 27547 30026 41697 22293 41969 16835 5300 1493 35480 34454 6922 40376 7638 27894 38542 32541 30838 10200 7531 29427 10748 34090 29163 
40 69
37648 23353 38734 20601 29586 15620 22613 29863 3195 37309 38822 5517 41330 27928 2302 19167 15083 31032 43224 33258 3098 305 25552 42205 35419 32190 38529 36447 41123 1381 9398 29246 25731 2315 2867 41448 44046 42996 15025 31097 5656 22394 5012 42875 10938 10254 8395 142 30815 15446 21835 13387 1190 38745 31940 5631 6355 157 20005 4853 22449 23725 5535 44477 5935 39826 16654 29680 1014 
41 68
43716 16538 26522 27510 43033 4553 22873 16787 18093 8459 103 16867 16758 13326 9981 36548 27262 35757 25856 43288 33565 11028 24649 29725 6392 9792 718 30070 5382 4022 17630 35233 4688 42368 3755 36667 7787 15744 5099 5295 19896 40741 27334 10123 988 19884 19657 5499 44741 19952 1905 24937 4623 7930 2071 1431 1951 41815 38802 43173 33448 1031 26073 10321 1466 2077 12693 4254 
42 66
27961 6820 32967 10590 11433 20497 4793 42760 19983 8586 17421 41099 40468 8244 3004 38102 2995 4083 11117 1223 12003 36409 31313 10814 9917 16415 44637 11096 28457 5302 20224 34419 17512 10774 41216 20030 34989 42439 2571 24372 34319 34659 15287 32829 27276 12074 31830 21083 11184 31791 38057 26122 8363 8749 27159 16024 30038 34293 18401 22067 6900 37320 12240 243 34159 33225 
43 66
1516 38260 963 34346 13498 39590 3442 39887 21490 41308 4695 35833 27239 9217 35434 44148 26560 13077 19608 8938 43213 32983 25174 12700 4402 30453 18905 32703 34822 24248 5284 40285 42647 6428 2692 27461 3657 20568 40868 20961 39097 18451 1136 23424 2150 23442 13494 24157 5193 22547 18007 14924 38813 44458 4679 290 18301 7136 7393 3152 1437 22218 9268 41526 826 23550 
44 70
3834 12381 17899 40586 15395 29945 30932 15506 10156 43997 38329 39175 25868 19899 29833 18562 43298 21519 21082 24140 9988 18375 30871 16169 35322 35839 24014 18473 12033 6569 889 4158 2461 23168 730 5917 3171 31614 15264 30310 29685 4472 27962 40083 18334 44496 33210 14916 10067 16233 43487 12855 33555 1906 4046 42945 27657 34441 7269 27702 9694 29126 21292 31059 42436 18833 8254 39671 32131 29219 
45 70
13033 26465 3841 11419 21787 445 12435 19766 41712 26888 2896 506 15195 7873 14305 16292 20578 30230 35088 12028 15534 19694 30817 17327 22636 16140 38000 17962 21205 3645 19619 33253 37734 28463 44581 34629 13634 14510 36155 4868 23675 9085 16582 31404 16739 11959 3124 29981 18693 40389 28878 14108 21610 27218 7002 17586 1678 24481 26878 36818 39012 30864 35302 39908 3433 35379 17548 8784 21524 25110 
46 72
39224 23575 35198 33679 27381 32784 17102 27086 36629 12614 32424 33256 27150 39279 8057 364 2537 43250 575 19907 39841 35314 3233 28857 737 32706 8909 20946 35790 35185 13557 386 22448 11808 21614 5077 10852 8950 6006 17038 19927 22202 16337 42163 12450 10895 31123 25657 1204 9476 41175 22464 14887 26605 18053 43818 5541 31737 15418 31310 25621 40782 35091 12228 2293 18967 17623 8758 26065 28544 38003 37950 
47 67
40257 39795 40921 29137 27495 3075 43204 7287 20838 3527 6270 5793 37619 17166 15370 16971 25211 18155 10428 8617 9548 27637 8131 41400 24940 2535 20583 29877 12469 6177 6150 11606 29795 19775 13780 22880 40631 42906 5866 12237 42274 7624 2503 13568 278 32497 16603 20162 38035 2328 38773 10291 32590 35958 38099 17452 860 29849 38780 27315 26186 42134 11560 40613 39894 32969 16266 
48 65
20718 36707 30369 44493 31141 27130 34165 10052 31504 31042 42521 17123 39356 5627 34710 17601 5994 1716 13923 23447 22259 2370 659 26078 3739 35949 44357 22994 11744 20500 29054 4850 13865 22899 35228 40600 39999 37901 9565 20106 34540 17916 2299 31244 13493 37148 39708 13251 36028 3136 27466 27279 41045 25499 4446 29770 42997 30490 2400 13965 24923 39947 40822 18661 23808 
49 67
17708 19224 16240 30099 28076 26803 15843 907 35014 31481 11636 4655 25180 33944 9249 19228 33409 22146 33711 27615 10950 17013 38051 29628 16407 9818 35872 42776 17487 40740 22134 28897 3440 5463 11865 15693 39299 30620 18642 29582 44133 22258 42815 10323 30323 18422 3911 16220 8752 32536 26582 41315 28643 33013 5579 10330 20300 38107 25668 42117 31081 28615 1821 31973 2871 13725 37820 
50 68
43956 32974 18921 5298 28152 30096 7890 31706 37505 27318 30809 10793 34271 39587 39610 25625 24454 17430 28356 15026 29543 40715 19643 28239 24086 33691 44611 29350 34066 18739 1953 44051 25264 42078 8903 36741 25423 37297 39370 18240 1686 16677 17755 5316 29903 14128 23989 23876 9018 21418 23789 24246 21316 25065 19511 16250 11992 26798 36256 13574 2547 20918 42565 17389 23411 31130 32945 9930 
51 69
37850 13755 8007 35264 25005 12890 26688 12511 26027 18005 39592 17638 32079 32874 18350 41229 17807 12832 40551 9513 29906 32862 35526 33044 43984 20311 33834 35916 31457 11395 21740 33334 17705 38440 7756 20869 42794 16482 40840 42505 36017 40672 23112 22969 26193 43356 37406 29884 41771 27253 41192 3084 12594 12838 25178 5163 12900 39178 18654 23957 15584 37862 3002 6060 36070 21309 8571 4835 12667 
52 69
803 12232 14290 19315 38515 20714 13004 21752 38684 9611 28461 31943 41517 38781 30408 28047 2551 11014 23183 20015 7953 24446 25875 42104 1099 21849 1829 17076 32088 5646 37792 7153 32239 2101 8956 3015 25134 29644 15640 27088 20303 15385 22570 15530 33162 13538 19495 780 20619 12547 21246 6189 18507 18181 139 5824 33248 3822 29653 26124 41040 28540 15216 13119 11529 28208 10299 36403 40393 
53 66
39091 21376 33720 17344 2355 30913 33295 13140 12017 4170 23561 2054 19111 35094 18744 38945 32089 26161 13982 21488 25286 15949 31786 23945 28546 24663 3514 28753 35541 26501 8391 24151 44598 2951 33846 17606 11539 19605 25181 9218 13999 9403 4038 15321 38351 33019 643 38085 36324 17361 33734 35706 28551 11237 32291 22937 28482 36724 17031 43782 15460 15815 16927 16049 35352 31803 
54 68
43779 13998 38710 1528 13432 1149 33130 16435 8742 38911 19878 41051 9532 35649 38599 17110 31078 38701 18916 43811 24371 32584 18317 21724 41482 37579 18343 14636 28830 23313 19924 12484 13539 3877 42405 2339 44550 29248 40624 24764 12371 36989 25973 851 43410 23715 27854 22788 27305 8666 2267 27599 36117 13765 20791 9587 9881 12915 43912 22646 29674 30021 29943 5993 24819 40194 13312 25859 
55 68
29438 41150 22307 19112 35339 2799 24434 39776 36456 36083 18171 4959 29332 26939 42777 15490 1921 36121 36397 18372 20608 38011 43905 1341 42530 21422 20496 19201 5623 15098 9937 32118 1072 15210 44453 43012 4051 38184 1089 35880 27484 3614 40699 5569 36463 28777 34504 34182 25914 18498 28300 20096 37973 25622 840 21977 26371 25634 43985 3707 30331 29147 38623 10169 34290 40123 17584 43104 
56 68
1105 38194 3977 35536 14988 30010 16777 13278 25128 18913 6914 40101 44738 8329 21753 7628 19725 40133 1020 6055 32922 10057 13075 3248 32813 29918 180 25671 25305 32468 4466 33704 18089 7897 2647 37675 26975 4229 40117 35219 11929 2828 31338 33705 2424 7869 39533 18868 39961 5863 9431 3536 10628 34729 29167 41311 10195 16099 13695 5340 26952 20098 41292 25864 16605 15771 33 22681 
57 65
20910 21601 14981 42599 16201 37666 33526 39493 18413 7317 33259 43503 22657 34223 25512 13280 10444 22922 3770 34793 5172 26611 23423 25879 720 22699 21873 26125 29279 21173 40697 20541 4197 15075 2341 4627 11190 1795 37720 33152 7040 25161 34424 39968 20278 16383 41109 18892 41309 10523 42080 44078 18987 27896 25370 15077 14417 42948 31606 33414 36638 38643 1261 15743 24327 
58 65
15685 26957 29176 27741 25943 25850 28425 40598 18741 13401 31373 7090 1363 29359 24452 13528 3194 13232 19297 17913 23089 3028 8676 34404 33460 12393 4990 23448 32333 9347 3435 34546 7173 9367 17052 10449 24580 8683 14680 39110 34764 28063 36030 19044 23136 37188 43534 16194 36037 42275 24424 2693 34682 6750 25497 23355 19594 29789 273 39231 21099 18188 31080 43175 40667 
59 70
1244 17540 21162 43636 11017 39116 16572 13095 28655 29343 25206 42242 13203 25146 32526 38328 35751 43083 21184 16429 2661 7744 22138 18256 21222 12324 29667 3630 43758 10872 44595 11196 3776 41076 39257 30351 2318 25248 15977 29073 26988 30414 37631 32119 42394 33139 3875 33794 584 39823 7112 41466 39144 5374 41372 7084 2493 42160 32168 2387 31622 19454 37789 30627 4169 17566 6073 18457 20077 9666 
60 65
12041 18747 20921 38844 31823 39118 33586 6431 20525 30471 44433 7992 38904 11059 14456 6789 788 38225 16843 39571 20084 15487 15299 32758 40937 3407 13043 3890 39621 13151 14896 44713 27865 23994 2972 36970 17420 25397 1992 20788 14160 3083 8148 39038 26879 33639 23080 34855 25421 35529 7069 20326 34529 37920 30 5020 34292 25836 27827 10081 3072 12807 9684 21210 97 
61 66
37818 35897 35578 25685 43240 21684 22915 14480 33742 9427 33161 13563 192 25197 5408 34 20450 11201 23093 37662 39996 13211 27863 21657 21842 41716 42740 39537 36424 28245 12623 30577 41262 28622 34111 44252 5809 41313 15297 13185 4320 12313 44229 12316 32960 42552 2563 13041 24887 9015 24613 22795 18726 31501 632 31651 43871 7660 3726 43319 34638 33638 32148 14332 13520 44714 
62 70
39818 11436 42125 5816 9471 28850 17988 21946 8385 15350 43097 39506 10198 13415 5787 37125 24641 21632 29591 17838 21621 2136 26620 32108 25166 40039 3568 29935 42092 37368 26307 1724 31719 21077 32963 32683 16909 34086 10784 25462 37364 35620 24318 17440 28895 25677 15442 19072 18628 25482 39125 35114 416 29273 28209 35911 14273 1208 13939 33306 19970 15270 40780 4602 2638 19082 8295 9028 26091 36877 
63 66
8492 574 39160 34668 31095 41261 20830 11894 25982 14778 22800 5663 16659 29941 11624 11093 39589 30601 10434 35065 31355 19231 38257 26990 22101 36938 9306 8318 43575 33582 31771 6862 4375 1286 6393 33223 44402 36789 35390 29353 37404 31262 9512 42305 30359 35269 15890 43718 13243 17242 5638 29390 20146 40785 14947 4797 34428 41086 18861 15305 35657 42581 29244 24888 3092 39434 
64 64
29533 8650 36427 28556 10151 31410 27995 3600 11507 33159 6291 9291 2039 3966 8503 43303 23516 41748 24229 13707 16556 40797 39724 28936 1160 23253 27809 31439 1624 26357 57 17064 14898 43302 20407 3596 31204 10272 14780 13643 8670 4963 4214 33681 40206 40004 38054 24995 32547 30828 21699 38284 13042 2131 42330 32040 6473 41928 28123 20120 455 3860 2073 34589 
65 65
25963 10818 32583 36897 14528 7368 29632 40799 34272 27470 31405 14120 42470 19576 38949 5901 24074 39049 10431 33900 31417 38280 1999 6409 26152 26686 37769 4099 1398 10610 33445 24129 30133 20259 9990 35701 28996 41 22977 44131 18788 19411 25626 18101 12727 33685 35547 284 7291 27292 35235 3874 40863 13545 37088 20169 21635 34307 26397 41167 10809 18220 7093 38740 26318 
66 66
71 16768 22063 23007 18391 34689 19331 33889 36328 18951 33108 42035 7854 4705 2629 5390 1965 37641 14308 9273 4028 31477 11442 35180 24497 36808 927 27704 23410 40914 8988 39840 40392 5489 44603 36955 27787 20018 7206 215 10524 41232 26020 39704 15723 13553 25183 6529 44526 24560 20193 36226 9378 6670 29070 36580 5459 16341 845 37795 23462 36626 27705 15886 1665 27138 
67 68
42099 19863 29741 5526 6195 27745 26487 30336 32207 23163 22504 27923 15335 35917 20351 27797 23172 42724 16188 18743 43312 16693 14221 28415 13234 36191 22025 36909 34194 20620 32171 18441 14148 2229 3130 14865 7593 33167 4103 4313 21055 16613 38360 22374 552 23536 21866 33204 30939 31627 33343 23951 9266 29803 29225 10896 13268 12440 26095 17095 18635 21194 35641 19307 43733 15884 41583 5749 
68 64
4748 26766 35447 1062 27959 10234 23984 34852 16151 40365 1727 13225 27619 29615 41267 29758 10664 20819 21432 24986 16819 10332 37609 36962 28256 36380 43285 32240 3308 20861 13984 11113 1882 13396 26900 7027 36582 27819 28327 40810 6949 11771 21916 10233 26728 34118 25830 28633 23191 23320 20729 26214 39716 12523 31003 2303 21956 19347 4942 32640 34862 14310 35428 40169 
69 63
14888 16664 35361 5432 15976 30676 37909 19662 1453 37387 31173 12902 166 29470 42024 10490 30991 28505 17861 2892 18689 6445 38860 10012 6971 8562 4116 33603 1226 23760 25431 3573 2957 41419 20047 16533 24056 343 44262 8543 28951 40032 42481 33937 19836 42586 1885 9349 20217 28942 5237 31573 7477 43967 335 1058 44347 15985 23228 10329 29728 38894 19882 
70 63
30957 2596 778 12952 35853 6378 21451 4109 39617 12619 33208 5213 34939 26537 21497 22456 480 29312 34847 6111 37268 33988 21419 18261 26002 37423 33143 28145 37122 43281 32370 43444 14184 5332 34985 1892 14239 22662 43137 14589 44597 14639 3520 15852 2948 32327 5167 8636 11971 38408 29986 38469 16686 1496 43427 38868 14828 36041 18885 32020 8251 17866 11108 
71 63
33684 39368 5161 35634 162 28742 13817 3417 15766 33818 29851 36712 21015 37020 21361 32654 33904 9993 32777 28187 32700 21351 13983 29267 5234 26103 39763 7455 5728 2759 43895 38960 27167 42952 17607 15974 6606 17947 25666 4668 9076 38934 15814 44720 15000 43582 34619 28969 22869 41104 27906 25997 11045 31938 9435 17526 17908 6220 4725 690 16888 38501 30402 
72 62
36574 19515 13636 14111 13053 20126 3145 37413 14550 2151 32731 21299 21436 32709 41050 34886 7409 19494 17222 4554 13492 18697 33366 30889 28880 36829 14502 3408 42899 17225 14842 41549 32139 36666 9904 44512 9393 19351 42229 329 14986 28887 15501 13631 18530 27335 33285 43844 29508 17898 17195 28137 22382 15373 14220 213 8031 4842 28849 9275 25895 39701 
73 65
148 40522 27006 40422 4448 16162 12805 8780 6577 42357 41479 30899 14607 4235 43618 40226 31056 10010 38589 14797 24771 41441 41409 32568 152 10680 31773 10259 3736 14738 33797 40115 38455 15340 23568 31202 41985 33382 1618 12527 9072 355 20556 11398 16619 38096 22319 5003 30642 18246 32176 16179 29637 30372 7330 16302 8572 21398 804 21970 36532 43934 7693 20562 14397 
74 62
38475 7313 38074 34918 43841 117 3608 5418 33909 22196 1032 34920 9721 15458 10276 565 36621 23514 38481 21271 1937 42179 29429 42746 20815 4956 39988 38613 40753 11036 38040 18324 36812 6155 6368 3666 8708 18266 1474 18207 28313 19170 6519 42446 33049 30562 33363 5038 27339 17907 25384 23877 35718 37068 41373 9696 3939 3180 20051 13202 19611 24126 
75 65
10597 30379 16190 33990 20980 24830 28407 13329 22653 37456 615 22349 24708 19956 31214 22542 22312 38843 6924 3530 32586 37021 31867 9538 35715 25689 7954 30064 32861 4610 7973 20584 29128 3437 19212 1738 9408 12424 40328 14881 42431 17251 40296 9860 16062 16420 39351 24329 22650 8856 30621 19699 20860 17080 21630 6419 42685 20906 42726 6787 32946 16896 37352 28594 12199 
76 63
39490 20938 29909 15134 13490 30674 36317 29575 22058 26031 44412 28021 42533 9387 20510 42235 22170 7223 37977 23357 40818 29988 36658 29939 43031 32059 12578 23938 41880 12303 10499 29326 9956 34955 2622 31839 18616 21498 23595 25890 10798 33969 15094 18673 35953 11996 1507 41504 14251 7135 28397 28593 33449 40031 36578 7581 30925 18932 11270 27432 5837 12378 41866 
77 69
38290 19099 29619 33722 10998 5781 16760 41082 16225 2650 28552 17378 30984 23444 29263 7231 34869 3967 23769 22210 5854 12451 26236 2216 31923 1488 1968 21456 11757 38970 14383 15178 37650 1675 29603 258 32073 30882 40510 12528 8721 44306 5855 2134 4732 13339 44310 41941 25969 28740 5757 13975 32524 21143 20037 17490 33789 24376 35164 21260 16716 40052 40685 19358 4406 5976 25913 6076 10802 
78 61
23835 28274 36389 39089 13485 24079 18159 26531 10098 38732 29422 6800 37106 28821 4395 37493 23116 2766 7887 12857 13463 8116 9581 22450 16270 15713 3106 31674 39358 8777 6022 4101 14017 15529 18232 36497 4377 37754 27870 21074 39166 9927 17621 43395 22220 36945 40950 35108 33751 8460 19180 31281 38905 17405 24845 38171 9125 43376 36319 32564 17942 
79 67
13620 14189 17790 16365 1596 29990 38895 5897 1504 32227 39915 7051 26379 34709 20378 21219 23510 34057 10368 2479 33179 2758 19456 2506 24773 19098 10988 25559 11364 11719 33215 18107 20926 40026 8017 30193 25227 39848 25061 25490 25747 27837 1849 35449 40437 12482 41142 17625 21815 13083 35160 27388 42181 17805 34358 27300 3391 30746 3066 638 39073 22787 1232 29234 13866 39902 12877 
80 65
30949 12643 13886 21328 4635 6847 23360 553 18891 37378 31968 10454 15602 2700 29759 16196 30903 14191 18504 21276 15888 12670 23087 38232 24576 19256 17544 12796 40156 13704 11056 11671 14015 5010 18615 14742 11573 14590 11851 31297 12284 31139 36126 22409 32935 28290 21939 31858 39711 3982 5293 34365 32081 17750 5080 31184 19149 19820 21110 24720 7098 31710 39680 44320 4634 
81 62
16200 23626 32905 39276 9213 8173 14954 25419 18657 34657 11558 41632 18145 4547 37132 5812 33175 15751 33777 9164 8819 7604 40399 17903 36731 37215 9689 38496 32880 27996 406 43817 28254 7017 1302 42492 5739 2485 42655 38539 32011 27443 34144 14103 25086 13358 42689 38491 34082 30227 6391 30510 22393 36183 43236 5485 20689 39402 10455 22575 30514 30347 
82 64
36347 22093 13762 36081 9255 42391 12344 31540 569 32150 12165 27564 25937 34325 27973 1175 41557 36914 14693 34633 5810 29553 7318 35913 2225 44137 30978 30541 14633 44669 41625 34190 27785 34477 630 5369 4618 38359 25504 26856 14309 19457 17782 27422 23652 18958 7167 22729 27872 26128 25350 10599 40635 5689 34798 33332 13642 29068 16259 28909 9747 20516 43061 39505 
83 67
31309 13937 18824 28759 20934 33464 10004 39564 23970 2465 463 15286 30870 22211 29207 27701 29585 14932 4093 20952 30625 34296 31467 34919 13912 34471 26521 35552 11864 7806 18445 10501 32522 32368 9496 21888 35795 5137 33255 8880 15849 13476 42293 34378 13854 22378 39447 5978 10786 6007 31321 23714 16010 3209 42046 24835 15624 43973 32659 41094 41797 44349 19577 35678 16961 19856 2968 
84 68
15126 11554 18589 6879 9890 39927 44080 20825 5640 1350 12660 6746 43692 21121 12273 7035 23167 5216 12984 23949 33404 1331 11962 25609 42708 31087 37083 9800 10176 8957 27348 42919 9457 17642 37332 30789 4490 3070 25778 3186 43690 12699 19839 5405 893 1966 36496 39799 27231 21066 42168 1333 22654 10001 3836 15848 27203 7779 2006 10745 1521 17851 30890 29719 223 32034 21773 39079 
85 65
4005 37405 37056 9460 24736 17806 15427 22405 33545 34391 42717 13909 24520 40622 16156 25517 17534 4664 11367 5482 560 41904 36205 35069 28154 21469 6809 40068 7923 428 7297 32 27010 2326 27299 14883 13825 15080 5178 25464 18277 3940 41481 17235 18822 13769 16929 20462 15462 23829 1735 6486 28618 11759 2008 5735 10518 11699 41240 29955 15654 29447 3787 26279 15355 
86 63
35646 39684 8321 2734 11856 25570 25207 1455 42747 17448 18290 15553 35943 3003 10186 41998 43857 21879 24337 26074 28574 41249 39651 1751 41690 18363 20333 8262 30618 32120 16039 3337 16192 41885 15952 33226 33004 33444 8781 41898 4826 23935 2908 43200 19301 11889 11926 40933 14654 19012 38219 32050 32891 20569 21903 34338 29328 41221 41190 33221 37701 41768 1723 
87 61
16829 31580 18770 41326 24268 17905 1473 33228 39028 32873 14727 17011 19718 23331 14124 35107 25448 12473 19905 11966 11551 20546 11281 8267 39866 39569 30794 14195 11615 6301 30056 21571 28752 28332 4596 25155 28364 39639 4856 40276 43403 38133 11642 24802 36171 17648 12342 15037 7914 44356 23555 16962 8919 32726 488 23572 19177 1255 26410 24071 25858 
88 69
44177 41571 20596 21551 1246 40017 22900 42062 17206 22061 26153 1 3006 4548 35741 1948 14241 41850 26284 21336 2257 37951 27920 18893 31005 20504 41671 26210 20384 12441 33698 7473 37941 26312 41098 31620 31552 26627 31837 5952 9067 33385 30785 34801 2723 11657 35134 38644 43032 9235 8333 24070 10251 8314 29574 21513 10697 18719 24697 41177 34773 20623 37570 27587 631 12849 2138 27200 44129 
89 58
9856 22444 1262 35661 30198 17408 17843 3111 23114 36978 24091 23677 10711 29794 29461 38355 7499 35724 40884 15964 5363 39445 11814 2524 25236 3574 37835 4747 11717 42220 12731 22276 38764 28977 10607 4412 23376 17573 27433 39066 11640 11300 43439 11685 39084 3041 5644 24627 130 9423 11347 20502 18920 37315 25590 29555 43001 3261 
90 64
38068 1701 32046 41563 16490 24936 20380 25832 5199 37620 26804 62 33293 33997 852 11639 15426 16517 8441 16126 7567 39006 44149 24977 42653 28933 13597 28863 32828 10531 37085 8747 10788 6720 20392 21294 5930 1687 20266 28590 28477 34831 3673 14872 19245 3601 3155 13455 32478 879 28347 38821 32537 30997 3068 31532 38203 10964 6437 20247 30981 29926 8078 37775 
91 64
40375 26687 14691 4074 37267 32818 18127 43172 2513 18269 30475 15785 17044 33507 20201 43562 634 15045 32331 27713 32211 7504 22336 6010 19236 7061 11607 25650 12895 41131 8049 8126 39536 8191 44707 688 24412 5129 43054 43623 11970 37663 19327 28809 33072 12883 7793 14653 39096 29595 14743 486 20139 12950 11407 25965 15069 23328 38673 11120 12250 9182 31860 41566 
92 62
17765 42846 21224 1714 21854 29840 26004 40387 6039 1118 43397 44698 1444 7056 2133 337 15432 14028 16355 41269 14569 1417 37972 6209 23415 31932 40790 5179 31618 4628 31550 15213 40533 21928 42276 25105 42042 27416 25359 27853 15019 8308 41659 7226 34140 42743 30526 38851 10826 41610 19215 18587 1214 31634 4135 10858 5458 36448 23710 11958 35759 22618 
93 61
5898 2322 44627 17897 46 7613 1887 4671 10730 3243 32545 7568 29009 36673 11324 35695 25292 1806 13224 24735 27105 27468 27849 9283 24429 21429 30906 84 4404 29561 43615 838 27974 25951 2935 26406 9203 11091 15735 14685 30902 29721 36535 1217 11921 36665 42136 20932 20548 19502 454 12582 35840 3542 14854 38512 20604 21563 11380 18864 3283 
94 64
12821 13205 26277 17984 14893 2955 36287 30731 3306 11222 42203 27493 20185 30911 38394 21712 26362 41997 6135 28260 41189 17884 14941 12888 33721 3590 7374 24914 29963 19497 14163 13171 37935 38932 23585 2848 42263 35332 18542 12595 20312 19558 7645 30503 33330 1802 21410 11893 18123 8278 30107 6031 36740 26744 26038 101 10275 27290 7534 30492 8464 30974 9020 21602 
95 67
12658 38765 21592 16598 16139 17380 26570 17207 21776 32863 44513 3203 24762 38197 15999 16384 2373 22001 35539 41524 9232 5705 43674 7509 21149 40657 32421 28610 39764 12541 26275 17316 24667 42097 32127 42503 39890 40429 41600 18756 41025 17356 38755 43822 7055 11927 36258 20455 12656 41044 5764 38819 10612 22474 14553 25118 15235 38941 20 37527 33845 32126 39245 520 13525 13957 462 
96 60
16869 18552 3451 26764 31203 27880 37772 44345 32911 17967 37326 14042 26658 13124 4973 24181 5516 2093 33599 27347 8642 28499 12966 34632 41723 6347 4680 31403 40427 5843 34620 11146 40063 26769 10915 30339 7724 22165 28188 301 33707 36722 27024 32364 18867 2552 9613 26196 23497 7939 33392 12179 37860 12443 28557 3880 16037 36352 5354 37975 
97 61
4567 27084 14923 40943 9043 13987 28234 23950 44071 1525 21954 28191 24559 28176 370 34115 40607 3249 8352 6760 34836 23252 19542 5871 18235 16523 30551 9715 41346 37167 31357 30000 2787 6641 24078 2930 5174 15916 40193 34162 23519 15489 24668 29845 10373 37166 6998 3141 37160 32630 41535 29519 39136 32925 35926 17135 29968 39944 26930 21459 2978 
98 63
40513 40264 1485 24756 31167 1059 35403 14052 23796 20784 2562 4392 1862 9290 13169 44580 104 8746 33145 35527 5743 20814 14168 37019 7634 20779 5036 20400 28584 30164 25968 41965 28166 3095 6849 27329 29856 38875 11614 4275 35714 20131 34760 18104 6673 22047 13588 26587 2502 43152 18511 25889 28956 2861 10337 26500 38913 25316 43859 10351 43363 31630 29705 
99 59
17280 33957 25335 35687 27341 22411 4966 11075 61 8657 32330 28508 26399 12241 25656 43926 28826 1637 34826 11012 24316 8718 30204 31458 29296 40086 36584 30667 10412 17493 32077 4482 35416 3166 15772 12370 2027 35143 8992 18704 44691 30300 16656 24224 26067 44208 9825 9277 43511 23286 18591 40576 23348 9170 26446 2672 24971 25558 33512 
100 62
32453 22161 31937 341 44471 7983 27688 22512 42814 38226 3427 23915 18738 1426 10468 33314 3778 8548 11037 42213 43467 13985 3746 28113 8476 41426 13013 8263 13546 40057 12717 37225 17180 25880 27293 31346 1247 18470 38916 8298 13057 35342 44260 38409 26525 37432 31045 39972 18135 26719 22525 26354 22597 12189 8029 36415 44710 32773 8866 39339 3788 5608 
