344
0 10
8432 50210 44464 34911 80278 28090 91533 28657 46624 36482 
1 10
13536 31244 23255 83670 43537 19587 78018 48998 25242 48152 
2 10
26218 16488 74923 12221 16751 59647 45827 8997 64437 87679 
3 10
85692 77071 66433 52134 22214 72550 10817 2068 42301 5851 
4 10
19011 36420 42543 17720 42335 94002 19149 44997 49627 58382 
5 9
83869 87161 10816 45776 37268 64315 2812 88820 13469 
6 9
92486 83909 36362 26982 75813 94062 70740 93383 92672 
7 10
83756 57506 64307 57921 44339 63291 34158 68771 79338 8581 
8 7
14532 90009 46088 7790 72361 33628 48055 
9 9
36821 73629 47873 76732 54610 70292 89894 28179 85865 
10 9
74777 92460 31938 38731 63200 88100 75853 69764 55599 
11 8
44065 65890 57248 28295 38465 4154 59230 53438 
12 8
79899 41737 67276 59780 78952 53004 11028 26293 
13 9
42867 37601 92106 27684 33933 27421 81251 35225 29625 
14 8
13521 69308 86745 23092 52259 46262 91087 80743 
15 5
2122 2512 45982 10187 61608 
16 9
31791 82385 53043 50657 34754 9340 64913 83089 17864 
17 9
72320 12678 24291 68977 47878 21919 18444 42428 92319 
18 8
5668 5483 91182 32841 19277 41257 91301 40964 
19 9
78945 940 27614 65823 7156 43407 50816 42547 71397 
20 9
24737 26540 6695 88401 69487 75380 6659 61479 49734 
21 7
64425 20750 86470 7380 89024 46339 27923 
22 5
57106 64903 62491 41096 38405 
23 9
39575 7564 89712 10612 28905 387 59207 26163 78476 
24 5
30564 15170 33875 56890 95221 
25 8
62374 48504 73994 32782 4136 13226 5156 53346 
26 7
48731 92620 13101 41902 76456 52287 34996 
27 7
34472 47428 71153 71835 72118 30667 82625 
28 5
66819 1495 21408 53921 59762 
29 7
3366 52492 50007 61860 90475 42040 20717 
30 6
78030 74208 13434 93685 91025 44692 
31 5
36968 69697 17390 29956 3821 
32 5
93782 90822 21559 64582 37661 
33 3
38049 12153 40336 
34 8
75841 473 57996 89759 2611 83748 1386 30279 
35 7
8613 62890 44697 3381 44475 44965 4897 
36 8
76950 73801 31113 89414 54442 43865 81250 86001 
37 5
57014 38818 49467 4398 31787 
38 5
73640 65052 71437 655 66458 
39 3
34987 17270 74423 
40 5
12345 48839 33838 91536 75132 
41 3
22881 25117 77177 
42 5
89507 18110 23119 95158 44341 
43 5
64763 65797 14979 8237 26452 
44 3
53813 26789 60787 
45 3
35284 73079 14019 
46 3
4845 58513 3007 
47 6
54391 6128 58069 73061 37329 81424 
48 3
41573 41555 64447 
49 4
9585 40731 8182 47101 
50 2
66410 79759 
51 3
64924 25939 95272 
52 6
27579 43205 62978 25006 43158 90439 
53 6
78177 35593 2799 69477 5609 58575 
54 3
23275 68431 36385 
55 5
89897 72572 57384 78809 8529 
56 5
12823 41741 88566 30794 42015 
57 7
18918 63273 20747 94260 40955 66380 94049 
58 5
38866 31500 59640 53518 51606 
59 4
64920 52687 93909 44602 
60 2
23494 72848 
61 4
56887 67739 51708 29621 
62 3
601 38295 69909 
63 3
17918 75910 64261 
64 2
28017 59693 
65 3
37409 93448 80435 
66 4
29653 339 68962 86989 
67 2
92600 60913 
68 1
30395 
69 2
57810 7290 
70 5
4222 14792 74402 44502 95171 
71 2
71755 23139 
72 1
23514 
73 0

74 2
14519 25 
75 2
15487 58349 
76 3
4001 2414 59817 
77 1
79382 
78 4
36017 62070 19448 91282 
79 2
20849 73958 
80 2
4503 68291 
81 3
81864 46101 24780 
82 3
80333 48515 92482 
83 3
40959 11036 43510 
84 4
49736 53178 71849 32159 
85 1
17356 
86 1
49221 
87 2
83936 67965 
88 2
4761 89262 
89 2
39910 61928 
90 4
86358 47909 11422 94081 
91 4
90969 19611 26912 63642 
92 0

93 2
21702 32137 
94 2
69123 24043 
95 1
18353 
96 3
37293 60112 16141 
97 4
4972 34022 93411 15271 
98 0

99 3
48216 31988 46243 
100 3
43089 61867 41193 
101 4
59689 50461 19245 37178 
102 0

103 1
87884 
104 2
53845 55270 
105 1
90488 
106 0

107 2
82606 36634 
108 1
78819 
109 1
66527 
110 1
71300 
111 3
26577 78078 4648 
112 0

113 1
48810 
114 2
60307 54045 
115 0

116 1
57403 
117 1
12464 
118 1
39444 
119 1
80046 
120 1
8497 
121 2
64181 11333 
122 4
22268 49097 72744 74502 
123 0

124 1
84048 
125 0

126 2
80955 86030 
127 1
20357 
128 1
71833 
129 1
6552 
130 1
20266 
131 1
87080 
132 1
92957 
133 1
53125 
134 1
34431 
135 2
22810 4266 
136 1
21786 
137 0

138 1
44016 
139 1
80666 
140 3
26866 81620 26904 
141 0

142 0

143 2
92763 20803 
144 0

145 1
7989 
146 0

147 2
21763 12726 
148 0

149 0

150 2
26257 36041 
151 0

152 1
52682 
153 1
53513 
154 1
70454 
155 1
29827 
156 1
26778 
157 0

158 2
70701 28283 
159 0

160 0

161 1
68400 
162 1
92177 
163 0

164 0

165 0

166 0

167 1
14224 
168 0

169 1
89736 
170 0

171 0

172 1
89114 
173 1
32443 
174 0

175 0

176 0

177 0

178 1
7634 
179 1
84404 
180 0

181 0

182 0

183 0

184 0

185 0

186 3
42632 13048 86248 
187 0

188 1
6315 
189 1
63332 
190 0

191 1
72768 
192 0

193 0

194 0

195 1
74107 
196 1
42903 
197 0

198 0

199 2
68511 51252 
200 0

201 0

202 0

203 1
37938 
204 0

205 0

206 0

207 0

208 0

209 0

210 0

211 0

212 0

213 0

214 0

215 0

216 0

217 0

218 0

219 0

220 0

221 0

222 0

223 0

224 0

225 0

226 0

227 0

228 0

229 1
85361 
230 0

231 0

232 0

233 0

234 2
88619 37913 
235 0

236 1
22235 
237 0

238 0

239 0

240 1
57993 
241 0

242 0

243 0

244 0

245 1
52423 
246 0

247 0

248 0

249 0

250 0

251 1
36963 
252 0

253 0

254 0

255 0

256 0

257 0

258 0

259 0

260 0

261 0

262 0

263 0

264 0

265 0

266 1
90269 
267 0

268 0

269 0

270 0

271 0

272 0

273 0

274 0

275 1
21042 
276 0

277 0

278 1
636 
279 0

280 0

281 0

282 1
53148 
283 0

284 0

285 0

286 0

287 0

288 0

289 0

290 0

291 0

292 0

293 0

294 0

295 0

296 0

297 1
31257 
298 0

299 0

300 0

301 0

302 0

303 0

304 0

305 0

306 0

307 0

308 0

309 0

310 0

311 0

312 0

313 0

314 0

315 0

316 0

317 0

318 0

319 0

320 0

321 0

322 0

323 0

324 0

325 0

326 0

327 0

328 0

329 0

330 0

331 0

332 0

333 0

334 1
41171 
335 0

336 0

337 0

338 0

339 0

340 0

341 0

342 0

343 0

