247
0 128
41820 12431 8522 6558 13467 1351 42843 3874 24789 6122 8287 69 40923 30481 33220 32086 5434 21900 9202 18360 33850 1612 16757 33048 10893 40334 26780 8917 28633 10315 4261 3509 41518 31641 27834 40379 30228 19632 304 1288 35103 12385 37998 16558 32653 22482 24059 15845 26123 32612 32650 1099 3682 34374 33579 33433 23953 35620 14899 33426 26043 42550 1260 1029 195 20878 13716 44275 6268 24273 2651 5549 29149 42764 33126 6524 42586 13868 16477 42661 23247 37324 17274 15295 43308 41808 17830 39768 37418 39962 15418 29658 9278 33188 35639 40320 21824 28693 7392 33445 44517 19174 19837 27029 16525 627 8900 35457 36052 2282 36604 9183 18164 8308 3795 24281 43388 37853 23031 21482 6190 43069 1872 6146 36794 36476 9395 28759 
1 86
1921 32889 16070 7260 42236 4649 36649 32930 22672 16661 1340 15727 28621 20481 23810 32916 17656 36326 21073 12195 4159 2403 3339 702 44379 40919 28855 33757 19612 41770 32182 41549 41822 20786 20458 8484 2162 3686 23739 38987 9923 26944 17281 8557 6094 11563 42699 28248 8455 32166 44434 17172 33335 12610 42568 28998 12456 9490 32544 1563 33860 2259 36787 32778 29560 5763 15583 23831 12415 42584 5344 26079 39509 11182 13017 36242 21004 2658 26530 12688 21239 9798 18637 24639 6097 21770 
2 84
29572 2887 22435 9088 24984 37984 11506 2306 43803 22975 25089 29407 3957 36446 181 20291 24426 14034 14948 28929 35902 39389 43327 5251 37861 31285 1615 6709 16357 44763 41760 3946 41469 42218 41328 2100 34587 29970 26294 35384 5976 8902 23965 11648 22479 28680 23704 44619 29161 18219 27735 20651 20901 43867 36319 2384 38456 805 41455 42195 20552 4060 27151 30030 17303 8664 2624 3034 419 13647 20924 4416 31071 87 7131 27839 8890 31761 40658 29272 41127 37797 954 23064 
3 86
32447 13007 39727 42933 28345 6234 34866 12162 23033 18491 21427 15454 30698 20452 24181 21707 23666 38351 12208 28961 42850 40825 37001 4973 20704 7956 42867 22567 35727 28082 40337 44034 18310 35729 7895 43526 14503 22340 1885 29399 42927 2389 4835 5297 34282 16411 4714 19623 23702 27637 43621 37969 41440 25296 22115 8094 3910 14935 20876 44288 41805 44301 4993 16667 12221 42060 3701 16337 21842 17096 21773 33914 25106 3337 21895 19463 2627 38657 18776 16177 13134 38931 16890 23214 8142 35730 
4 85
39849 7856 15537 31491 6897 21533 25065 19827 35196 34638 30891 22090 40172 43080 17294 37711 34611 31397 1125 36861 14304 41208 28258 40205 898 37557 37584 42182 12986 10372 4250 25578 21350 3111 30850 8009 41163 16988 19262 10520 3390 35510 14622 29113 31869 20076 42583 26795 15567 18943 39972 22810 38380 5678 29583 2200 6664 24268 40158 39049 37362 13326 38555 43902 34870 36803 35089 22620 31207 5562 9938 18231 21591 13380 20265 29071 8639 42574 5931 5047 44334 21817 9856 39156 1489 
5 86
10008 17050 37771 19120 38693 42879 1480 11464 11287 33671 44019 18817 28749 30477 870 25584 38332 40964 26864 4141 16823 42767 15248 32937 6828 32455 6780 43959 12809 37712 27405 5871 21465 30518 39778 27737 21463 31991 41656 33386 8325 2022 1461 42954 21336 15725 26710 34596 28377 41321 43466 37012 20725 35802 19919 1898 33254 19137 37899 677 6436 22081 37730 39278 40902 14894 22503 13722 22794 803 4415 20025 38902 5497 36377 38428 31917 38786 3241 5869 36587 18209 10691 5397 6043 36860 
6 84
35273 9917 31346 28981 18345 40386 15081 30248 40240 34991 15337 4660 15355 31069 36154 7658 24119 25493 43913 42284 37840 8586 18318 16055 38747 43684 29784 33863 25455 6628 3066 826 9776 27996 4597 33418 17250 2855 27470 20585 26532 9253 12384 10623 33446 7984 15989 4563 7182 18168 38400 19429 4915 9929 2652 33715 17197 31555 6987 18099 7733 11272 27078 35339 38544 26924 35475 2146 37477 8915 39311 34927 32248 20733 36874 23723 12368 37888 14260 18427 15979 13597 37683 8870 
7 86
44552 17139 30000 37514 14819 8188 27346 2287 6496 31133 12429 23489 3883 17846 36195 39967 10431 20258 34840 18803 9352 35210 19856 1826 13152 44166 33798 1006 40129 13211 10259 36096 22697 13525 1639 15441 10769 37814 37228 23506 36294 7986 29723 17030 38503 38369 10476 8478 14294 37530 27416 31989 27734 17146 4941 44018 27822 31933 33842 38683 14955 4777 30525 761 5451 33467 13275 9412 31734 6489 26396 44069 7857 44459 25935 15521 31692 7568 20028 30504 31724 34045 8876 19880 5430 19189 
8 83
30983 31387 21827 15803 3021 675 36752 6930 4273 29965 34940 4454 17045 14289 3220 30676 30628 34782 5568 16179 6478 15058 42601 39498 31805 27789 35714 28346 40053 4289 29259 40412 3778 35344 34273 36211 19054 4419 6606 30265 4689 30384 883 22469 35865 13495 26098 27532 24382 41229 12751 15858 17882 37150 21923 5954 24928 7916 42051 3017 37360 13280 18946 27125 9263 2139 27551 37435 14523 37519 4240 40804 35702 22715 20473 40077 43345 26917 43773 598 39114 16987 18102 
9 83
42444 28810 28216 26400 30003 30505 40931 10654 43218 44350 3498 24685 21259 32446 24804 22932 4977 5142 44017 8706 20012 22440 42281 16644 2739 35753 12997 37387 23528 24808 36345 32687 21700 13555 24969 40262 13109 2084 11561 21822 12346 29101 29486 33170 42607 18338 14835 6096 17960 1172 16578 689 13763 5798 44658 3335 43031 28138 29973 17438 19340 26515 12998 8003 26854 40960 90 38744 7541 8741 28653 26708 10109 11330 21261 24703 43467 11987 10367 10844 43752 17334 26188 
10 82
14982 29692 1414 13758 22389 15279 40729 42804 44704 7417 18112 33 5216 43283 7291 42915 32019 33403 25971 13855 7982 28135 30346 22385 30864 13795 24121 28631 33817 18169 26004 8760 26842 9897 10688 11491 311 24502 17158 9120 22137 11003 3591 18690 35615 10776 21162 3621 42224 7394 9649 40989 1555 28620 25316 15269 5007 473 42323 16937 1299 6740 26770 21907 20239 21085 38651 3464 27259 25289 37308 2673 8304 39579 9383 40189 35467 34934 13602 24332 21312 15318 
11 84
9211 14535 20260 14856 19561 5356 4526 35474 23874 19442 19345 21810 44202 43943 9129 8496 10800 35148 41276 39695 38790 24571 11752 34535 7571 5483 4516 17195 26661 39405 13799 40566 14656 34819 41 6722 25262 7213 28124 41670 13966 31362 22583 10683 17357 35534 34828 29440 17597 11133 16128 27367 41445 6375 43461 27652 19591 37665 19910 10690 9712 29858 13047 14146 28837 26029 40943 42375 10356 11871 15261 4849 22908 37976 36116 31561 17992 1086 15408 36080 18907 44814 166 16378 
12 83
34117 3614 21584 12439 22030 40654 37897 16169 4726 19855 34069 25799 12206 7477 12414 33973 41420 42925 33661 16388 39536 25610 20274 23624 25650 39677 21531 29125 24997 7371 42552 6846 43669 28036 30960 4932 32716 4050 42787 39042 5803 33347 42948 42000 41463 8011 32102 261 13493 35097 39421 20691 8637 28594 7661 3934 11979 20533 7827 5138 4045 33169 42966 33298 5238 37151 43956 16660 35898 31793 914 26810 28344 23186 22331 25802 10875 16686 24936 4424 11677 19462 32978 
13 82
23680 10204 44123 39242 8858 40743 23276 28699 21126 29089 22491 44833 21194 42455 38787 38290 25411 14568 34401 43751 25448 41205 9590 4615 43428 44270 22465 20034 38536 43601 20224 3615 32527 30103 33631 1349 7763 26737 36371 41364 19216 18968 6054 40304 40690 4515 37053 42077 42977 31053 15787 21268 28085 414 43148 32012 5248 19327 15633 25958 14325 37220 37257 30442 19509 41484 43473 24827 37173 41774 12292 2960 28369 11914 37195 30360 1234 32542 3069 3163 27976 16415 
14 84
39586 3327 4865 32909 37415 23122 32470 19857 6928 12852 22285 40408 422 12252 43455 32400 11180 14107 11433 43007 20453 31800 860 20197 31957 17323 6245 1908 38100 15558 12485 29755 37946 11049 41237 13639 22376 13592 32162 22104 13990 4367 20245 41917 33871 13526 40884 16973 35904 38186 41349 9954 18794 36076 30169 29945 31927 5886 15161 22387 9272 27583 33081 9568 39931 43438 23915 26461 23708 3768 11148 21733 10155 4180 9702 43385 20788 32927 10832 12495 9957 39027 15721 30431 
15 85
19521 29614 12123 8224 34270 42851 13779 35045 11691 36994 16281 8546 7979 30579 23428 1236 27560 29256 35690 33791 15134 4043 20627 34718 23110 20161 19274 43912 2417 10641 28200 12874 32676 10555 15129 6991 22405 18135 40780 34104 32850 38154 42024 21641 19039 20852 5250 42360 8867 34512 6484 41021 32721 29479 7899 33469 28902 41137 9363 31628 42208 38058 42260 16324 35969 11898 10278 11711 15691 13095 758 24565 18686 24807 20292 19130 33824 1127 7256 42482 30411 1354 8823 11683 8895 
16 84
42634 43258 23146 35887 5343 14303 38528 27994 22562 14966 6843 12411 7439 44354 21739 38142 34566 7191 16763 10049 4418 29296 40314 5453 30166 14160 24080 20467 9158 37464 8193 23019 15711 34173 40843 4357 34690 42694 41088 20851 14575 36656 16112 9270 30757 37094 42863 7348 31660 1382 42868 17108 36588 14674 4603 39420 10072 44154 24635 5752 44226 3756 41367 44368 38820 38437 37864 608 24947 39066 39682 36804 19272 19865 5823 22305 7284 39885 38194 21702 13398 2605 9250 29988 
17 83
32176 19750 35 42219 38655 17845 39770 5571 6158 19147 30832 13498 2914 1658 22643 41751 11236 8385 40949 9994 16891 39767 9721 742 44121 12170 24519 16047 42612 7059 33620 1374 1670 10157 2323 4810 24677 911 33907 23970 40853 10719 16344 23009 12531 39349 34589 44065 43585 30331 7416 28065 16603 42865 7927 11999 10077 37772 25916 29757 16974 3764 43140 36043 4398 28645 30859 44009 24585 6209 21357 12122 22173 13482 23501 29045 41011 27073 1812 4340 14110 39346 18717 
18 83
43121 3040 6818 27386 17889 6259 39837 6235 16433 23997 23139 801 7823 19777 8471 35761 31192 43313 34548 24503 17867 28284 15623 13103 11860 3350 39675 15386 24414 1653 34145 5578 15580 24354 21396 33551 10221 26434 38586 5382 9663 6215 25543 34160 25155 31822 22397 13780 2124 26758 18736 4623 22191 9569 25180 41903 44535 29128 18962 17682 1495 18944 41103 12309 17774 13822 40188 8906 3284 1635 27742 22614 40485 41638 7976 37305 11684 15173 19947 21134 18561 15029 30704 
19 82
30068 24741 15232 27468 17588 33225 12237 26128 24172 15214 39425 3784 26455 42596 15958 7506 30393 2819 41117 18174 40001 7287 28063 11942 21962 29802 30337 33613 8356 9007 29117 25125 14189 39224 11008 35050 20255 2356 12042 29203 24416 40734 31477 41635 21785 2975 21564 24631 17040 2264 20781 13115 10242 29676 15892 20466 14670 42516 43458 22657 253 13423 16421 1062 18949 32503 2523 24832 33564 2555 31225 22105 1847 2794 23217 14466 515 15185 21927 11932 3005 34310 
20 83
37482 7526 19205 23996 22480 9643 26670 18062 33550 41402 32165 14530 35958 33192 26156 38572 33833 15714 41855 36226 29202 20500 4784 2159 11072 3074 5395 37375 2593 29050 1060 26998 44671 3131 23796 30492 27267 23446 22967 27181 20948 22955 22423 37767 3684 34307 28114 25123 16445 4272 28752 7555 4401 30620 38556 26444 6505 30566 27568 26465 8358 2164 40187 16930 3295 33172 8912 4669 32755 33987 38049 35285 215 5596 2344 27341 31904 32587 33517 20100 11972 30424 25762 
21 82
2883 9806 18133 9477 14650 32990 37460 30946 22172 4051 24497 43056 42331 5812 40970 29320 40383 1464 42839 22961 34923 22664 9683 13451 13214 9049 7978 31653 21090 40096 21342 19948 32109 27597 6176 42984 40631 16779 25813 4402 6660 14140 39028 17885 14726 41778 17103 21469 42670 40112 8504 12660 42279 1732 13156 15197 4495 25103 18783 10087 1683 28373 20762 33606 40340 21525 4868 22384 8365 32761 35072 9053 32644 13374 25752 42069 38041 31600 21526 33158 24439 9593 
22 80
37735 42849 12410 39593 16086 25946 22272 27050 25033 28371 23498 37525 30487 10094 31791 33050 1655 28420 18002 12117 27145 41219 18880 39234 16052 2266 24316 39721 36530 1828 12850 21182 15396 6149 30100 11364 6772 24699 25003 17613 24507 39008 38018 14764 6183 38571 127 34525 8975 11191 10417 26540 17186 10848 39124 6870 43509 13162 44443 2272 38210 1566 44752 29056 18440 20843 4614 20252 3773 2561 30906 14739 43208 15052 29419 20112 9503 23169 10215 34573 
23 82
3375 41468 38475 34845 28623 42316 40907 35039 35422 38799 25775 3948 40214 11413 434 32906 40546 20695 16871 38285 9680 39263 185 22018 19129 33978 4420 200 51 26017 6714 37592 41733 35651 38455 1240 5363 16932 2987 31059 320 28852 25890 23325 38761 33248 9550 43623 36976 9247 620 31667 8301 26377 35140 21823 23004 6815 20634 34915 37721 41661 15822 32932 9257 20829 9022 32357 14849 17578 16537 40615 3297 12164 31686 12156 27077 31284 27733 14731 36908 21572 
24 85
41086 24541 8808 31690 13504 31305 3477 18254 19403 15195 36003 19891 41739 2295 274 43175 4986 37654 28049 23975 41675 40730 38583 35421 31332 9449 11421 4981 40236 33614 44181 314 40708 17375 37597 27223 440 34301 27450 23061 44670 2298 39545 5979 28695 11975 2363 40888 39393 22717 31774 26896 189 42019 14170 7577 15406 41845 41819 11246 39323 29815 43199 6028 31891 21072 16322 40486 36986 36332 37103 30200 43731 29177 18270 9538 34569 22021 24659 20608 19286 15536 981 44649 13255 
25 82
14395 22832 13630 16958 40415 35180 41062 33229 3165 28515 44573 14888 13974 8667 726 30224 22016 42982 1424 17136 26798 39266 39273 5030 11434 14558 1005 13761 37551 14611 39506 31526 30803 42575 15692 29109 41326 31596 42779 24384 13208 7973 34774 18749 13285 40253 12361 41921 29207 13456 13057 7112 4830 32582 40310 11131 1040 42918 26735 10541 17881 39829 38482 23188 10619 35372 20422 2333 40656 27646 44298 20818 8787 3593 26276 38935 20477 9327 9749 4282 15158 24993 
26 83
32828 6996 1986 19674 24753 39625 4955 38476 4178 28609 29918 34686 27028 34757 30844 32842 7499 18340 3012 25489 4446 33933 20967 15488 17530 20362 25220 4065 16418 36782 44232 44830 41022 35633 4890 6370 26284 13448 43558 32055 10318 1460 16238 18266 5273 17018 32305 16425 34546 39222 31738 31045 25265 15818 6945 26341 21382 214 2310 12900 11317 27178 43737 52 35847 20189 36230 14106 21690 13022 20884 35031 21064 39870 40700 5732 40331 32375 28429 21521 35248 36040 13225 
27 85
18611 5210 15546 24447 13161 33156 24689 22134 41029 30858 30126 22549 20284 5077 15967 1688 20856 2509 26213 33752 25112 26581 25779 2206 28822 23633 5973 34168 24824 36224 30770 12350 32953 27639 31141 14204 34066 27682 2772 33141 31034 27991 31015 37347 2949 21252 25536 35185 2372 19522 28324 19196 20941 34712 15496 17706 11727 9457 23549 34063 1532 24129 13318 41498 4128 1094 40282 2141 951 4931 39746 3210 24012 6415 27693 7148 8769 35456 43015 11247 21897 36764 23677 31324 24566 
28 85
32023 21947 29932 12481 6793 29747 20859 2681 30565 15122 30982 38879 14695 13325 41920 23945 43086 36551 6263 18589 43104 28568 13027 40980 1945 30621 28018 13177 20236 2486 6873 38603 1987 8158 4491 20594 36485 14463 33881 30482 23340 26258 35335 31105 3817 27232 38629 43656 2886 10828 32302 18601 26740 26414 38423 35872 39895 31814 12540 35491 5914 3895 6735 40833 19731 9143 10258 38465 36181 9676 31984 27462 11938 17259 41142 37731 36264 37199 14293 44525 24717 32329 36932 7000 22855 
29 80
27967 18986 26354 2902 17013 28508 13539 23099 24419 40006 4157 12506 28475 36872 26604 16471 39704 27142 29662 39295 14977 10763 44233 24636 19187 37162 18644 4957 30468 42300 2698 23801 32512 31161 3070 43184 29951 17095 11381 11007 39905 15760 41561 23940 7008 1896 4755 44744 16307 12437 19453 18395 30718 28964 21759 7178 564 35267 40601 17267 3746 44254 33148 40127 28333 4846 10280 38155 14539 28582 41590 850 27108 6115 39884 3401 41392 2131 30562 44667 
30 83
42759 37680 2367 43176 28814 19053 9644 22241 40540 3342 29939 4625 3219 13935 10472 32981 23367 10965 36035 6938 41290 38540 33070 42638 13041 39966 16557 40940 19660 5639 34126 14815 33375 5341 3410 28897 14499 6037 8860 34154 25957 5710 29645 30263 1621 23324 34796 25956 11552 8596 7283 4988 24028 42784 2643 44433 17346 28086 19788 40458 11693 33094 6241 21766 16486 13164 20311 22801 39914 30721 22736 44442 5895 29903 27715 6075 25842 25348 15597 16374 21762 41717 28431 
31 83
32802 21323 40233 13912 42598 19219 12670 39535 8714 23131 10961 44540 33951 44791 13877 6332 41350 1377 39149 9301 519 925 27713 26272 22654 22451 32473 5632 9045 34933 22493 39947 42909 36640 37572 7111 31758 36732 20553 9768 12116 31197 36027 3674 37020 27494 27750 13142 10728 33890 222 23026 42257 14746 27782 15284 12362 4198 20331 34780 31622 1644 674 27572 40150 37030 1418 17678 32198 23258 36238 3613 30303 29944 10968 6720 19694 35891 9764 43299 21644 16341 10454 
32 83
12932 21801 33812 37080 15528 4116 38714 17305 1144 28817 32427 43853 2863 3859 28347 35177 35765 33531 26119 17890 41265 30728 9377 8563 16584 23832 11791 31827 42841 34491 4783 5062 11241 4090 43272 41693 36926 5180 43536 27218 15426 17633 22625 30489 16913 13251 7495 36849 14277 7289 42366 29460 7247 19193 42068 7676 39520 27781 18096 2832 8934 5329 3718 19397 36321 25062 33528 28956 39684 41708 13620 34417 4192 9700 42325 39958 4828 8659 12082 14059 13195 36251 10971 
33 82
5274 13394 36503 2434 23766 16894 24239 24743 6487 14352 27419 6627 21399 35858 44385 44113 32458 41356 43220 42121 11081 8023 2481 42943 21285 23933 42460 42801 6888 632 11770 30660 24886 42423 14374 41124 29253 250 8117 36445 21957 39644 44754 15189 929 2176 41589 14684 18412 27268 10594 33514 41787 13851 30715 5742 16591 27197 44484 20609 22017 41491 23803 36469 13059 3053 26096 5201 1548 19093 25121 31478 490 14354 20214 20337 27150 34410 26235 22208 31109 15166 
34 79
37069 40724 20387 44665 4203 36337 28537 35733 28883 10207 25588 7633 35736 13890 41025 8851 30658 39830 2853 21669 36989 411 35829 24472 22844 16473 26970 4490 42111 29362 38809 2316 43294 10129 17398 24167 36560 40216 22005 43800 15874 43566 31182 5186 23894 9228 16305 24968 7230 33642 16853 4453 32640 4729 36709 44139 18625 36176 44756 27913 10677 23045 11592 4164 5377 12314 16909 18842 20186 17029 4335 34731 18205 27921 24726 31070 25684 4396 6668 
35 75
22894 949 43324 15280 5537 30847 22977 30189 10902 5414 24423 6312 40842 34299 44782 6974 19846 1763 8589 19042 10053 13442 6120 14123 10949 3736 41442 8245 17635 28991 17193 16681 39818 37144 44097 44407 20701 16825 13000 8886 13499 26423 3964 23732 35408 37953 26313 40651 32609 20667 2345 8453 7959 39652 979 31463 3264 2074 22346 33931 21725 21660 1865 16158 22196 12354 10753 19804 5117 23023 44380 29769 6390 20384 22992 
36 82
22278 35905 6771 14937 21104 23513 10981 44711 9575 32221 39996 5712 28973 41980 21149 4014 5477 24730 18708 14176 44494 3306 27376 18475 6140 33827 30469 43351 14862 42599 5938 3886 4109 11245 639 32147 35894 18013 27395 34894 3543 28187 43077 36665 31126 41753 36320 39948 4762 30700 21767 34447 23848 41772 7140 26701 39898 7800 3252 6473 17231 19026 29018 29910 7487 27183 36269 11786 43794 38101 42932 34542 32526 2678 43164 36120 2342 33901 9636 28024 23063 9489 
37 79
2347 42188 22841 29548 8820 17190 14778 10793 28287 4271 25704 6973 18438 38759 37725 14012 42714 14851 42877 29716 35953 25718 34532 40326 42751 43589 42913 38888 17486 42243 463 41123 5567 18156 22082 21317 14102 3970 40456 2833 4176 33381 44039 24767 9780 6029 34682 7952 31925 1571 34451 8020 4519 14729 33906 28994 26641 34449 13003 41702 9239 570 31505 42158 1451 15548 21351 23944 32251 5747 6872 37762 44436 25406 14032 31559 27434 42255 25256 
38 79
3108 41464 32337 18930 29178 16139 35938 43195 17189 21876 37134 4982 23469 553 44276 16845 42346 38392 43278 18541 29187 29635 40844 23700 4765 14270 16723 19975 16091 28539 25897 15971 427 26229 27643 18505 25184 34777 1207 14186 7452 37991 26424 23447 20476 37146 34635 38505 30007 22900 23347 13219 43062 8417 21573 4500 9896 21010 19519 13782 4609 11716 41882 34266 6080 33086 2908 13330 31617 23059 28718 15915 22025 14995 19122 15346 3356 14658 36550 
39 74
7876 44293 30015 28417 26391 24328 29800 27196 6615 29237 21309 26587 37465 808 18012 33199 10134 9825 27841 39893 24773 40102 11957 35917 21779 5967 32138 36879 43876 3406 33317 41746 34097 18084 20011 5253 23681 260 33374 40901 40055 1263 1307 26638 25307 16063 28253 12745 36012 38373 2400 3224 29507 29967 32089 40621 2232 5351 27273 27555 27828 28655 7176 18129 31203 9248 11014 2021 24157 23267 28979 42392 2807 21040 
40 81
34224 39510 19485 9525 12018 12632 38284 6287 12636 13321 4534 13165 18963 23879 9294 16136 11694 1384 15693 26082 10336 29415 34764 30206 25853 35710 29044 13728 1651 24955 39439 2210 5930 24913 23402 30363 16587 16123 11867 42858 4211 33163 5863 15681 1848 43255 10234 40237 15393 1425 15442 33147 23839 4882 27539 35360 2535 25194 32154 37870 25305 39333 38307 10886 15145 3779 29968 10679 7992 16637 399 5555 6172 14513 34120 29136 7910 9972 15666 35370 22474 
41 82
24379 17000 26588 19443 14174 3211 31415 38687 38140 25548 24441 7391 30115 42467 16077 24210 27338 2803 41297 16451 366 41686 20796 1081 24556 27870 3555 33125 8967 34267 20172 43158 26609 41115 44108 6366 37804 27531 43336 30724 10947 36728 28605 20038 31139 8088 24169 16081 17208 22488 27035 1416 11015 14750 44412 13366 17034 38636 27574 704 15511 26878 11475 26031 5315 27203 29165 12605 30766 30599 1359 25046 18021 8480 3708 10991 21932 4041 8175 939 39735 36969 
42 77
23753 44485 34710 26664 7233 34820 2237 1731 18770 17653 13518 39119 23046 154 1344 33423 23631 4397 38045 12372 10451 28579 42898 6778 1107 35743 4616 42288 41757 14198 34813 36718 26066 34816 44398 6688 25778 18498 17754 1743 36122 3385 12530 16931 23802 1497 34174 32714 5730 35595 2109 22584 30354 24000 32224 16868 5055 36397 13546 7947 22312 19552 37158 18090 40409 39468 10265 26789 23518 18064 11634 17806 33295 4708 24776 44801 39315 
43 73
5066 17413 18199 20002 19440 38387 31689 12448 895 461 807 9743 28084 26353 30061 16058 40990 14847 16947 3998 34576 20523 12952 16860 43642 25408 2867 44104 6 19899 21449 39759 39359 9497 42398 25664 38926 44372 33103 19760 20446 641 40396 44600 9268 7958 36060 6679 9381 41891 22948 27251 14030 11572 34644 35221 41759 25801 8583 26255 18740 43456 17913 13457 4693 8866 13774 31976 34919 30074 1031 34563 1264 
44 77
28005 5723 41520 6827 10970 31857 21863 22508 14209 43993 42785 37407 25644 25068 43522 34370 40757 23141 33888 3717 9036 28872 26589 19417 37926 7469 1162 23096 34351 40957 19873 33444 44287 39977 31007 4648 35121 30661 20707 15332 31396 30655 7317 29447 21277 6549 28595 17345 38131 19662 30554 13793 6979 44632 23540 3435 1631 4443 15808 34019 16248 13098 21775 24852 15424 42414 13534 41377 33743 34558 36419 42905 40185 8673 25284 37306 21079 
45 82
4432 12099 21018 27559 11046 17447 2286 9726 2701 39505 39773 21123 14941 35010 22477 7932 3194 34049 42518 44481 6378 33639 9095 13357 39891 22055 8709 39568 22128 36716 36796 20535 4298 10081 40653 33602 25518 17372 22168 12098 32871 14536 34257 40738 44251 4226 15647 5968 27020 14786 43797 36847 35850 32431 8498 25482 8084 9805 10373 19850 1329 9135 10937 38942 252 9182 28955 43568 44196 27842 36416 24731 31461 34443 19045 33805 10427 43829 20724 36626 10355 12715 
46 81
34674 33234 28505 14373 3921 33948 17205 32168 43781 32386 20472 25273 40826 29581 20373 26833 27481 14951 30313 29267 34296 37398 3800 21965 8773 34510 30576 36950 22281 7990 25468 3255 792 8538 38545 30840 14091 21705 24262 6359 13826 28805 36568 42848 33941 29121 17499 44096 30526 3334 43128 43998 21599 25823 20592 37122 25133 25222 5292 26955 38788 31544 28949 26528 13074 19112 39471 18107 44369 28163 29276 15713 42397 43925 37291 6397 535 34169 13522 14874 36197 
47 82
23308 8050 19970 4676 38675 33212 2327 285 26584 36883 32227 35312 18146 26784 28250 41296 15435 1075 30273 20696 29235 24551 44417 15385 3265 13748 11756 22494 19483 4471 39658 14218 4160 39183 17387 24603 3495 1560 33908 8348 15042 29096 36805 35755 38107 42697 16247 5849 29810 24381 21722 14626 4337 16729 23542 41386 33553 12102 8527 3057 36748 43686 13760 9031 29063 29075 19959 5831 36820 23346 38778 32598 36589 25576 1824 32299 11619 23847 14563 28500 11212 43372 
48 78
28469 22101 16724 6052 24998 6932 26358 27918 20981 20302 20894 37715 221 34630 8926 21163 22731 4728 12917 36324 26680 12374 14056 7088 37445 34543 34781 26431 11626 13756 388 10236 4314 10334 9723 35940 9279 22884 25466 5122 22540 40113 12331 30749 44611 20863 44266 5514 18248 33837 9980 27209 33191 15703 8429 33227 3322 25253 27683 37494 11020 14371 39270 11314 5466 19251 27541 17021 26206 14721 30327 35200 40975 41400 36405 36459 28404 2517 
49 76
34640 24295 22028 31065 1725 1638 31809 36086 334 26058 10106 41714 17935 20345 13846 7525 37506 43427 37560 30664 37462 33236 550 38357 23558 31775 44038 8613 13659 37260 41985 27527 32729 21969 14980 16187 27246 40247 41853 21012 13016 39374 32704 18543 8533 24170 21512 30418 40463 36388 34503 31188 5777 12795 33451 42919 9732 27353 7879 20124 24654 35017 1779 30720 41828 10978 15814 32665 32836 37446 10996 32442 4752 32187 25299 3871 
50 78
44498 44281 19116 7187 10189 16814 32664 31152 38263 16760 13283 33969 36070 31350 7657 16649 27821 33123 44012 38148 31057 25873 29835 26625 37249 190 12637 36395 20643 27702 6194 24388 43606 18647 1913 372 22671 32905 33297 2358 6578 10839 15369 24350 35700 7063 27242 11566 1406 1713 18885 39782 9956 28578 22546 13914 19622 7835 23519 43932 25847 19551 18835 9943 39603 31755 11157 1061 25698 27623 20791 28921 35150 26291 17002 37032 18126 23380 
51 77
17529 38402 4242 15013 33140 33233 28561 10335 27938 27447 18664 38533 12913 38562 37838 8410 31155 24763 33072 40230 3414 8898 11622 14404 24192 6193 42078 19912 40438 11453 40758 121 22966 19719 38518 13483 22439 5593 6184 9333 40125 8060 39806 5898 11740 22318 18131 36835 6021 25173 43281 31847 42222 25024 15312 31286 39366 22510 4024 36378 12441 33438 42904 39731 8558 30232 11945 1558 9482 13644 5554 35469 38346 42456 40302 8170 31211 
52 76
43683 18856 33326 23299 35473 33891 4701 17871 2175 27513 41357 8012 8107 14441 13271 37920 10659 16242 10601 27235 21070 43264 10829 44169 11706 37986 343 19759 41612 15243 13845 41221 16799 44764 26340 40435 44723 25969 27931 21899 15953 3762 42336 29239 42251 33664 32520 9213 21715 10963 5431 30596 23804 5771 22618 16048 30369 11892 25286 7313 27445 39549 43819 8344 35088 2019 32733 26085 35414 7370 20030 13001 31855 5133 17864 7806 
53 72
36851 1047 11086 6238 23398 28433 41480 9421 14718 2632 34885 18620 20517 41990 21458 15624 30793 12212 44178 33019 2614 7639 13304 38973 35933 19572 24668 30929 43222 14324 42715 24424 32928 13293 39636 27719 42520 27381 35081 30162 797 40655 10170 37035 40678 11671 22751 44067 8874 25666 38988 25883 25344 7209 18854 25537 8240 8595 42675 32784 19830 17948 10643 6733 42807 32351 33122 36245 44273 44706 42049 31520 
54 75
17690 10092 19267 15053 39084 42521 28334 14125 9626 44046 44827 32308 10276 23379 7097 21200 41253 6343 13875 30229 26545 41041 8030 22155 23918 14000 31160 5006 16236 16137 17141 28261 44230 5083 15846 2676 25881 42157 3268 21155 25157 23492 31112 42207 12979 30649 1622 42184 31719 6500 7480 27284 32175 2304 2897 37461 41093 36216 8575 20081 20961 15540 38320 12758 7813 31319 32341 7531 17348 26055 35584 22348 20964 7943 2775 
55 79
21935 38889 3256 35444 1500 13542 32048 7963 30653 17397 24535 24589 44487 27208 32750 25906 31058 43001 44214 43340 24199 21385 25659 1195 8241 37366 34306 9139 28491 30233 9226 5697 29603 42724 21086 32811 15568 35213 9815 16363 3889 10420 31644 6479 12094 41881 18478 44194 14634 21221 21029 38273 9249 29279 562 37709 16543 41507 38328 19389 36547 20133 3331 4284 37217 24863 39030 7700 35492 20052 44737 27603 20699 37075 30781 919 15497 12461 14584 
56 80
36415 2158 28575 12227 1297 16303 22918 18324 20849 21871 29219 19238 36642 32104 16964 19135 3098 7822 13791 28854 42067 36540 15353 43574 9397 20565 39125 20061 43517 25573 21270 33778 1053 24932 16841 35619 24510 18547 29828 30150 39991 1334 1949 8903 23475 3418 9602 14834 30177 1613 43671 11581 23798 1105 5263 29487 42689 33102 4893 6658 15483 10938 35424 32430 35660 37205 21696 14281 21176 4475 39595 17663 10755 28983 24338 7149 41969 44122 20555 15082 
57 77
2628 27075 38222 34014 13085 25571 41601 37370 40283 35758 29690 4885 35305 32150 17577 9836 6696 3812 16430 15631 44757 33767 36325 35347 11326 8449 37472 2963 33795 12853 23744 13091 38932 18472 9779 43046 36655 17971 29980 6581 26768 786 4062 29569 42441 8774 24458 28715 19505 2507 34130 18038 39981 19229 6170 35271 15879 481 29664 17326 29923 35731 3550 14916 44127 44192 21713 44790 21665 35907 35211 38461 30647 22009 1786 10320 3857 
58 80
19619 15981 40372 42864 11762 13892 18692 41761 3222 38526 22210 7310 21135 16687 30874 24975 26293 1202 17988 5323 17431 5120 42960 6267 19553 4010 38883 29876 11261 29134 6056 3603 15872 14112 20401 27854 65 41369 27836 43911 4670 36039 16256 16225 7402 11143 25746 44237 40405 3357 38291 5944 8466 10324 23637 24823 12501 35095 13314 33684 2742 36196 19861 28378 22233 7672 41784 12021 16952 754 8473 35809 41548 9506 38038 35563 37286 25609 20883 22861 
59 77
42351 19113 25004 4216 31470 12572 35479 17983 12517 40561 23000 7465 24120 10906 42774 33683 2724 2872 4818 21108 20427 6492 43348 36271 7654 38764 12002 42989 33499 29277 5716 35230 26956 21452 39336 2666 9080 39887 3355 24391 16523 29199 3861 39892 37359 21022 8791 41723 8727 11307 36182 43061 26439 26232 2167 5894 33265 8911 15389 2093 8925 11164 31910 20134 2440 12273 7062 15477 35836 31300 6340 4572 30002 37869 7415 12877 38960 
60 76
13362 2874 38459 34227 12674 14 36231 29192 15215 9048 6645 26145 6995 36307 35819 38592 15539 16165 24880 42126 39003 32240 27803 33877 11763 19372 33786 35307 43403 17644 39429 7643 4702 42500 34010 26845 35259 1739 2983 44581 33727 4496 17453 20544 1884 14605 13026 19127 37536 33887 39769 10037 24126 17493 32018 38708 20735 2320 42605 13931 16606 11262 39835 13991 40608 34971 4786 5952 22360 35240 15731 28101 12579 37335 30979 14824 
61 79
27437 24330 34033 40432 31725 42355 26936 17606 41970 23565 8995 19969 7902 6977 6675 26204 24102 21575 34190 36687 39144 17441 15349 17079 643 21934 28376 21683 40177 25834 16309 18104 5906 14525 30333 31476 16818 2498 38783 5339 41673 1358 38861 25656 21592 13328 27747 6338 9225 14046 24131 20739 15587 1737 8437 4916 42942 27824 2352 14430 17226 23191 31863 3938 35087 33268 38615 18416 36093 16019 14744 22336 31238 1486 33349 7706 14375 30508 3471 
62 76
7414 25905 38174 33980 26175 33175 41067 6168 22718 44586 27802 5220 32325 1229 15613 32424 11928 23422 43571 13110 12008 10174 22051 203 12413 16216 293 38905 5443 31148 36557 14509 9426 13075 43935 12828 43920 9205 28654 39883 30918 660 33401 9233 25843 3438 30774 2691 4486 13838 29464 8200 13306 8284 39303 18931 21205 30705 42577 21258 94 25568 41867 2011 3680 19213 12072 6936 12550 33722 15829 37189 36529 35841 32130 8529 
63 71
32926 13873 29670 30574 19408 18224 26542 27443 39822 42505 18477 15927 26855 37975 18029 35380 2602 20063 42066 36297 20741 34116 33373 13725 35441 39188 7123 20688 44035 36246 2829 44274 27262 789 9468 2594 27110 18447 7043 31153 25894 36347 25272 34311 3651 11930 24898 14816 7819 33367 7655 34498 40465 22820 22237 43995 30725 27441 10192 40969 35638 19952 17760 43262 1504 28131 13277 37834 20870 39585 7604 
64 73
33197 10684 23762 35643 9460 10169 8319 25161 788 11651 23858 31227 17647 38277 26174 40308 40167 28110 4739 13413 29892 40904 29604 2338 35044 10224 11445 1674 21780 26262 30008 8927 2116 18845 13479 38170 36423 32833 29656 27057 12657 19155 42459 2169 4049 18830 25607 14800 21984 36200 980 23860 27829 31901 33947 6767 18604 24422 3987 9398 40635 8607 41904 24679 32157 8310 20960 9399 17975 37885 30990 9243 36542 
65 78
22899 31253 41812 27134 15790 27707 9137 11504 13100 13736 11618 36574 21500 23477 31765 6394 32523 24022 6926 23621 16580 26736 9510 19046 34953 28647 28327 35624 38292 14175 19730 12941 38325 17571 28228 24304 10339 18302 9628 16677 23746 25790 19092 28754 19016 29344 664 23388 36566 32364 3364 18269 3646 42802 13584 42739 19699 11221 397 38771 1211 4199 37858 12608 35684 22924 35954 13591 19099 36215 27456 16792 27177 8909 15171 26826 42304 19212 
66 76
12547 28197 37073 20341 39532 26620 12689 9893 35912 22020 25878 27186 19304 43905 40389 9404 43045 19554 26813 32522 42818 33351 33789 25770 19642 36929 32710 21088 8179 13705 33862 27266 19604 11856 4483 8665 20440 30136 3409 23082 18243 12534 27654 42778 20379 2876 32549 28757 17125 4948 16522 2986 12132 40007 6018 30608 18376 15097 36102 4538 5860 13871 21197 26652 21557 16907 13634 1734 20035 16626 21441 1276 27813 14457 32152 24337 
67 77
34842 10450 12989 9093 33717 20484 22250 17572 14222 29230 27558 9472 28205 37827 31230 31186 9627 24418 9527 37473 14383 6108 21455 16623 10628 40088 16109 24655 28419 17204 6914 7602 14136 11207 8985 38435 39774 35913 16499 13517 3872 693 18022 39443 4330 40698 37924 20310 23182 19744 38642 30178 34519 14908 38457 7174 30936 9539 9579 5547 33998 6933 39584 16131 41433 8414 34397 24777 17668 36700 31049 12879 41782 27270 31272 3849 34056 
68 74
44427 3102 20168 40578 17855 10462 44448 1216 1390 22358 44364 11227 22630 30306 4665 26168 10379 2009 12859 1283 21814 39524 38406 16960 27195 2736 28906 1492 5796 31926 43020 29602 18532 5098 7632 19474 17822 20836 20502 25402 1723 40732 9350 2482 24462 2303 20526 5926 30912 10773 34652 12882 38873 28470 30128 34011 33828 13823 16936 28676 21243 32468 34150 30854 38678 18097 22674 3866 7327 31169 12594 19544 12603 18023 
69 69
2513 26900 31423 21595 31877 12369 33133 16636 7272 29847 15931 18677 28438 41897 27165 42001 7842 23651 12434 6126 42551 10194 11204 27846 24050 40880 23116 40144 23575 11686 14500 20636 31862 3782 34093 16121 27148 43098 11833 31462 22965 33754 12261 4426 40822 2334 20792 16038 26326 11438 17380 36688 11170 31817 2285 38514 1895 29189 15743 11481 9737 6174 16838 23922 31506 23517 36439 44032 1996 
70 75
20793 24575 15859 9689 15489 27007 39316 8479 3909 7276 3862 41298 12854 22061 21577 27657 29463 11734 24861 1184 40889 38920 29405 17626 5422 2001 4605 12473 10931 26449 23164 1335 35592 43532 22193 9064 27106 16761 7981 12200 6867 34511 23491 17676 30004 19928 11754 12064 4592 21098 2552 4678 44652 10569 11009 29595 6621 41441 33868 34839 40536 7444 11739 31453 43782 16191 7357 15919 6458 6491 26392 18936 4390 17743 19618 
71 77
28335 34212 25396 42254 12928 18372 44534 36553 11415 3838 34980 17153 15062 22685 42295 33239 32051 5277 20619 1656 14472 32418 4163 38676 308 17320 11129 28211 4067 33241 44687 5795 42566 43632 5441 36178 25735 3046 41989 25604 25251 35276 23431 17254 6278 23523 31503 1643 38002 38109 16315 8040 35786 9242 31546 29579 7242 44074 14752 31251 14533 19823 15914 27469 3963 3526 21870 19818 25572 43241 31193 3549 31195 18559 32210 40449 25736 
72 81
15806 10997 28003 30280 41861 41437 37495 18939 13545 12584 5169 26493 14429 26173 8971 2085 41351 1502 36389 19400 29356 12664 30138 21112 4940 33310 4871 8227 26937 37657 39477 2811 29168 43909 32416 35960 21411 44426 15241 5684 18172 25939 22235 23370 13971 4487 23399 40806 40792 11567 42086 33520 40714 5893 2536 38576 27067 32218 36020 34364 36661 42203 6757 25358 21717 16693 32525 10353 28853 2445 2978 2150 23914 36051 16336 12843 42484 35111 23797 29107 25579 
73 74
15019 25028 21753 29146 44524 15746 8817 16194 38304 30065 39458 26946 1102 11709 1319 1407 43215 27837 35043 22973 1410 34143 9682 897 20248 43501 30022 21672 37992 2057 682 17437 4236 29370 1733 24400 23939 37279 40291 15347 12144 17430 2798 18974 2586 13378 36117 32735 21684 18797 12458 39083 18181 43729 13297 28547 15188 30690 1838 44553 28276 37023 28616 1822 8197 8783 9365 13089 17384 32304 23304 44259 15190 18937 
74 74
31586 22112 6703 16375 41933 24957 27154 5059 30415 16678 40297 32635 373 31741 16731 3881 27191 37508 41449 25078 39833 12514 24039 17297 31865 24630 5336 41046 12807 38818 23371 39148 25425 18810 28743 36973 38793 29643 23687 33099 44390 35982 16736 29850 7108 20949 38496 19862 27478 23038 6331 8313 7877 33670 21805 19528 11432 27331 22553 40352 12074 7239 4308 22711 44137 27138 9773 19732 28317 17154 40630 43975 20253 37006 
75 74
33025 24641 23160 43270 9452 44505 27120 8631 38383 6727 11715 24658 43072 10125 33502 36646 3697 4985 33095 10455 26233 41121 9817 42436 33655 42799 37299 33194 12281 28671 2170 32662 38355 18529 18510 30669 24463 3726 37867 34768 10833 28385 2016 40221 24522 42091 21879 4344 12644 40384 28459 9824 34159 34744 9006 4410 13809 9405 7185 34411 19148 15142 33619 12285 40812 25902 6752 36281 33690 35350 27032 7618 20188 6796 
76 78
11076 32151 21869 8721 18264 10184 12425 28439 40854 11538 16923 12407 32533 6830 44738 8501 42813 43849 11804 12709 20273 13334 29144 42096 37831 24334 4190 3075 18877 43225 6547 35568 36905 37079 12343 29039 10209 41130 9104 28842 1820 38837 26122 31870 21631 43472 10076 25454 21746 17031 9082 27044 11800 17455 40689 33755 37689 29605 30443 3155 17039 6026 13515 38403 38212 3044 43714 22766 31936 2399 33116 6811 27711 20780 9625 18487 41170 40114 
77 75
14522 1141 288 14869 26359 17870 41138 19458 32380 2027 8163 13907 9891 30375 13894 26167 35775 34627 29332 42529 19755 28237 13934 34606 1010 37852 12924 38390 10496 43493 9083 39216 39036 4175 43420 36065 22031 31796 2003 30538 2137 34026 32558 9765 15049 15948 10195 7886 6739 22519 8010 40526 38580 13424 22037 39555 7548 5793 27848 28251 6164 21283 15428 12305 11586 31283 32368 24296 37555 35453 17557 16003 30909 37166 23787 
78 75
8747 41908 23081 6216 13054 31237 37728 9792 4030 2729 12822 34405 41149 30515 23284 25407 32513 39673 21960 22931 42231 32212 30359 4134 32316 300 25469 12051 29445 21987 37404 34434 5086 34939 14498 14573 28259 11110 12950 12380 26223 3937 38510 18287 38289 24980 43996 7948 15272 34500 20031 34499 31815 33062 32158 5518 11249 8089 32504 28265 11041 858 4628 15398 44661 35432 22994 21541 23326 18375 16844 10386 26183 25372 4153 
79 76
3199 9012 5433 9353 18469 41415 4598 28593 4578 36612 40373 4384 19705 14455 14223 42437 31267 3832 17547 43293 659 13836 32275 32886 23058 42512 42427 36105 25626 12597 40590 8264 9275 3820 4324 13101 26057 26310 42245 8510 3897 280 29706 18883 113 9320 37015 39766 6385 41230 24209 3433 6262 19222 40461 1119 37256 11805 11178 6477 17353 42606 19875 6045 8599 15411 8845 22784 44043 7331 15936 2953 30785 19121 44539 41165 
80 78
2496 35578 42522 6160 33696 13714 13992 41428 19337 33996 16249 13051 30924 13205 34488 44263 39879 13897 20616 30142 23040 29574 21003 23958 42637 5538 15747 6127 9975 23264 28525 16141 16002 21795 10824 31425 7165 35218 12509 6169 38996 33055 34135 16730 30361 17191 13860 23309 12574 25522 21084 11126 7488 6869 24733 28562 27279 3376 8487 710 8294 35143 25832 18843 453 36129 41486 33161 30667 25060 16412 37909 34387 17562 11466 30860 27689 22504 
81 72
3249 16406 39434 30252 26382 2044 12105 1726 4352 35386 6595 37898 26510 35139 20828 28139 40156 28403 30710 20111 22946 19835 12668 18673 18077 27795 3734 14467 33512 12813 26324 30436 41300 13117 40046 42792 22911 25457 38172 11878 27226 44128 6662 2956 13699 32252 532 4165 14863 25497 8156 22149 28046 26805 26975 9136 21311 31535 26476 35130 11206 28426 21281 36491 5897 7567 12172 6346 6849 39511 38703 39969 
82 81
5695 24782 37893 1156 39539 26074 41519 24277 38578 9422 30583 37706 39227 41888 9559 28193 29864 29562 29766 29922 25784 28750 36600 2177 11394 17509 31998 24009 35455 12677 22200 5783 41134 15975 11679 27817 28677 32238 33552 39120 18979 11005 9657 4978 8778 41807 13867 26121 5995 32037 31471 13824 30598 29578 5213 23170 7614 15724 43980 29905 29702 11233 20372 8490 26985 15667 3292 3137 36815 36425 42978 32832 19971 34023 41546 2882 16093 44239 41998 35581 210 
83 76
32794 13904 29297 16605 8843 31985 28434 31351 3347 9371 6598 30488 7007 43916 44541 2241 11154 34821 36680 16144 32079 19586 10962 20689 3313 6807 18630 40962 41345 14377 15037 30110 17183 2689 23524 23219 25987 16507 7615 2192 39379 37879 39836 32901 31614 2469 4115 22960 31110 3007 23007 28644 20385 42635 38916 13468 39482 38030 37176 9259 6418 32949 26480 44584 44629 1859 35294 11392 35513 29457 34450 18612 27749 40688 26278 8186 
84 72
14053 20352 6455 41659 23669 10398 14807 22831 15658 6950 19096 43435 21322 28887 27896 22218 18414 13937 17051 20405 31512 30877 18350 3790 39743 22963 22406 36217 1255 30956 10880 24921 37741 43182 35687 6362 31685 30230 42217 27533 417 31090 901 42651 17325 21198 22371 22678 31292 16834 36918 24840 42041 29590 37240 30205 1301 735 16622 29638 21579 5667 34925 33113 14211 42403 5654 4682 34541 41779 9102 34366 
85 70
16440 43304 27770 31960 50 4108 14207 44809 5513 32289 20109 14067 9223 20728 26458 23980 4089 16298 42665 32874 22437 17277 32736 3978 15754 38917 27111 30070 12782 34308 10217 33448 218 38082 33500 19375 3581 22148 22895 753 15997 4423 21222 25829 40245 21798 8600 26226 35609 34247 38739 7288 39284 3217 12352 10557 43315 4966 3787 38791 2025 24710 4540 25565 37343 17053 40868 29897 14261 29950 
86 73
30532 22468 43704 30108 29461 9698 8543 18676 36100 3496 33346 7005 43922 6555 17783 18982 27131 17962 41625 41767 20329 11036 28717 32134 19978 2355 9338 23088 43697 24599 6162 41599 27557 31103 37613 36663 33761 15594 28289 27911 3088 33205 42210 3448 4928 41198 31129 26212 3243 20059 18789 24592 18971 29466 6759 30475 25318 33616 25866 14571 18955 6134 8856 25195 28465 9871 6467 5369 34375 24988 1273 36477 32193 
87 79
3624 42829 23244 34952 30996 13119 12604 7349 16183 20999 30748 18811 17695 27476 37752 36896 5103 31915 28238 3728 17247 25231 12832 16721 12667 11824 17842 25014 9117 13978 8306 37068 42666 33486 34565 3525 11627 40649 6046 40399 4399 24613 21473 1579 5623 25427 31848 3775 10172 39672 24701 766 12038 23593 25999 40445 23750 16339 41541 40347 16784 1597 39976 13773 28812 29112 34530 37133 1990 41907 25557 32310 21290 19537 33944 37403 27201 13207 22524 
88 75
6280 24702 44798 27010 28109 37720 39081 8796 25210 29179 13213 13915 13765 20153 36482 25533 41405 34997 5110 18122 43228 23950 20532 12909 37153 27621 17517 24590 27566 16883 34887 37746 34838 5145 14231 35997 2692 25782 40410 24562 2294 22930 15995 10223 17422 11685 39783 26231 40324 38061 4301 6801 2892 15179 32044 7406 9993 5013 28592 20514 35574 44418 38813 44217 18703 7358 35115 7117 30970 30188 19997 10929 26724 16330 1663 
89 65
18439 24629 19067 42390 23426 37027 37185 9747 20282 3928 27263 14831 6033 43422 40951 35048 13908 34507 15531 38386 33303 17238 3629 11194 27593 40538 34502 28099 22647 25929 13711 39575 5335 498 25642 12066 17429 20928 20596 22391 11068 6857 15783 6803 19237 9560 2952 44662 41629 38169 10343 41875 4247 40958 16126 16226 25741 26636 30498 23818 7590 38043 20519 10993 21001 
90 75
21999 40560 7930 8169 13977 25186 37843 8232 5435 22696 23292 14600 42798 7753 29875 43154 7884 7422 32436 35586 23115 35785 17579 11150 38215 2014 19178 18504 16536 20416 8056 34403 27207 5646 31295 28651 27638 8211 2311 39447 38316 7319 1200 5353 38317 29596 2178 29946 40865 10304 42815 39326 25574 1163 14370 16975 27302 26674 690 33869 18193 15126 5490 40454 37687 31980 40512 42887 32835 12765 4499 43806 26646 41578 35691 
91 76
7558 33494 37345 36384 29840 493 6775 988 18709 33699 15002 6300 39857 5362 39495 43986 35983 864 18603 35556 18016 43411 7820 38044 9694 36473 12990 15399 11188 36490 36452 35599 5579 16484 33826 39419 32764 14338 32267 12673 12647 62 4994 9035 30202 27030 29369 6890 13946 36132 13174 10066 1080 39556 5575 10570 11768 14022 37685 25426 13927 7754 1011 43789 12974 33526 44638 27054 26032 18679 2795 6012 42834 7924 39609 15601 
92 69
40120 24878 3744 9603 33554 36562 43889 39826 18848 1367 42216 11717 43608 38040 30965 31890 41749 34446 31326 12265 44527 1781 22607 42929 27925 6404 44371 1356 39442 18035 40604 42793 35787 44072 25777 30394 37394 38980 38376 35243 4098 22107 23484 42415 37395 17999 38854 25400 27718 27407 29984 41699 26483 44292 36807 30401 12502 21447 10136 24871 22572 41235 19685 8462 27540 13866 5837 41668 43213 
93 75
18882 5088 31853 41742 12510 13341 18109 31965 2126 1793 32441 26502 32264 28022 32484 8253 7595 9028 3452 17080 39026 43017 24190 22829 35645 25914 17227 21352 27796 26922 32022 29746 18267 32976 18250 6954 875 31147 44712 17627 34454 28112 43713 23166 19617 20868 3188 23838 9025 30494 34255 24761 13684 6027 5288 17270 8949 7933 32797 1243 23084 20281 3176 28954 10389 9086 11451 28618 67 27612 20378 26640 12409 27487 3480 
94 73
9131 10879 27006 13614 35508 29255 8202 26685 2012 19663 5215 23655 40279 9340 39998 16769 35903 34662 32340 1123 17279 30819 5765 29960 17712 9154 15438 14348 6519 23451 37076 22204 22023 12698 27677 33748 32592 717 106 17541 40827 12036 27697 23205 21757 28497 39203 14797 42957 18349 28432 43414 33121 174 6283 9092 29090 21903 37434 26911 32403 41780 17803 27525 26261 33098 30751 39804 6694 35973 18712 22220 7281 
95 75
2750 24651 32385 29017 19469 41494 20840 26719 20417 5246 14893 16014 17590 8104 10685 2220 4840 43454 28912 28301 226 27321 43399 37378 7413 29568 2405 12378 6024 18157 25824 36997 2821 12650 39560 26456 16859 44503 32623 1231 26129 30917 39508 42908 26157 14307 43469 3576 29172 32605 42772 27705 44778 38354 13492 4427 8274 31499 9777 44213 27500 18938 11366 44630 13461 42004 3855 23592 29124 18127 26529 10612 2231 38226 231 
96 67
5664 14922 37397 43602 10754 361 2537 18890 3192 5437 23768 15152 41811 17977 43341 8305 13551 24842 43487 4639 39573 22334 21282 36980 28374 202 3315 1250 16196 41682 38078 40998 43928 15281 42406 36275 15758 39943 7410 32027 13565 3460 5933 24088 25671 43118 34357 27453 25444 32330 40857 1782 34637 960 27508 15296 2804 42446 2066 19684 43744 18617 38214 5553 32032 31830 23529 
97 72
27176 38727 13844 3827 39694 42399 29915 16021 20304 27492 42930 15554 25680 10642 34473 18725 14156 20803 10226 19596 42492 36833 40628 34479 3304 44625 41372 3772 16402 35925 25035 25772 43798 24357 11156 22163 15351 44402 20537 25201 36219 28642 40911 31216 25281 40800 38775 17642 30890 7949 15162 21992 31655 43604 6632 39747 42555 26470 43530 43974 42478 8850 33979 33792 25774 29958 14870 43715 15306 16683 3330 35499 
98 72
12363 32630 38938 12214 14991 7186 10033 35035 39171 12846 29218 43494 25541 36121 40807 39796 3170 19520 37574 27981 37007 43961 16563 37640 15737 33319 36578 5159 39354 27337 42587 24708 44603 30967 6218 37281 1203 5095 43955 8058 3106 8882 4201 12210 22186 13243 18597 29781 6692 9387 30528 2341 37021 21111 4217 26092 22245 6225 5402 26639 11750 15961 29785 37914 964 27692 39757 16586 31281 27412 25928 19779 
99 69
26898 8829 26771 20662 19982 11625 31996 1981 6751 3127 32160 14427 43506 22528 28032 4813 11124 26124 35570 12143 31370 44130 30623 42335 29647 36270 42310 9546 18457 29787 27426 2125 13693 42452 43185 28861 39108 15720 2288 29751 38009 25250 6706 2378 28639 41195 17497 10413 9528 12282 30380 8738 9499 12494 44482 23807 18741 36004 16878 14907 4037 20702 10369 41185 30601 8447 9051 44306 36608 
100 76
28364 33137 34335 18542 12907 12920 27099 10508 543 13262 37979 21394 16287 22774 17772 8013 31496 41889 20581 32807 40945 20525 24046 21679 1522 31454 29693 20187 28876 30464 6442 1192 12317 10058 1882 16434 38605 3839 7880 18329 15017 40050 42156 21089 10383 14040 5165 34910 7065 36777 41945 23993 40289 11321 38136 33389 26568 35701 23731 30459 32211 26642 19907 20902 37013 31531 40627 35610 17972 35236 27748 21412 1235 18113 6717 30640 
101 74
11953 7625 28975 10519 17423 39501 15617 44561 1256 34098 13502 5821 23976 10163 21128 17443 5325 7598 38723 44811 43266 17098 14787 7330 10884 39168 24428 6533 29884 36505 1512 35717 26329 21127 15203 24838 7343 31930 9924 43954 37698 22357 39462 12080 23017 22077 18757 2485 21905 10130 15969 35260 17466 34590 31742 23505 21224 23377 17787 4716 25050 2028 34025 9305 38922 16862 1113 165 9282 546 36142 13127 18640 21585 
102 70
35559 28180 22870 9664 23456 17814 23260 38358 29530 12996 35676 29224 27968 9612 37595 39529 29110 13221 732 4146 41010 34575 8598 40473 8121 42103 24152 24588 22116 3359 28785 38191 5378 8592 15653 35849 26162 8019 25093 31123 15888 33997 31562 38312 39926 34353 10338 13683 17592 6787 41108 22516 29476 4984 20072 25721 33831 30512 41793 3586 16050 24625 17891 39257 10316 21918 5197 26237 7988 23119 
103 64
15138 39369 13384 41892 2760 676 29649 33187 26166 21826 21215 9343 43335 36407 1681 31666 38546 6400 31551 9091 15102 28219 40585 12428 14062 20313 25474 6975 539 29290 1955 24222 30961 25694 32092 3517 12954 9424 15055 28697 37967 35354 17978 6988 32822 23154 17567 44559 38898 35703 38046 12620 43718 10313 27473 7501 1770 37809 22681 44160 21643 21188 42225 39619 
104 73
39864 3643 2017 32614 35319 40417 6644 31190 24856 5737 15383 4332 8450 41803 15553 16244 14380 37301 2365 25921 3941 23682 35497 18069 1697 6847 32943 31443 15478 41073 12591 25232 44179 29883 7114 42262 12865 6817 7150 30778 12204 11050 8131 31780 26720 35265 42362 35613 5505 4473 19909 6826 4641 44393 8228 9688 3270 4278 32535 19269 18188 8654 39961 12344 32333 44395 11198 11863 35024 17151 4842 7770 5470 
105 72
22216 33543 24818 7461 8854 14628 14447 23938 4380 2656 7789 1790 32634 42894 35323 30634 3195 6564 40493 40254 2888 148 30902 8697 42917 1217 26141 20275 38163 2317 3672 41734 39917 27215 42247 13018 26820 27185 42350 30533 41467 7863 19087 44703 42187 4725 10693 35069 25538 29752 14342 42548 2412 39659 1090 2940 29123 39172 3446 17661 34426 8399 7087 15842 43507 3455 18544 19208 43613 22110 1381 31098 
106 67
20488 37290 4072 26130 25608 22311 6561 25339 40388 35138 10342 30302 18898 588 4950 31856 8505 7528 8519 40992 842 33540 44294 38826 11397 10031 5819 28247 20712 16331 17392 6812 3507 15229 9991 19350 18932 17657 5233 23336 11924 5478 5322 26413 2098 6814 36970 11486 29198 34071 13071 15627 15555 32849 8910 28925 21223 41841 15576 25755 20381 4118 25590 9759 12617 39401 37044 
107 65
1727 20798 14234 27415 15643 28681 36638 22073 34020 28199 31409 40382 14598 701 7882 5617 30805 19341 37567 19697 37089 18459 1104 16116 7977 29010 1109 3087 44267 28102 26202 17169 42278 9745 14402 34147 20217 7032 6839 12419 13002 7316 4259 19923 7269 33593 8878 16620 29350 9232 26281 38915 33617 12701 39470 27893 37276 34992 7136 37453 36946 24961 4214 33604 16029 
108 75
16056 43039 44648 28789 17781 2917 27225 34408 17514 6161 36410 25849 5446 27123 23835 7529 21148 35142 43137 33033 2370 11971 2040 31280 6683 29630 43569 33772 13570 40137 21377 13888 21183 41374 17831 36429 602 42044 27815 26835 10858 43886 4564 38569 20409 42561 22904 25389 20131 33681 44746 42862 37088 20199 29592 40130 44615 36597 725 30451 22525 5799 37876 9642 1699 38856 19138 33845 17123 8916 29998 17828 4864 40227 1085 
109 66
33524 43368 41871 11149 36168 22969 24868 40319 35321 44812 21381 30428 3278 32986 34490 1880 44033 5974 32480 33546 42557 20162 16812 36420 41868 14353 10205 22394 16567 1441 4079 25146 23547 426 39360 23535 36436 23468 245 9037 21408 17619 43847 10480 877 19950 26052 41566 36044 28627 19277 38164 37317 7912 2426 7122 16521 35356 7203 21691 27483 37211 12129 14877 8951 21180 
110 62
31489 9707 34883 31479 38639 43400 31781 17710 29571 21011 15678 40315 38201 25596 4741 23830 27087 25241 2492 29651 7901 10613 9850 44651 7474 18689 35989 8634 3891 35014 25380 14410 18437 7446 4681 18808 331 17440 37547 41575 34254 29893 19852 9408 25903 13412 3458 2835 20403 33561 4505 3407 40858 39013 5629 38295 28436 26717 27669 16548 31181 24378 
111 73
24454 25453 30239 2421 13666 32271 37303 12045 23752 3704 17121 39900 14181 9803 26919 19332 32725 15014 6379 38481 16376 9634 24903 39548 38661 19513 27930 10146 15222 35036 5961 14707 39582 37169 8195 23394 109 43550 2143 26406 43643 26934 42172 33419 7160 34585 418 3588 8751 36705 43058 23480 30288 42092 21234 19811 41576 1899 40256 22140 41735 3423 3345 26743 21844 33139 20398 20534 38490 23162 8486 4439 368 
112 67
40090 5340 8648 35930 18623 26263 36800 20064 27965 18078 14978 30445 42627 38876 12639 15718 12754 21499 13112 28978 41079 35680 27850 16224 41162 6746 26441 6805 14087 19678 28013 22913 25364 42962 17252 33040 9357 41983 19195 29266 15712 15421 3622 25064 21076 39275 41153 11729 9478 31772 22902 575 9875 9717 2647 40556 39742 43537 37 8293 29086 6808 17012 20165 7294 10139 11714 
113 69
1810 21179 25936 5709 8630 34070 24583 34416 28682 24526 35988 44076 20097 48 16642 29623 23418 28624 33913 17167 39738 4087 13233 1773 14511 28846 11600 41596 17851 29386 27421 41098 40798 44118 2700 37511 28458 20287 2010 19646 34084 11378 27139 35493 12007 44310 39502 1969 15380 33273 43463 32116 781 31943 20973 18332 39601 42289 28648 12319 17607 34427 18865 14312 16083 14768 17365 40725 21166 
114 66
3529 40430 25725 23585 29138 18137 4111 1063 24790 26190 27 13294 35875 39047 43319 25182 29274 4881 179 21225 34803 10771 35994 33487 26311 23375 43188 39941 1745 43967 27809 42029 39953 44543 27962 37701 28843 12687 28357 38485 6953 13232 24847 23526 7926 10498 1750 1891 205 21638 12158 10362 5051 17174 33077 9555 2339 35924 37490 17240 13986 8998 28571 24678 16251 12307 
115 70
24101 40751 21061 12663 17047 25430 11775 34972 43036 4790 40356 8880 44473 13980 18887 12876 28763 21315 19079 6203 9385 44413 22906 14734 40336 17527 25798 34393 32314 14360 36961 29497 35506 33023 5045 42493 31340 4232 22935 38054 39218 31582 15040 18098 35358 35527 13988 847 38243 38048 41821 28551 31317 33088 39019 22757 5647 36278 14097 17224 15414 13320 38963 13575 40982 14018 36304 20802 24143 32867 
116 69
1920 43790 8849 8033 10199 32679 40533 36478 42705 29384 36559 28727 21749 12119 26251 28968 32338 9995 1169 26563 35315 21740 12068 21478 20720 4644 14538 9710 22547 5935 6102 35206 25919 12838 10846 29803 4374 39381 28456 503 16384 33964 5811 8671 10214 2662 23090 35525 13249 38112 26283 14244 9925 39647 14596 20678 8476 29509 39254 23912 27507 15354 14742 23270 2862 42946 25031 33875 4479 
117 67
36468 10301 40517 3696 44758 3354 43065 23372 27884 21803 6965 9998 28186 10104 11048 4285 42005 36109 42706 10959 26602 44732 30602 30474 16494 20001 44284 36299 1878 14864 44211 22762 43610 24298 35157 7719 5259 33166 19411 20283 4130 29023 44841 24649 44389 9324 16571 14904 30301 16359 26754 36692 23572 33854 18747 42621 10292 15244 26759 19802 21254 8468 39994 22602 43520 42343 10914 
118 68
24929 5565 29026 4606 36741 23152 28108 10904 38262 19035 16450 10359 31934 17028 14802 29371 14092 11733 11423 13033 30519 26525 29931 31760 24451 12329 2770 28720 33815 34211 7368 23053 13230 34779 8571 7787 36276 41151 10196 13805 16157 5868 13751 22324 24644 44529 7814 6089 44490 7004 4709 14844 12026 22606 12929 19881 10631 37470 11603 20394 41432 11342 39402 29501 10534 16843 11038 43352 
119 73
41224 19036 32816 37614 24770 25170 42213 40250 10581 39756 27161 23466 32562 26067 32964 36573 27556 8857 33071 26430 26385 30727 12775 39106 8134 37620 33247 31373 33054 28057 31248 15512 24784 38181 4431 5766 15335 31244 44207 15855 15707 27910 17296 4430 13459 5198 31187 26809 27114 21859 12643 38130 8657 37801 19456 34402 12294 41887 28760 12090 17554 615 7069 21519 31120 19781 37139 8623 40135 3218 22544 35517 4839 
120 62
3144 1720 27777 18614 35224 9236 1198 14157 39312 4646 30421 35658 17620 22429 43253 44378 11766 20184 21080 14124 4933 4594 14054 15844 26051 19901 34495 25412 17368 34390 10604 26671 36067 10651 34620 33866 37939 5482 42348 23920 5900 10544 19106 29006 34184 27757 24498 17044 22743 31392 28974 513 33041 39674 38616 8825 25485 28966 903 3989 27036 32559 
121 71
6072 38659 39798 22167 3104 35545 16714 37099 1815 25036 12159 11409 32402 23177 26869 15054 25199 34209 28375 18959 44044 32488 24165 24835 25333 6718 27703 44264 16190 27805 31843 572 9561 33569 28412 10847 28306 17159 21216 21359 28745 7315 27833 28184 32098 17083 26144 5977 31168 6059 43710 6288 44641 5644 4083 23792 32121 23215 40361 32269 31416 7805 7810 1491 20931 20604 23363 16881 9884 42795 20094 
122 69
10179 28794 32583 14527 34067 22646 26947 19252 14685 22802 29531 23902 11918 21328 37739 16168 445 29225 9292 2557 32066 22145 2922 1004 26146 33078 32460 42987 15146 6428 13497 10056 38216 18384 10511 4952 1587 42249 33591 44531 41136 1818 24865 43564 3969 12523 35672 37847 44519 29352 23822 33539 7628 37283 13707 8167 15551 43291 5687 26651 5512 8416 20593 14680 6731 31706 1146 1018 33350 
123 67
14442 38645 29032 18453 33150 8509 9265 1669 2782 16132 40176 6432 29940 2359 34767 6673 39431 8862 39050 41982 39398 35923 30950 6776 2560 3052 36607 39911 18718 34773 1575 39974 44555 3093 44401 10514 31404 36206 44558 6786 31502 20257 12770 12633 31239 20117 6388 33904 34467 22580 20603 3065 28468 12625 41754 41973 40999 21995 17363 18460 16816 22859 228 24906 12871 1758 13770 
124 66
17216 38797 25889 20807 443 9052 30691 33725 11029 34993 42922 42269 16512 986 307 974 3698 38638 41471 14184 35363 4904 35740 1054 3068 1473 10323 1227 28943 29741 42821 41886 28355 38743 11344 14363 15608 29091 22735 12623 43441 32376 20914 11153 26961 238 38796 36611 41426 3479 42327 43699 34937 43825 12970 22929 43122 10046 27859 9916 25029 17741 16429 43460 42016 43210 
125 68
35763 35412 9262 20559 35192 26239 13828 34981 27714 17333 21587 21480 29698 33782 11891 16830 29869 1805 42526 36363 14131 32826 43296 5468 6761 30258 24622 44714 13052 7974 31231 24306 19362 34342 26658 7338 6821 44135 24982 43431 21867 3932 39565 31762 28649 12666 19225 42104 36152 1281 11747 13190 2075 38551 30236 25809 36081 17786 37463 28233 17609 37499 38053 19587 11735 39776 24923 11590 
126 68
4413 32859 8327 9359 39728 20641 13698 35520 15588 5081 38609 11315 23788 19021 18048 423 24578 28652 32645 12447 27427 42166 6638 6221 27587 3486 18216 7792 987 2401 24978 41564 38729 10697 32443 11939 3193 34042 35754 3660 10639 27363 32327 42050 2223 33337 16848 39040 1103 36811 43250 33779 26369 43037 40968 11257 22976 38530 12887 8612 25095 42128 2954 16697 1676 31270 31811 29030 
127 68
40692 37018 26523 44702 26309 17794 20241 23462 38696 23352 26152 43748 36658 7945 28585 7332 35793 17074 29995 20367 27877 567 11832 24084 32844 198 8758 5371 15191 37872 13994 22085 8298 3574 14898 6328 33825 39085 23800 8432 19478 16986 21958 40996 4522 5870 13180 22997 32058 11864 32115 38249 28177 28725 41743 26089 21687 4138 10945 33575 28502 14235 2385 29300 7742 1413 38627 14035 
128 72
19275 36364 25622 39073 12546 29860 7545 43234 28706 2747 36279 22748 37568 15824 36401 44376 20491 20046 4551 10346 39693 39110 14133 40213 11408 17901 33968 42308 24696 22347 27379 40469 20942 32834 23113 44606 2938 24340 32944 44806 13547 2114 10133 34556 23887 38549 4187 14129 17762 25764 2860 40592 15259 1551 28232 18641 10026 39537 16404 30595 782 28277 37534 8053 2000 35052 16004 18826 6074 18769 28154 5561 
129 72
29576 38184 1238 35070 7950 3384 20731 35526 27792 22773 13631 30092 20595 30977 38821 29694 3415 14822 32655 7012 36948 8360 12358 1999 13327 19410 18161 3346 36706 2117 26225 35557 40064 9618 10710 20093 34963 32914 30251 33183 14397 35113 16118 9797 844 14873 10634 18571 38575 43489 19620 34665 31456 31948 11334 13825 6076 36532 35779 17595 27329 6240 6175 38431 5621 41119 2977 6147 24643 31486 5848 21647 
130 67
14743 42358 43969 41472 39426 43144 29870 26035 29098 33053 43816 4808 9556 22706 25229 12786 24073 29153 6903 23444 38956 15181 25707 33581 1722 20794 44840 40058 12681 32780 28472 37942 7851 40241 14738 39022 1741 18333 37372 22062 44462 9267 5997 21422 33814 752 32394 23271 20547 34013 31185 43868 8730 30019 44728 6531 6825 35257 17317 42287 9769 16323 15430 38584 5330 29947 15427 
131 64
32537 39384 10448 3197 35723 25510 6145 10200 34552 30351 18704 2714 23161 40494 20697 26948 11724 25022 44548 30328 10992 18308 37264 6483 21434 42087 22898 14512 36312 27255 43239 11343 24537 14005 14931 27882 25162 36949 36708 20192 4455 16174 19276 8711 3167 34252 1808 16001 44727 17313 4555 28504 41543 13655 5347 43723 10397 43350 40626 10770 9014 38664 40169 24601 
132 62
35505 23079 591 6567 22701 42440 10939 17928 36489 13654 33822 33857 22274 3439 2539 38166 28972 30804 38623 30701 6202 27406 38224 33679 36083 21964 8225 26472 15076 20278 28042 27926 35856 33186 38777 3628 2092 5701 30009 30775 34438 5845 12333 21968 3430 35119 23414 28678 21617 15996 22004 35387 32782 19743 2039 23525 19720 5317 2410 3323 39043 11794 
133 65
30889 11211 14251 9396 1791 42585 12279 15100 42511 22819 18973 1049 40671 1803 17483 4918 25166 728 38519 23015 37934 13445 15485 480 5367 21692 34486 3085 41665 432 24127 16569 18281 29782 17931 27709 18085 40574 3237 1807 3892 30671 17069 27055 26471 3365 24104 34391 23365 21007 12818 14322 4560 44382 11337 37183 37562 38382 36427 7351 4769 26277 1490 16233 3958 
134 66
41234 42806 42328 10531 36845 6569 19503 33884 13607 18399 6948 30670 15429 28307 24612 1013 4288 3396 2229 22402 25041 25099 40145 10999 9622 24591 19897 41308 17280 11517 43617 10772 28818 38794 26606 32560 3907 7132 5534 12483 20521 15114 24326 5445 30072 5787 14334 42054 32045 38807 15286 15663 2193 10899 14335 28958 23643 17594 44396 43115 40294 23280 26505 29959 37943 34100 
135 69
17411 20039 7692 42685 19530 41109 32617 41333 2196 36838 26662 11282 28916 13831 43900 11725 16073 31845 10048 9441 21752 7536 25527 34329 32181 15336 10897 6530 37812 32457 27398 7044 24406 25258 19836 41677 24780 12566 36674 37682 43300 38969 21457 25304 4640 23986 32659 2217 10869 3081 30615 22178 24445 11982 10928 38817 20483 41483 39988 16797 19609 19144 38944 4019 7395 15115 25544 40202 17415 
136 60
39080 21082 14780 24007 38398 7849 10702 34749 38924 40701 38427 15101 22700 44106 13750 22306 44386 15121 26468 35530 12590 43741 39465 42043 29217 44011 26811 21943 32432 39748 29512 36523 7079 1596 19194 33656 18484 34124 2165 9168 33155 20540 18139 43095 11702 22456 30577 14194 32573 19769 14088 36358 15432 28922 4608 26692 5350 35682 42958 19493 
137 68
15578 9808 35828 6904 26352 39648 23531 5093 12275 23078 1355 9606 9434 22589 34000 43970 24725 2248 40440 22590 4723 9297 30453 36421 29434 22141 41171 44337 16185 14349 22416 21911 36222 13929 18526 22507 43247 31138 21117 31488 43205 829 12841 24714 14662 15744 41879 6085 19156 15575 26463 32567 20513 35490 24716 25950 18587 18089 37111 4144 6755 19070 35719 21708 321 27100 25160 34087 
138 70
5874 35086 30772 17199 40292 24746 4469 11599 10989 23366 15390 15291 17316 13688 15468 36293 1454 28113 23600 25988 16180 37124 37174 36440 39463 31084 30371 18912 12220 44431 20460 2069 11935 5300 31268 26417 25416 13236 12805 12070 19564 6802 31703 5388 42386 32697 15932 14269 4363 13583 42412 43457 7682 8992 21250 28339 22213 31137 4224 34231 10319 43546 24433 8316 28815 39260 22566 33541 17251 29065 
139 70
39812 12992 32686 16390 4408 34362 44591 4618 4489 2773 30975 26394 19299 1910 44377 26549 10982 2885 12537 23184 32203 8780 12375 13197 36901 30511 12902 18878 28563 29343 14793 512 33647 13402 4295 8173 44119 20408 27059 38411 3888 19972 38338 4200 27670 39033 35789 32727 33774 13629 11988 21264 32017 11903 25233 9990 18872 30291 5415 1883 7109 6635 13532 43780 20325 22890 10600 21349 15109 6011 
140 65
500 35046 4787 8330 24202 13401 38258 39219 21537 29675 37181 12575 30897 7003 30837 15781 25456 1861 2201 1889 38859 22901 29459 27727 7726 11630 7798 19790 10756 44748 13252 41595 678 28963 32610 23209 5560 27720 23709 16365 43369 43191 4036 41388 26403 3547 25893 7687 38157 4113 9632 14825 36282 7821 25546 5692 41880 38103 16718 5641 17692 23515 15420 31973 40674 
141 66
1173 41260 10358 15270 4326 42486 38842 18514 32554 10891 4405 32966 14549 27891 24855 24910 27042 6860 34425 18020 20235 22661 32448 26437 43143 40877 37443 10142 3575 24132 944 24083 33668 1574 26959 18871 43703 44410 38405 4793 17863 36831 40721 5108 32765 24890 24189 40772 12747 751 38093 31420 15462 2991 8772 10479 24230 1549 20705 44677 18976 13645 29909 18628 15266 44767 
142 67
29779 24130 43282 8768 21536 35573 20296 31966 26745 43183 11738 40569 23014 7671 31702 13153 31056 40179 7581 38362 9701 26786 23720 22862 14064 22325 24156 22251 35079 37993 29912 10843 15139 20289 31122 10165 9009 8147 16416 777 24888 25373 19480 16285 15413 5164 36840 20710 22035 22732 30242 43012 38238 41736 13045 6402 8390 19787 1749 34935 28589 20947 41977 16393 16895 39933 12641 
143 68
938 14114 12262 28543 10987 2132 34599 37535 13857 5867 30348 26209 14925 6723 5510 2350 32563 32094 26889 35337 43945 43459 8602 812 43354 31652 41563 28405 43169 22053 31701 19215 19399 22609 8371 31241 12987 18901 5807 26238 4009 27708 6535 39790 14478 24242 20085 13446 30799 9845 11044 38566 34649 16945 15543 33124 43548 11641 18134 3 7645 11809 31556 37396 40128 43373 37165 24645 
144 63
4006 10910 28731 10246 26289 17789 21063 15836 599 29263 38852 17829 36462 42711 34702 13436 8474 10933 6736 44579 888 1332 14142 29021 5743 2502 34810 44655 44174 3738 40455 14450 14689 44400 32821 22612 38823 21625 10118 12773 38278 42432 43857 22160 6383 1278 12714 10190 31802 27471 13175 34392 17734 34975 6137 34505 8733 29516 32748 8842 7159 15755 34372 
145 61
22865 31068 30980 35343 34293 10273 19698 33813 25460 36645 27260 4872 12416 8899 24089 32740 25719 16277 17540 20132 2899 9458 16673 29734 36442 13241 27220 41184 36406 30763 15174 14914 3216 38978 44045 17812 11301 4844 23455 28583 30801 13739 14697 4548 16460 23728 22287 41617 6876 43636 34265 9369 22227 1977 41584 42007 39848 31385 1147 17092 1370 
146 61
22543 14104 16192 9783 19218 8247 24486 42429 14159 28892 34121 5442 40988 24324 7033 7783 14316 5029 30741 21044 41660 794 15320 24058 38986 35486 16449 39587 23404 18659 44422 38608 20827 6295 44170 34295 15972 16655 43486 44007 20939 40085 10231 26574 793 8323 25209 27923 40153 27399 39231 17966 34807 36771 16229 5268 35522 33925 33208 35612 12790 
147 61
7713 41336 17974 3468 39617 35572 31896 33718 27700 37207 38146 24671 23083 33119 406 9739 42305 36902 16518 19198 32866 25417 5202 1327 5032 7962 9486 17516 37903 38195 42736 42384 19725 43226 8959 41844 31509 5891 41058 37353 29441 1702 42614 37054 32479 33045 3296 14755 22650 18796 36055 14770 40617 15476 791 25975 6281 40921 14547 33928 13256 
148 70
43930 38567 4659 19180 42409 42180 41641 7492 22723 27775 8725 38234 41222 15735 3997 25476 27200 13933 6244 43682 2495 16202 39957 39388 32234 1194 25204 2484 21505 37883 21896 20507 19140 38513 37740 23962 20386 25668 19387 6762 25115 3841 7450 30869 34619 6182 4732 2029 4381 14020 30500 24219 10975 29691 9629 39940 23729 39733 9227 29052 12955 16106 9596 32508 8178 28927 10894 3760 2233 12203 
149 69
28322 26125 8481 6708 20551 2988 10409 41953 37468 3180 8423 19132 39666 31735 34148 28788 44816 11169 34161 38340 15423 39954 24020 10298 43375 35507 13848 40300 38213 24286 2199 15365 32213 21574 38127 39460 836 34423 6854 36609 34893 1875 34258 36742 1154 14900 41610 26217 14544 37235 36015 33134 39590 37438 14246 19854 21169 35782 33498 22065 37400 29422 31924 30541 19033 35539 10673 24796 27840 
150 68
11855 23632 32002 16044 7601 14179 14075 38085 4061 32973 38149 25397 38814 1700 11829 29196 7811 33459 37537 34290 7802 34642 19778 13167 26 10347 39337 22034 37661 6255 10394 19801 42244 37354 16635 6421 29072 34663 25895 42421 14286 6559 18106 21255 31888 7574 38379 36113 11890 33246 33409 12599 35091 15729 12235 32171 33371 16829 1531 11609 18244 23409 554 7859 7071 18492 40848 4532 
151 65
30388 11250 16639 39012 3853 39598 35163 20653 36726 37034 11193 24146 18482 21760 6960 3641 13358 12504 14229 29622 31019 13604 42196 11306 15056 16241 41262 1846 25145 12789 7966 14361 35594 1150 2520 14023 27276 27856 22219 18148 2239 38658 18662 7867 5016 4812 23661 32747 37198 30966 19864 36257 15213 8987 17114 18088 9209 26945 18729 15924 31571 7456 41166 11569 11052 
152 65
24977 16067 33226 21948 22496 20600 34073 42761 21238 33935 39064 39220 36037 19015 31640 21440 16728 2086 4031 24952 1411 44595 33728 19569 44098 43898 10013 41506 42048 3996 14475 36647 12785 1069 35611 7449 37155 4738 35957 17989 16211 15604 3577 23201 18945 39481 21812 14024 43194 4158 22313 6844 16630 23794 25998 1435 9378 6186 37329 28701 14901 32711 30949 4117 35886 
153 64
19761 41856 19374 16138 8877 41571 13353 18179 6782 19648 29 30304 35952 41066 18093 21066 5391 19579 7441 18593 25681 38237 26883 6034 15236 23587 32070 32620 38593 41342 27726 36366 34831 5068 43864 17560 3688 35871 35348 36249 29188 44824 10729 7376 4854 32298 8389 30129 24150 16167 39949 780 20569 6302 8097 19467 13269 32123 22588 10865 32719 9372 24534 6090 
154 66
37101 26857 447 36225 8456 27475 31024 29216 36552 17283 24821 41689 21509 16354 33678 14356 24203 22290 699 26337 8027 7250 2718 18814 37582 1096 44156 3943 14702 8469 27312 7238 41250 44013 10809 6963 8048 39574 21839 21796 27480 21527 2383 32076 44335 16223 1369 23047 24693 18173 34226 7196 24825 19000 21677 13452 25710 28544 27865 43155 27147 40496 35446 44351 34996 5299 
155 66
9753 19232 2059 25977 14905 11289 21100 38531 7468 14826 22653 30167 16265 32482 22462 30179 16263 33919 22500 33961 27285 1823 14972 29319 39910 32672 32557 6217 26298 38500 15184 24118 24390 2056 30245 15670 41081 37517 18370 24967 7871 13970 22652 33846 38525 32984 38945 9132 24999 39089 19733 22223 34574 41111 33299 17839 5597 8491 9563 38669 29448 38558 27783 27765 20541 11155 
156 58
28888 41931 44158 28268 28115 4943 8585 39293 20013 14774 18443 40045 32405 12833 16989 38838 7138 26783 23646 14158 34905 13985 30398 3039 16775 18170 23590 10501 169 20444 18568 2857 8831 19115 37808 4238 35788 16885 26007 31611 2948 7537 29053 14833 13371 43260 15823 13796 17628 40893 31293 8463 12100 37414 43527 2375 23667 28858 
157 63
40346 23543 37842 24912 8993 23724 21030 37156 34091 30374 26908 40306 381 582 32207 35252 5828 19812 43322 10160 11163 2570 32398 7743 25677 10471 38877 6625 11430 9520 9886 4506 30719 7622 36156 36510 3030 19366 18513 1430 19588 2818 42840 5109 6713 43863 17768 30081 33393 27546 1371 3290 39488 157 14909 43360 40020 23384 27384 40474 24931 42263 36296 
158 65
6344 23816 5691 17742 35966 14001 9949 38305 34481 37052 30021 36517 7991 26269 10235 30435 14220 9748 8597 37160 7045 31846 6753 7656 25675 22800 28640 26061 43476 19700 20218 8207 23374 29303 21560 27315 27608 34623 44319 43000 10314 25876 17433 32925 34286 32578 11636 44784 25575 9346 31000 9653 15128 44318 36856 1300 32195 16745 8044 13576 9549 6832 39725 15719 12576 
159 61
19994 8403 14321 40355 15672 21099 19606 19964 17770 39929 30989 5174 2209 2031 12969 177 10228 22750 43038 24442 26194 1526 8785 17817 43694 35864 9517 27457 42191 21193 23656 4643 7146 9855 39925 42956 16813 39571 1610 28782 4137 20657 8950 13735 9587 32806 20463 43268 14386 9639 40061 34545 4899 13562 25356 25513 29258 3714 24900 3058 655 
160 65
3500 18699 10849 34166 16288 14950 36461 35942 30087 36774 18117 26419 16338 18272 23320 25154 15585 20729 31075 36853 2222 3447 6417 8811 34977 38254 25739 9608 1776 43668 29298 22460 13738 25023 34917 41314 13139 18734 28103 26926 11571 11760 12573 2717 28889 14256 38923 8540 44164 16966 33353 42703 22767 32119 22367 30098 21604 40464 21686 26894 29170 22860 9964 18825 22066 
161 54
39193 25140 25715 32429 6689 32229 16458 3302 4651 35567 31759 16124 20198 13560 574 39493 44109 26800 14057 20614 7405 9638 6774 10193 22824 29900 1498 7893 3025 29175 44177 13420 15328 20077 44415 1582 23760 37546 28792 15044 17968 26254 7366 17006 33275 40339 7218 29079 29506 31939 9414 5778 31647 24464 
162 61
3821 12175 5294 41459 36198 38032 33977 9298 23441 4951 34012 36348 29503 21893 17510 4553 4371 137 24728 15600 42831 28119 31882 9124 17918 21763 14052 1000 830 40338 24408 37700 34131 16103 7263 10444 34515 34149 27289 9195 5818 20204 163 13687 11426 12420 37247 43679 27739 41251 40065 6667 26794 37161 20451 29108 14069 18379 33034 15940 3419 
163 63
19546 42394 1628 845 40668 21172 38691 38632 39576 20579 24570 25657 18577 8331 17282 43204 43739 4913 41323 1348 36140 31675 34740 23614 11921 37255 43583 39143 31810 19746 2707 15945 42886 27206 43952 10791 14327 40680 29353 1387 38017 22577 23645 10872 22919 28905 29446 31074 1537 16767 6575 28859 26669 15007 23008 13265 3566 9033 681 30506 35326 40208 34926 
164 66
14526 43076 738 36527 85 20717 14817 26569 24178 29184 30199 21530 20718 27899 4695 5348 34229 18041 5713 8566 7268 14810 1077 17895 1459 30573 40275 13789 32730 16633 4815 44709 43665 17861 506 40121 2512 36985 32242 21214 21220 19139 21475 41008 2839 18187 14559 40296 32336 6824 11579 16670 28527 31226 37048 22299 27610 2104 41837 16627 36988 17362 44023 13740 39554 44803 
165 61
16831 23844 10611 9863 2456 486 8830 33009 33971 34692 3898 22758 21271 43462 18807 22957 668 17073 5398 7179 37172 3314 36677 15459 31665 14599 6728 42057 39010 13677 43584 40157 25651 4958 3181 18831 19293 6542 20943 11355 20721 9288 15674 44432 41568 35579 19176 4789 25025 695 5708 41207 39088 42299 4859 31194 24538 41802 42692 21635 28218 
166 67
13135 14378 39799 4395 43483 10967 31757 14456 35439 407 23640 34715 5311 17693 31952 28735 28840 21954 43700 12849 31369 12118 44742 30305 16675 35726 4604 5955 40985 21550 25225 28560 16671 37224 25930 28263 1762 7731 20137 39474 16160 20904 31497 19335 39843 11757 27966 37538 12376 12054 26841 20815 19682 42687 11043 43444 35617 21245 26305 40443 955 1065 37954 7764 7619 4611 31871 
167 63
26572 2493 21706 20542 42558 37718 605 34198 40640 41263 38565 16805 6419 15057 22922 23977 13244 20889 17089 4585 20370 28660 20071 536 17559 44421 10909 41968 43302 37297 15849 9640 1802 43788 15775 22576 23094 4997 11926 25124 3352 3699 16104 1399 17036 33496 5326 32046 26762 41245 12024 14452 11966 30447 44005 31714 36870 26118 2665 3991 13572 19934 42618 
168 61
40393 40487 15419 41031 41409 35481 8435 19866 1637 39006 17646 26817 27239 5368 9148 18433 17087 29325 2610 41794 31835 21331 21101 39712 35551 33626 3341 37510 2875 29323 28411 9187 36208 33277 1721 1219 34846 43440 20315 680 11034 37497 21666 1337 17650 29292 40193 26501 41087 6448 1456 10782 30235 6095 13414 16564 18125 3725 30968 27140 6057 
169 66
33719 10722 8268 4662 30762 39382 11699 12983 34213 2326 34514 24177 40476 15771 25603 30195 30750 41593 28586 7605 25869 26611 6345 36563 25722 42684 3417 15275 36979 42997 3750 21360 20618 14082 20277 749 44607 18298 38498 34002 19495 12704 19217 20267 13885 37064 6166 2151 17290 36825 32245 28230 43450 14850 39332 2263 20223 18237 13653 43502 39126 6437 2711 9582 3028 14715 
170 73
34333 4119 33942 33044 18040 17816 35341 36842 37447 29659 26402 42211 27356 8601 40010 1679 19253 1343 22244 33331 19512 30953 44802 4586 25235 35797 11940 22400 22261 31928 4559 28945 20899 16441 39128 26397 35279 672 30561 11461 44222 34984 21319 12383 37188 30892 11082 35400 27303 41211 37938 31937 17379 38150 35381 16399 6716 32082 24184 2108 38850 30058 21689 29048 23845 33108 958 2391 4409 38207 8112 32346 26873 
171 58
34480 43600 11138 14076 42775 30086 3112 41080 9189 20220 11488 24186 42883 3120 11183 14959 36146 2900 27335 15980 12676 8415 18956 13910 17145 5012 25634 8666 24737 10870 33574 42589 2387 39973 8511 35304 36123 6374 23916 8740 22533 35846 39810 4237 18260 14506 26199 37732 1106 9084 34719 41944 34890 16348 33359 34694 10300 4095 
172 59
39053 3659 17976 37604 19987 10117 31250 42120 18919 36047 34035 30122 31081 22958 29518 21292 33201 9831 44454 42629 5172 29821 21940 18175 19363 28953 44409 30404 19119 13509 15453 292 21143 44132 854 15770 3765 12708 13723 32565 30231 6125 17819 17986 23601 40413 5784 39484 19701 28368 27286 39161 20213 11908 9950 40832 30151 28907 16514 
173 60
34709 30255 43678 30047 29535 3692 25828 40248 22335 11703 43599 34653 6721 8678 13676 23197 22135 13028 39801 39123 19160 36636 40821 15404 6475 30321 5606 37106 27812 1017 1629 22380 41154 6103 37489 42286 26323 13573 2738 35154 19633 32232 10028 7034 3301 15532 24201 5224 32893 8485 17555 35194 14924 34825 10587 16920 32237 5286 2636 30943 
174 57
27852 13143 33007 6836 6286 42896 32829 18214 19989 35197 17824 18436 18869 25791 3695 26769 23338 31302 22651 36922 13158 36062 9963 26338 20892 8022 23329 33322 21961 7934 36247 1129 2671 34629 25338 32556 17383 11444 40660 20968 25196 38086 15470 5634 36248 17875 36302 26395 17402 32683 44617 25913 26556 21607 3939 40773 7582 
175 58
25203 17278 3377 21615 6893 15105 43784 34681 13861 26325 40746 8567 27690 25781 18538 5941 11884 35413 40981 20834 5128 25909 28829 28407 11554 28532 4093 34802 27887 29330 8408 211 7379 43515 29471 7253 12298 19756 43556 18056 12280 22917 29701 251 35697 25311 36255 30697 27102 3453 11209 1778 42282 28890 42309 25006 44314 3041 
176 71
21273 16413 44060 40148 19265 41587 8354 26365 10388 40573 358 38019 27156 4697 35114 27118 3585 17502 29143 40846 16012 42797 42971 7482 23747 26976 5287 6153 20682 15524 41049 23290 30957 42660 20043 11744 40936 8584 14405 11146 7307 17750 26303 14675 3733 879 28959 22807 23636 32681 10676 10340 2388 30685 31279 3705 5920 28285 28225 25535 5132 32956 40111 33151 22815 44444 43256 27192 16574 25830 13595 
177 70
20087 159 12694 5257 1347 30934 22057 22933 16328 10789 2276 16997 17757 42268 11885 3825 12296 22399 21782 40367 12120 30135 2556 13206 2877 32254 14672 21648 30678 22568 40223 2293 14434 1624 36859 24112 20215 26963 1290 24922 13730 23522 30097 3878 3968 5601 20760 26466 8404 29473 35123 44797 38568 14153 30810 32205 38072 44593 42540 32466 30723 26744 9099 40749 43211 7517 22436 9812 3272 12642 
178 60
12570 19047 17795 42496 9276 23104 15206 14823 17785 25761 24495 13712 7264 19131 17856 8681 43841 10988 28634 37860 1603 14065 17057 40908 17355 7339 8779 1694 34313 20673 18153 9106 27524 40948 42539 10443 31398 7035 26536 43417 26650 16940 35935 40018 17888 13373 15375 44042 33938 2464 6416 20459 2300 36963 18633 9841 38447 13952 26407 23559 
179 59
23880 9463 13624 34186 41505 23941 29361 9789 36192 42298 43346 2997 38909 25049 44604 31575 36758 31588 32047 25970 43768 14068 26538 7342 24663 39009 19292 38991 16117 23174 12901 22753 27248 34153 24937 13441 318 13111 7839 12205 38733 6307 22292 25102 14858 9219 10727 26697 44344 33224 5525 24938 44739 28716 40571 28570 22253 5928 12060 
180 66
23856 14705 40781 35450 41994 11319 14591 43848 12243 15034 44766 10598 15274 22486 30141 22873 28399 19303 35878 7596 10177 23111 19209 28401 25580 44000 20996 34445 37759 30143 19499 15237 33404 23206 12257 39225 1433 36601 32399 36151 9774 23842 5181 5533 12491 1535 38395 24707 37078 23840 16210 11482 28311 25844 42722 23919 15199 38472 43011 36481 15934 34908 29060 41065 22727 15192 
181 65
35135 5226 16656 5731 3580 44269 14399 7077 24963 1919 21862 42046 33740 1832 36061 10083 44327 14479 43639 7311 44131 17201 34903 39436 5428 21130 34096 35286 23573 43767 44383 32111 31342 36107 42893 265 23777 9948 33021 2250 19101 5903 30964 40681 21938 8609 29913 37605 16733 17733 24144 29933 37003 26275 18357 27016 38979 22130 40836 38712 21904 27497 44813 35625 3919 
182 65
10935 43288 14712 5456 41009 6456 34801 24040 4056 15187 2135 23735 21284 38965 5022 33580 3173 38637 21235 22133 14167 10050 7305 20649 43415 3344 32255 15614 11936 16401 34185 13574 10725 26388 7204 39616 41077 2808 16560 41218 25819 24715 21094 26987 26077 35338 5449 17470 35376 28435 21033 15752 23472 29285 31842 7650 37422 2524 33527 20597 22108 22231 40527 629 25141 
183 59
10857 40652 35852 29301 30426 18506 104 23255 1196 34899 26925 31880 32720 7885 28478 35807 6229 18652 40564 30 12381 42833 36064 21986 34101 39340 31604 7082 4145 16222 43386 43649 38630 18657 31077 6109 31353 3538 33291 9197 10416 32284 27307 15024 40610 27662 26127 20449 42791 25421 10054 42124 16777 41526 9668 23827 17017 37526 33180 
184 61
13351 24076 17491 12613 40154 37236 16215 13254 41070 14127 40178 22050 33689 33390 15685 35022 30029 38026 14706 26256 3537 40141 23315 302 30675 11846 43464 8989 42874 29390 36252 16624 31419 3742 36335 18669 644 22684 30826 9909 40588 17876 41125 4655 12586 12039 15135 26084 30121 18425 26001 21626 43265 18110 30904 10256 4595 33704 8649 6371 18888 
185 58
5087 30182 14724 41176 24509 40098 42119 43389 7641 34778 7883 7589 38025 38650 12942 32615 35792 26699 42253 30053 60 39478 8897 9793 21836 13717 8699 20383 8694 25039 28098 7648 39755 36137 1016 6585 7533 12058 43232 29742 33783 37252 29508 28141 39921 32412 1840 28398 19641 9067 21348 32846 1115 4338 607 26169 23947 23890 
186 67
7022 28555 28070 35868 18581 33457 16299 20750 30407 32529 19753 34118 28062 43560 18141 18707 12548 11578 5035 3683 595 26774 20027 5054 41833 6107 20247 16783 20041 44472 1701 31522 10922 35495 42832 11528 36672 16772 36829 23439 16230 17507 34888 32383 20642 8054 39990 32958 23878 32903 24018 25359 8139 34918 35746 15644 23039 23911 10699 30550 14832 44639 22467 10908 7467 5027 43022 
187 56
29452 6031 14308 12934 28437 42663 7141 34115 28556 7546 32593 35427 16274 11822 39764 20602 31981 13814 37456 13323 11348 17285 35093 43311 8720 32487 11380 37516 13343 13202 6790 7463 11340 28723 2465 31338 1692 3491 22754 18909 6702 5683 5643 8674 25463 12154 36909 16152 11293 25473 16355 19653 30402 14537 1689 7613 
188 63
26093 28326 40567 30572 39583 1717 4886 9969 42990 23571 22916 10307 5876 21738 27103 28901 3570 1126 23454 35349 22809 18921 31170 1800 24846 7314 22027 2861 22512 37911 18234 32841 9981 31102 24093 33972 44225 37862 5020 39924 41174 13258 4055 36968 21278 16752 42352 25592 4257 29047 23257 5413 7518 21227 28488 19915 20065 23812 38914 33324 44068 15025 20992 
189 62
32159 347 10269 14603 5194 38619 15904 44455 813 26242 8663 26821 41199 8536 41294 35302 28151 12904 40817 33587 3206 41962 2890 29997 10465 25738 41623 1930 7556 25298 2349 23295 13377 16876 12675 3214 25759 8865 7717 8814 30699 11472 41188 38091 38563 20912 14291 14031 7324 20625 42385 17922 33556 4291 4520 24521 6588 18985 175 26846 44745 22535 
190 63
31560 38471 21491 2679 32384 35698 38769 4600 12460 36125 17187 16085 6321 13920 34028 33343 22198 37145 8190 21506 21906 16438 19562 7508 33363 32059 13220 41499 1530 27027 28178 40370 767 17766 10287 25611 29534 20813 30816 32293 16732 21289 1854 330 25965 41373 13513 23834 15011 35442 40938 18351 31974 10741 8203 11296 36483 24528 23369 26738 34376 15913 23660 
191 63
28751 33397 38467 2008 44031 34759 26535 2847 16071 34095 12733 33076 40657 8930 18353 18061 37246 13593 2515 21379 30405 42082 44163 21105 27371 27003 3411 43698 1958 24959 17505 31695 31204 25270 26297 14669 22143 29450 15064 11866 43105 16822 24287 37476 37621 10321 24430 32440 19434 20082 39570 31393 9922 34278 2068 11533 22638 26672 39878 5599 23504 14759 27655 
192 57
4147 18163 34608 225 26923 30689 32078 9077 28795 4677 27937 27420 22283 15231 27503 36045 20861 33490 2841 17521 37565 20212 22795 5677 38989 44399 950 27362 31249 37275 24300 32122 15870 9692 7785 19157 8290 18198 26486 5998 11024 28349 24608 27062 23722 10208 18694 41952 19188 41835 23738 11493 44440 21930 35752 22864 3032 
193 59
29221 24801 29310 37576 33747 29111 14411 40580 38037 25291 14839 39691 4372 9826 35798 34857 10035 25227 43362 13957 32955 42591 13006 29979 36471 27180 5211 8391 4421 42405 8222 19256 474 29261 6887 42275 39476 38171 37330 33762 12951 18049 3955 32360 6116 10210 30077 35657 17403 36023 38349 5496 14006 27070 39038 37253 34348 44303 7095 
194 64
44634 32882 27915 12218 4193 9431 30164 34440 6205 37154 36683 17271 34497 38697 17857 26773 34841 19432 27740 29159 25000 36735 24740 25617 28689 35724 9848 36273 20201 5764 40124 7118 18957 17417 29520 5455 42297 4809 37634 587 24269 34646 638 23924 35447 32101 31328 12475 5864 29556 31291 24619 14026 41244 44465 1157 6320 38425 24373 11574 24705 24468 3600 4910 
195 59
21138 9306 10853 44701 41209 10572 42754 28359 16032 41225 40182 18913 8544 22379 20083 24624 3251 6465 31261 26597 40589 18755 7925 38690 18972 19378 43973 36702 29289 26899 44231 18629 14185 29345 20103 26561 15175 43831 18508 30323 8918 43908 27786 36084 13472 8342 24869 22972 6747 42115 35814 2459 23995 14438 21358 41311 11558 12646 5053 
196 60
28780 39170 1591 36719 24067 27461 8037 42835 8948 16478 43432 33893 22162 23686 30527 37651 7642 35141 19798 27927 16904 32579 24467 25042 40760 11099 32188 17391 32586 11102 43543 33880 7668 13246 27563 3665 14644 11255 14017 12856 982 2980 18196 21195 10283 21924 35295 149 11259 14699 27394 22639 27985 37601 11632 24862 7824 20546 3707 12306 
197 52
39578 37471 38251 3244 35406 40720 33057 7280 33751 19100 17038 3333 11812 9166 29529 1295 8616 25812 33709 43663 5866 25552 36707 11214 35603 26633 14775 8640 8716 13228 7559 33157 39418 43008 28298 4296 2454 7355 13563 30853 466 11406 26607 10067 38810 34225 27199 43939 4275 21069 37896 2615 
198 60
27023 9711 21627 43321 35883 20675 8235 42146 12088 2631 34044 20194 5957 33736 32820 43131 17222 2163 33294 17506 15124 35101 18967 10715 15494 30389 30761 30132 14492 38587 5284 19369 17371 31246 24810 14961 9945 36092 2404 29936 5735 15778 14221 13864 34038 40541 14795 11838 28045 9843 7560 8604 30352 21568 10091 9858 24799 19489 28656 14183 
199 60
13097 43681 30300 3008 41633 42707 43066 38716 39294 31637 71 34378 16253 11605 17519 12137 6669 44570 43521 34882 9794 34597 33876 19441 4582 27025 5046 10250 40146 17879 36115 7049 15144 27694 28686 33708 3590 31903 23973 26583 19360 26295 35803 9487 5461 13309 31334 28066 4256 16880 30261 19896 36863 13421 11181 38819 21950 4000 41956 37917 
200 58
10740 20680 41404 8035 6317 41600 6913 26693 28292 28221 22475 11370 29836 28931 42746 7858 25613 14868 3508 14263 33012 35992 23815 12658 39430 27660 32572 33985 3285 29855 26054 11985 848 18575 41524 30873 38279 31076 44221 33819 41852 3671 518 14860 20404 7393 15862 34794 44201 16024 37763 39785 2183 36005 11689 8591 23864 21365 
201 62
32678 39859 32396 11040 41216 26132 37748 29312 19465 33214 10296 16568 7860 42852 36575 6934 40466 11748 20891 7048 5939 19017 242 20308 21833 7745 8625 36097 40416 8815 39187 34889 41161 21991 5878 16028 26721 37055 31599 15652 19638 41313 38151 13615 14225 18726 2386 41327 10739 27438 35106 35158 37152 8322 24249 17865 44125 44626 21398 42110 12104 31043 
202 55
33874 33929 28121 9004 32377 9417 6463 6460 19555 15208 17589 38341 41995 20527 29429 281 1345 42588 34354 11363 18423 15527 24348 16037 44695 42177 22944 7302 10669 15571 5170 20205 7530 17719 16347 39708 31795 14162 8125 41851 3573 38443 6577 5861 24187 35420 4328 34762 22345 37803 16 9729 11369 10344 15120 
203 59
17622 26496 27313 31812 6438 23220 12500 7829 26796 40522 13010 34830 13355 37087 30706 3514 14199 22323 20621 27538 43136 116 6064 23153 10842 7225 15324 33615 18082 40163 7914 44014 34617 16452 20539 31574 32241 33609 34562 13157 18813 44397 8070 33562 5718 30425 17261 33519 15616 16601 25601 1836 37777 33737 11886 18711 21758 12053 14688 
204 58
7960 37350 38442 18764 31684 33507 10712 2858 12756 30955 25923 312 13606 33548 2762 10535 5469 25330 2314 14646 10936 27446 5746 1400 32004 24204 44435 37284 24346 10080 5753 25708 26314 20371 20335 10837 24889 22501 1168 4434 43595 29834 16110 17102 23755 18573 22151 13049 4929 9450 3035 14781 41948 27320 29829 21695 19796 13082 
205 57
40934 38862 41960 35921 15220 26280 40368 33043 30916 38601 3972 27389 30286 42074 5399 36653 2238 691 24722 3001 17897 42330 7553 25952 1523 6795 35981 23843 12450 4731 21917 6565 8570 10168 42285 7711 868 22856 5157 15117 35845 24820 5566 15461 21883 1572 13261 24368 7282 20221 6226 17924 36635 23733 35316 27625 43344 
206 58
24056 18053 12991 1432 23376 7679 21710 31664 17740 12247 28316 36441 5349 41238 42508 44614 9814 11964 19457 32911 34158 17818 29902 37806 5959 27790 34202 31210 4150 26999 36381 22990 33325 23109 20478 540 41510 38674 29942 24826 31911 13641 22827 37794 18631 31992 23291 2065 22581 18954 26707 32728 39881 29421 29786 42341 5963 9564 
207 54
6431 25892 4076 24293 11401 37486 11187 12630 17110 11275 36624 7705 3700 16556 19381 12253 43178 43449 30991 24266 11121 20319 3584 18838 11535 6797 36360 30919 20321 44151 15030 32858 38388 27544 29865 2591 5188 43653 39640 4995 19348 43331 27674 40175 135 9085 1662 27198 303 27624 34302 23795 34832 40779 
208 49
4700 15861 28100 31411 20169 32628 28567 8703 3916 42738 19470 28055 19359 26757 42079 39201 15928 28756 35929 9862 35327 29519 11546 7848 11796 26086 42047 6282 9015 5888 5589 21229 20166 27372 44187 9287 31296 12013 21039 15480 41814 27630 28511 31358 27830 14594 4782 40514 37430 
209 58
37951 12328 13475 15789 35462 1906 36237 18229 36952 42485 37274 41059 40874 6546 24429 4281 25169 42235 23183 17426 25789 22012 42690 8680 15893 26675 6616 38983 20314 32756 2613 19526 38094 6084 17937 31970 40313 19109 18753 389 6509 23107 23250 39160 33111 495 11910 5065 7217 40023 24023 12157 10073 34568 20664 35176 36945 42920 
210 61
14365 24341 27523 9096 35437 23824 42006 21304 42691 3982 3226 42349 23625 3924 44437 24620 19030 16472 18632 15358 12812 1132 6765 2912 11690 8150 37501 10911 26591 32502 35071 9332 12417 3459 41255 15481 41436 22446 13524 30134 1026 26218 12621 42911 34228 43838 41707 7752 37659 21174 5699 7516 40576 15112 4503 16858 23951 44493 39873 40611 28387 
211 65
33781 8336 22269 37227 1073 2848 12110 26965 31301 24616 32219 34536 5307 12364 8029 825 7337 4148 7570 6525 2269 22548 18044 43555 29444 19745 13737 12004 14557 37498 16442 37829 41636 37916 7139 29485 34289 35205 5635 739 28784 44592 30066 13895 31687 11090 15526 5754 1556 25224 19911 3864 24860 26060 30552 24831 5154 42418 18881 9291 41413 15522 19828 22703 43044 
212 63
21483 37077 17072 36153 39235 18432 38832 12718 38795 11995 17732 44250 41183 23868 6562 39437 32035 32049 9513 33780 8106 24564 1170 30467 6816 8115 31788 16213 31412 10513 29381 17115 606 36745 41407 42503 29527 11524 3208 10105 32951 11662 23335 9736 30386 31776 22442 24191 5733 25051 31554 18054 5887 44111 8174 22915 138 6208 22185 341 35489 8961 38474 
213 68
42171 33607 11637 36339 9847 124 28282 7347 35077 42536 21392 7223 7051 21380 27691 43240 5873 26960 13311 7513 35066 29465 6852 25193 13431 18378 7073 28309 30060 15716 492 44047 39599 29582 24183 41522 23952 20915 40234 39093 22083 10361 11122 41200 8444 30246 17260 38952 36827 37416 5762 36738 15550 24985 18050 42616 12962 19011 10272 43050 35245 927 4825 29066 42914 31829 25711 14886 
214 53
12910 28365 32173 14481 21005 30795 15490 2395 39880 9255 20820 21605 10006 8329 9865 22075 29849 12978 19661 2562 37907 6490 28641 31091 17979 2111 38967 37296 26453 15800 13434 36342 34487 12043 9570 20179 1422 42903 15046 39771 28775 23068 43811 13675 35261 3177 4930 31262 5009 36541 11799 23901 9816 
215 61
30078 24853 26585 24516 36987 30656 22129 41692 35675 516 23021 2728 17618 14203 43929 33986 39492 12228 30848 4222 15780 37325 39078 27252 20230 34550 38241 30702 23820 17615 33823 33711 19024 44365 40350 44375 630 17730 26083 3157 20471 14236 37512 41061 25949 24108 26053 18042 4679 21800 28930 23066 11731 10061 29700 11345 3006 37799 18398 24518 6352 
216 56
11952 24652 44839 17498 18908 20055 1485 37287 37999 4664 19185 39633 1845 1007 1992 44255 26723 39423 10759 6425 13921 1239 8291 10237 23242 9439 12171 16685 43292 17649 4833 1249 39784 28588 38015 13458 32766 30754 13342 11017 42378 11232 38594 27149 2049 39233 8803 34264 26603 40312 18759 42094 35614 30942 14255 5666 
217 55
30886 23963 9436 23563 2758 32422 44289 30830 8966 7072 25439 38936 14975 24383 27323 9392 10946 38421 4804 2868 14109 22708 108 9854 8036 34319 6959 38434 13430 43732 41395 34771 18067 2660 31654 42159 31750 15035 37098 22964 37355 11559 7683 20584 25206 14276 24149 33260 18362 29054 39720 24899 15784 29566 13862 
218 53
880 36330 29197 13691 13229 30779 16013 5853 25306 32428 13906 19578 20841 7852 14139 9514 41655 25418 10144 26198 4529 24744 23361 25525 43855 28142 30913 9735 5703 16977 42317 19958 29699 6856 44240 8220 29514 14345 30607 2191 22039 39029 43691 27609 12182 3145 8460 38119 29924 6785 18277 7584 6619 
219 59
23311 5728 35398 28201 2490 31144 21694 10378 40252 6820 31 30560 29355 27403 34621 31838 10980 27886 29064 25821 38972 24114 34999 44445 38102 16801 37379 43405 36699 7561 27906 32580 14247 43670 7434 15239 12583 28172 17536 965 16159 33327 7360 19169 24881 19097 37439 26097 35735 2715 16193 12496 16965 22001 43722 19449 26094 17673 27499 
220 60
40543 25727 23662 35480 28166 7198 19738 29853 14242 20740 13696 10489 38106 35165 5545 44666 36286 26450 36736 39279 25174 2472 9853 15309 37945 31417 20139 21946 22617 29856 28521 7430 601 26040 19032 18781 39679 39139 2964 43833 25487 13381 11916 35848 29971 1765 2203 24353 23684 10956 39335 37866 8116 23013 41848 18374 27754 41988 30367 2777 
221 50
18850 25057 3975 8614 32061 11300 26831 24800 40871 25248 27132 37785 17640 7738 4852 41552 8624 8119 41521 41637 23821 27336 36654 13416 771 28133 19649 25301 42693 38966 26504 23898 15894 6624 12466 4763 20317 31401 19223 19627 16036 6737 26045 29076 13802 42880 2677 32754 748 17744 
222 54
40861 1724 26427 29119 6357 38734 33164 8832 5652 41368 38634 34041 35401 39734 17424 36931 4841 24976 24567 29540 30133 20816 30802 18055 9222 20299 41324 27878 22086 39145 18238 34223 37890 3572 291 14543 36836 9442 2910 14887 40348 29888 34030 22373 34176 16598 22629 38913 13925 25558 4269 14777 39604 36323 
223 55
27869 15165 12872 8422 22871 37724 17526 30125 44808 5715 40357 19170 41906 21293 40110 36021 2369 17037 5129 3587 36789 12966 8216 27543 37528 15728 1784 34892 3877 32015 42495 33943 22659 38315 15565 18859 32965 41456 32073 2211 37450 19270 16053 35575 11721 39190 20877 36336 26827 25218 32490 16542 1074 9846 40839 
224 55
32746 30501 23935 30707 23961 34856 38617 935 32528 19004 27988 14473 17852 4610 31834 17826 8888 2095 41000 22118 18377 4781 28320 14258 2257 6405 42857 31524 22074 41101 7325 15246 14266 20004 35183 44143 16817 27146 20520 21497 40849 41556 29857 37204 44613 41489 14981 8309 28175 17474 24586 28658 23602 8579 42938 
225 53
33589 40614 37487 32471 17624 1402 887 26859 37368 29382 18834 8368 11640 7557 37492 26531 18461 10615 37591 36799 44204 18474 22984 8285 43018 37327 10818 15068 6429 11550 25937 44582 31446 30095 23597 25539 4843 3865 25585 6508 20288 12249 489 32463 11271 24234 41731 7336 13176 42860 16702 42105 15223 
226 52
26100 26980 12138 10182 9830 36935 19427 7809 26570 42449 17784 2118 26426 12640 42897 20896 28294 12477 22791 34006 10583 28803 12880 41616 28455 23251 37533 13126 12721 40950 9718 19059 2425 30196 14976 6185 22286 3378 39166 590 24513 14546 7041 36085 42400 39057 24665 20563 12619 22776 43326 16463 
227 56
736 28304 38746 19943 4996 2748 9800 13839 42481 37889 25413 11745 14168 15350 11454 15028 35777 28267 16766 11360 3801 34751 21670 29657 18147 21017 28129 618 42147 21825 26443 32873 37344 6838 32294 5200 34900 25104 13530 3475 34785 10593 40503 26203 24768 16171 882 17920 3617 34055 1342 19056 11393 1714 28516 34165 
228 52
33910 37000 16534 30985 1326 27052 22221 18339 13853 21421 9910 38034 20536 44577 2414 9210 13727 36031 22730 15433 32069 16969 43881 20322 4866 37837 33278 30324 2903 33800 44277 8377 5452 11376 7308 44779 33306 33976 4007 9524 36959 34347 2574 9837 21078 5745 8461 577 34256 521 29801 16996 
229 50
4979 41150 524 21850 21132 41965 3240 9581 15204 37787 38903 28825 30192 6289 20776 28908 31659 29609 30514 12150 43850 26137 34493 19590 10556 25171 20047 36344 3153 12653 10912 30895 18233 2479 12582 22320 42107 30174 15362 41100 23711 3245 30882 5685 27162 38408 18947 33515 33377 2961 
230 59
33039 14928 26047 44483 5814 11628 28462 23087 22354 37177 38470 40133 12109 28064 4058 22747 42734 26357 7363 7836 11213 16470 22746 41941 4170 33644 39406 2565 21175 2202 43378 37805 10352 3739 13746 37442 37615 42998 41074 10838 1232 27392 23979 14700 32467 15860 43512 17161 28632 21914 126 40255 34172 33253 34274 24358 40716 4101 26390 
231 51
24964 36164 22882 25757 44341 4998 12711 31403 11208 24194 44759 34945 11922 19055 19364 3186 14190 25786 5603 12484 21602 893 37755 2946 4016 20830 16308 23474 40912 6855 28880 28120 9448 6864 32922 5605 10233 21269 1055 27418 41756 42127 25577 18595 38625 1070 16929 31012 17211 24915 2416 
232 58
24270 29176 13072 10733 35415 40467 16246 41210 41299 5820 9762 31260 41603 5203 7053 802 14597 19977 310 39061 37300 28152 28213 716 14727 28035 24711 13455 4035 384 36652 11239 458 32647 36888 11850 11416 29087 38899 9313 17513 23725 28181 34995 42138 29826 42190 23907 38742 44708 20652 35634 14435 43576 6293 2447 40197 25266 
233 50
25884 32350 35225 7653 17138 16968 36500 5412 23641 23991 17601 28942 42291 26812 12136 15463 10903 32509 11431 36514 27301 12592 28813 5986 2514 23175 18503 41247 44669 24317 33016 33068 14572 31944 17525 9479 21420 20927 38803 7161 32868 24175 28772 12885 27868 34624 1296 5136 39441 685 
234 55
21313 17777 2597 9534 35364 9887 20719 12915 27723 30765 32988 39239 31635 9029 41839 29593 6608 26499 15830 30933 37219 22288 22692 31256 12034 7727 3444 21586 11352 41004 29392 25517 33115 26185 35804 21515 29768 14042 39588 12511 38160 17419 11112 647 2932 2083 35670 12216 16334 41197 26716 16610 20443 6181 41681 
235 58
2080 5987 32453 15680 44674 11097 31344 6654 8343 20805 29425 29181 15074 40019 34976 17338 41033 17990 29019 27290 3171 4393 6430 36239 17104 9877 2690 14554 34868 33939 35287 31909 44823 35397 21428 34824 6833 26253 36576 37919 28128 3902 610 43654 11507 3134 16600 11140 8283 40786 30342 21711 34747 19913 37618 58 39138 11199 
236 57
20570 32696 15659 9307 44027 7424 18144 14392 26541 7504 16262 38152 23025 10036 1048 11027 2817 7429 21371 3835 44331 31323 3706 5881 33171 700 3282 26134 10895 24303 28269 38347 4938 37056 21437 44635 37346 20482 23984 21432 16906 15201 34193 42379 34698 16154 10150 2406 26887 20428 19284 15831 17537 17264 12145 5308 4231 
237 62
37716 24681 40332 34113 15460 43112 3499 17807 15884 19391 44107 35918 42994 28169 14205 31318 8297 9160 26464 42988 29832 15615 11286 31009 40028 6254 8338 35906 7199 25335 41190 4704 11139 16602 41063 27047 31721 21027 33659 30062 4827 44299 28149 38199 22781 14271 28088 41116 35605 13876 25216 3890 41913 13099 30663 9903 21837 32041 17833 43002 400 15123 
238 55
31201 40206 43416 24301 15073 22806 18072 25019 38419 42233 8007 29717 25350 7168 16397 36685 40910 37611 22092 344 40612 28056 39623 30462 1082 25750 16927 2564 8953 34094 28503 25149 28545 4867 6729 26612 36456 14364 31816 25384 7093 6623 36285 16113 7437 40909 29162 24135 39760 28416 43944 212 3558 22314 34442 
239 57
40710 30085 18626 24813 28058 31923 28613 33065 30372 15323 23664 11425 17580 7207 35482 19807 4379 29948 23020 34579 10387 8065 34090 17359 8868 37815 711 18241 23002 33700 26849 28332 26072 33136 7907 13512 40025 12911 34501 2733 9200 38326 22412 10275 24606 22458 31377 12464 420 457 10499 43685 42653 16061 19008 1201 34298 
240 61
7309 20529 19782 29726 23373 12944 25151 23532 19794 25072 38738 33808 14041 15264 10578 3288 22989 25662 1519 8754 14570 17155 1664 13449 41348 20969 42935 15592 13447 32196 37469 17243 11958 17394 10766 40407 398 18034 1220 37820 7825 34441 40501 5772 21203 18773 38221 25249 6968 13709 38343 21981 5239 40973 41863 37818 5741 40277 4650 26988 31682 
241 52
39736 2292 38007 27838 34631 11339 5312 21247 11480 9403 12256 30616 33731 19589 26087 38134 17026 25877 24 13172 47 21551 34594 39624 22909 20583 22246 170 2408 2331 8185 25392 34670 15890 10656 29180 41479 10502 12999 38051 38722 39634 30137 3944 11834 13155 32783 32260 29254 24370 23569 1098 
242 54
20934 4239 30609 22194 17071 10156 44328 40080 4906 6498 25152 14619 27511 23429 44336 15794 21671 16219 12457 41710 19007 30796 11539 21543 24858 28390 5011 30738 20474 42357 1735 13567 27413 24291 35443 42294 24386 20966 35564 18816 32320 11268 8812 18771 40116 16889 834 29102 7767 8452 1233 4341 16318 31052 
243 51
33571 10005 6704 20700 35795 27989 17220 31361 23719 35402 40036 20881 23248 3426 25030 19726 29488 13011 39630 13987 28148 25465 35842 35962 11469 23054 4756 34331 34086 38517 28903 1101 30308 44136 17775 6139 9295 9315 31673 17995 18282 2265 35728 18386 18977 29822 16943 23538 32726 37070 35268 
244 59
29387 33544 42656 4063 11645 22343 16361 20925 3156 3953 35038 31946 32551 12735 39831 5232 12134 33872 9309 21939 11404 19635 44313 2361 35389 23245 28971 12330 20557 23748 6231 31517 787 16916 23969 25706 34340 16959 4034 2130 16674 13956 26634 39277 30045 33577 38147 39793 33282 1130 26088 16990 9016 12444 1313 7688 20361 42828 13123 
245 48
9867 10433 41270 16840 29559 39845 29055 19376 6358 24036 20848 1922 20567 6474 33097 7840 36466 3557 36625 34422 32105 11158 29736 7716 371 15060 3811 42370 34730 34797 36506 24404 40594 14471 19333 18291 30480 36280 18315 4856 32791 359 19297 8419 20598 3027 35365 26660 
246 55
26824 39320 43193 5070 25067 3605 6039 35266 30322 36873 7804 13528 10099 24387 12703 15219 348 33165 5721 13982 33387 12108 5552 18518 28020 34400 17484 11013 1589 28132 2928 17408 3317 2218 32163 4074 8593 11437 27794 6866 43237 36310 32840 33565 23275 41034 14983 22259 28408 8764 16570 40472 33523 24024 41396 
