503
0 129
95492 96331 30983 38355 23679 63945 8118 64366 44982 40139 96660 59127 55952 61436 55767 76580 75664 61290 29528 16145 54967 16137 9201 28213 16250 75055 75271 61238 52180 45844 70421 42133 79083 44787 92712 36982 18802 29453 36606 79114 77945 98420 10157 84014 69894 69209 27538 17197 97876 22903 70783 49600 6522 14491 60136 55487 89275 90673 65011 69564 73408 5169 16566 57560 61438 12 95066 4582 31969 33373 44121 83886 31759 62433 15283 52338 11689 41188 30235 94556 90422 30522 5105 79736 76957 65014 42737 3767 31744 26268 795 27446 51154 58403 48501 6709 96958 17569 37968 457 86979 9080 99174 13099 64423 88755 45950 34586 98112 72016 54026 45772 95729 79298 19606 92860 92801 7191 77866 14322 96191 30835 67179 3679 28009 3503 39966 1411 64381 
1 106
67262 1659 31933 87848 10452 48076 48169 48959 53488 76389 59884 66591 37801 83704 28878 25771 41084 17373 50366 95142 91853 79693 44255 99847 376 82876 19522 91641 35136 22478 9646 76132 60423 91395 6682 3083 51285 81076 93930 69423 67074 96262 69854 45572 79682 84055 67923 2071 17487 62795 45741 88961 15392 58022 17370 39499 65402 58018 51334 67998 76155 45810 3714 98147 16029 33687 28864 48517 2492 3967 94622 57164 11874 22135 49930 10863 5787 2924 14436 18364 75426 46723 61795 50357 66789 60803 4908 86342 59865 14897 27083 52462 34477 58273 42257 4855 29641 61008 78118 36976 48765 86157 14125 91754 81160 41465 
2 79
96193 24984 88889 12264 21289 61106 47517 3047 20110 58795 47656 39076 26609 98747 8035 59744 81203 94022 85446 1047 95778 74019 54486 16612 45075 50231 86438 25395 82695 75065 91601 56708 79350 71600 3648 69375 20429 7707 65624 86118 80685 6889 59961 20828 56216 54470 98065 66964 36523 18658 47780 18599 8668 90670 31120 84964 58440 3533 66686 33342 31931 83937 62686 43835 5513 11657 93276 6655 32547 28182 17763 32106 23590 33086 2401 3241 18926 56214 35656 
3 76
7584 38772 67319 78249 30948 55270 36421 50496 72012 15047 71851 9402 5951 70790 67595 79412 40479 75425 87621 82467 82271 56250 17933 80724 95473 34535 57974 67153 81992 46645 34793 41282 5848 88080 14246 33692 94983 95039 37483 1071 36038 38495 53752 87462 52016 99344 86553 4588 58151 48279 55471 61554 57590 86217 70871 78195 2009 20475 30271 74763 98817 65082 31608 40853 93755 74333 91281 98256 7116 23337 23702 27723 74983 41304 86791 58999 
4 57
91090 8582 47692 35404 41744 61985 96531 95305 15714 29808 42042 24898 61062 65576 44909 41236 48021 54493 53193 7633 47138 97660 11652 40495 82340 86236 2122 10848 26651 98726 49938 2181 99354 6379 31509 83309 75846 80361 13767 76916 12936 54505 82368 45999 56004 23581 4078 6647 65995 7446 37986 89537 6784 63102 69226 93208 53520 
5 48
50984 48908 29626 33178 3803 30705 22244 86861 32786 13389 81288 19461 74139 34539 87583 5243 77131 51876 96221 73002 46215 77609 99188 5029 82739 95983 55810 61819 76343 31674 7168 80149 66025 85876 75886 40504 12326 26026 58730 59859 52512 13619 1885 14801 92873 94607 99834 72260 
6 40
63273 59305 70474 20413 78759 79250 24474 34326 4830 72909 39829 10008 38399 29603 61390 140 8432 63891 4602 38675 1185 43951 80869 54329 75574 91466 71671 70868 95118 17336 78934 76527 88835 68180 2269 20113 42271 48401 83044 77054 
7 29
35287 96653 2658 69101 41493 13301 46534 13203 32977 30026 94525 70597 65464 59381 24643 68515 95727 78953 46318 7848 2107 56768 91827 98457 67839 25182 16844 1966 25773 
8 25
19362 90628 35816 83572 34197 98047 79122 64567 3780 18729 61768 66631 90860 86240 80530 48060 71589 82659 6506 776 32583 47823 8156 56491 94446 
9 18
81911 21790 38011 49224 60517 41608 82320 69851 54355 99994 77683 96009 88376 69018 63629 1149 75023 24503 
10 19
49371 63592 49340 61574 60678 15617 20748 92638 68361 35158 11531 88094 34930 21334 3049 30745 76248 89934 31936 
11 11
41895 45927 92256 99839 57058 60342 52840 24170 2266 9123 72421 
12 18
99440 16973 92943 30467 93811 65596 32157 75142 35000 73694 64183 73151 82620 79399 56651 51203 85836 65479 
13 7
94971 44558 12410 68434 48860 42091 67392 
14 5
4939 63175 7339 51549 47508 
15 9
32644 78301 67399 23558 34162 97877 94295 36303 755 
16 4
68644 68240 7915 92328 
17 7
87903 17915 12913 34635 91855 88541 18341 
18 3
29889 24346 35315 
19 2
96943 85085 
20 0

21 2
9752 24241 
22 4
93647 82142 48652 76231 
23 3
33234 70880 80729 
24 0

25 2
57336 69273 
26 0

27 0

28 0

29 1
11793 
30 2
51004 29592 
31 0

32 0

33 0

34 1
19045 
35 0

36 0

37 0

38 0

39 0

40 0

41 0

42 0

43 0

44 0

45 0

46 0

47 0

48 0

49 0

50 0

51 0

52 0

53 0

54 0

55 0

56 0

57 0

58 0

59 0

60 0

61 0

62 0

63 0

64 0

65 0

66 0

67 0

68 0

69 0

70 0

71 0

72 0

73 0

74 0

75 0

76 0

77 0

78 0

79 0

80 0

81 0

82 0

83 0

84 0

85 0

86 0

87 0

88 0

89 0

90 0

91 0

92 0

93 0

94 0

95 0

96 0

97 0

98 0

99 0

100 0

101 0

102 0

103 0

104 0

105 0

106 0

107 0

108 0

109 0

110 0

111 0

112 0

113 0

114 0

115 0

116 0

117 0

118 0

119 0

120 0

121 0

122 0

123 0

124 0

125 0

126 0

127 0

128 0

129 0

130 0

131 0

132 0

133 0

134 0

135 0

136 0

137 0

138 0

139 0

140 0

141 0

142 0

143 0

144 0

145 0

146 0

147 0

148 0

149 0

150 0

151 0

152 0

153 0

154 0

155 0

156 0

157 0

158 0

159 0

160 0

161 0

162 0

163 0

164 0

165 0

166 0

167 0

168 0

169 0

170 0

171 0

172 0

173 0

174 0

175 0

176 0

177 0

178 0

179 0

180 0

181 0

182 0

183 0

184 0

185 0

186 0

187 0

188 0

189 0

190 0

191 0

192 0

193 0

194 0

195 0

196 0

197 0

198 0

199 0

200 0

201 0

202 0

203 0

204 0

205 0

206 0

207 0

208 0

209 0

210 0

211 0

212 0

213 0

214 0

215 0

216 0

217 0

218 0

219 0

220 0

221 0

222 0

223 0

224 0

225 0

226 0

227 0

228 0

229 0

230 0

231 0

232 0

233 0

234 0

235 0

236 0

237 0

238 0

239 0

240 0

241 0

242 0

243 0

244 0

245 0

246 0

247 0

248 0

249 0

250 0

251 0

252 0

253 0

254 0

255 0

256 0

257 0

258 0

259 0

260 0

261 0

262 0

263 0

264 0

265 0

266 0

267 0

268 0

269 0

270 0

271 0

272 0

273 0

274 0

275 0

276 0

277 0

278 0

279 0

280 0

281 0

282 0

283 0

284 0

285 0

286 0

287 0

288 0

289 0

290 0

291 0

292 0

293 0

294 0

295 0

296 0

297 0

298 0

299 0

300 0

301 0

302 0

303 0

304 0

305 0

306 0

307 0

308 0

309 0

310 0

311 0

312 0

313 0

314 0

315 0

316 0

317 0

318 0

319 0

320 0

321 0

322 0

323 0

324 0

325 0

326 0

327 0

328 0

329 0

330 0

331 0

332 0

333 0

334 0

335 0

336 0

337 0

338 0

339 0

340 0

341 0

342 0

343 0

344 0

345 0

346 0

347 0

348 0

349 0

350 0

351 0

352 0

353 0

354 0

355 0

356 0

357 0

358 0

359 0

360 0

361 0

362 0

363 0

364 0

365 0

366 0

367 0

368 0

369 0

370 0

371 0

372 0

373 0

374 0

375 0

376 0

377 0

378 0

379 0

380 0

381 0

382 0

383 0

384 0

385 0

386 0

387 0

388 0

389 0

390 0

391 0

392 0

393 0

394 0

395 0

396 0

397 0

398 0

399 0

400 0

401 0

402 0

403 0

404 0

405 0

406 0

407 0

408 0

409 0

410 0

411 0

412 0

413 0

414 0

415 0

416 0

417 0

418 0

419 0

420 0

421 0

422 0

423 0

424 0

425 0

426 0

427 0

428 0

429 0

430 0

431 0

432 0

433 0

434 0

435 0

436 0

437 0

438 0

439 0

440 0

441 0

442 0

443 0

444 0

445 0

446 0

447 0

448 0

449 0

450 0

451 0

452 0

453 0

454 0

455 0

456 0

457 0

458 0

459 0

460 0

461 0

462 0

463 0

464 0

465 0

466 0

467 0

468 0

469 0

470 0

471 0

472 0

473 0

474 0

475 0

476 0

477 0

478 0

479 0

480 0

481 0

482 0

483 0

484 0

485 0

486 0

487 0

488 0

489 0

490 0

491 0

492 0

493 0

494 0

495 0

496 0

497 0

498 0

499 0

500 0

501 0

502 0

