119
0 193
2956 8731 29833 22032 21668 11456 23367 27347 19739 5970 5336 31432 6387 22955 13616 10661 21392 28300 16287 12361 32292 13351 15927 34793 16100 26111 34921 26280 3690 14400 17240 17556 8847 15635 6721 24046 23376 31777 31701 9881 27305 23365 28674 32920 10428 12030 22549 1411 31812 1278 12495 17293 2662 17703 23855 23627 31576 29411 15143 10202 14654 4068 2410 20707 13727 32908 27773 19694 16195 27078 10873 14212 568 13811 22891 29165 26373 33184 1760 29638 11622 2344 21134 29131 32735 32688 17737 15633 20282 8457 29530 26000 13608 32903 23867 14225 12765 26872 24129 28650 29816 15380 11851 21612 26732 33898 13394 13431 5224 33613 23240 18118 9374 14907 34469 34513 602 35802 21467 13870 29060 17983 18190 13356 28424 20319 26361 11338 22751 2970 27464 12521 24735 25962 19375 29071 14755 35449 13172 15369 36209 1498 16322 36085 35531 20163 8204 8419 19310 20041 33124 34995 19347 12801 14496 5016 35155 25388 5034 31710 25152 24486 26410 26201 19179 23812 17838 19164 7249 1023 11601 29883 5974 20150 18485 32054 21290 18115 35610 29269 22102 17592 8097 14341 27783 6507 9844 25996 27279 32473 12813 34222 16095 
1 187
31719 23799 9650 2494 14613 1588 6849 21191 20280 15682 4580 10103 5995 32961 14837 4017 682 3653 7876 36355 11598 999 29200 483 18778 1542 29994 23007 32965 31011 5434 30621 26667 21173 26465 14631 18676 31218 2883 33736 5357 6020 24037 28094 35254 3415 35349 9248 30382 20770 23108 21801 28685 17138 20587 21338 11760 22517 6134 2082 19999 22915 21520 4309 9574 8648 23724 29922 9529 9732 4158 627 19352 5327 21398 14139 18825 13360 15886 24601 5738 16798 35760 11061 28601 14882 26899 17461 32226 5632 23349 3210 8881 4960 14840 26327 4753 35786 4539 21661 20612 23774 5142 30064 30376 28004 31105 263 3737 25586 5723 16317 2772 24263 306 18129 25463 7139 5590 24787 4922 31187 3156 24644 20838 20884 6719 8253 12552 16584 28281 9731 30912 5942 5889 19187 32673 33778 10001 32393 18677 8100 30437 14707 27160 29525 13137 10106 25202 10476 7731 14711 27294 3407 25034 27838 15920 28949 27165 21816 1209 6524 33181 891 5098 22925 36012 29778 9189 17328 28430 30028 8604 31463 22044 34039 34242 12091 9387 28104 12384 16542 2959 1281 11842 31438 28272 
2 185
29626 21062 1689 20669 1340 28404 32690 31927 26133 26489 15072 4461 16551 4127 11211 31424 7560 31437 21235 17169 32617 25909 9003 7681 5588 4445 3351 9250 2245 29 13340 33131 2416 33550 32812 26296 17068 29425 19468 9562 19858 13650 15623 31656 20342 18746 32078 19849 19807 22697 28522 26847 2558 15849 10319 8468 30546 4338 24026 35822 5272 28939 6450 20358 34900 17690 13876 13273 28353 24979 16334 33994 15673 32634 30693 8378 29729 8680 34420 21987 24115 9235 22819 30335 33673 8348 18938 23834 20440 6298 23902 4064 24254 25851 6252 1902 5334 26579 10444 3335 12178 3670 33826 8911 36277 1245 19407 11317 30828 14545 19718 26989 16324 21049 5469 35962 1346 21529 27148 18969 17133 7565 21810 5176 3033 17670 10070 30850 25137 11825 937 27479 2041 6241 6147 17871 18096 25176 15980 20723 24594 15999 6061 11608 4232 24234 2597 9214 8623 13333 22075 27504 31846 32149 21549 16340 23593 4691 27748 34028 5556 25161 7005 34708 18108 1505 896 7993 4364 16402 34808 3401 25003 34235 32632 18862 31070 16135 8161 27473 14600 22261 27987 2207 16084 
3 180
23597 27902 13050 4857 21024 710 12218 987 21308 1277 132 21700 2251 30652 32333 3778 24791 9809 18748 21444 27670 7145 17885 13053 16586 25708 25455 33190 30375 19935 21857 1576 11719 34403 20960 34634 30952 22387 9136 4024 23249 4491 25936 15097 33290 652 8108 6118 28635 35217 20621 30757 3599 23035 10130 28563 21443 26824 18631 2715 21604 29382 24531 25802 24025 28739 33478 28129 22106 26976 16230 24160 8021 1589 6463 16814 319 946 30166 27673 31915 27767 22679 33547 28333 33513 10158 19303 28217 6323 5410 23119 1694 34303 18326 15292 3897 13983 8193 30975 8284 12619 15540 18984 5060 19607 32660 23516 10162 16677 740 17667 9196 14361 27765 17371 16868 11469 14103 17773 33999 32886 36390 849 14721 6928 5043 27539 10107 9567 1479 13357 19075 35302 8460 13494 20538 19315 403 33773 29441 86 25780 8222 36378 4836 3763 20425 32407 22191 4342 28957 4257 7214 29345 7901 29295 10179 12368 15207 9439 10063 30202 35621 3278 24536 30923 17137 10947 19821 31301 10256 8398 25337 676 15473 19832 27984 25417 20140 
4 186
35969 28867 23344 20820 24530 24579 16555 34197 12242 18716 14671 15171 9585 31198 14280 11157 27966 33499 8740 29007 34267 10563 27139 35506 18422 3428 6804 24381 9799 16988 1386 11707 13691 36265 7907 32995 3935 7063 19851 24170 6429 21434 21073 7562 17104 16980 13193 36289 2169 34495 14759 18311 12796 16291 22705 4186 26366 862 12657 31401 11820 2828 27701 6273 5832 3802 25673 19792 10462 12517 10076 29132 20992 31935 869 18729 7982 24473 8562 9493 5741 12421 21751 27173 5230 17507 26396 30955 33458 36099 29336 4367 17768 25427 10737 20848 2778 2804 19499 12342 525 1475 19079 5436 21811 557 9830 17751 34386 4819 35296 19418 7031 15213 16256 22944 23920 10220 25675 22562 18418 31694 24886 32982 8064 3337 20563 29387 29118 18077 15442 24029 22131 5944 11906 34088 24862 15216 28715 32444 8766 2471 29873 1983 29989 22690 11123 30557 21275 31842 1573 28356 20535 33781 15153 14094 10533 21995 3202 3069 30338 14667 30469 10079 33183 15617 32265 11756 25384 14729 8276 22755 32447 5911 26200 22933 6712 27798 24703 21869 16966 171 12988 4949 22674 2693 
5 181
33946 8860 10217 20267 23488 30825 9022 19654 243 2054 21172 20339 18465 22388 18536 15182 25618 9470 7548 12134 33318 30076 27435 8249 34069 35758 19160 3396 20411 16059 14931 4541 9370 15821 17420 7841 34819 32507 15179 11675 28314 26171 22998 28157 11741 22 2223 17965 6445 15454 7722 10776 9481 4515 9918 36236 31110 15844 23294 10453 20554 22813 27813 2841 11433 30464 643 7488 4279 28916 22884 9336 30384 35421 36011 5899 33119 7797 34522 11539 12156 10609 26664 35640 35228 14607 5378 22465 8002 14629 3471 21719 24494 10891 207 461 1675 21980 2034 4416 2335 35678 11470 33029 17911 876 19217 25097 13370 34083 2106 19213 31177 30019 24287 3023 20796 13734 28480 29673 4871 4233 19254 10732 33080 495 91 33362 26185 34978 420 2385 24688 2178 20489 26416 5854 11383 13118 31606 26503 2411 5076 30567 14072 11219 31657 15368 19707 3864 16421 23211 8928 32715 30756 28046 4502 15325 8591 12863 31126 35105 28832 25634 30090 12571 253 28852 23854 7499 18922 31402 10029 23261 5179 820 31863 13713 11784 1068 18880 
6 182
5492 14561 23972 20357 16396 13535 8769 21265 17577 27992 15137 12547 2974 30679 679 21253 17606 8919 8389 25713 4869 29320 28524 27914 27461 12906 34583 747 14177 29035 35353 3350 6470 9560 31223 5726 3879 31835 26076 25181 11231 10445 22769 4966 24091 2870 4618 32659 20841 13794 23093 11742 12689 2980 10902 4080 31365 35774 17516 9064 27187 15726 14499 23932 16044 21319 35890 32058 62 33021 4055 2532 35870 33875 13942 30661 24924 24064 11726 791 10174 9243 20595 22223 9597 28960 15985 35156 5161 19806 19984 20822 8762 8315 34450 17729 1110 11482 13710 35676 23528 33176 16711 16597 8815 3320 13613 1011 34172 17679 863 24230 19557 15819 27274 26578 25018 36363 22138 29949 4368 18016 18302 541 35445 11439 28668 26459 11367 9443 14569 246 11694 5833 8272 7069 11335 4706 11547 5579 13970 6607 19293 10504 19230 8706 18349 15835 4457 15688 15583 33474 18773 33233 10608 33335 21130 33289 2568 20177 6 32463 15998 32128 36105 24117 28971 30341 26879 6431 33415 34110 8744 24416 16719 14697 28676 1773 1862 14273 32796 33278 
7 182
25168 34520 18211 20816 22648 31454 34024 25991 14810 21074 23676 18629 26957 15713 2038 2408 7154 27793 20416 25355 8902 20857 7313 23257 16710 8891 22530 33464 12297 33489 13882 1703 1227 36283 16974 5828 157 5938 3976 6127 26035 24999 15650 292 14417 22990 18822 27288 12196 29323 7816 24523 12534 31053 7534 23883 26199 15244 21272 25448 15748 5941 8896 18884 5604 22363 9113 2893 19389 16045 3063 16247 1869 7864 28592 18851 19947 9124 10616 32290 21292 34614 22027 33922 11124 31714 20149 273 29000 20333 30256 28237 8379 13210 21031 10126 2184 21838 21785 30010 15606 5561 29405 12075 32987 6425 4751 13092 29481 22092 12037 17000 15080 26851 5939 22041 17566 30551 6304 36348 8417 10207 21722 32245 36281 33588 18092 30163 14423 2386 13174 2297 1114 9726 16611 34816 24215 7532 22451 26861 9325 5535 31140 28511 28011 8871 30495 18521 17359 2750 7626 9147 4244 29052 18653 27898 13472 25560 32937 6957 4781 2427 20485 35071 12591 2592 28636 34650 29061 20732 27326 36100 14804 35404 35142 29185 32237 25955 6645 14154 10753 21239 
8 179
5881 20201 17846 4881 20790 6054 35198 12047 25230 14165 12092 19755 28461 14220 29925 33479 17152 9218 33895 12362 20731 7344 32960 24946 4804 28762 28397 3654 26995 20765 34574 31956 705 10469 14938 34373 4924 13808 10602 7649 25222 7340 10929 33319 31504 2163 1704 22362 26873 19515 20662 771 8464 10601 20118 30725 25741 5122 29188 4477 36369 14805 13540 31641 16308 13147 15776 23991 28196 18959 32004 22617 7088 34065 30401 502 14366 29566 6493 5182 26741 3521 3824 28054 28448 11664 18126 14555 35899 30520 5693 26740 12216 17457 35539 28556 24561 20806 27969 7043 3460 27603 31948 17652 17199 15937 15131 21898 16750 7787 20001 14535 1071 6221 16129 344 14622 32357 22441 7987 3048 27048 12908 12289 22744 36210 26805 11983 1906 24171 11444 16935 17411 26069 1300 6001 220 22932 28729 11631 17692 16212 19752 12419 23431 3933 29316 34120 27814 1437 1772 17601 27136 4632 34341 24412 30854 21773 36208 1543 27599 73 2326 28568 23196 4811 14086 15252 11599 15859 14162 9889 10839 5215 14976 1497 23484 17552 23708 
9 179
21047 30471 20094 25585 24617 6309 6578 13947 922 22382 16585 13754 8195 9495 21669 7351 18954 17610 1910 16159 12067 13590 11373 18337 4256 28153 23362 19560 30186 30486 30207 35417 34626 9686 6736 1598 24408 20703 4401 1220 9364 10840 5768 36015 26222 34913 5979 22378 23141 19176 366 1381 34335 32790 11680 27679 8051 13304 28068 156 3517 31827 29741 17052 11743 13732 5148 36206 23967 18860 11709 3671 9281 25562 17039 31940 31443 31649 30985 28968 5409 10216 34266 35359 10408 36294 21463 23183 2414 27474 21939 22006 4001 33686 18216 25131 33311 15784 11253 2284 29960 4349 29943 31298 96 20620 31890 34376 9831 6867 9162 4306 16730 18398 25984 26490 16754 32008 5648 6744 28869 121 23023 15383 33392 25369 9437 9551 16701 375 23358 18730 11706 11662 19568 20008 6536 18065 23124 35968 9926 8883 20348 29954 8358 33947 22583 31564 21986 29478 35942 21281 22738 19786 30092 8920 28934 29724 18233 33850 15519 18498 35190 13123 34156 1559 21755 12631 4455 22257 1038 4658 17916 22676 25593 21194 11639 25770 341 
10 177
8725 33554 10066 9100 6199 7629 35065 20664 12326 12793 2881 20678 34101 28168 10133 31712 28768 4536 35323 15409 14277 327 13509 623 22311 18506 20882 10377 12904 22973 12334 14215 1162 18926 10881 16062 30624 14811 25025 2550 13907 13607 15209 33544 21519 15639 634 9191 26607 5537 7352 31602 19638 19596 439 22047 19717 31807 23169 19908 12826 33710 19163 36220 4760 21904 29882 12620 31328 3999 19209 911 2973 29586 2985 33587 10702 34355 5387 31912 3292 5299 3678 24019 19088 27895 9733 6625 1399 11448 28755 27219 6569 72 4825 21590 17178 31336 15225 12253 17651 32317 36115 8088 25736 2650 24361 25021 6383 31624 35725 21733 26921 12502 28076 6219 30667 11524 36324 2506 16601 12364 5136 23587 29032 21126 18803 13057 17285 5681 19981 4156 33017 25180 32158 35811 16510 3974 17016 4990 24002 34649 23435 6808 6533 371 28908 24557 28003 12257 33879 14846 26482 33461 505 31787 20066 16909 26238 18450 24376 20545 20876 3620 27703 10850 342 25697 20560 8788 17573 23688 26744 35571 14404 2968 7994 
11 179
24125 27362 6910 2900 19649 7503 8600 8111 35290 21913 17350 8382 5733 714 15640 8146 19591 24128 3842 21832 15253 18849 27123 600 35283 21610 2659 4932 3424 4701 18827 35443 30212 31452 24425 26091 22143 31262 22151 9205 3111 16865 26697 33624 24558 26972 16464 7143 12519 8283 24456 36290 3028 14838 31302 1185 30584 29802 25135 17545 22675 20293 3273 28915 24980 29538 12040 6621 36258 25261 11337 29618 249 24305 32329 21295 7500 10237 21109 2774 1232 6138 13994 3223 14279 8976 14299 4149 12582 14601 9930 23391 3220 32502 26341 32630 33990 13686 20673 20766 30027 21464 12225 3029 23780 109 17483 5126 14853 12671 26914 23092 5957 27868 25858 22597 33365 3505 30998 15816 21877 58 20999 1981 10573 22752 21006 19235 17330 24136 4594 12672 33273 22323 5729 2711 25833 2317 35339 1685 7497 12285 3422 29496 5216 18587 2721 35871 5505 15403 22623 17333 29036 10492 35998 33267 27109 20577 27608 3332 31560 18261 3660 14652 35804 2244 14104 12995 18384 14107 23613 35021 24314 25336 29906 21343 23400 9239 20937 
12 173
18197 6955 14608 5727 17250 33088 28923 7602 1366 18524 19221 13964 26243 24763 36328 13250 22895 14266 26551 5709 3155 29267 32900 15294 7622 30769 27447 24331 4250 34162 34380 31503 5495 32860 8277 20135 23816 25340 25114 859 25116 15311 26083 33599 32551 8620 33589 31146 3870 35715 410 16707 24293 8115 22468 35483 34169 15301 5654 22689 33869 27424 12914 14235 5815 34435 12159 13899 26514 21035 15063 34847 21341 990 25608 1643 21754 30411 8752 3590 22802 13776 21365 36238 6913 13148 7634 34536 9253 26834 21144 19594 25143 14812 23558 21794 4604 22790 19364 18396 35690 5666 22481 33576 6317 22377 32716 8653 2912 2815 23893 32417 16926 175 11567 18892 4084 25087 24570 4672 31832 4277 32114 30803 2263 1508 3144 4081 13435 28425 3291 6375 23968 15315 30509 32067 15228 17879 25280 13707 1125 30480 4072 30839 4261 20682 11642 6840 19793 26954 23010 23861 25998 3894 21335 16137 2331 34330 21152 7507 624 4413 3054 21677 26146 25595 492 4592 10284 9964 12551 27763 9207 
13 175
19252 23033 16831 17527 6977 14398 28193 26221 1939 27812 26356 20506 29998 7264 29677 21019 9319 8651 25756 36177 17617 24227 12328 23410 29109 21867 15918 28164 10770 34875 35858 26054 33011 35716 12674 22572 5395 24658 15205 32948 27997 23332 23134 5028 3899 3263 1488 28819 27010 8375 7980 4425 20304 1603 23617 16990 14682 1564 6991 10150 31308 28084 9786 13696 7254 22544 23937 11955 11240 8001 32503 3434 17492 25229 29395 30664 2057 26844 32336 3970 7233 15431 3178 28304 34360 36108 18202 9748 13485 23061 30226 14426 30350 18298 13303 15813 6654 27837 26168 33103 10883 17322 29324 9041 7197 4423 4230 29149 30694 25298 14898 28249 9119 20611 27261 6640 3721 13721 30111 20551 32109 21405 30871 12504 33447 7777 12941 3634 10674 5047 31774 5484 6357 18596 25456 17912 22504 27218 8211 22443 20126 3840 23238 25321 8992 20457 34735 4380 12046 8376 8285 19063 3250 12404 6477 13476 30096 8872 35650 5533 16027 1261 22922 14497 14674 9307 24238 20093 7457 23221 15503 16792 36280 17611 26262 
14 173
1337 13605 21886 34099 35492 19572 18025 5966 31416 16940 1447 25519 9275 2256 29644 15581 16784 22616 28891 3632 32710 21909 35711 8890 22862 26614 9321 3680 29277 16235 22608 19173 14553 35292 20028 1249 6340 2488 33854 22127 32938 17144 32801 34036 30762 28170 8154 18513 25824 30708 9440 22666 8799 18621 9310 15455 10230 31760 3955 8829 12143 31096 9564 2979 28877 11143 13851 15556 9126 1493 16056 34444 19955 9612 32676 19799 2352 30224 35886 30969 34033 10135 28492 35884 7007 12237 19007 35583 9689 8692 18087 21897 29759 3575 26785 9156 24851 485 1335 10213 27176 22501 24580 11363 36162 8062 6693 15741 15263 1918 21628 4504 4146 35684 36091 16507 23487 23806 14413 27157 5025 33924 27927 21759 4384 16197 13294 32557 12222 23017 20570 1684 11505 26985 31975 13013 26870 12082 22642 33109 1526 35095 290 27012 6763 13716 10 22303 16764 24699 22029 7884 23629 8335 12270 15697 25408 32523 3358 16361 2300 20863 5380 8089 15078 27030 20227 23494 14293 2060 12680 34587 23711 
15 170
19886 1651 26748 25883 17589 1536 24358 16168 4528 18675 25750 8690 31068 8397 26561 4576 8473 15530 29384 10274 1435 5962 4900 1109 19652 10516 16158 8228 34086 14292 27690 19373 24086 22670 2334 7696 35229 29999 841 1313 30365 15201 258 7288 35674 20921 10635 33032 21563 18877 9745 30135 14774 23903 16568 8865 8289 18080 12321 4113 15752 15766 20769 18379 34327 32137 10591 9877 1279 15860 29198 32070 7081 14141 25132 13278 1426 4004 3213 35060 8134 12194 31045 27128 116 22064 22510 18500 34251 13201 7273 23745 7683 29351 6178 3580 4101 15478 7772 669 6228 24216 33618 35085 29956 19195 15889 14221 32610 2874 10054 6185 3958 11203 17718 17290 3261 5435 25175 24959 18912 13565 15964 28097 29699 19965 14082 7576 35837 25902 29073 33438 3773 28862 8011 11837 20905 28634 3988 1042 21394 19362 20821 36326 7689 31367 3078 22957 2824 5213 4558 7688 22415 13279 9920 1719 636 35751 17357 15223 30238 21602 27356 18239 18669 4712 18501 35014 11213 29549 
16 174
25633 4530 34309 6992 27507 6637 3169 34902 35003 5416 18509 24483 30751 29512 27645 2321 9053 19439 1923 722 8044 18296 6077 5894 10270 142 20454 6224 2942 29020 22803 8541 12348 32782 7519 31353 5614 28437 20780 16858 28624 20393 25283 30740 25735 18911 14945 447 16620 30433 17565 35418 32093 21952 25354 563 26386 12847 31677 4671 4962 5616 15544 28562 20649 27695 11677 14678 15619 35929 6484 25657 27646 28611 1259 5206 2579 384 16494 7947 16950 17677 24656 25567 7190 19386 19686 16176 9175 7355 9230 13232 14687 28460 29807 11630 17579 13387 6885 1527 20967 22876 7690 12254 25590 4724 21530 33076 14743 6074 18178 1574 17361 18454 26402 11962 10253 31074 20997 29310 21850 30902 6372 20418 9725 6521 29661 8014 3871 28646 20590 463 19274 7665 13986 21854 9445 8361 35976 9981 1445 31638 23634 15173 4372 33845 1165 17467 9379 27845 12383 12748 14590 22169 30720 3068 35281 19956 18552 26745 11901 29666 17982 28181 19762 34499 13391 30280 2453 9167 27708 11926 4863 34480 
17 177
25581 14437 6605 2210 32893 26118 28783 15326 22686 10124 7762 34286 32577 25113 32668 12 8529 19061 10682 13275 30344 7241 33983 24490 13636 14772 34531 3915 17431 27431 32296 9784 6165 17505 20529 24402 17675 3635 19196 20178 26300 9247 10310 7021 18765 15961 15114 30877 11447 18990 18344 15966 19301 9513 5831 28116 26867 20701 35639 4124 30235 26747 16430 8854 3865 27876 23331 19444 35438 6865 22335 7911 33847 32428 21023 18089 26294 30596 32949 30314 7471 15614 1280 19875 11823 10866 15432 13320 19378 11117 36400 19462 33918 23091 13975 12231 35240 23687 12935 31183 20839 25052 1143 20509 11688 18902 32127 18651 34699 31717 11569 14214 14576 19928 2962 33118 20261 17354 10820 28496 10666 25383 35977 7054 35735 17394 14970 35642 19270 14002 27260 12768 6597 1956 21964 22114 1620 21476 18404 3876 27563 15602 23301 9777 19644 36404 2866 28658 21214 20904 28699 20868 230 28216 21003 3754 21687 28302 5451 7102 11177 26934 2362 10026 23738 13310 29283 30315 13006 20970 12409 20592 735 18937 7746 30046 7566 
18 172
17417 5024 21427 11244 5313 25204 3963 22452 14345 10182 9422 17924 8442 4327 30409 29459 33287 27183 6088 30787 24285 33255 10147 15399 2732 33251 26499 35572 33945 5147 2758 17185 33330 668 2470 1423 35865 10434 4898 35793 32975 4738 33664 15837 719 30733 10594 12553 24320 26232 31039 11752 16178 1832 19424 9447 15453 30244 26379 16151 25139 13049 14495 11011 5869 28296 34244 19630 8771 5377 22856 4631 21823 7674 3518 7997 32983 29204 7377 32470 21016 10880 20893 16274 10360 34026 16695 27637 9950 27611 1171 22134 27370 15787 12800 14517 10474 1853 1070 33785 19864 22589 14171 33230 6802 308 4116 29579 798 18571 12093 24948 30579 23966 13178 5084 2623 26452 17976 2940 17894 12457 11214 10311 33825 18380 18749 4666 21118 28187 16 24808 22487 15641 1179 11332 22788 28784 3482 16852 17230 2460 5154 28109 18145 27396 14031 16319 21658 29660 14595 7400 19524 15285 11507 19869 7100 14800 14949 20079 1618 1211 9540 7018 10285 32742 16548 14470 12141 34747 31172 21188 
19 172
13242 32059 15100 23444 11179 26297 9201 13268 16468 14714 26815 6530 15792 5927 13859 35484 17186 779 17892 33484 28238 11479 30468 23956 16977 14841 15771 25311 7970 3723 36107 1658 23170 6146 8774 31889 10561 6764 15058 27613 14463 25666 1370 32360 32541 664 3839 28224 35011 13956 12777 14433 10858 28434 32436 5058 6648 459 2670 11356 15440 17045 13594 26690 32275 639 16773 2176 32157 24121 28864 12300 34682 22628 28156 7187 8233 16698 19269 8996 36245 1349 26390 12903 12641 31167 742 15502 19587 17895 12010 27437 3484 27226 28643 5506 25081 32000 20467 17761 30077 27229 10191 15541 14688 3410 22840 5577 27233 3559 32495 20944 14416 6833 23635 11648 24022 13001 18021 3708 1831 9045 5753 22934 29250 24392 5450 10214 30420 13974 16384 35119 25462 10619 18382 6321 1606 7135 8663 36264 12810 35041 118 11583 7831 35048 17343 20626 9811 23531 19415 18201 26016 27968 21369 25300 13846 17855 10979 24110 29081 18771 27045 31210 16596 29964 16155 2395 7418 7061 28374 23470 
20 168
24316 29637 12209 34054 24767 12366 5266 35541 17959 28932 25523 23059 5260 29785 2381 19476 6541 35124 12174 4575 18241 9524 17511 20275 34249 13602 33829 26663 16970 51 29031 2531 1064 31395 17355 7047 8056 34823 18310 1016 2752 8255 20787 25472 21774 2503 26585 15041 23279 13928 27792 10263 16041 3347 3406 15007 19670 33977 4786 26681 13104 23441 10304 1073 10155 26529 11559 31020 23146 3170 8035 1141 30620 15695 24255 32500 12668 12924 1933 25392 32939 31289 27568 17913 12059 16543 11498 24861 28089 12173 34656 7836 10002 16511 25975 25249 27584 2439 13722 14967 31374 33269 16797 5486 17776 31294 26962 10083 31230 13642 19525 17157 17337 644 14848 34532 21460 15222 19494 5075 725 22505 17991 32679 21075 33495 17140 23863 23552 17824 2465 7961 23401 7931 4492 11156 21624 14113 25438 28258 21025 27883 26226 32180 18981 198 28887 12546 15667 22014 20456 1086 22777 31672 4036 27655 23177 34543 20584 22515 24471 9293 34258 18084 14820 28151 4308 17485 
21 172
29887 15943 27804 15867 17221 13355 27450 8606 6119 3432 3389 4985 32177 27840 13032 4695 23502 4909 16049 15660 5379 17454 11862 16608 30601 12316 14446 2649 33753 22034 6256 17215 433 18438 30388 3436 20 18992 31861 30172 14254 5841 26039 22249 18140 26819 6552 34822 18026 23740 14782 10146 8526 18363 3533 17588 22741 14659 20314 16826 23104 33712 3746 1657 11907 10816 762 2865 17752 2088 12425 14114 14421 10234 21716 11515 14418 34430 9672 1397 21011 27516 9659 5296 11440 8973 19219 29412 36266 33077 8415 6504 11004 20918 26528 12610 9724 31029 16589 22735 1460 21452 23719 12324 12160 1084 25870 12142 25891 23266 22334 31098 252 18529 10828 20810 10788 27830 23193 31094 277 982 24038 165 2421 4454 5774 35028 15246 27388 6615 31784 13712 19134 34337 7924 30404 6933 5390 11517 13297 35519 21946 25065 34580 23895 19414 10785 16672 28976 9267 29231 25093 28588 27438 32230 10055 1821 8214 31470 4500 30662 26893 3390 16840 2614 11293 4655 10224 17957 10708 9862 
22 166
29718 21325 33342 8444 22994 32603 25076 1570 34077 19556 35657 27357 592 10092 15242 31329 26060 14709 12872 9603 6604 19167 6354 10831 5370 12420 28733 25624 29115 3833 22907 15406 25035 14329 28462 22794 28169 17501 13171 540 11644 14845 35213 27247 17685 4719 7735 36171 29703 19245 26952 21709 1150 33096 23971 13239 28792 14960 9227 29107 8877 9260 12673 1457 31097 15586 10991 15376 9283 6297 8256 35308 4140 23975 66 14262 34910 7852 16599 32348 10358 7535 32991 11942 34848 4700 13884 32002 10620 32769 2760 15854 18660 18492 1105 3946 8671 9563 113 28135 6052 9210 20594 26684 3937 22054 16527 31988 29946 26895 13880 20534 10508 226 16115 10283 20517 14100 5217 28008 3108 8474 16167 22067 16924 29150 1868 4622 27913 5573 12667 3271 15447 26728 33654 4913 8207 21870 30199 977 13470 31436 14980 8714 2925 7809 25539 26255 30611 1123 35966 23446 14032 35319 21360 8410 30650 32046 31528 14432 36154 24154 17042 28385 33771 14120 
23 166
5488 1318 13481 7668 7456 31632 25546 13698 8063 9345 16908 9174 1202 29194 23499 9107 10886 13997 32394 13248 11927 29830 13029 34362 35939 27929 15574 15055 26443 21607 19463 13441 144 31313 4243 15400 31397 28069 9623 16634 8440 12986 24302 28391 12990 25318 32250 21699 33075 9010 3601 24278 29667 18499 5201 16683 8217 31813 31385 14320 15902 10528 34892 31759 25914 15293 8687 9473 18907 3209 9728 26029 4103 2849 33920 36165 4429 9400 32820 23468 7331 10120 15853 15317 846 1525 16759 12639 5781 26738 3489 9893 35744 1971 5226 11030 12925 16042 14048 12086 10081 7654 4872 21701 15475 10915 8173 24434 18691 18866 34743 41 14993 35983 32756 19056 3926 11838 32654 26950 5641 30852 8314 24821 21777 20688 14779 17021 16834 35409 3866 16052 4105 18515 2290 7079 14974 2052 12780 33725 18583 5 192 26525 3488 32081 20843 8903 24341 6799 10983 27211 19602 31651 32589 6548 11786 27083 2537 30599 10438 25559 20811 15515 27458 18044 
24 171
20251 24049 9389 5554 25080 33527 21584 709 6015 30287 26197 15405 31670 12881 1336 34040 1421 20354 3724 16836 4446 32384 24592 34648 11019 16503 32283 23395 24159 18008 11153 6884 31347 3232 1953 29776 23168 24332 9391 25875 957 7677 16472 31865 24239 9590 33668 9084 14401 36308 27 27506 21996 19366 19189 14102 27149 3013 8321 4313 28341 4078 32680 25001 5309 611 26871 25878 28807 30962 14784 1915 31446 24071 17135 11666 21568 1183 29393 16264 26550 29623 20922 13258 26721 14604 12511 18741 30710 11455 21111 13349 1661 26131 9919 824 27639 28498 28653 3836 12557 11869 9994 27514 9213 21178 24961 8985 29105 2329 4553 33991 27623 30574 2876 17356 13600 8634 10387 11555 30635 23870 20914 24251 23715 35221 14467 5372 4617 34979 24873 27038 26020 32481 34546 36205 25687 1364 10529 33545 16128 9157 17521 21480 10740 1096 1631 696 16582 1980 16053 9599 25573 34908 12051 15060 27130 35010 31588 29520 1771 4703 35689 34500 15064 2061 17973 24424 23322 14579 1310 
25 166
13306 539 25074 29205 13183 9861 5589 27612 19624 11388 4506 21300 28053 9523 23667 24379 6216 20932 35324 18664 20360 11676 14203 604 29014 25059 17326 31006 9632 32560 14176 1562 15231 27339 23265 27518 28280 34730 10010 8383 23496 10659 35291 5108 9251 29196 3325 4211 23298 32567 4995 34142 8956 7451 18042 31711 1808 328 27052 5792 16358 26649 25447 13430 33965 27015 6466 13729 8112 34719 5423 24281 30931 28823 5317 20324 7960 1554 13207 15750 17208 29176 18076 29898 16344 11782 13458 13168 25103 30788 22841 22289 530 9221 29885 28655 11950 34381 11661 35824 24624 4780 25346 16577 9356 36391 23132 25685 32471 24997 28837 27414 12969 29244 13625 3989 10370 21836 22058 27483 10805 21583 21384 10372 31980 31709 7034 30589 13261 620 278 25044 31995 400 6738 25647 28574 10857 45 14387 3203 1867 3394 19949 23609 448 15950 16142 13315 23716 10512 34109 26548 21094 13030 20939 4628 26172 12417 14445 12802 27189 20614 32884 17362 23722 
26 156
27530 16706 14991 33382 26716 12144 29940 14522 77 28067 4721 6406 17272 28951 2359 898 10717 26986 10562 10572 18895 12396 23230 4974 24895 33780 30541 34899 20173 16183 14836 5593 26328 5151 6667 8959 18122 35432 19432 3715 11577 2505 9622 11086 15877 21933 27704 8531 18149 2539 34340 20468 5074 8293 17618 24451 7752 23209 21323 18253 10060 3569 18114 32940 29766 24732 17935 5876 2724 20561 25635 16933 117 31673 2343 2235 24900 4801 23976 17740 16372 13705 3324 14234 8876 13017 1142 2763 15288 19661 26350 33157 31731 4650 15654 1065 23433 33293 18805 1001 12760 34378 23736 6560 19151 8542 16292 30897 13871 15513 15864 1567 745 18356 3402 34010 22923 25958 20924 20018 9639 28215 16169 27063 19043 29886 9365 884 19162 15876 16702 17537 10395 7463 28488 16116 25183 12004 11487 5198 1713 6064 25390 21876 15052 22768 8640 10165 35513 5301 28438 32624 17514 15714 35310 16097 
27 155
13643 2653 30173 7736 34334 24774 31868 20270 30937 23158 22210 21526 18823 11238 9787 418 17103 33561 15809 36372 17256 32785 21043 36336 29469 5367 30320 15138 1254 27869 3130 34167 27477 498 1986 14163 16793 21564 6959 6397 27236 18672 4326 25331 10539 36166 24326 394 27899 6098 23353 14244 21504 5895 33928 5137 649 1996 20666 9998 6731 2485 14584 9118 11684 19172 28044 8026 35814 8545 24035 9942 15944 29710 27127 4830 4318 33114 8657 31205 19619 7966 33395 2738 11085 20752 2180 9852 13190 20237 6261 12031 31078 10218 16377 564 23345 31220 26993 3917 20116 15166 6882 32079 7597 27686 1990 8028 12281 1241 23555 10447 24051 26473 3672 2565 5070 15649 35960 12898 6402 10223 28607 30865 7078 3440 6259 27947 21919 19584 21108 32692 32439 21010 11502 10868 35943 19265 22729 16174 25790 17085 25695 34347 20784 20301 27275 18878 34535 27408 20601 16602 29476 34725 28846 
28 158
11891 34838 14272 2560 16860 4155 34789 34307 10767 10368 25442 10791 23841 12996 23156 11093 360 34804 26902 15176 1557 2773 30321 14196 3314 32351 23203 21057 35496 21358 6903 34679 29744 30849 25492 14920 26720 31457 30102 34825 6588 12621 4925 22520 7097 17561 4981 522 3602 32482 2288 30276 24127 35316 4564 6492 17688 34165 17023 8804 14046 16521 24683 3149 20421 1659 21793 15370 3445 26923 29163 13659 3527 7030 4816 2888 22498 32771 12891 23608 3873 6801 10592 31468 25859 11968 22723 21899 18442 32953 24917 24266 34043 28573 3562 22185 31360 3752 33353 15856 22867 26461 29468 10863 2526 10778 64 10862 33095 287 34772 25667 10535 180 28543 34955 17264 23682 23293 25213 3191 29691 25817 11115 18161 2217 13579 4088 13069 25312 29343 34022 18928 7338 4295 4432 16785 2008 11496 13098 23402 15044 26477 32871 10906 27630 34407 32566 16479 5473 30023 27797 14950 26210 7373 28454 11319 13656 
29 162
31052 14668 19887 21123 21859 5977 13904 23471 12848 8496 33246 2984 32505 34977 35964 16415 14042 34577 28307 11997 8262 19470 7105 18183 32311 12577 13850 36230 12842 5188 32534 22763 18769 35839 22293 840 18112 25515 30972 32322 2717 2754 29454 26456 14925 7540 2029 4656 11262 34262 21648 35297 23032 5868 7988 1053 14833 14560 20172 34503 21385 6706 5158 30045 8505 32811 36000 17059 17844 33581 16070 9058 8306 1017 19822 21198 23633 11859 35761 22173 42 25286 31032 16829 30615 8522 5897 12682 3655 32910 6580 11653 14224 18414 35629 33235 5208 7872 4056 6287 21289 28115 24167 31635 9651 477 34813 32749 15342 440 17192 12878 11400 19339 15928 14459 25397 17607 9779 25196 1454 5081 2936 14009 7940 23603 738 5175 13946 2910 2884 16294 24723 8927 10211 25606 31706 31744 23817 20276 7404 2289 20681 562 23689 26047 26755 10962 32331 19387 18043 18409 7141 6657 2967 25806 29147 5066 18103 28220 13962 5163 
30 163
14903 24729 436 6072 21840 32698 36243 5628 24736 15291 27376 33433 11499 18276 9941 15489 34393 30705 36117 10684 2939 19155 20846 10833 20458 28062 30479 20947 28881 7424 34741 15805 14472 34720 6299 200 27070 30651 34282 8243 14211 22571 19830 7520 30328 19729 10379 4139 16474 35679 32496 20206 25604 19623 29377 14233 1585 24373 8387 16915 34091 2627 22113 17508 8738 21560 30966 35242 35264 10345 31792 22824 22159 13788 14718 30104 7595 9932 29794 31114 3904 36095 26680 18477 12442 2952 4259 28895 29679 18821 8862 27751 33116 24370 9505 6471 513 18451 22338 27249 11548 19391 17075 23128 20630 12352 16648 29733 32902 28632 25693 27369 31196 19474 2463 27209 19553 23623 20650 32967 3643 8662 1345 31366 11095 6205 10324 11070 7335 34113 29202 16736 5190 14706 1416 11542 34865 15631 29229 4012 11063 19495 5485 13501 28012 15101 3067 8166 29509 18841 3631 850 30858 1822 22681 9675 29006 13775 19633 16194 8434 6892 12830 
31 150
19675 35982 35174 16173 19510 11904 14291 7232 17401 22413 22457 431 10757 12415 819 19692 16289 31799 17200 34047 11603 28981 7455 6564 21965 22622 8689 15410 4093 35936 35533 7584 4218 18408 32491 3323 4460 26527 11054 21326 32235 14458 25670 18857 34829 2679 29047 1656 31451 11594 27237 26414 17889 3455 19794 34817 17699 13912 5909 18041 17550 15046 9694 30899 17456 28465 28248 33391 315 34668 24709 1941 21373 7317 35755 25266 11254 9487 6984 16524 22132 8926 14665 9727 2293 29642 22868 13205 27900 16143 5269 9957 14913 1834 1252 10257 9498 17163 6979 28727 1584 11460 17906 16795 25862 24150 35004 5104 15692 16535 17590 28410 21743 19802 8421 13976 27469 34764 17475 17116 6369 17635 3035 26321 9681 21219 1599 21160 3556 27006 35620 34442 19426 30185 14549 16297 33951 32435 22602 7278 1714 26193 11031 24498 6422 35485 19647 23463 17434 574 
32 153
23202 30780 31806 689 6021 17031 6386 10451 24417 11245 13855 25580 32524 2113 10435 16898 10151 23693 25764 5518 16134 30953 15808 5474 14247 8234 29552 23044 10582 31979 4583 11193 25470 32802 31618 10525 10720 18768 36298 22656 16290 34477 1331 25982 30123 24942 34794 33696 9545 13580 27204 9268 974 34917 30885 35588 8614 496 33074 17979 14599 25275 25686 15993 30723 16768 2748 8229 27471 33543 9353 362 10383 1148 3822 34994 32186 33813 24152 30915 29189 12489 11943 9960 14059 18550 36103 15721 27352 30164 11494 30945 12036 31958 5750 5014 2779 15632 17998 34326 32530 5270 29175 29276 24962 11616 11650 27442 13402 30882 17493 15024 4428 21562 24855 21510 12440 21397 1161 15529 21984 14860 34089 8471 35568 29619 31246 10388 22634 5509 28682 9935 10855 1531 15020 30257 30366 2517 17682 27685 35538 13777 22720 32117 24433 8561 2181 20692 9980 1650 7568 34396 24945 
33 156
12805 33861 31771 16248 24441 18875 23380 18873 12408 17079 26183 21115 36196 34837 15407 1503 19419 9474 27213 27906 8448 15823 14751 15941 11739 20475 2186 24295 13421 29947 18275 18634 9635 36315 11204 2958 2426 23750 35712 5935 21833 17778 8478 3333 3094 20696 31581 32643 3502 10993 6449 23565 9543 12921 25305 15896 28678 16515 36185 24055 33130 9304 6129 29824 13316 21313 14696 4882 36244 2673 28998 35522 30990 11945 32327 24639 21712 30493 21517 27327 18658 24365 27131 22319 24050 18889 8136 4851 33877 7587 27488 28919 35556 1544 28628 15799 8264 27133 36229 35707 14909 35332 14115 5442 21486 8728 32185 30527 24995 5559 11280 16266 33180 7123 16699 12343 24517 19913 789 26195 21791 11671 35723 17098 35844 15160 18246 12766 2652 24602 10297 3165 34861 16954 10248 33127 27287 34641 19900 10173 15066 32119 15256 15565 18758 19589 33410 20420 23899 34984 28405 19231 9641 3025 7545 19742 
34 153
23481 3397 36139 7726 10779 33852 8381 12779 12942 8597 3827 33681 7438 13860 18352 26717 27310 6322 26285 29413 34425 4336 12029 25558 25429 19482 3356 36354 3064 769 21237 23374 28930 11321 11610 13300 30098 19740 5371 15298 1197 5963 10244 21473 11001 30248 1730 15899 8037 28866 10262 34922 19534 8558 30697 28212 30306 8615 15986 17252 30140 7403 24662 22490 9407 15416 13786 25729 8694 27399 12840 8232 4543 31243 12048 35780 12283 24883 20220 17188 6550 23069 6623 30538 10242 30632 21720 4796 6412 16026 32281 8432 2387 25166 12315 29156 34390 23116 32346 35742 32094 873 28669 22799 21883 20404 8344 33523 26179 381 22209 34681 32817 25023 34788 11516 33456 6040 23779 22078 15391 26038 35195 1049 7900 34887 4916 23378 21620 16068 36305 10977 19083 24394 32762 22484 21538 33321 18378 16716 7825 27745 16832 27039 27073 14968 18019 31981 36001 1353 31419 27022 17310 
35 157
10007 21466 7808 13489 6389 27943 30060 28288 28679 33690 7508 33294 30472 31886 12817 18767 1135 31284 6737 21076 25531 338 11178 20607 35507 13804 23167 18721 20961 5629 3749 30533 2027 31804 8991 2222 8715 20936 31499 11002 22087 25272 32053 12307 422 6014 11874 11452 25960 28791 7768 5146 1927 27709 13139 30673 16419 22302 26113 26453 12456 9556 33483 16919 3277 11900 8989 26245 30735 32072 14110 21046 29955 130 34256 22367 28945 8539 2019 8501 15372 7533 9432 24422 31056 10419 2308 4729 24921 16315 870 12235 24271 959 23589 5470 5261 35599 26388 35201 21342 3331 29761 28781 19520 15279 19727 35185 35953 12239 29091 9818 30099 1638 119 18832 16958 19578 17071 6883 28619 27766 12462 18318 10606 8510 23074 27951 10599 13546 2158 22145 31257 14498 4021 17453 2839 18494 30909 17126 36373 28928 8245 29717 4571 4201 22724 15037 31782 9403 14996 10727 16487 23993 21572 22609 4126 
36 155
32372 22626 6850 30205 34323 1572 29396 5054 23921 1825 15862 1292 30442 27180 8518 14781 7744 3315 2713 7870 2142 32745 26086 31067 34942 2118 29128 18452 12322 3722 15611 33661 21923 10167 9303 12762 31682 6338 3639 34261 15701 5657 3022 35006 25957 22010 4456 7375 21382 19867 30519 35117 3813 22086 8743 23640 322 6191 20613 17686 25245 29582 7606 27302 16001 5931 11125 2596 34273 21203 29987 9290 24491 20414 25475 29723 4873 2375 36159 32720 1672 16681 35274 27828 5997 21208 3691 18713 32803 29146 1067 3978 30148 796 33538 33366 11841 21242 31621 34558 19032 13888 27402 28760 6803 16463 17223 19919 31640 13130 21189 332 33265 32700 34846 20017 12518 21320 27331 4464 2807 21629 31024 31090 14026 13529 18392 5363 29499 3782 11990 35567 16327 27154 13393 34676 27897 27444 4262 25487 2086 18828 16961 23943 28331 14161 32988 15841 24241 29112 22205 20854 1978 10032 28780 
37 152
30980 34602 18483 32350 3001 16456 24653 13761 36392 28690 27023 28564 13735 21871 28627 26354 14760 22212 2296 20728 21710 18445 65 21866 1306 29663 8817 17810 18279 18057 527 28388 22352 32 33856 20870 19622 8167 30467 5385 21589 15675 33777 28565 26343 31319 9895 6783 15417 29526 12814 13156 12108 30339 36225 27202 1361 21212 26505 11978 15375 27740 23316 965 7694 2307 21252 18609 12859 31772 8433 26822 33609 5491 34246 9929 16243 5912 23873 5348 11228 5923 701 32136 5838 15498 16575 27661 20074 29871 22962 4883 23675 9858 24568 15323 25162 11368 32010 34512 19719 9827 8208 21051 14178 70 6602 10736 20795 27752 3924 18003 3343 33419 12358 25014 34114 25002 9460 31531 26253 33905 5056 25094 18121 6624 8247 33810 14510 3908 34349 5287 34019 18517 793 26404 25471 6056 21605 23311 30889 4745 30536 8500 15469 25047 30784 11380 607 27284 32714 12670 
38 161
18068 4453 20182 22500 12002 21671 34988 21855 17549 10910 1393 174 32107 28921 11729 10000 973 2089 17462 5257 27283 34560 5557 33446 28528 11557 35543 30981 27353 30776 22301 11802 8257 23760 6474 24182 16955 8559 23030 26896 36047 32272 32565 8631 13192 33907 2310 15180 21487 25877 20953 10336 17405 34678 33306 7391 136 34234 21908 30210 34318 34552 3619 5601 35322 1629 15577 3043 4291 12503 35991 385 10829 16929 30427 14807 3784 34405 1622 1855 31290 33697 12592 24213 35 19455 18547 25301 13179 35666 24098 9004 9031 34159 14385 13480 28378 1163 34616 24899 28351 16899 3189 28799 16734 33037 9179 6636 6137 25075 2631 32075 2611 7470 23828 10888 15671 17046 27747 20037 5036 18632 21644 12363 17707 2111 12360 15382 28242 2621 17708 24318 9418 30213 10800 17094 27811 23584 8241 4996 34972 25122 32613 25092 11140 3585 23523 16110 336 36330 29374 5335 4848 35546 4283 23024 140 36004 6325 6188 12273 
39 155
15662 33057 23945 6747 25381 33482 23910 27852 18738 22116 15394 9666 7169 6106 18366 10683 98 33733 17074 33552 7103 3383 9328 26393 6341 21266 34021 6748 36146 22329 26027 24021 36104 7082 23931 12685 30692 22274 3823 1591 1156 34434 17535 5982 11314 31547 5824 30337 33701 14071 24680 11779 10994 33220 528 25905 587 29811 17207 21616 28445 30457 19805 18942 32875 1451 6381 28929 16104 17921 32750 7937 15668 35730 30610 8169 1104 26978 842 32588 20719 5872 5947 35866 14121 36375 486 30891 5778 28180 35477 1439 23161 8900 1301 9192 33225 6329 577 17806 5655 33636 26734 25319 11443 13542 13568 27887 1187 28587 10228 27627 35791 31510 15539 33498 19632 15678 852 6272 21197 4720 23048 6986 21159 28825 27086 1776 5455 24388 2358 3486 30689 5670 10298 23685 29235 2220 20453 17277 19361 26325 4015 7171 35464 26387 26214 4545 31069 17780 20433 12481 9712 27379 7877 
40 155
3774 25972 27203 3090 3491 35577 35017 23732 4858 25464 9488 333 3614 33822 18810 23514 737 9757 14941 15891 2203 5523 30127 23942 31490 11371 14011 30403 28978 1814 16213 18232 3532 8309 11530 23891 27912 10455 3843 29121 31729 14873 31343 4766 11758 12785 28126 18665 12982 4987 15698 15161 17013 9359 8842 31489 26470 6686 25948 9360 23002 10751 31680 5575 8299 3268 16564 18885 14258 8654 23275 23258 7656 8244 800 32273 21087 9914 16251 32508 4340 29573 5035 28718 32195 17578 2521 20297 14704 24045 30544 15888 18863 26623 32412 5965 13922 6795 31906 6857 36058 35363 16890 115 6909 17981 12623 2280 21721 28804 10921 22807 6830 26677 21375 11083 1243 26017 27457 31480 11913 13758 34594 9521 15772 34137 26266 26632 17826 31260 27834 5943 2379 16395 4885 20718 4637 15085 18431 21149 10998 21550 29099 17800 15260 22074 34515 4768 9349 4523 11751 5420 23464 2368 34866 
41 150
5782 30763 26100 32515 25289 34173 19441 11250 4330 34584 2380 33042 1190 15795 31498 15597 33880 11674 35895 12344 32891 1961 30453 28035 29127 27487 2735 9168 34067 4965 35474 13547 14475 10099 31405 26161 26835 9276 6242 19041 5775 25184 3951 15661 1308 5408 15765 193 6417 18681 9710 30572 7782 5291 26450 770 21691 7271 3995 2648 15484 5279 2909 10260 14541 5251 31732 2004 7635 14315 27918 14489 13588 7289 5684 19106 7873 26105 15306 22835 18514 3100 32614 579 14798 27541 26897 26240 27606 9166 35535 31025 2156 12317 18598 27481 16631 35007 1338 2200 3709 8670 23755 35829 28091 2122 6692 26620 3294 2527 34566 4771 24108 32736 4633 11768 28500 2853 29997 14118 2943 29728 14084 31036 16446 33603 3442 30124 5152 13479 28045 14193 7096 14422 2341 15448 13025 23654 1210 36182 19417 12276 24069 23214 4968 31095 13191 13202 19152 16089 
42 145
9535 31083 10355 33724 28130 14749 11625 15910 16441 34359 2367 1669 21150 5053 35208 15420 19049 4184 14951 12214 17442 14657 827 34241 5002 6167 8085 4679 24955 4272 29919 22316 3891 34304 25542 32416 17149 11196 35795 3194 8962 36334 28790 7943 28338 31279 22497 23412 21040 29232 363 19222 31130 14295 4163 10498 323 972 3239 30381 7892 25856 4323 1712 1062 835 3761 15733 35935 16967 17260 9413 4315 20029 20775 33305 2116 6695 7613 2271 33164 25553 30476 26371 36189 11190 17054 27719 16073 30421 1722 30500 27221 11103 6896 30510 23239 32353 11403 15686 15089 3641 12112 32954 2069 17731 7888 26820 26272 33341 9217 18925 8360 13120 33153 34997 3494 24457 9106 29442 25474 2475 1487 11504 5571 16881 23147 23628 32835 26955 2961 16726 1224 20398 9692 36096 33807 10870 31998 32145 16162 27169 30484 29571 259 
43 147
2342 19133 29702 11586 14792 6004 4222 23777 6254 12542 7926 29643 756 14340 1785 1186 34941 18455 31225 6769 13644 8040 12329 26987 34987 18402 36026 23513 11938 15446 476 455 9219 36273 33652 14672 17499 11241 27810 6028 29604 8908 30122 10632 9424 24470 18260 31572 25969 22025 12003 25418 33223 16305 4363 27732 2141 4197 22133 22901 25201 24534 10098 2749 15227 31275 34514 28859 34459 24356 4225 1842 22633 23199 22621 3673 5669 35894 34666 34754 22512 11066 2747 3852 18346 30418 23731 15925 13548 7990 10729 6589 11506 29157 28335 1015 30676 3794 2976 6069 18720 29050 22967 22088 7695 8828 16138 36262 15249 6539 13121 4809 10282 13158 33336 8599 24382 27391 24522 21705 11270 19054 19763 5581 1888 6483 11513 9127 5284 19506 9075 19287 30525 14455 387 33914 32234 12119 26928 12833 6359 28122 9618 32003 14382 11111 15832 
44 151
14334 33791 2314 25500 22910 25360 3896 22230 32934 17003 11327 21736 8780 9298 33639 6634 26839 27216 11350 20622 19541 1506 35137 9706 13107 22853 35189 30129 6821 16951 20038 5432 17373 25108 6500 18744 13875 18762 8700 9153 28857 18079 24731 6063 31548 4875 35800 11946 8935 2737 22175 18829 34455 23866 11217 36127 27721 25664 26188 35369 31811 30638 10746 30362 6752 20474 6168 17795 30204 31541 13145 19130 18703 30151 3091 23626 33927 18761 19346 26555 12573 15435 17032 26469 32674 5633 36261 17765 34599 3034 251 30225 25690 7213 16963 2272 15894 27687 31127 26560 8407 14238 17005 30767 17212 12131 21598 36068 19402 31991 12694 33631 26769 32425 13944 4927 13497 19101 7727 16948 17446 12414 23198 2805 8270 34781 4359 14891 19207 25036 26629 15575 3470 21798 6999 26254 26809 21158 9431 27121 31199 9067 12937 22578 1032 6711 19746 23801 24283 11081 9224 
45 152
35437 2945 14068 7989 19072 11346 34615 12679 10935 3056 31962 19827 20556 16887 23072 17352 22737 30003 24943 774 30258 18170 15785 13223 7932 22479 15904 8929 26312 16352 18319 23947 22331 16242 34665 12169 19443 27401 1895 24556 25517 21280 2384 9967 26619 183 19808 35560 24802 294 26400 17143 9478 13380 32427 17650 11700 28472 3036 4608 2140 10019 16411 16208 12939 19817 24559 10375 14289 22664 36397 29777 6941 16531 787 33097 210 4602 28907 1283 20579 34490 29649 22455 25924 16313 15479 16937 3053 10390 20831 23068 2678 33700 21301 12381 16397 5055 13751 29695 29371 7028 12723 8656 11340 18281 26750 18215 36259 7244 1975 1311 3106 15601 30130 31447 27341 21872 34864 33337 25630 17474 1925 1545 17852 6104 558 26731 9896 15564 24211 29010 24728 28399 5085 22620 24190 6915 138 6211 411 36274 15873 6210 8427 31174 20812 6826 33373 21821 20181 34134 
46 156
17986 33501 20061 4734 6831 20704 25268 20108 25548 19404 21259 7578 25339 3819 24244 20615 28349 32637 27990 25638 25625 18774 22162 34472 15962 12468 1967 8593 25698 16080 31044 34721 35932 6465 31756 3563 26078 7370 21461 9711 3499 35534 26949 20022 16622 5798 9621 6123 16360 9491 18689 28204 25483 5227 30643 15546 18848 9477 23117 23703 2555 19067 10413 28732 29339 28033 32687 2292 30385 6527 12049 36239 15942 5252 33906 36295 27278 25257 22742 32905 22712 13337 17712 11889 26869 15930 31500 9426 15224 32090 3623 35757 9989 17131 11130 24977 33873 8251 25707 32664 24632 9670 25256 14893 15481 26552 12538 27320 32063 34744 22023 18997 25347 24807 35145 22155 4325 35625 5700 3701 12648 1145 6197 15077 10604 6190 34786 9371 24454 1203 17136 22619 1587 30094 33352 28490 13038 55 29453 9837 22795 10769 21983 11481 4097 17464 32754 31233 20623 5576 29694 16150 32558 14520 12795 14098 
47 145
23546 25481 8678 35815 22461 7309 26422 26593 22110 17716 31678 23237 21636 10132 25228 25751 28838 5280 8032 35703 1824 7741 32125 20993 12458 30783 26202 32511 32936 14037 22315 33012 4788 24430 17647 8710 4152 22248 11284 6897 16787 9456 23747 29338 7807 1716 33923 7698 21786 26310 27922 19980 12114 32658 17102 698 30921 16717 23343 7785 27760 14022 12219 32071 35390 12472 9575 4551 13216 23189 23684 16063 18106 6887 29617 25240 19091 23543 11765 25150 30549 19165 8175 11375 11454 18223 12850 18410 25434 4808 10047 27717 161 9329 15388 17701 22726 25813 13505 24163 36401 34965 24520 17519 998 17805 9582 23419 27076 30386 16694 31250 26088 22629 8422 2797 32007 17759 16819 5538 12014 6923 19279 23064 7472 12306 31565 5061 24085 21483 24149 15732 31349 30044 25939 8768 13404 17265 33091 8128 3922 11830 22688 2907 1043 
48 146
31538 13459 14339 5222 16030 23805 15237 5671 16452 17015 27662 19436 35196 10622 30121 9458 29514 18212 18576 32850 5842 28507 22272 25077 20792 15329 3837 8337 16191 20322 9289 18971 23885 299 3886 19877 34132 33427 5884 1225 14815 31617 28959 5479 27958 28596 20242 13075 5471 21255 31945 20012 25423 19768 28380 30223 23771 4289 1066 3936 35696 24306 29881 3624 33883 1759 17781 23752 14761 33087 32764 7315 13883 12265 4725 24235 14643 761 24783 13287 12541 34553 17785 17019 30436 19967 2318 25186 32069 17124 32474 2481 24333 14119 33675 2048 5811 30778 34085 12938 22811 18908 7420 24875 19788 6866 11294 15280 4581 9122 20699 31527 34287 1059 19233 6628 12190 15467 10537 27631 21226 14656 10841 10487 2198 30838 10031 35112 754 21088 15613 14861 14694 32225 31593 25121 6016 28167 36292 19834 24524 6787 25016 24169 27955 14362 
49 147
26586 28230 35200 22290 5311 22299 9000 10105 21450 29683 25410 1942 27184 30025 14948 30184 27101 26777 22471 14252 15387 23912 5956 34707 35693 26259 2299 26257 15582 3096 30886 13490 35978 21947 5242 24387 20315 11155 17258 19496 21570 12353 9884 4989 10097 24354 11834 20345 18420 27329 8857 4754 5785 14733 5704 1683 6993 17246 27590 31623 20984 10480 19271 26001 9931 20871 4392 30161 12473 27242 32725 33094 32291 20886 34436 19333 22518 32270 19814 22364 30790 25711 14131 29417 22026 29701 33841 34112 2087 21860 4552 5542 20059 20462 573 36386 11208 11702 32815 2417 27147 22401 23645 18394 22258 31610 32431 8017 24033 20483 693 14479 28408 10187 8060 21587 5297 3093 4843 34731 5744 8753 34748 16450 6170 21457 16739 24975 16633 23504 36370 32681 12734 35468 19100 6656 6278 7625 33158 14570 11669 15056 7571 21207 23018 18735 23300 
50 145
10876 583 2714 31422 30958 3889 892 16164 28066 31386 9772 18640 8838 5851 29773 24481 24262 28765 19881 30091 12866 24396 22358 3082 26662 2684 22567 22732 23938 17946 17891 14126 9555 26063 24039 16455 12024 504 7822 31093 31111 5274 15304 21890 5651 20524 31134 23999 34484 24646 34476 26994 25042 9180 35458 748 24502 32740 11935 32964 29527 11092 19777 1837 33439 24421 13862 3615 12559 13401 13798 28072 26301 27163 23527 6102 35180 22668 16444 412 12011 25216 21901 11282 28178 1972 2535 32459 30354 4775 4031 28267 19660 30039 26714 6476 25291 20366 14282 9483 22886 14099 33806 29633 467 11385 12376 7558 25328 23225 16777 18235 35086 10201 30290 17922 35270 23778 3566 26487 32732 8835 7729 29521 19451 17400 152 23651 30040 19281 23422 33284 10171 4904 22846 4578 16850 28709 21093 8394 17353 3112 21573 7364 9557 
51 142
1839 22636 5159 28344 4490 31898 16778 13667 33540 13198 31668 673 24464 32885 26992 2887 23643 26023 17642 6806 18489 6729 25689 17409 3469 3439 759 9911 4829 19422 23907 10597 10794 34299 26319 9646 17943 29159 32606 26377 35667 1372 17777 421 645 8409 32498 9128 12618 6618 1636 13222 2534 12781 13790 22485 7093 19844 34623 25613 12600 22068 29739 20044 22695 7396 351 6435 5425 21914 9778 2195 13869 26085 20096 24882 30485 12737 1845 28273 23541 33537 25394 16399 20880 4676 26990 29024 36381 30322 33719 1768 23970 32217 23898 33506 6351 34248 5382 13697 1359 31899 1648 29489 7060 28253 11462 11169 7253 33351 599 6914 27100 17444 16087 2037 26430 6405 16811 18956 25203 894 21170 25731 10914 17027 30456 1734 1263 26991 31136 933 9762 5517 26050 27304 13112 28329 33580 19397 11795 15374 
52 137
1217 20969 22447 21296 16231 11252 32707 13897 24748 33698 32623 35596 6532 33276 20415 13026 27145 2937 19724 23500 13302 28421 16973 17396 4119 20368 4079 3122 10976 18288 18834 35566 7493 0 1233 29904 30061 16557 35045 23995 28567 33546 31450 15073 28173 25643 29930 6057 11210 13753 4278 2573 2999 11099 1385 31872 32561 30760 27177 35343 8053 1500 1362 1282 5528 22344 8727 32788 30888 27567 16685 11122 33858 19328 32247 23267 30908 6312 18350 413 34073 11065 14863 17171 18855 12120 13045 21092 6131 2448 21210 29625 7089 17539 10830 10822 16604 6990 7551 924 25840 31928 17368 19773 7442 10227 24309 28927 24344 27886 15895 3844 8513 5480 32797 34208 30627 7178 4328 34394 6055 20877 14504 21627 10514 15798 26052 25206 23340 7314 10095 25563 11525 2328 28980 25511 26541 
53 141
13167 10286 17660 29889 34784 3391 30189 36237 5998 33667 5839 28546 3848 17860 16674 14406 29696 27666 160 9141 11799 10507 20039 27217 1615 2846 31568 35995 19894 23105 16409 4690 26970 12437 25371 2764 21711 35842 14146 35958 28195 7104 26380 15563 21209 7713 14578 26336 32445 35160 15018 20895 33669 14180 1692 811 17141 10373 23106 27102 18904 1989 31921 3121 15236 29263 35431 22427 14746 31010 10454 18358 4626 27591 13838 10205 26271 16891 24298 7486 4999 7206 20500 22090 1810 35794 23782 24859 29911 18568 20033 9047 11005 172 3441 28199 3550 685 23308 16218 23099 30670 7330 2593 8632 24950 29457 20430 33831 20567 10869 20591 11849 25622 1378 18683 5640 3588 28598 28110 28708 12135 2867 13319 19882 14473 10920 8796 33004 20712 3638 8187 20035 8833 27062 15576 5427 35152 19057 26784 5898 
54 144
19558 26374 22193 5795 25057 19093 4685 16560 17568 3705 12588 19480 28398 1509 19090 26776 7000 20896 32611 28121 13426 20564 30824 3742 7585 7345 27336 28746 32300 13577 22792 3433 5837 188 13344 22287 27939 538 7065 15584 17841 11251 5994 4497 27239 14725 5419 34321 3996 33607 1256 12278 13375 283 3400 15059 26289 28284 12568 8404 11718 32457 12710 21955 11822 24983 31037 28931 7827 29239 35192 36178 11839 6848 14932 20523 4032 9091 22493 33572 4241 22144 26685 12127 24097 19997 12611 28830 35469 4714 2397 1575 19731 26014 28509 21298 9109 7941 22917 13925 7003 12601 16864 34947 9507 14019 17162 5961 22436 34468 19029 29368 14147 5368 14079 28499 4972 2105 6058 33307 27432 8907 12357 19631 32098 15542 26606 27979 10764 9948 21555 21408 2997 30393 32268 2595 16368 27790 30741 28165 17495 21339 20661 34247 
55 141
1342 3617 22736 29935 31208 14055 16498 17831 15922 23551 19803 6936 24670 13406 8882 2153 7117 13750 10458 13376 31561 17232 13089 32759 13919 5701 24637 33582 32738 2745 221 6713 22534 14768 28817 35528 3041 28497 33020 4611 5521 8216 19085 18678 10490 21508 3311 1231 17696 29917 7806 7 11326 13269 8046 25823 20691 30925 18229 3683 30518 7410 775 36175 22882 20056 22784 17926 18180 29018 19690 29333 17069 27047 8212 22918 12441 19517 26828 5587 35917 12789 18230 18010 15664 16369 16412 18697 16300 14297 26948 20350 22215 21234 20252 35238 20888 4817 7129 12724 1540 31077 5755 15603 31574 29827 21672 19354 12593 4499 1173 22900 5702 9750 24000 10074 22582 2682 6368 405 19168 15857 2585 35452 31030 26791 18739 31681 29948 24452 24321 22345 2165 5167 27033 2247 34308 13087 10059 31351 19585 
56 138
2691 31269 18151 9039 19870 23025 5650 19006 22482 33421 30031 25316 36223 7802 30059 15560 33768 33423 9946 5728 7667 22630 27859 7995 21249 32179 27696 13718 5964 6461 11581 14074 9869 12640 34263 31322 23965 26862 40 16894 27150 31730 3129 22146 29758 7131 318 15264 12525 19735 28789 30372 32649 15266 23027 6356 1793 2077 24705 10923 23621 512 19372 6905 21814 667 24120 31780 17365 19741 28455 20717 30139 14813 4388 1357 34438 19028 34617 10459 24717 8944 12480 23730 34596 10939 8619 26705 2989 32516 35721 7856 5164 6817 22682 35351 270 27411 3344 32001 15739 5033 21844 29779 24697 26079 30169 28050 16902 7091 21808 27848 26864 33844 28913 11917 11034 30954 35385 7473 30435 29620 24419 1072 3269 2319 20379 20146 18293 10341 16263 18846 12068 30560 17702 11970 18067 21552 
57 137
15271 28291 2402 32382 25334 7583 31414 27972 22043 23889 29094 5195 31888 10161 3571 3012 857 2482 8027 12309 31148 24322 21977 20219 5871 17159 20277 21634 24818 32665 33799 10818 13578 22389 8933 34803 29089 12822 29986 15356 15975 28431 23192 11220 14488 2246 7620 25959 34962 1051 22213 21070 4757 11393 28137 29063 3114 10344 27819 10569 1809 22911 7432 13041 6868 22757 2042 22563 15940 4479 21096 1078 21213 2930 11600 31768 30992 20268 25587 33528 14000 17314 24806 25655 18940 1642 14167 22780 13570 24183 11407 23038 23453 30868 8521 28363 6554 23757 11527 22373 11142 28354 7242 10277 31762 19309 13482 27754 34200 35131 5207 8859 26965 7311 25436 14795 34670 31153 2327 4014 20030 34131 7041 3161 23786 34975 32443 18512 10676 7965 21787 7308 4649 25980 22683 20976 7709 
58 145
18207 11423 30308 23797 26276 20994 10726 28416 25651 22559 5788 3821 13241 19593 9510 1394 588 9546 27410 21367 25078 2134 18052 15779 5873 19077 17788 4542 2845 34143 732 11885 35630 14117 22253 10053 19610 7935 14200 6112 6432 18231 8224 8291 19459 30128 34652 33205 9788 23720 27996 13963 954 7044 22333 20166 1578 35367 29298 34525 1048 7880 32257 35944 25916 16408 17179 20817 13867 19329 35526 556 15958 9643 13634 29030 29793 20537 10593 32104 15035 26676 17951 16311 758 25913 35100 27170 7490 4586 32856 12893 34559 8238 11232 29228 24497 18776 19276 30444 11435 17727 20596 34416 18995 9408 666 9594 29810 28493 7390 16772 6777 1646 14998 3007 14574 28716 21183 7260 10131 3264 16347 15148 15026 34181 17772 35415 23268 27656 22019 783 12738 2365 28036 34030 15777 1020 30470 27928 15587 9863 34993 1126 8974 
59 131
36304 19744 10046 19177 4292 6283 33476 22981 25160 14572 920 377 22229 33055 5803 32468 11745 16688 114 28453 29533 35454 34811 22722 23598 4554 28663 33749 15512 14675 26818 9816 2117 11201 23426 813 16407 15318 3561 26584 33628 35232 18214 36029 24208 33638 12824 23143 17416 17893 9038 30704 32869 25868 20996 11200 32753 33174 19921 21231 9526 31603 26588 3352 29262 25663 15651 30866 8304 34119 25748 5989 23505 34855 12444 32597 22176 24199 21151 19421 4288 21606 18038 25452 6664 8684 30174 4941 26516 35214 21215 34296 20632 8666 10051 27113 11893 10835 320 20058 22298 2545 29727 15492 6478 18446 16018 4664 8861 35066 4776 27592 3419 23658 3668 16612 14750 19635 15674 13369 32313 9355 11723 19153 33292 13266 25867 28544 5664 33068 9185 
60 141
7933 21934 19991 1857 6399 19493 34145 20823 2144 6889 23661 22168 9404 17858 13597 25320 947 4737 27429 25885 23337 30194 27636 14655 26140 19403 9340 2802 31411 6192 23013 3938 16554 24805 10090 17334 14855 27764 26423 19546 26981 4931 34391 22939 7858 30666 32175 3126 12205 29973 8534 3927 2353 17583 22702 35251 19440 22754 29057 4418 35544 10706 35218 21422 7369 14666 28795 8237 35150 35799 7939 21390 33179 18840 22259 35268 7155 31577 13639 7064 10393 31212 7299 27460 15396 11025 2194 20045 26521 13747 24994 5721 6750 19537 20642 23480 21972 21992 80 16252 6940 9508 35386 1296 13586 13620 28724 27486 35553 26788 1244 13170 13010 1846 6446 23979 6725 955 9705 14368 12275 9937 15132 31750 11397 2731 30764 23791 1920 25642 33253 28688 14403 13769 14127 34549 35436 1799 17848 10489 14255 
61 128
14005 26641 1465 1434 836 2801 16876 24436 17770 7222 28326 1128 5121 26314 26182 11396 5403 29678 14598 31352 33602 35433 23656 4208 12698 23949 9372 17043 11572 12742 32135 16078 4750 15912 11299 6888 2311 20176 26806 24476 12370 21936 13950 3674 24509 13987 18782 16016 21345 33531 20131 22107 7554 13162 31063 3136 13618 6303 14023 8942 8252 5080 4227 36340 26004 16085 21104 6807 31902 20103 23495 6117 10922 10639 10401 8497 24048 14640 4503 36322 36038 13810 2044 9569 16809 11810 13199 9490 1836 5818 2182 34698 8608 30450 6559 21937 17386 14802 28504 35497 27077 36188 21146 18791 33384 3793 18897 15005 612 13149 15015 24004 34562 29410 6658 4957 26940 18032 18793 20203 27585 4839 26405 27465 25079 32582 17867 16945 
62 126
32218 27991 715 6660 12836 910 8215 19648 95 16342 3514 31751 31043 18548 24375 11570 18817 13730 14926 33888 34722 14506 31389 2154 2507 34756 7461 34221 2557 10314 1405 22987 12605 31084 17705 8733 26671 22061 8805 33123 6961 8946 17349 23842 32677 16019 16265 24103 5099 21148 5574 329 28986 21455 21641 13283 27691 23739 22833 20572 529 2605 10418 2518 15424 13669 13110 4707 21386 7152 31428 8972 13746 34017 19191 4199 3732 6732 31479 13856 12940 2949 22357 6609 29813 35563 31526 4440 22085 11665 4386 2454 17864 34717 14112 20634 16689 2987 11651 3118 33400 22716 2919 19226 6031 28289 35512 704 4444 27728 2076 10036 15691 4061 7193 739 34633 26220 25269 33556 19810 1321 24488 12544 29265 11949 
63 136
22550 14207 29254 13717 35220 632 24032 30072 672 27046 33151 11182 22660 1153 14357 11727 22896 11554 25029 28603 21426 13805 19291 11509 15255 8806 35272 5689 6490 25925 22417 28821 4067 6600 10424 7633 18222 30160 8184 31268 27292 6159 16856 11291 6333 149 18284 9714 12539 1770 17872 24820 6699 7328 2906 11304 11647 7205 6579 24168 8308 3322 22098 8153 1738 33129 30773 3790 32625 16536 8964 26457 12448 6934 7793 36199 31231 17255 13400 3224 12418 12957 2267 24868 32605 31192 5762 25073 20084 31380 35728 1979 36288 8892 34821 17616 610 32274 29841 28648 31905 20447 27788 11046 11864 32870 34946 7645 2794 8963 23642 8269 34537 23729 727 33505 14927 15328 12035 6562 309 14436 17915 25733 13277 22337 17177 15909 15459 17744 2508 18351 28801 20157 26166 20279 
64 129
4448 3099 28529 15198 19876 16984 24508 32169 21112 11052 20234 35398 17724 5686 24147 29430 35634 11183 30211 24938 14508 699 26413 18546 30995 29786 21828 32979 11158 21282 10761 26080 35897 10782 31908 14144 34693 24352 8095 19428 7639 7411 14337 13397 32150 9699 4954 2260 32365 26165 2620 30181 18165 1766 3345 13290 27011 35202 6447 17450 7977 23849 9169 33277 356 10652 1670 33699 16673 5764 16738 9698 21377 23490 26538 8170 6682 9464 31014 27786 16927 9090 24403 2509 3945 29381 18569 27024 4005 30317 20065 11808 18238 23323 35637 33563 19112 71 7663 17923 2150 31924 1791 4195 32315 22848 1720 5853 3128 3658 6183 14880 1419 9030 17966 6805 2863 15096 5205 32705 22651 229 22001 29462 7017 13487 6307 7084 13079 
65 131
13521 33098 11831 15604 6945 1462 25739 87 34470 28419 25128 13256 571 29950 7116 24566 31747 23663 29070 9821 9514 34027 28229 16345 7231 30261 32880 15636 16260 10505 8377 19577 19170 19960 22703 33593 9164 16244 27921 1517 34750 16329 14150 1708 23113 14317 10784 12865 28020 4033 28764 235 22109 32442 17638 18244 2002 29137 7738 26674 6436 33533 19756 31472 20799 30890 21647 3694 22056 34440 5844 16644 22071 12185 3104 33154 9573 22750 11463 3728 28816 15014 28476 10188 26653 10600 18006 8772 29863 20971 4841 33959 2160 640 24539 12392 30369 23217 25834 13628 29781 18119 22279 16627 22046 5037 29197 19645 15361 20269 9648 24880 16500 21269 21100 10212 13610 21703 27795 25819 4297 17234 22013 34506 1769 5071 19715 561 26604 17862 22942 
66 136
1755 36163 1937 23615 11720 7157 23381 16561 20400 22964 20120 18340 12005 31904 21328 16117 35948 30512 22604 605 32959 2786 31802 6227 19831 7955 2669 16943 8887 35801 24350 22052 1371 35582 21680 7170 34228 29856 35903 35597 12180 11848 27842 35388 2100 36242 10607 20722 18563 32733 595 9629 5096 7261 35570 24068 13640 13028 596 35898 2722 5139 11172 28876 32370 6498 14806 12099 28828 11883 14801 28142 32373 25335 4339 18198 22658 9990 32383 30089 19009 18556 12856 33835 1794 3666 27849 8567 25109 26420 27005 22392 15749 35999 34243 10603 5062 28942 295 19458 18443 30107 3757 10728 13299 17305 29423 14061 21355 1230 15897 29952 6155 4239 7658 25494 9333 18533 24378 18551 9822 21433 32064 6141 3454 5412 16348 15366 33062 16216 31592 9425 15134 1805 23359 2175 
67 139
31566 34259 4131 3697 6608 2886 33358 27489 28001 31758 34757 1234 5022 22614 12691 19239 11212 23271 34218 35074 12849 6853 27205 1178 13332 18234 28047 27360 1968 1204 996 6206 34031 21072 31051 24956 24191 18864 28879 4010 34701 29365 14182 3646 31517 4426 3950 2449 26566 16783 31338 36235 28185 22839 35311 30603 12385 7868 16737 18973 26108 6164 28087 18024 15534 34711 16606 22435 21119 35327 35256 16872 27980 1992 2428 35090 2238 12917 18750 5064 26883 8031 22514 31151 21184 16859 31858 12416 3476 8183 26793 24595 32805 3910 30811 8355 15313 6132 2660 10892 32878 27564 19845 19298 24500 31120 7238 14684 5992 7147 1402 34163 28161 1779 12971 29226 1820 27412 7160 4730 5128 5240 18535 20148 21089 24966 29045 8566 31543 7134 17020 9278 1948 2472 8267 32410 22556 25979 14123 
68 134
9042 12189 17849 4585 35244 9645 35655 164 9393 27227 22864 24427 25406 28640 18168 27001 11394 13780 29675 1725 12085 28106 6894 29334 29755 24228 31 25247 4994 2610 21162 9155 18099 14556 8320 34227 4789 22296 14663 17319 36021 11796 29003 20802 12287 24756 11408 26698 13067 14859 17952 4157 3242 5493 26372 5562 34473 21693 20330 31062 11279 32478 9958 21862 26429 11767 18702 2861 26631 20054 28826 6176 25680 23350 17825 4538 4282 1428 4897 35034 16769 31971 5683 12929 20337 31325 4420 14868 27622 1199 22538 4275 29117 21379 29362 4396 13254 25561 26476 33286 4728 22291 16181 9302 4042 25 17449 21956 20674 25853 8168 22450 33539 17599 31518 27791 11476 1679 27862 26702 29853 7020 24796 9700 10815 8086 23831 29932 17327 33455 34493 10193 8439 36150 
69 127
35325 29831 10457 23098 4915 8368 26286 33374 29482 28154 3184 9631 11974 15343 15103 2443 10278 18097 15039 25085 27466 31112 14730 25070 24838 25555 15351 19512 26090 31693 2 6034 14502 28575 7623 20526 15656 35248 23926 17011 21849 20385 23188 4065 12520 34733 13965 5510 27525 31221 989 29027 6878 10701 26967 33274 31061 8915 32866 32089 5293 21887 13335 21340 22985 9819 6505 11168 18327 4023 8590 7504 18177 17968 32855 19722 11184 26932 23278 11691 11592 13464 14062 7122 34689 7823 3756 9839 4920 30011 18988 21396 7075 12482 5323 7891 7859 3943 35204 23393 29738 15751 27743 18439 34776 35162 1724 17882 23305 25496 14155 19943 24713 28155 18005 25191 28402 21718 4574 3248 18204 14901 23309 21387 31686 16556 22055 
70 121
8979 19087 16330 2791 26447 35880 6899 33171 10371 5039 4125 494 17496 28534 6698 8721 31239 106 25787 5603 6665 31204 8294 18842 1214 3770 2699 26756 20750 19014 36214 22255 17648 30987 30688 32682 23680 31442 12373 1533 28831 8160 10464 14352 28052 23610 30390 9938 34573 22370 6030 27998 24173 18193 22585 16237 12703 19316 29285 15439 12536 17323 35828 5045 35098 22872 6033 11508 18259 13119 36101 7861 25722 22988 18679 272 16188 16517 21851 4137 5626 27986 18575 1467 2243 21942 22083 25478 4003 17468 6334 21284 15931 25943 33562 22765 10685 8420 915 9271 13877 7066 29992 29195 11100 2996 11273 24569 20925 9775 26504 10449 3190 18608 5254 26554 9619 8502 22428 25846 33567 
71 134
13533 33152 35489 34796 11059 8676 26142 32602 1198 9600 22478 17585 1111 32483 33248 24057 3529 24825 3707 23485 30558 26901 1758 6953 30938 5404 36313 2872 34042 16353 9071 514 2447 33168 30646 32144 29884 11750 26117 27776 32055 26132 28896 10523 2120 17829 33557 19918 24623 29076 10723 5476 24984 29585 25233 24957 3626 17569 28967 497 10963 4273 29087 18467 10638 14911 9780 5087 23927 35490 4145 4644 28457 8916 4723 15466 14028 26116 32689 2744 25362 9337 12078 15508 22785 16238 18263 3900 22459 18146 32423 6479 22160 28629 19332 14740 30252 23321 32873 32181 24607 10235 17717 5809 17538 29531 14057 16812 9467 26498 35333 20287 12192 11932 7110 2562 3146 14529 17428 17646 13362 33526 16668 9949 17324 17526 29774 18985 26866 3304 27053 9904 29426 25445 
72 128
20218 35985 30069 15067 23980 5717 31055 15499 8201 26003 24843 26040 21193 28005 7913 24095 36246 30251 12435 9452 26842 22580 11772 28494 23917 32532 17241 6707 8353 28771 24801 29708 17605 30167 2903 4607 5133 14793 10710 32832 6308 3577 20168 25571 15781 17739 16058 12163 33071 9671 12858 28473 3467 15051 808 8798 34518 6045 15951 26441 21121 9793 19833 29732 7042 19642 13743 6877 17383 28428 8826 33485 16680 3692 35487 24593 27266 8633 23668 19846 22951 33938 6411 20734 24577 11624 9665 4085 33936 269 23166 8748 34773 17887 35617 25684 20296 14955 5225 13143 8414 25382 17306 7099 24634 23276 11128 20949 18497 10611 6418 223 9763 28769 28027 34827 12910 10781 12635 3796 6735 20553 13772 9985 31634 34868 23070 33714 
73 124
5845 13403 18407 23657 30465 33796 4810 19060 12664 27967 23973 2809 1665 2336 18033 22913 19562 6266 1113 15233 34585 17181 29798 12461 17194 24815 13378 34534 9996 31529 23534 31567 23826 13835 307 30066 33872 34352 18638 18522 17435 13825 16086 30524 22422 35665 29210 914 21180 18507 15158 8282 10329 25072 24633 15815 27934 16721 20546 34016 28935 19449 26009 1616 26811 23418 12207 32029 23270 887 12835 4991 29140 7719 6346 219 8855 12869 23389 3046 24968 13852 28714 5566 21684 3862 19131 33148 8729 29899 27124 24636 12338 15882 20845 24927 1368 17954 104 31739 26486 28885 11131 21129 20725 29894 9135 31184 29053 24485 1907 5779 5900 13864 9558 22429 29627 2981 16746 7459 2767 19055 36161 14673 
74 115
27234 24866 8681 17755 23798 11215 20016 34053 1556 13711 34570 10104 35182 31862 14346 15917 1841 4134 9261 35561 18437 21728 15871 20202 11821 33555 3928 31292 18899 31513 19502 30718 36131 11009 19657 1630 9537 24669 35705 8730 24153 1784 23317 12290 36267 23987 5680 19394 33787 29233 29687 1005 3921 5346 2007 6926 8481 10845 15299 10996 23725 3014 9826 33500 347 2313 11753 4051 28158 35853 6499 22914 30841 1797 20724 20635 35909 34108 30967 28972 26084 14471 31119 20979 30571 9335 27863 14617 18772 18020 3682 15121 21091 6044 15251 14646 15300 26159 6186 15162 20657 7245 33051 31877 32214 25773 29069 17459 31252 22760 34934 14591 8431 6966 26332 
75 123
12860 35777 1418 2391 5489 10806 15770 19939 3076 14586 36342 31027 31059 3386 18759 547 21642 10061 19530 8138 4784 1843 33651 11159 20235 802 2706 11425 34418 16953 24745 27789 12845 34291 34427 31046 9588 21753 766 33874 29225 17387 27600 7803 8585 5307 2624 14246 31488 21507 5402 8393 15911 26840 21042 16223 14554 35555 11008 17209 17930 35453 25466 29650 21116 27642 24575 19122 29028 17370 22912 12965 5149 393 9288 22890 23536 22929 22547 21053 14559 26180 32531 14824 110 17329 29668 26966 17082 15415 13244 20114 19989 25141 10532 16007 7412 16418 16280 23511 2878 23080 11550 8682 24890 25402 15881 5917 32464 26591 29685 16803 10209 23748 1146 13220 28310 31968 33997 874 22494 30445 15616 
76 131
28495 27377 473 2523 17101 22430 2349 30220 1470 4814 13784 14454 10250 7546 25871 2895 27924 14049 34006 22313 24090 29110 15112 18960 26303 13612 6209 7037 18504 7465 2003 5202 23983 17301 30798 27865 12752 29297 26813 10756 30142 15086 29299 8791 14232 33522 30978 9642 12152 22791 4296 18283 18405 21879 7401 5369 33625 1400 10484 12603 24686 18531 25178 9785 13737 31137 26751 24028 11773 21539 14326 23260 14790 19 22782 16278 3931 22154 27667 28038 14503 11961 32706 14173 19573 15892 19816 26439 31817 4133 19182 30880 28118 11431 8934 33783 3074 19399 29294 23549 5679 10698 12584 15320 23535 28179 1610 17191 10281 942 31004 12256 11278 10795 20909 33470 13792 24906 23890 12754 15932 19843 28545 10460 6316 36257 22247 25227 12589 14832 13100 
77 117
35110 30729 1160 29510 28882 15518 33215 30029 13386 26881 32761 23383 22573 21830 29337 26926 4407 6282 3131 976 7297 35077 31506 36192 28042 6083 21843 20289 9416 21008 35341 30120 13434 25830 102 22541 32466 1614 17014 28279 2765 32154 11320 17693 6861 18002 31692 9093 5478 20502 7647 199 14895 26988 2340 14700 5466 8515 27161 2404 5092 25737 30607 25588 548 2043 369 3644 24126 24819 31880 4620 17201 7055 11737 3835 5171 32103 13915 26655 28645 16303 19931 4813 5638 6581 13298 6832 26438 24018 5747 31764 3689 19204 35280 18047 663 36121 23820 5502 6969 12071 24722 7022 15265 8347 19497 10030 12527 36088 20455 9860 16420 29023 12882 21917 25818 
78 118
26279 10690 25716 24007 33134 3182 34642 25828 16700 27393 18882 14038 1167 9902 5937 9016 32529 17414 33824 30802 7283 32045 16152 28808 16473 36240 367 8399 23958 36044 16234 29921 17384 9955 25415 14309 29048 2265 21601 18903 13503 30373 6310 13512 8084 1323 17903 13272 23456 177 19708 30113 11892 11225 19986 3611 32823 32289 22899 33932 12359 28803 13444 8961 31735 3295 25645 19048 3070 32213 10964 16113 16405 12486 16654 4346 12936 31163 28188 21218 32596 35320 13011 30642 8756 34933 33266 19994 216 1088 31996 19324 24166 36087 16477 6816 8580 9915 10755 31459 36406 11141 13799 7789 20982 18953 29842 5902 11860 23440 10409 8850 1664 22945 26041 30323 6659 7292 
79 117
15109 32209 10137 28464 20915 31586 402 14442 33376 16626 32458 13381 6734 13388 13523 1102 10351 27651 36186 26598 24114 7890 938 26134 25480 2130 22353 33909 10367 19114 30883 23411 15893 18331 6962 29959 35207 16082 17684 10704 32864 30956 14128 16381 4449 13455 19616 29479 27057 7921 10549 17249 28519 12885 17122 33982 17974 9255 4973 25428 29944 13606 2236 20747 2115 30015 582 24240 28400 12483 10177 6229 28023 3102 29242 35159 27441 6761 4452 4792 27543 7927 22940 25344 5162 1469 34903 5271 24701 15349 33422 5530 1840 34610 28206 22698 11929 7386 7745 21782 31060 13549 33827 7985 29245 7440 32549 6672 33704 11247 23019 2587 26208 16277 24941 17989 25332 
80 118
23924 33082 9273 781 2430 5459 9110 524 22871 21052 4462 35285 14703 27423 13843 21495 29168 25795 17596 21588 12369 35063 6253 2480 3231 13504 32332 2632 33338 23036 24788 23430 12490 26694 16749 1008 29589 3662 17510 33056 18458 18247 8080 16496 27519 6099 11234 24711 35069 22022 23109 14983 34638 16428 1327 9346 25242 1112 34389 5010 16046 3109 24776 29386 35191 27735 10827 2145 22347 18745 27547 34728 16121 25501 21820 6238 32256 31878 29329 3040 19311 20226 14531 3183 5375 35872 28339 13354 35044 763 1201 31639 28078 8824 9300 4181 17794 17298 13779 10864 9139 2413 26082 24896 21128 19539 364 27820 21202 35008 24949 613 2000 11068 21631 13663 25064 6601 
81 120
13074 7189 17672 11108 26608 35055 27383 27373 20934 3545 13135 21388 35337 8797 11194 28539 25359 20491 9240 18316 5754 25884 14677 13456 12372 21593 11975 12617 31143 16952 17904 27602 19653 35623 29502 34801 17742 24629 4705 27674 19453 29821 37 22234 3413 2031 32118 15190 9758 8875 35656 6728 33684 325 633 31779 28375 864 30974 33939 380 15363 19473 26564 30095 30270 33641 25691 35790 10437 32657 28616 14564 7274 17827 27714 18613 31801 10172 21348 18094 28108 24610 20459 21190 3716 19672 32718 22509 19237 35855 28308 20370 11787 32414 24111 11735 1739 7350 3164 18580 4998 30254 13292 6330 26313 29279 22849 16312 27713 15384 2499 2889 30618 810 2666 11162 32324 32236 9435 
82 134
2681 15214 11258 33653 34582 1002 23894 20482 9324 6009 23123 20599 33846 8491 14092 8688 18287 10564 9813 1314 18794 7192 11488 21906 1731 4037 28600 24849 19263 33694 11714 17771 11430 4606 23445 18478 33367 18645 32325 5048 9747 30869 17907 13417 21638 29004 25696 4177 29914 24439 27228 24794 11355 28840 13660 17558 4109 29191 9002 23538 28239 15172 11979 18007 32974 9814 3685 35549 4731 6078 24551 29528 10927 35692 4402 25564 27061 11593 368 4997 32294 8248 6284 21349 9951 6935 19142 1774 35843 31897 432 33746 32299 16715 6182 2781 14626 18301 20477 22928 11754 24078 5193 26845 13633 14744 16618 17604 33137 18474 570 1549 33954 8156 6097 33227 1091 33477 10558 18357 4584 10456 28740 23428 24793 29735 28853 23696 1632 4027 23713 26812 20002 26178 
83 115
32084 25952 26119 12692 10333 21223 8848 36025 20336 3018 4274 22902 27694 12963 21232 3062 36164 21356 32347 11721 23974 27594 1859 36251 18073 7207 27140 36083 18049 11911 28029 1099 8463 23734 12717 23155 8532 25782 24280 5237 4200 17786 12720 23079 10382 35121 26306 33902 8966 2963 19201 10884 21470 3309 14715 20887 15991 33727 35646 35628 13518 26483 36271 31018 8790 6215 15887 5812 19304 133 13755 32032 31585 4260 29184 25299 27628 19251 34023 11224 23252 19181 11566 34424 11815 10519 12828 3461 25425 4221 34320 29253 27390 2129 12008 29083 29484 1052 4486 28384 33063 28452 34901 24583 7494 12096 19208 7371 23994 16550 25641 2720 19873 15883 3019 
84 135
31773 28705 21478 13926 34399 8093 18607 9867 24148 4011 35194 29129 35530 30532 27374 256 1652 22952 6771 34734 12107 3481 24012 30132 4171 15769 7589 2528 5433 18976 28152 16570 6036 16217 34202 32477 30768 27197 28531 14823 17160 21783 16091 23914 32024 8292 11617 17344 34212 15430 26963 14303 5668 2025 24755 12279 30230 24831 23953 36014 11003 16506 33942 31599 7593 11766 29084 17040 20687 14754 10686 14378 18918 32139 16233 20504 26953 293 4947 20648 19285 12945 13617 28090 25091 17736 30827 17518 17678 27562 13995 4319 18611 27350 20392 11553 14384 27072 5882 17554 28666 16813 9751 27617 14269 21766 12874 31145 32517 16947 16424 35702 12930 2090 24423 8259 24640 2072 8645 4351 7615 32057 21622 26727 27589 23483 35046 9945 1688 8669 28889 18930 20748 9970 5569 
85 130
32977 6124 8584 231 14298 29543 34844 23871 6620 8372 28996 26848 36110 21852 15982 29153 15331 26472 35856 2099 24841 15825 18946 8050 31320 34860 27706 32911 21744 7255 8030 26569 25502 15840 1004 30977 7321 1949 9415 16067 29737 14839 11058 32545 19136 21236 33132 25453 30016 2879 35515 1383 7014 21656 29903 22184 35033 883 25414 7798 28863 23969 334 14929 18801 12133 3377 26375 26524 35267 32194 29840 5761 28469 29535 276 7779 30170 17033 26971 30647 29331 26175 19527 29373 33320 36169 10254 7051 13902 23277 4798 11347 5200 28486 2854 36388 11744 26219 4670 30370 1751 9715 7300 26997 25918 19146 16071 11374 5295 26173 6173 23397 33022 20740 2338 34853 15690 6880 27624 21351 13160 33643 26807 16493 34555 20861 22342 16379 18888 
86 119
28422 26370 36207 18434 551 21261 23133 19395 15115 30973 21026 26475 3349 11652 11699 4852 4588 20966 29962 17914 35465 10724 21713 25374 23529 5499 4347 7361 3831 16268 24063 22264 24780 31512 13948 35762 23759 12043 20874 27264 12615 24501 13543 11916 4422 4189 33066 14050 22341 5383 14219 35891 26781 16438 8140 25022 31879 29332 2530 10247 12837 20527 31508 12460 12614 34840 12613 7661 8171 8751 35305 19783 8007 8851 32711 11960 16032 11705 32152 34824 7186 15043 2226 32968 26887 31803 4373 27246 3719 706 30103 4321 32838 12829 14044 13133 30876 23501 27446 5012 25006 17627 36312 5739 27164 32922 19812 8068 30349 3373 21514 17850 6050 10073 474 25386 1193 30358 4150 
87 122
11161 11999 27730 26418 34876 22877 9028 4040 18883 32807 10513 4565 20023 9414 33107 15395 5822 10851 13389 8092 14133 18098 25518 33317 22568 30804 6975 32121 3449 33726 18179 12774 35670 23078 14310 14153 18624 21090 23790 32199 35518 7198 8412 20263 27684 12028 3283 4112 3838 10290 13559 36119 25820 15001 32994 34457 13706 20767 18423 6485 26770 35601 7348 31939 31267 3443 5069 33108 24963 29414 18364 22632 441 35781 13627 35720 28861 13033 1417 9768 17339 31883 13169 19003 4437 3154 18695 6971 18951 36227 11518 3903 6084 6136 4472 2698 6032 7341 16453 14095 10636 13739 28798 19154 2671 5437 6822 20760 7616 18411 3319 10903 23060 29532 11897 4970 18856 33741 28387 24630 28525 13436 
88 123
31775 26229 5210 6400 32400 11079 34800 14209 25569 4415 6421 14736 7855 32476 16745 6376 20782 18566 7446 28491 33448 19289 26281 12088 12783 1819 27818 28427 21971 10538 25600 31999 28742 2232 26549 11803 14047 13429 33475 296 26187 25111 19920 17661 12296 20828 31637 69 14985 28675 33967 1901 20917 20785 21240 14249 9008 1422 17636 16416 13813 21021 28376 28726 4527 16800 35889 21892 14857 9486 32521 1390 23925 17393 29890 20027 13771 20541 3196 16562 10909 28182 3240 15443 33882 13759 26055 29216 5765 31357 36130 21981 1912 8019 27941 10550 18286 10306 9095 21856 4955 26774 1012 7764 7894 1700 33521 29547 19720 12962 19376 3849 11552 9962 35482 23744 35233 7515 31558 22982 4831 15727 17783 
89 122
32484 15789 12100 15081 10183 4595 15268 28526 11880 9578 17372 10823 13637 25621 25994 35797 31213 29557 27527 9018 21543 24474 482 3003 4111 21678 26464 6398 997 3830 32955 18900 18013 29505 4933 14716 32810 30823 35461 14758 26884 20826 6931 3167 8351 19825 15572 13874 35188 33708 13325 10568 34783 10069 34443 20326 20834 8120 30528 23650 35261 21752 18602 875 31129 7127 31085 15464 21030 20631 13005 6023 22889 4100 5244 4940 32504 33490 30377 741 3175 1322 20583 30717 7257 34445 7114 24432 12806 1954 536 19302 3087 23063 5407 1747 4772 16387 19126 19158 8129 32188 2548 23232 29587 33776 32963 20951 21512 32041 20788 33024 11607 5846 35798 29698 994 26878 30017 9026 31175 20221 
90 108
24543 31737 29665 28800 10267 32034 9754 31216 12977 4400 23960 29450 25692 3998 21694 2209 17066 31433 26704 22101 655 6059 22410 21079 25609 13093 6230 24237 9390 34620 24130 6089 24444 26894 21446 19240 12943 8568 14878 31837 31809 17937 30082 28652 2642 9627 15626 13932 13114 13262 25391 12916 13466 27920 28274 26324 11490 30706 18242 19242 8717 10777 13042 25409 4052 5920 24546 18867 4247 6583 1486 14157 30447 30870 25365 20824 34746 6156 15863 12427 2546 635 3186 6301 4212 2051 14395 7928 15814 15645 20312 31299 6444 32229 16118 7543 31664 12312 13960 32398 30848 4026 20557 19790 16145 15946 34709 2843 
91 119
11693 29392 14997 35810 24380 33677 19987 23493 31242 14597 21688 19859 7971 3002 9098 1152 28549 13274 3280 23130 1681 1565 30822 15088 29100 10264 35501 8341 799 5892 17563 3318 3684 12637 3168 3496 22011 22591 7164 3251 9027 34346 16587 29120 1872 35616 18060 35598 13666 19555 29879 28362 5678 12167 2183 23743 32840 19110 13762 31757 34207 17817 28223 18945 36093 26722 21224 12412 35259 4394 7073 26002 14460 11018 25762 33621 32359 3237 31026 33201 18573 2281 29880 17376 917 13062 35342 17263 10058 13377 16853 9583 5545 26497 7706 2092 1036 33821 27733 23031 9626 12625 28914 30617 3596 2661 19448 13774 18682 31536 189 19865 28610 8102 4821 31687 9607 3180 9384 
92 118
2104 8787 12288 31582 3083 16203 25616 23014 33078 19111 14172 33100 33197 4164 25368 18376 15573 33257 1518 18285 5662 23605 4793 7608 291 2837 19791 22206 22204 23486 12022 17170 15848 7905 22243 9738 7962 1168 20916 2916 16323 15341 19203 2320 25171 586 27166 22745 4267 11882 29605 6573 28389 30175 33431 6820 33966 8814 158 31903 28471 15389 33279 7366 6214 2467 8130 32999 12282 18696 17876 11223 13742 18694 4377 20867 27192 19120 22108 16692 4417 17317 15870 15314 25977 11113 21963 15192 3861 18321 5083 466 2556 19408 30353 14453 33231 27206 17299 35608 1666 21447 21404 25095 17884 19214 7362 13560 33172 6267 9992 32636 22174 44 16220 34938 9679 25970 
93 125
20715 26427 9812 2303 15057 6415 25869 9798 84 8801 13937 10004 21494 26519 21762 26657 11829 1866 26773 901 26849 20311 4397 20246 29407 14481 35537 16467 9680 4694 13978 18555 14835 5718 14757 27389 27705 31171 23498 2073 28334 30219 11544 35683 27502 7541 11711 35429 25188 8825 19307 14236 26351 18254 20549 185 2725 34152 854 5044 27565 33774 35167 14914 17183 31131 10116 21278 15558 7275 10321 31113 29394 2074 15181 12304 17978 26708 2844 6443 29968 14847 4094 6967 31255 24265 7908 27256 11418 9868 7112 21050 8573 7437 30659 14676 28694 34545 24336 27877 28583 13291 7646 20573 28811 13647 20233 25963 32282 9825 30906 34170 16075 11853 5644 19388 12053 24563 2686 20424 19018 9405 5444 16422 9974 
94 108
15532 22717 19598 13196 25187 6280 32779 1449 2917 9294 20862 856 13427 20510 16830 15203 19548 13289 35550 11233 11832 28550 523 13424 24878 23204 24061 2594 36135 427 12050 25786 18859 30630 31392 5934 13906 26856 7176 28988 788 24299 2261 12690 33332 6018 28753 1951 25953 29017 27208 12280 3260 32020 21007 8577 31619 11471 20170 11173 10972 31658 34723 25804 16236 2420 533 12702 5503 24574 12576 29352 27480 18686 34164 20390 816 13382 19532 10693 20481 30157 21806 17843 14683 29852 5985 24284 21437 13795 11442 30514 10272 24076 18139 388 35047 20196 8221 2306 11835 7869 14486 25489 25246 7481 22198 12744 
95 122
19224 13150 31652 8370 7684 21417 15620 21545 17927 23530 22268 9828 35767 18797 13052 6834 21103 23450 7153 6246 15093 13840 19247 6538 19923 33769 7246 8273 21795 11824 179 18150 9687 19425 25361 13745 22456 17262 33072 15275 2785 21099 28730 11417 22598 2780 13572 4669 1624 4526 35736 19588 30957 166 1909 16592 25508 31195 28606 35403 7590 36028 861 1777 7276 23284 34607 16092 312 6404 31505 35116 27884 15800 4408 5170 3110 21264 10496 2855 22508 18592 24030 12066 17644 15972 14900 23537 17251 33473 16038 22463 3171 13103 9823 26706 19145 262 23692 22433 4190 30240 34504 31418 16465 16687 13498 35928 24657 30949 12711 31871 20881 25490 31076 4921 32288 4697 6460 14770 2808 11110 
96 116
20278 7010 13140 35166 34281 18397 32572 13892 31977 32758 29171 11227 34926 28579 33750 27348 29682 10517 25090 4471 23710 27019 28793 25495 5511 15712 19374 29077 1710 1170 32019 20024 13749 18709 30152 20384 35258 11491 9684 7813 24467 17593 3366 26933 15820 8336 3621 31885 13571 19673 23062 35817 23562 34384 14826 18226 8483 8090 346 32615 35864 28535 7832 25413 30327 12230 9274 17114 21254 7027 17184 27574 12974 1804 23928 12919 15989 943 12596 217 19044 24766 25521 15607 21472 16023 5880 13372 22920 5804 26408 13004 31666 35820 9102 24203 21521 30243 9509 11953 31847 12158 15338 1478 13095 18723 22348 34209 35987 35471 31848 6587 22958 30302 35813 23569 
97 108
25195 14734 16647 27225 21122 28312 27478 26058 17158 2469 7846 13514 3968 13676 3421 18668 34288 8045 15696 36331 15025 11856 7929 14763 33146 17065 15608 4390 10750 14483 7820 16014 21332 31391 28720 13240 22117 20757 15226 28644 23918 8472 7594 15511 5097 32809 3152 34859 32951 4129 33239 19781 33511 13581 30709 19521 24869 11696 17980 13073 6501 2080 12129 5165 30771 18636 7780 34523 4494 9716 14468 35687 19238 24367 14314 92 20361 23136 33411 14441 7118 30266 19509 32550 8006 12240 7092 7910 16790 11541 33911 20952 8968 24967 26596 32543 29843 6130 9857 15758 17063 8142 25709 25836 30565 34579 5454 34654 
98 110
19903 19857 21402 1595 20964 25194 27513 14307 28442 20576 35107 24371 6917 3932 9446 2525 19679 19889 24303 15885 25101 24560 13507 11797 12166 21714 1789 22095 12260 4967 15393 14427 30434 19295 5808 19416 16126 5591 27079 9500 22053 21054 20727 29404 14638 6852 5389 29266 8523 19123 13953 7588 16366 17242 25627 395 6012 5232 25745 17854 7428 10352 7724 23477 15165 21015 12492 31600 9295 32904 147 35671 10448 9800 12052 25105 9880 16544 20245 19932 5690 35277 3781 10432 2149 32206 29144 24113 25857 14550 9995 31264 17953 2635 28925 19634 11305 9442 27954 4759 5015 11236 25372 34630 6651 30070 5041 19288 4159 24872 
99 115
15230 14566 4758 9605 8057 8839 5636 24024 30713 14259 6653 8783 18617 16139 30754 35394 33334 5172 33578 4370 17657 31345 18986 20130 27540 30668 20940 12946 9723 23421 13432 33036 16678 33745 25700 23568 5110 22440 9875 18158 17996 7406 16363 16269 28295 27199 20763 31022 19916 33466 348 3317 31240 34351 35972 9668 19896 3893 33432 23052 16566 1627 1817 11364 35235 18905 19098 14007 20706 20298 25173 2023 16758 35177 23577 25584 1360 18432 22909 13322 5500 26480 9211 25449 3368 6796 30301 18775 7045 21835 4534 3071 13842 11090 16190 32316 23864 10479 9717 24214 15392 11309 3753 807 30462 6079 16306 4532 13763 5553 15580 20983 15336 26169 7612 
100 114
10475 9024 11045 17425 30246 443 14956 32616 12993 3276 8699 24746 22475 20531 10185 14189 10071 12382 10261 19259 2730 8822 35975 33659 29421 26012 29328 7567 35358 3534 6515 8132 10596 20814 24540 35072 26613 27407 14029 22111 14995 23347 25032 8937 13161 31217 11160 20110 11088 9485 7235 9773 19639 8951 11817 33671 12820 8647 30193 35138 4889 25192 20072 24118 4166 9471 30062 19013 6122 6305 29311 21260 25822 4832 15744 14585 16775 27421 33518 28049 16495 3764 29001 16458 16849 30586 16316 22566 26056 24210 31363 695 30641 17472 2728 17809 3504 25917 10152 15510 13428 795 25375 15802 26120 36027 24447 27476 26582 13635 27186 14396 27583 6824 
101 123
16532 26635 22539 11053 1264 1453 16153 29044 3113 10811 34149 16149 34753 11969 27796 31082 25778 28809 19464 23004 7561 36007 25650 302 13601 21334 19335 18870 6987 15579 4104 8553 2567 10630 18228 13517 2478 4301 7287 30431 15031 9890 12846 15135 16035 11257 24547 25212 8110 4797 6681 27604 21997 33574 15427 8258 27340 27970 1649 4185 7217 3296 15672 31953 15996 847 17498 23210 2680 12987 32640 8268 26780 26786 7829 19988 27332 23259 12983 3971 33908 8543 36009 14786 16723 22012 3878 3981 29803 35796 21176 36187 28687 31522 11574 4984 14469 31147 34180 12095 35590 17541 36341 24512 8133 1473 28744 18601 30654 374 26520 20238 6517 22657 19948 20323 22770 31219 150 2992 28056 22823 34589 
102 117
14375 32176 27368 12105 23005 4629 1987 7388 32594 23677 22764 30271 7659 15076 21182 33405 12630 14448 9673 30115 13626 34653 20756 31793 1271 24909 34276 30237 28327 15247 19080 3142 22624 34527 1887 9804 22178 9430 25540 13918 22625 19848 27375 13345 33493 2234 31359 35253 3388 6996 23950 10136 17623 33361 3086 12854 17336 22844 12213 11740 268 34806 11697 18549 15471 16949 4934 21330 24960 29358 1482 5283 8886 14124 12507 13040 31596 29753 9851 27908 23110 15196 10691 29506 36337 14642 10924 11174 36072 4183 23452 13260 21848 18962 10412 34871 28633 24449 7360 20686 21110 27285 32800 16893 35750 20318 24792 11655 925 7979 10642 13823 2389 20386 5555 27013 34301 
103 117
29322 24832 8305 26186 33598 6279 20641 35776 20090 11660 5203 1863 19772 15002 15618 30625 8572 28014 4214 26242 20636 15434 21818 11263 23707 6095 12890 13255 3520 29838 479 30653 29040 14493 15149 11685 25995 34192 19070 29517 24135 1330 17261 14174 15278 5567 28017 19380 35470 4667 31937 9148 19490 665 6367 3321 14735 34214 127 5867 4410 12259 31023 32403 16206 4615 5986 23576 13537 27309 7740 18371 18994 27307 10643 20492 24544 17315 4517 10768 24616 6797 4937 7510 4642 22531 28244 30590 3918 31003 18354 25532 6108 1994 151 20249 13631 36125 13807 19828 32827 203 35187 18066 34007 24643 28510 22149 13704 7673 1101 13413 33790 17560 3536 15217 33517 
104 110
4303 6049 6631 4355 4512 19595 9767 32723 29236 31041 4229 4169 5536 21324 1728 16712 2442 653 12653 15305 22365 12320 35615 34034 12449 25250 23420 33060 19640 27890 7243 31705 9077 18588 34507 18957 29049 14109 20609 17080 2926 12629 22266 14327 27271 3627 8105 15071 17121 34548 19197 21802 12624 2015 5105 6921 4845 23964 8182 3659 29740 27115 31983 24773 31117 31688 23553 22671 26344 17051 15087 8418 14065 30168 14033 14546 12292 19764 29400 18663 26265 15646 30680 21645 36065 32843 32167 30179 10623 33283 27826 9878 9381 26758 26679 32501 24850 20588 23690 9369 2695 21 17224 31197 11826 11755 15954 7218 32242 14797 
105 104
18262 7414 19001 12128 21350 13225 10575 5428 14627 33627 19576 8333 7146 10759 14156 11091 7573 4850 18251 8279 29046 8639 12569 7867 30180 29158 7570 1319 9172 31324 7268 24377 6274 21580 22483 5857 31295 9534 20105 4345 32223 28205 4194 30727 36201 23823 1960 33138 15156 27699 4213 11519 7365 9014 5303 21489 21768 18649 20497 4727 1391 3739 34797 15796 8516 30779 29313 34996 27551 13741 15756 5456 3160 23810 32528 17522 29812 6202 16273 3498 34684 17180 32770 29828 9561 3234 1507 868 14281 10589 7182 13679 3399 15730 33133 22605 28743 17432 1236 8400 27301 14686 27620 14828 
106 112
4141 19852 21380 27290 6895 30071 21362 1129 10718 33957 8525 35338 5086 24785 11827 18426 23728 12509 7094 11275 17488 31238 25971 13343 29826 6965 12735 31425 22687 5699 10856 25053 17767 19039 1356 24204 31323 24003 452 25225 12746 6768 22669 1792 6223 22405 6893 25149 25364 10452 13477 30289 25274 25083 16485 3979 11728 6568 31607 25458 24146 35018 11905 17873 19714 3920 28570 12713 33217 22340 32997 26515 7383 4800 26841 10803 9707 18948 13445 2542 18181 213 9610 28070 2433 18666 11036 14075 22171 31370 21747 5570 25844 31631 28748 24584 34183 22869 25217 13945 27903 16844 16595 24137 2788 12782 33355 8465 15360 5924 349 16528 
107 110
28751 35861 7430 10545 27625 27385 12318 7516 2617 27188 25220 3495 8646 17683 2005 2492 3942 26783 1155 4210 8453 750 3841 5870 25615 4692 28059 14524 33649 16009 1608 4041 26317 23865 15979 4086 16934 24567 36376 14965 30058 3487 23256 23310 1900 18527 22773 31413 317 19970 22887 12272 9149 26792 21932 18469 27417 10894 11493 2388 9581 2862 29866 15906 15868 27343 1693 25576 20933 3354 35368 6582 10802 11076 858 19580 6655 32073 567 26363 28502 23575 20800 23404 25911 31542 12057 32777 24181 34250 22728 29969 1266 9131 18482 34494 36081 3696 12555 6592 2850 1582 19124 4696 7098 20438 16537 5129 10669 17746 
108 99
33213 1407 16569 33106 36351 6715 19341 32590 16211 12109 31810 3868 23015 6509 23313 35434 7791 22050 35312 9182 8840 32816 2407 966 22734 24077 139 30959 5285 6448 5361 23363 22606 15599 28594 9548 23352 16779 30425 20380 15221 28321 26860 25435 5886 18217 32837 33469 24157 25433 13002 27546 29507 33346 21484 111 29022 35101 13155 10809 5508 28948 4075 2950 13567 10987 29307 27372 4733 13913 11137 6326 22346 35726 22694 26854 14185 11749 19959 16077 9142 34011 11119 26539 32525 28190 17048 35122 29850 23449 34238 22300 21114 28103 31315 28673 7550 20142 26691 
109 122
26412 19924 3607 16873 27270 21258 10506 22875 19760 6669 33416 32051 27463 10349 8371 8403 33981 16060 29490 1191 4044 13796 833 3376 2875 31314 9531 16979 26098 14271 7194 26678 22659 23474 21353 5951 21576 23439 11330 9190 8122 25145 18924 13126 5191 32888 4944 16331 26110 16921 1207 35275 17869 12719 32897 35083 1750 5646 20179 6331 28710 18277 6171 35406 31676 238 11534 30910 18699 8096 34985 23297 23785 24716 6347 3890 8240 17035 3966 25308 28330 23137 22195 14827 20957 21247 21742 24760 15711 33594 25644 18323 9154 4138 22434 25514 578 13768 449 15778 7712 24710 32356 8124 24837 20794 9658 34284 17766 22037 6563 27744 24107 32641 16501 3956 18742 28131 16293 17857 27907 26061 
110 117
12469 33896 19899 31194 1013 31276 14364 33987 14685 9850 3092 15220 27550 18272 35591 5810 13496 23948 33752 36291 12438 2268 7236 36160 27669 22460 35675 22893 18308 12303 24133 30726 450 21698 27959 2001 14764 14414 22225 13384 9065 31753 1334 10931 21305 31973 16497 10673 20690 9265 14799 27576 18835 21533 13437 15728 3592 18944 8366 22400 21613 23413 18639 28872 8574 28961 7675 5582 28219 27096 3975 31241 7906 13534 10012 24177 30281 13833 13085 9854 30556 36 6306 5386 4698 20901 20316 3698 30580 30914 5169 30051 24742 36179 35215 28530 35741 11016 6391 12045 12879 17415 11329 21163 8987 7310 27718 17268 35993 25530 19356 33272 15817 6486 1058 6622 15083 
111 124
18901 10944 34973 4794 24721 30192 15729 17469 28285 11595 30449 33328 25873 19676 29976 25653 34526 23377 20010 18637 5321 16676 20742 7496 1347 18236 27923 23172 30622 6994 2983 1850 19998 32429 16362 27195 9181 18136 11136 8789 34928 24480 25214 8950 13111 29252 6093 16665 13773 22646 18090 2053 15642 25167 3877 13209 12450 21692 889 20645 2502 20910 24040 12964 12524 33381 15760 35500 34038 19452 2143 23525 19461 3369 10402 9922 23672 7318 16295 22202 4803 1795 2102 1120 7885 9412 30234 25389 6944 20216 9343 1790 29700 16732 16682 24393 30423 4868 28898 5799 34578 29534 4653 7302 3544 31820 27654 32868 25493 757 18148 16741 404 20460 2097 13454 25904 7522 15827 10378 2049 20083 20908 15822 
112 97
1691 3157 26352 20558 36349 1395 19042 16185 7883 5340 10369 23360 28325 29599 17 20423 18297 18952 30724 30855 16999 10433 6181 3510 33457 27693 31211 8143 16998 30144 23287 22513 17643 21527 18861 3208 24418 29437 28774 35379 8925 15321 30917 9886 34989 31176 21799 33303 9704 35529 36247 7833 2112 34157 2751 29567 18641 34918 13530 28305 23989 19930 20382 10774 3490 13077 14351 8683 8716 10793 260 17119 29540 17919 11276 5540 1583 26882 33327 31001 4651 23702 29606 28125 35478 12597 33377 26592 10875 15402 10733 23792 27937 16436 32584 29681 24472 
113 105
6037 11377 13180 27142 13163 2798 8334 4939 1581 9912 22992 34624 21488 30907 36394 17318 17587 26509 1930 28707 428 6409 24772 27315 32570 24193 31354 2276 17423 30424 32591 31344 22991 1117 17247 19958 22384 13865 27321 30004 3132 25485 12873 29264 5160 19218 31388 7183 20522 25190 22733 19139 25027 24870 32518 8957 30218 32377 28745 13520 26863 359 17275 25248 31789 7177 22647 29142 5698 28194 8533 23911 36293 7601 26634 17077 16621 135 23915 30583 2519 29893 10796 34098 9520 1172 29581 15810 9640 32239 33985 12578 1537 30875 20865 5150 31057 5950 809 14664 26762 29327 12609 10483 4245 
114 108
35854 34763 7159 12875 9832 32165 8866 30846 9876 27874 4290 4074 33830 4519 20259 18998 35706 14008 28345 8701 3463 17995 8198 19854 12405 4566 30516 1133 2490 31478 20480 12985 10089 68 6726 17975 34003 23235 35996 10648 32956 22403 24645 9968 7920 28677 15970 10783 26428 8912 2372 29379 1274 21707 15277 24845 5319 24398 27349 12728 21885 10760 31280 11226 3874 15593 29369 3382 21222 2766 25509 22949 2799 29066 7934 27573 7221 16839 6101 11147 31976 11771 6555 24978 20338 33808 31150 17932 13623 12161 26590 14073 31539 15916 3800 34130 22806 19983 26761 27942 2643 26798 33585 29945 2712 2458 176 23243 
115 107
9552 25720 20501 21824 28175 26440 23611 34807 18085 6017 11667 301 23330 4148 31946 30416 32834 20624 22218 17676 20143 21924 5314 572 15811 34236 3030 1605 30878 2514 24581 1663 20931 21653 10651 1858 28141 1875 17049 32269 5032 34739 28250 4531 33910 26983 17455 19261 1455 4430 32280 24954 26693 12266 4550 5417 35209 2640 8504 28146 2606 32931 25726 12301 14527 23315 21037 26170 4424 5231 12997 17002 17905 18532 6336 21503 8947 33435 2931 36332 22332 9947 31235 8941 34111 17621 30996 5814 24011 29288 370 4391 21286 6394 31891 11800 25901 7518 33193 11580 6271 1818 16343 22730 9176 8025 16431 
116 98
20571 4742 25120 27298 155 21141 31124 29038 31064 2452 28620 14248 19829 15235 31960 2070 23461 15637 22150 8106 30507 12224 24813 24192 20698 29166 21632 21002 15048 32806 14197 30297 8837 5981 16148 24515 28977 31554 17789 35115 6643 11556 4896 16072 20906 4805 6838 19282 29845 4687 7495 6668 31346 18921 25174 19915 24537 29452 7857 31533 10995 14101 20528 16337 19325 31840 108 3341 32752 30274 30522 26298 224 6148 17866 16106 5256 25138 35154 30086 30747 12804 14883 2890 4431 27800 22596 9765 12423 2266 1108 36035 7539 1617 4598 32569 30683 18056 
117 94
1828 33560 29736 27762 13465 18650 31949 17754 15426 25636 10882 23414 34188 12179 14300 12590 15437 5401 27542 6518 29622 27722 18172 32120 26409 3081 35860 7811 27681 32453 7850 5972 24846 28683 27222 6798 29847 10543 7397 14818 8020 21316 8800 12681 4216 19571 36219 5969 24912 10952 26007 32883 11033 26062 2694 13452 15307 4334 4520 2882 35956 913 27816 32446 23815 1 15327 28516 14501 35986 6314 16066 6472 5660 33326 34015 2637 7714 33141 26517 17665 6268 29261 23432 3744 15032 19565 8827 134 9718 9940 30840 34365 8470 
118 115
99 21760 9685 22926 4035 33573 23438 26432 12729 20343 22638 25134 15433 3748 10441 21991 20162 23218 23521 2171 11708 5665 28532 31434 7529 20496 30389 22523 29209 18503 22270 11000 21884 983 6081 30674 29067 18852 674 10145 32722 24694 26433 27993 31461 28613 35134 32043 14669 18107 9056 20019 2255 24952 24754 33679 34486 30719 311 19972 16037 2434 22817 2012 26191 1580 29292 7949 28763 12298 24141 33073 35922 30118 13059 6709 4689 11535 9674 11620 3448 16751 29104 8691 36128 7425 31390 871 26544 3537 10917 27193 29125 12868 30612 27535 25504 15926 2572 34651 32286 23222 31515 566 28432 15480 12234 10790 4307 26656 7621 33429 21102 3119 26064 
