399
0 10
73971 8130 91206 45571 44392 52128 52623 68126 56909 46345 
1 10
44439 51938 87441 11916 51812 27932 45767 20309 34068 5705 
2 8
56895 86455 64473 57188 4398 35946 2362 10587 
3 9
41991 77937 54350 17077 5843 54039 22986 80440 67864 
4 10
25085 5283 74708 79173 546 64301 24173 63677 8441 77787 
5 10
33993 44086 90478 22570 83213 86128 80018 2870 51182 84506 
6 8
77770 48074 84648 2872 89745 24873 80405 77515 
7 10
23168 73394 33234 68788 21768 86353 84482 22152 34223 16364 
8 7
58986 42397 89186 92187 70391 15952 28981 
9 10
29941 83386 30458 30521 90804 30325 3045 28393 26966 10130 
10 9
6529 56426 36713 42709 14274 57589 57750 4419 60863 
11 8
38138 19545 59339 70684 80144 748 53001 63594 
12 7
32852 20528 31995 23715 29913 70690 93175 
13 7
82289 42754 73695 6376 43659 17708 52456 
14 6
69141 26889 29743 16050 21489 19285 
15 7
19274 81904 31896 70276 29201 67879 6233 
16 7
11247 68195 52929 31501 8504 37657 7205 
17 9
70502 25990 74287 14481 71075 14943 27068 69274 58381 
18 6
65649 46237 79751 34832 57522 12028 
19 7
51033 90836 38443 18780 77951 76025 1642 
20 6
23279 33952 65192 73058 21660 68065 
21 8
28725 71950 77122 87840 71033 46662 31060 81383 
22 8
25723 91261 50632 65863 49790 72893 85625 31289 
23 6
55463 14711 80139 74189 59407 92249 
24 6
87261 21250 29778 35010 63113 59375 
25 5
32949 65705 70731 84228 28339 
26 7
82615 8357 26398 67185 3423 22007 89331 
27 5
34887 59172 5919 57059 22368 
28 8
14009 46166 68543 64886 49708 5118 68514 88410 
29 4
3495 80700 25903 37056 
30 5
23486 93119 36064 51892 9339 
31 5
90208 71069 48975 5879 71077 
32 3
79065 58394 79041 
33 1
50491 
34 5
9507 29880 50407 65214 70523 
35 6
24638 46293 33626 18243 39471 1155 
36 4
40552 17436 1442 67294 
37 5
80373 70459 18024 66869 85966 
38 4
81952 25443 26362 85145 
39 5
34906 39085 43370 60542 92449 
40 5
92009 47762 80716 49057 72317 
41 3
79262 13850 35492 
42 8
74858 40321 88911 21574 61955 13961 85135 75112 
43 4
47153 2405 67590 66563 
44 5
45901 3681 1812 15865 11334 
45 3
39149 52826 36481 
46 5
62876 88428 89826 50953 82220 
47 5
81185 23853 43286 67233 64561 
48 5
12200 20491 41993 67211 76757 
49 5
64720 39892 57981 42677 32934 
50 3
20012 31409 53493 
51 5
45601 53334 80392 12270 6857 
52 5
64992 39855 47661 79401 17662 
53 2
65805 18713 
54 0

55 2
37331 17304 
56 2
79432 42056 
57 1
57807 
58 2
11713 74654 
59 4
25894 76216 7539 3846 
60 2
76491 28436 
61 3
74116 52200 87327 
62 3
45273 41744 63210 
63 3
44690 11689 1234 
64 3
24441 12821 72622 
65 3
34712 4984 2388 
66 2
52357 65406 
67 3
47258 26166 42503 
68 4
51541 92995 52078 57553 
69 3
86052 35113 77797 
70 4
38444 92052 62840 66576 
71 4
57428 54342 36756 48578 
72 2
52336 23132 
73 7
59122 35662 61902 80404 18431 70415 84532 
74 3
11749 2172 89510 
75 2
78781 53289 
76 2
31507 65303 
77 2
60563 58888 
78 1
18239 
79 3
12433 85261 47765 
80 1
3032 
81 1
54142 
82 3
38839 9679 41654 
83 2
57303 59875 
84 1
69089 
85 1
68477 
86 3
60953 78660 43939 
87 0

88 3
45077 16049 27209 
89 3
80437 30542 72251 
90 3
47536 84689 26858 
91 2
5149 51818 
92 1
78950 
93 4
46789 15119 37850 15157 
94 0

95 2
24946 65583 
96 2
35066 73533 
97 3
87592 59055 60881 
98 1
36519 
99 0

100 2
64426 33749 
101 0

102 2
42497 74156 
103 1
20444 
104 2
2999 3533 
105 3
56788 75586 7458 
106 1
78366 
107 1
81643 
108 1
48425 
109 0

110 2
66228 11827 
111 0

112 0

113 0

114 1
45776 
115 2
21639 78994 
116 4
65905 13675 80651 79968 
117 2
87997 33830 
118 1
38862 
119 1
46027 
120 0

121 0

122 1
78415 
123 0

124 3
52970 3713 56069 
125 1
85389 
126 1
82242 
127 1
51558 
128 2
37811 70279 
129 0

130 0

131 0

132 0

133 0

134 1
46278 
135 1
8303 
136 0

137 0

138 0

139 1
32779 
140 1
9779 
141 0

142 2
47885 73787 
143 1
84805 
144 1
13848 
145 0

146 0

147 0

148 1
17581 
149 1
80087 
150 3
89087 16467 55509 
151 1
30763 
152 0

153 0

154 1
35915 
155 1
76445 
156 0

157 2
73136 42821 
158 0

159 1
14600 
160 1
14496 
161 0

162 0

163 0

164 0

165 0

166 2
41196 25638 
167 0

168 0

169 0

170 0

171 0

172 1
44560 
173 1
76494 
174 0

175 0

176 0

177 1
29096 
178 1
373 
179 1
87633 
180 0

181 1
28455 
182 0

183 0

184 0

185 1
21849 
186 0

187 1
81778 
188 1
65481 
189 0

190 0

191 0

192 0

193 0

194 1
83580 
195 0

196 1
44060 
197 0

198 1
8748 
199 0

200 0

201 0

202 0

203 0

204 0

205 0

206 0

207 0

208 0

209 0

210 0

211 1
33237 
212 2
54773 17139 
213 0

214 1
34532 
215 0

216 0

217 0

218 0

219 0

220 0

221 0

222 0

223 0

224 0

225 0

226 0

227 0

228 0

229 0

230 0

231 0

232 0

233 0

234 0

235 0

236 1
44058 
237 0

238 0

239 0

240 0

241 0

242 0

243 0

244 0

245 0

246 0

247 0

248 0

249 1
79827 
250 0

251 0

252 0

253 0

254 0

255 0

256 0

257 0

258 0

259 0

260 0

261 0

262 0

263 0

264 0

265 0

266 0

267 0

268 0

269 0

270 0

271 0

272 0

273 0

274 0

275 0

276 0

277 0

278 0

279 0

280 0

281 0

282 0

283 0

284 1
67689 
285 0

286 0

287 0

288 0

289 0

290 0

291 0

292 0

293 0

294 0

295 0

296 0

297 0

298 0

299 0

300 0

301 0

302 0

303 0

304 0

305 0

306 0

307 0

308 0

309 0

310 0

311 0

312 0

313 0

314 1
84158 
315 0

316 0

317 0

318 0

319 0

320 0

321 1
86986 
322 0

323 0

324 0

325 0

326 0

327 0

328 0

329 0

330 0

331 0

332 0

333 0

334 0

335 0

336 0

337 0

338 0

339 0

340 0

341 0

342 0

343 0

344 0

345 0

346 0

347 0

348 0

349 0

350 0

351 0

352 0

353 0

354 0

355 0

356 0

357 0

358 0

359 0

360 0

361 0

362 0

363 0

364 0

365 0

366 0

367 0

368 0

369 0

370 0

371 0

372 0

373 0

374 0

375 0

376 0

377 0

378 0

379 0

380 0

381 0

382 0

383 0

384 0

385 0

386 0

387 0

388 0

389 0

390 0

391 0

392 0

393 0

394 0

395 0

396 0

397 0

398 0

