139
0 106
69551 95665 37066 68004 62857 78929 65118 67729 33627 65703 64028 64940 69577 48828 85806 80434 98486 96988 9612 74122 20295 77339 57698 57760 84948 332 79935 70170 34536 32157 27341 33505 70332 290 25210 83397 68923 47214 52559 86342 36727 747 27242 31041 39118 63434 45898 36071 17732 48334 28297 14981 89286 61002 60083 56247 52036 93970 7216 93531 74284 19820 17075 21672 78204 53755 86024 53778 46441 64242 190 98013 78486 33442 72627 83168 87672 5727 38458 59923 68066 81252 79962 72105 52509 8064 87221 95051 11018 87916 1283 3889 60789 80547 74487 71844 97846 69188 36074 36270 94124 38581 66047 34503 26318 53914 
1 57
10475 70741 97090 82016 61715 64266 5086 15869 78291 41969 80518 25158 68211 52790 68343 29987 17912 3211 64250 9433 59448 54576 41765 18293 21081 79277 86712 29427 96512 20607 94752 73570 59957 28173 92246 67495 75663 91364 59931 59044 57692 74513 74671 62072 25581 93822 82464 67474 72952 86890 64774 77577 58933 87508 42273 73676 34775 
2 34
80174 19683 31698 22423 9457 22408 73962 99346 52101 16010 55817 29802 84242 25747 35814 79901 82336 48363 36897 10489 51264 65541 45519 31736 70156 86211 93528 31488 24582 85990 45446 77979 88350 66909 
3 12
75103 78363 11697 12174 38516 56786 6103 30294 13440 42975 20551 59728 
4 15
11506 83484 45118 18017 45340 69894 33389 11244 29824 81159 88391 38442 74788 14803 77713 
5 6
74044 74131 71553 6204 10742 80777 
6 3
85311 79147 48485 
7 2
84519 35529 
8 0

9 0

10 0

11 0

12 0

13 0

14 0

15 0

16 0

17 0

18 0

19 0

20 0

21 0

22 0

23 0

24 0

25 0

26 0

27 0

28 0

29 0

30 0

31 0

32 0

33 0

34 0

35 0

36 0

37 0

38 0

39 0

40 0

41 0

42 0

43 0

44 0

45 0

46 0

47 0

48 0

49 0

50 0

51 0

52 0

53 0

54 0

55 0

56 0

57 0

58 0

59 0

60 0

61 0

62 0

63 0

64 0

65 0

66 0

67 0

68 0

69 0

70 0

71 0

72 0

73 0

74 0

75 0

76 0

77 0

78 0

79 0

80 0

81 0

82 0

83 0

84 0

85 0

86 0

87 0

88 0

89 0

90 0

91 0

92 0

93 0

94 0

95 0

96 0

97 0

98 0

99 0

100 0

101 0

102 0

103 0

104 0

105 0

106 0

107 0

108 0

109 0

110 0

111 0

112 0

113 0

114 0

115 0

116 0

117 0

118 0

119 0

120 0

121 0

122 0

123 0

124 0

125 0

126 0

127 0

128 0

129 0

130 0

131 0

132 0

133 0

134 0

135 0

136 0

137 0

138 0

