301
0 132
26832 46253 26467 91585 20286 19279 46934 47966 46693 11200 93375 4720 7666 90891 34248 64921 13269 19877 23683 62925 33571 38366 5499 46140 24604 96503 49062 10735 60128 57515 71805 86601 65813 43365 95203 89073 54381 42560 5927 56329 79357 28221 10111 47612 8214 17108 21590 57448 20942 62281 7770 82573 80000 98963 83101 804 50636 66610 18795 69622 89761 52926 59779 14178 49951 32038 24402 65088 74145 60282 92963 84715 84660 41821 4017 68663 95411 30570 3250 2101 63979 89120 63944 69012 84318 34865 72550 55832 49290 69604 17458 56585 51553 6570 79228 54854 67844 50802 87629 42570 40059 91482 87440 89479 68337 4806 5190 78504 38191 24860 30477 38144 87370 4398 72805 37268 92394 1053 26523 34046 76501 95415 94729 79302 57391 68088 12348 2412 23179 11414 49288 72745 
1 93
78149 28163 21067 94157 86790 36785 57556 44979 72179 22853 30572 93238 88788 96024 42631 92256 44488 87728 93942 69413 29162 9975 69537 61348 5222 83427 94606 26444 68233 67726 43228 59880 59354 18190 86789 14728 5638 73059 68526 76723 46112 57200 96824 3523 16572 20367 23599 60328 81721 72502 98743 23215 22951 84379 35222 46916 64421 86710 39003 52001 19960 35243 11060 8995 71623 51895 67583 48091 45042 89306 61428 25607 57472 75561 65318 41017 42388 9072 93177 9020 52535 9981 92995 43334 57136 98935 90613 88809 71583 5292 53966 82550 27835 
2 65
17668 94019 66733 28400 83843 55 29725 99451 30328 3752 63260 15673 83746 1980 50321 23559 14408 7586 38916 18550 86517 69969 94909 82432 19399 15226 42526 71440 31654 67838 97484 26603 86633 23970 60844 91086 94115 24111 21813 71616 14809 37824 96794 26550 24432 67173 18395 42333 77480 90554 88418 15075 17627 97147 51854 27697 80706 49683 16727 24711 33603 17216 72421 47257 83516 
3 57
23990 36845 19780 83841 4298 86257 53980 65884 11372 34348 13099 4026 53932 45301 21373 28566 8969 48472 26377 92825 17052 80569 18107 41366 98383 43774 30972 3737 36525 81852 49508 91195 35264 66002 95911 71028 5367 87235 84510 95737 4980 86816 24750 44242 23692 42474 66922 84389 66269 6889 32752 49162 51721 27171 22646 41987 77725 
4 52
27494 16891 28142 58804 13391 13950 44506 9083 68147 63940 38594 43738 3249 67249 79394 49140 79779 41436 47210 59249 98880 45830 10882 99404 96755 33144 34364 3223 77329 71084 84904 23434 41432 16298 61831 1143 45158 74144 72670 26428 12351 70857 78180 22712 42957 89974 3800 97140 73949 48464 46509 76589 
5 35
26099 82930 82982 50942 7761 41637 49749 86659 47713 42198 42158 79410 18113 79561 49230 48844 44747 92828 3146 88481 25558 6419 58824 25010 96184 29342 38170 53091 20501 93106 65690 87122 22678 36849 89043 
6 20
54724 19286 93533 21611 68916 93760 59530 65151 74533 85289 57097 29237 61698 31196 85434 87872 48136 51725 23283 32114 
7 17
27658 84750 12473 65440 24028 84859 31984 60873 33236 27314 64462 45398 87223 35925 48936 7292 67259 
8 17
29400 82979 17801 44500 9314 31955 63547 31629 97721 52000 29102 52116 41402 17938 42653 13867 56903 
9 8
74513 88731 95550 45372 17229 95209 46758 90397 
10 9
4164 77475 55110 45717 67883 72300 3075 62476 28229 
11 2
4751 31906 
12 4
47193 53218 43651 80175 
13 4
21431 87086 74268 50457 
14 2
2933 8351 
15 3
62074 98868 68115 
16 0

17 1
71014 
18 1
53971 
19 0

20 0

21 0

22 0

23 0

24 0

25 0

26 0

27 0

28 0

29 0

30 0

31 0

32 0

33 0

34 0

35 0

36 0

37 0

38 0

39 0

40 0

41 0

42 0

43 0

44 0

45 0

46 0

47 0

48 0

49 0

50 0

51 0

52 0

53 0

54 0

55 0

56 0

57 0

58 0

59 0

60 0

61 0

62 0

63 0

64 0

65 0

66 0

67 0

68 0

69 0

70 0

71 0

72 0

73 0

74 0

75 0

76 0

77 0

78 0

79 0

80 0

81 0

82 0

83 0

84 0

85 0

86 0

87 0

88 0

89 0

90 0

91 0

92 0

93 0

94 0

95 0

96 0

97 0

98 0

99 0

100 0

101 0

102 0

103 0

104 0

105 0

106 0

107 0

108 0

109 0

110 0

111 0

112 0

113 0

114 0

115 0

116 0

117 0

118 0

119 0

120 0

121 0

122 0

123 0

124 0

125 0

126 0

127 0

128 0

129 0

130 0

131 0

132 0

133 0

134 0

135 0

136 0

137 0

138 0

139 0

140 0

141 0

142 0

143 0

144 0

145 0

146 0

147 0

148 0

149 0

150 0

151 0

152 0

153 0

154 0

155 0

156 0

157 0

158 0

159 0

160 0

161 0

162 0

163 0

164 0

165 0

166 0

167 0

168 0

169 0

170 0

171 0

172 0

173 0

174 0

175 0

176 0

177 0

178 0

179 0

180 0

181 0

182 0

183 0

184 0

185 0

186 0

187 0

188 0

189 0

190 0

191 0

192 0

193 0

194 0

195 0

196 0

197 0

198 0

199 0

200 0

201 0

202 0

203 0

204 0

205 0

206 0

207 0

208 0

209 0

210 0

211 0

212 0

213 0

214 0

215 0

216 0

217 0

218 0

219 0

220 0

221 0

222 0

223 0

224 0

225 0

226 0

227 0

228 0

229 0

230 0

231 0

232 0

233 0

234 0

235 0

236 0

237 0

238 0

239 0

240 0

241 0

242 0

243 0

244 0

245 0

246 0

247 0

248 0

249 0

250 0

251 0

252 0

253 0

254 0

255 0

256 0

257 0

258 0

259 0

260 0

261 0

262 0

263 0

264 0

265 0

266 0

267 0

268 0

269 0

270 0

271 0

272 0

273 0

274 0

275 0

276 0

277 0

278 0

279 0

280 0

281 0

282 0

283 0

284 0

285 0

286 0

287 0

288 0

289 0

290 0

291 0

292 0

293 0

294 0

295 0

296 0

297 0

298 0

299 0

300 0

