1096
0 108
50360 65845 78123 58637 96670 97359 19935 62378 84135 46395 45368 19918 79384 15641 93096 41074 68444 90304 86869 33610 34230 51326 65473 44438 88644 28771 12652 82017 46749 53740 84427 46446 49538 5137 24295 38306 54034 54821 9234 12081 79982 71509 11010 65710 26025 32233 68844 12265 88654 98694 74500 92872 91784 25695 86871 37523 87301 9109 56355 22695 41395 47683 81954 63424 74056 15881 56293 94620 37564 40694 25579 29708 79923 51210 15528 13324 93084 62021 50300 30963 27697 71395 67771 28937 27585 52268 13531 84875 88787 45655 30444 95288 5832 88358 48477 51433 93342 34642 64963 56020 30861 31995 21525 11598 55816 49740 19134 85073 
1 91
57984 30106 59853 22070 37659 97817 69962 57838 98082 15497 81551 20628 70058 68364 86785 73332 74488 23066 885 20128 41085 50095 87491 9450 95259 19676 65403 43192 35227 48479 8236 26264 28026 41547 86978 84224 10537 31800 6206 90988 97345 4595 4050 61728 73980 62019 86316 51477 14354 76032 62758 6996 30497 10635 97975 36755 82273 7779 88503 1420 41937 17112 49873 70083 24994 47068 65161 76974 72989 94366 13493 92910 50080 45331 98791 76487 89987 69402 70003 16774 67105 86647 22625 25106 20687 86373 35487 6542 18245 24835 77627 
2 79
78136 98516 53421 55405 3240 34844 57812 48699 19836 46439 5581 13070 36064 42420 8788 81146 63236 21494 36928 70032 30885 55914 94266 95205 14053 7476 46821 74689 37960 45554 75461 44723 78957 72689 36812 33925 4131 99510 30806 65104 76455 53711 76976 40356 27703 33890 82320 21854 26785 95511 50551 59845 30183 98304 45207 40954 14684 90897 79673 92519 38632 44192 16288 13119 56516 72303 72245 31486 24633 8739 21458 89128 44583 58390 30838 71462 64444 88128 99526 
3 66
47599 85695 14382 90132 88925 62334 48965 6260 35917 87341 36576 58277 43878 80507 69624 35985 42335 65480 55966 73618 84861 97886 87464 56641 52405 34749 60945 95250 25530 3964 98012 58075 46573 89196 32148 34529 43675 91543 47772 88150 79546 96249 67944 13227 29744 11952 52851 40604 27406 40520 66449 51309 84350 97649 7998 25553 86123 18939 87275 71328 85227 90517 86346 40847 71038 83489 
4 49
46137 34355 67664 37638 48983 98638 40449 18436 58679 51624 67604 41190 70304 15351 7557 13984 40106 49660 73576 25072 15146 16203 29118 39895 25241 79433 75560 23378 99940 17419 47651 99000 54797 75166 7715 11193 76832 28867 16247 77438 30516 17680 4965 71032 35861 78094 27081 70753 29488 
5 53
63887 95781 52844 73409 44540 76915 21469 91479 32894 73495 99491 22208 50490 3252 57476 29803 8780 20603 46593 46015 97776 87932 15162 45123 98855 56184 15251 48936 32278 7154 83959 36359 8954 11845 52170 13276 38737 89052 28278 27124 45396 97917 61412 67583 92604 97335 44514 67730 4638 89646 94181 55454 70510 
6 53
93052 95003 4013 5658 10120 14798 57281 39410 31553 13674 38520 7126 90486 90738 81990 65229 10972 9330 91789 19037 88160 73280 27720 78420 26629 13350 53097 99391 86124 84312 81103 17082 85881 73276 85395 85415 44853 70332 53778 20259 54795 54113 17570 45793 17358 30494 42423 34491 61716 3283 86397 22168 41143 
7 42
41614 89946 63976 98161 48789 11861 29902 53657 17220 38733 28231 47389 12640 2622 25321 70942 67734 96083 72987 76931 18528 17230 46094 30115 10200 82276 78753 53027 76727 27334 96245 87941 86194 73228 19797 9662 53499 67809 61334 84154 84311 66402 
8 32
52067 57479 52321 25655 1037 57447 16665 45323 38303 45899 34765 81944 48473 45346 23086 59155 29302 10655 40024 42349 93701 76477 47000 23731 14227 64669 11729 95733 97039 67942 40374 85040 
9 26
18578 84594 98102 4676 68318 43693 35901 45412 40499 74400 82794 91463 49664 35742 44303 82928 10137 94876 61146 40561 23930 66288 53963 37723 22546 7162 
10 18
51523 38408 8252 65053 28183 1739 4426 25915 15863 91715 40730 28440 65147 27107 21207 7623 2182 26402 
11 13
18992 27498 40132 48366 60938 1569 44572 68093 72179 26891 83517 46552 69265 
12 18
20520 2142 24180 35858 73743 4882 46095 42404 38499 8004 68966 9466 94119 5262 98879 37214 10415 77974 
13 9
15879 54316 2842 76576 93943 83071 85770 37880 46435 
14 13
52310 54491 49735 11288 5514 23389 65290 71593 36856 64472 18938 36998 95679 
15 10
77685 6350 44345 5199 91032 60337 5535 68885 54006 30796 
16 5
590 21846 71740 50125 86412 
17 6
34167 92254 58055 29917 9855 50215 
18 10
21465 91785 74527 36410 60609 81041 92495 61137 60355 57391 
19 2
79411 85025 
20 5
84810 94946 36979 49851 14383 
21 1
18404 
22 2
43018 41835 
23 5
83000 88413 25880 45256 17579 
24 5
81197 38332 57921 50663 67341 
25 2
84289 37409 
26 2
85572 48958 
27 2
78395 4782 
28 2
15695 83011 
29 1
26032 
30 1
98015 
31 0

32 0

33 0

34 0

35 3
13758 98729 77178 
36 0

37 0

38 1
84642 
39 0

40 0

41 0

42 0

43 0

44 0

45 0

46 1
86361 
47 0

48 0

49 0

50 0

51 0

52 0

53 0

54 0

55 0

56 0

57 0

58 0

59 0

60 0

61 0

62 0

63 0

64 0

65 0

66 0

67 0

68 0

69 0

70 0

71 0

72 0

73 0

74 0

75 0

76 0

77 0

78 0

79 0

80 0

81 0

82 0

83 0

84 0

85 0

86 0

87 0

88 0

89 0

90 0

91 0

92 0

93 0

94 0

95 0

96 0

97 0

98 0

99 0

100 0

101 0

102 0

103 0

104 0

105 0

106 0

107 0

108 0

109 0

110 0

111 0

112 0

113 0

114 0

115 0

116 0

117 0

118 0

119 0

120 0

121 0

122 0

123 0

124 0

125 0

126 0

127 0

128 0

129 0

130 0

131 0

132 0

133 0

134 0

135 0

136 0

137 0

138 0

139 0

140 0

141 0

142 0

143 0

144 0

145 0

146 0

147 0

148 0

149 0

150 0

151 0

152 0

153 0

154 0

155 0

156 0

157 0

158 0

159 0

160 0

161 0

162 0

163 0

164 0

165 0

166 0

167 0

168 0

169 0

170 0

171 0

172 0

173 0

174 0

175 0

176 0

177 0

178 0

179 0

180 0

181 0

182 0

183 0

184 0

185 0

186 0

187 0

188 0

189 0

190 0

191 0

192 0

193 0

194 0

195 0

196 0

197 0

198 0

199 0

200 0

201 0

202 0

203 0

204 0

205 0

206 0

207 0

208 0

209 0

210 0

211 0

212 0

213 0

214 0

215 0

216 0

217 0

218 0

219 0

220 0

221 0

222 0

223 0

224 0

225 0

226 0

227 0

228 0

229 0

230 0

231 0

232 0

233 0

234 0

235 0

236 0

237 0

238 0

239 0

240 0

241 0

242 0

243 0

244 0

245 0

246 0

247 0

248 0

249 0

250 0

251 0

252 0

253 0

254 0

255 0

256 0

257 0

258 0

259 0

260 0

261 0

262 0

263 0

264 0

265 0

266 0

267 0

268 0

269 0

270 0

271 0

272 0

273 0

274 0

275 0

276 0

277 0

278 0

279 0

280 0

281 0

282 0

283 0

284 0

285 0

286 0

287 0

288 0

289 0

290 0

291 0

292 0

293 0

294 0

295 0

296 0

297 0

298 0

299 0

300 0

301 0

302 0

303 0

304 0

305 0

306 0

307 0

308 0

309 0

310 0

311 0

312 0

313 0

314 0

315 0

316 0

317 0

318 0

319 0

320 0

321 0

322 0

323 0

324 0

325 0

326 0

327 0

328 0

329 0

330 0

331 0

332 0

333 0

334 0

335 0

336 0

337 0

338 0

339 0

340 0

341 0

342 0

343 0

344 0

345 0

346 0

347 0

348 0

349 0

350 0

351 0

352 0

353 0

354 0

355 0

356 0

357 0

358 0

359 0

360 0

361 0

362 0

363 0

364 0

365 0

366 0

367 0

368 0

369 0

370 0

371 0

372 0

373 0

374 0

375 0

376 0

377 0

378 0

379 0

380 0

381 0

382 0

383 0

384 0

385 0

386 0

387 0

388 0

389 0

390 0

391 0

392 0

393 0

394 0

395 0

396 0

397 0

398 0

399 0

400 0

401 0

402 0

403 0

404 0

405 0

406 0

407 0

408 0

409 0

410 0

411 0

412 0

413 0

414 0

415 0

416 0

417 0

418 0

419 0

420 0

421 0

422 0

423 0

424 0

425 0

426 0

427 0

428 0

429 0

430 0

431 0

432 0

433 0

434 0

435 0

436 0

437 0

438 0

439 0

440 0

441 0

442 0

443 0

444 0

445 0

446 0

447 0

448 0

449 0

450 0

451 0

452 0

453 0

454 0

455 0

456 0

457 0

458 0

459 0

460 0

461 0

462 0

463 0

464 0

465 0

466 0

467 0

468 0

469 0

470 0

471 0

472 0

473 0

474 0

475 0

476 0

477 0

478 0

479 0

480 0

481 0

482 0

483 0

484 0

485 0

486 0

487 0

488 0

489 0

490 0

491 0

492 0

493 0

494 0

495 0

496 0

497 0

498 0

499 0

500 0

501 0

502 0

503 0

504 0

505 0

506 0

507 0

508 0

509 0

510 0

511 0

512 0

513 0

514 0

515 0

516 0

517 0

518 0

519 0

520 0

521 0

522 0

523 0

524 0

525 0

526 0

527 0

528 0

529 0

530 0

531 0

532 0

533 0

534 0

535 0

536 0

537 0

538 0

539 0

540 0

541 0

542 0

543 0

544 0

545 0

546 0

547 0

548 0

549 0

550 0

551 0

552 0

553 0

554 0

555 0

556 0

557 0

558 0

559 0

560 0

561 0

562 0

563 0

564 0

565 0

566 0

567 0

568 0

569 0

570 0

571 0

572 0

573 0

574 0

575 0

576 0

577 0

578 0

579 0

580 0

581 0

582 0

583 0

584 0

585 0

586 0

587 0

588 0

589 0

590 0

591 0

592 0

593 0

594 0

595 0

596 0

597 0

598 0

599 0

600 0

601 0

602 0

603 0

604 0

605 0

606 0

607 0

608 0

609 0

610 0

611 0

612 0

613 0

614 0

615 0

616 0

617 0

618 0

619 0

620 0

621 0

622 0

623 0

624 0

625 0

626 0

627 0

628 0

629 0

630 0

631 0

632 0

633 0

634 0

635 0

636 0

637 0

638 0

639 0

640 0

641 0

642 0

643 0

644 0

645 0

646 0

647 0

648 0

649 0

650 0

651 0

652 0

653 0

654 0

655 0

656 0

657 0

658 0

659 0

660 0

661 0

662 0

663 0

664 0

665 0

666 0

667 0

668 0

669 0

670 0

671 0

672 0

673 0

674 0

675 0

676 0

677 0

678 0

679 0

680 0

681 0

682 0

683 0

684 0

685 0

686 0

687 0

688 0

689 0

690 0

691 0

692 0

693 0

694 0

695 0

696 0

697 0

698 0

699 0

700 0

701 0

702 0

703 0

704 0

705 0

706 0

707 0

708 0

709 0

710 0

711 0

712 0

713 0

714 0

715 0

716 0

717 0

718 0

719 0

720 0

721 0

722 0

723 0

724 0

725 0

726 0

727 0

728 0

729 0

730 0

731 0

732 0

733 0

734 0

735 0

736 0

737 0

738 0

739 0

740 0

741 0

742 0

743 0

744 0

745 0

746 0

747 0

748 0

749 0

750 0

751 0

752 0

753 0

754 0

755 0

756 0

757 0

758 0

759 0

760 0

761 0

762 0

763 0

764 0

765 0

766 0

767 0

768 0

769 0

770 0

771 0

772 0

773 0

774 0

775 0

776 0

777 0

778 0

779 0

780 0

781 0

782 0

783 0

784 0

785 0

786 0

787 0

788 0

789 0

790 0

791 0

792 0

793 0

794 0

795 0

796 0

797 0

798 0

799 0

800 0

801 0

802 0

803 0

804 0

805 0

806 0

807 0

808 0

809 0

810 0

811 0

812 0

813 0

814 0

815 0

816 0

817 0

818 0

819 0

820 0

821 0

822 0

823 0

824 0

825 0

826 0

827 0

828 0

829 0

830 0

831 0

832 0

833 0

834 0

835 0

836 0

837 0

838 0

839 0

840 0

841 0

842 0

843 0

844 0

845 0

846 0

847 0

848 0

849 0

850 0

851 0

852 0

853 0

854 0

855 0

856 0

857 0

858 0

859 0

860 0

861 0

862 0

863 0

864 0

865 0

866 0

867 0

868 0

869 0

870 0

871 0

872 0

873 0

874 0

875 0

876 0

877 0

878 0

879 0

880 0

881 0

882 0

883 0

884 0

885 0

886 0

887 0

888 0

889 0

890 0

891 0

892 0

893 0

894 0

895 0

896 0

897 0

898 0

899 0

900 0

901 0

902 0

903 0

904 0

905 0

906 0

907 0

908 0

909 0

910 0

911 0

912 0

913 0

914 0

915 0

916 0

917 0

918 0

919 0

920 0

921 0

922 0

923 0

924 0

925 0

926 0

927 0

928 0

929 0

930 0

931 0

932 0

933 0

934 0

935 0

936 0

937 0

938 0

939 0

940 0

941 0

942 0

943 0

944 0

945 0

946 0

947 0

948 0

949 0

950 0

951 0

952 0

953 0

954 0

955 0

956 0

957 0

958 0

959 0

960 0

961 0

962 0

963 0

964 0

965 0

966 0

967 0

968 0

969 0

970 0

971 0

972 0

973 0

974 0

975 0

976 0

977 0

978 0

979 0

980 0

981 0

982 0

983 0

984 0

985 0

986 0

987 0

988 0

989 0

990 0

991 0

992 0

993 0

994 0

995 0

996 0

997 0

998 0

999 0

1000 0

1001 0

1002 0

1003 0

1004 0

1005 0

1006 0

1007 0

1008 0

1009 0

1010 0

1011 0

1012 0

1013 0

1014 0

1015 0

1016 0

1017 0

1018 0

1019 0

1020 0

1021 0

1022 0

1023 0

1024 0

1025 0

1026 0

1027 0

1028 0

1029 0

1030 0

1031 0

1032 0

1033 0

1034 0

1035 0

1036 0

1037 0

1038 0

1039 0

1040 0

1041 0

1042 0

1043 0

1044 0

1045 0

1046 0

1047 0

1048 0

1049 0

1050 0

1051 0

1052 0

1053 0

1054 0

1055 0

1056 0

1057 0

1058 0

1059 0

1060 0

1061 0

1062 0

1063 0

1064 0

1065 0

1066 0

1067 0

1068 0

1069 0

1070 0

1071 0

1072 0

1073 0

1074 0

1075 0

1076 0

1077 0

1078 0

1079 0

1080 0

1081 0

1082 0

1083 0

1084 0

1085 0

1086 0

1087 0

1088 0

1089 0

1090 0

1091 0

1092 0

1093 0

1094 0

1095 0

