116
0 110
13770 9939 14598 9474 15080 630 12168 11026 15532 10263 818 1627 6226 13838 9778 15482 834 1087 15949 3341 13080 10989 11587 634 7164 2978 14834 460 16192 14391 13151 11389 12236 10425 12272 5378 13211 989 15574 18482 1876 14613 13798 8646 14870 7402 41 8811 10637 2092 6890 16092 12621 9769 10190 13103 2132 7906 11738 6428 461 18740 10820 3342 14272 10455 3861 9606 4406 12353 3332 15005 2734 13332 9862 14752 9701 2906 6484 16426 14685 15211 994 6704 11238 11676 961 7961 201 3742 3474 8739 898 5973 7082 3459 2059 12708 9189 14179 16787 1329 10337 10683 11901 10021 9163 4017 3907 2507 
1 35
17948 1516 817 5663 6500 3296 2159 17169 13078 6600 7695 17628 15406 6147 11049 9257 7870 2736 5428 4847 8889 918 12316 1860 8167 2212 7604 3269 7306 2887 11831 6063 18061 1672 1321 
2 35
18502 676 1590 6305 1688 13846 215 13738 10009 12133 18069 3308 2896 9212 8340 3326 4499 557 15666 5779 1549 10270 9137 558 1486 7251 81 4596 4640 730 9480 9103 4839 11502 8754 
3 35
5960 3957 1723 9796 10805 3298 10722 4995 2217 10900 10056 14320 6590 5997 18457 10686 12896 3197 2617 13500 1281 14416 1598 17329 12049 11571 4557 8594 8024 8107 6719 3744 14298 8342 17360 
4 35
4722 2660 674 1829 13670 10418 9771 15461 7633 6166 792 1579 2506 6964 1009 11760 8925 2918 4114 13316 3220 7489 15357 9055 5829 7443 8480 12586 11849 17200 13855 9347 18324 9485 3196 
5 35
5752 8333 9705 16293 14450 4632 2000 12648 9790 8851 2900 13141 10715 5227 2532 15794 11608 11160 16630 10194 2557 12381 599 3214 14756 18034 1033 6426 13886 5767 2075 5788 11955 167 17127 
6 35
15856 14084 4061 16104 7 9813 3705 13043 1919 1648 5170 3413 14928 912 16512 9360 1505 5683 8320 16373 14441 11945 14378 16109 2243 13206 5108 8927 9488 13826 11187 9731 5159 3991 13805 
7 35
6405 5332 889 4575 17394 9075 14874 16733 1611 2555 7195 15588 3885 1675 5526 3390 328 9161 14240 18241 11928 17837 4256 7206 11302 13470 14175 8501 8191 16643 8728 16422 14603 7521 6941 
8 34
3014 12719 3520 924 2207 5462 14451 13993 2995 14929 10754 6746 11342 11556 12616 6086 2326 6433 5861 2481 5110 12948 9884 11352 10370 4713 16696 10020 6190 4532 7688 11197 7344 6479 
9 33
9282 9749 17626 18722 18298 8324 12138 8182 17974 11755 12752 368 17769 4544 9467 2030 12447 698 5021 5336 15273 4742 1228 9810 13863 13160 10642 12631 3454 7703 4563 7200 4141 
10 32
9923 8824 2112 7880 2429 704 450 9292 619 13534 3360 4392 13837 16548 15487 15266 528 5367 1518 9394 8141 18463 2332 856 13367 1072 17766 14181 7401 2407 1695 5686 
11 34
8136 2193 12229 816 4566 14386 11126 2823 15766 9926 6199 8910 5508 14508 315 8457 8905 17 1500 10497 17201 15339 14934 11825 14893 18155 10935 7756 13368 7882 16556 3519 10763 3898 
12 35
17068 518 629 8612 6657 1178 18169 16443 4868 6411 18808 5015 15113 2090 253 14257 13828 17453 1279 7149 11778 2403 2425 1482 6113 6565 13801 11159 2992 14575 14218 589 45 16286 12890 
13 34
10333 6125 15360 15400 7178 385 762 12128 4140 11285 1697 639 666 17749 5793 8827 4635 10969 3669 7525 17196 14187 5429 2166 1708 15493 4661 10154 4960 1011 12165 17164 18231 11934 
14 32
16991 11935 4888 6882 2748 10287 16478 4336 12475 8166 13279 14676 10795 2315 7629 15381 11517 11089 11034 10122 12761 9964 6989 18747 4786 5331 7292 4099 5341 13777 16440 12545 
15 33
6138 5598 18615 11684 17307 8685 8165 8908 8860 16230 7193 18658 16789 12121 15029 16923 12245 10641 17381 330 4848 12393 4247 17818 4853 1476 13750 15671 15699 3706 9315 6632 15746 
16 34
4900 17568 3065 3062 13711 926 3864 4737 6920 11479 655 14833 15408 16393 4095 7864 7556 5085 13237 6672 6469 9225 5 12789 2049 7031 7112 16700 10210 15845 17393 12888 14596 18478 
17 34
16877 17441 9071 10841 2044 10828 10559 18543 6102 7501 12980 10285 17943 8011 16890 18117 18805 5860 10658 10972 15627 3646 7589 12764 4780 13604 7166 12638 3310 11332 1660 13725 18836 7448 
18 34
5301 11040 17254 9187 9652 7204 7944 6885 11509 8434 8776 9799 8014 1632 17234 6525 6165 17093 17842 2689 11329 3424 16198 5517 15827 9656 10897 8378 14939 707 9293 12016 2811 10609 
19 34
10691 11309 10694 2775 11700 16349 8820 9616 3793 4082 11673 9218 6945 17815 6655 10713 5278 5370 17355 1577 310 17507 142 12915 16965 8630 8204 2451 703 6288 9958 6861 4582 16222 
20 35
3550 7333 1455 17642 206 2916 9313 1646 9141 16951 1059 2335 12134 16266 1420 13780 13753 13891 11690 13668 3007 12797 13507 7323 5643 18379 11470 7676 17615 9729 11325 17437 7184 14248 9539 
21 33
8142 7436 4580 15135 2081 5622 12656 9280 17025 6849 12855 9182 11209 11557 3293 12974 17745 13444 6149 16447 8334 6210 9907 18293 9739 15601 15221 15534 10164 16799 15476 14959 6663 
22 33
16540 2279 9669 129 18674 4969 13163 14113 18608 17672 11643 7085 14157 16586 18121 3248 13823 18511 7334 9600 4694 9230 18259 16629 2715 16905 2463 179 7659 13924 14842 7660 12474 
23 31
13228 14774 6413 73 1230 2232 3093 7890 16554 7260 14431 17041 3336 15613 14947 9797 5591 1032 12250 4504 11904 715 13854 15176 3029 3392 8326 13165 10098 12553 4837 
24 33
8146 18744 416 1668 4602 3839 15716 3303 7181 14923 16064 5638 15959 17024 10022 8681 15715 6454 15120 11114 7792 540 15906 12934 13159 975 3486 3325 15825 6952 7789 13232 13202 
25 34
3751 7460 2078 11437 16563 1942 12466 138 2394 7280 14070 7268 13532 2776 16824 7237 12469 1302 5620 15543 12421 6177 6121 258 8818 9466 17189 11986 8472 9844 66 7758 12406 18485 
26 35
15468 17134 4980 16647 16549 11217 14180 17497 8981 6807 3652 64 4514 10740 5902 12271 12301 8012 3580 4473 13329 4128 14126 13959 18056 9721 17927 14409 10184 4825 6828 8952 11145 16164 15593 
27 34
7179 6628 8495 960 14662 8924 2818 8503 5312 13752 1199 11585 17876 15378 9671 11921 1144 10143 10297 1836 12070 18567 17755 15022 5307 13414 6877 9980 7941 309 11310 10419 12619 396 
28 31
7114 4146 6422 18386 5005 6740 18688 1546 13055 11426 12030 17172 769 8707 12183 4925 1665 9186 3512 11538 16269 11958 16384 12025 6185 15923 16246 3877 3343 18726 17723 
29 34
10451 2266 5954 106 11942 2502 1676 16745 2806 3234 11561 5652 6975 16450 17207 6310 16274 2681 13685 14531 16575 17640 11914 11526 3488 6766 15762 14455 12893 17699 11256 5016 16183 15451 
30 34
13981 17248 9638 9584 6132 10141 1050 18114 3241 3918 4588 14604 8248 13306 2138 6608 6473 995 4265 2962 15383 6475 14461 18393 3978 10486 11401 16538 18308 2897 16764 8598 12949 2254 
31 33
8331 14827 10448 1790 2894 6578 16392 3635 11804 0 17911 10244 5720 981 12965 18644 11623 8015 18651 6922 1525 14158 12319 4029 3346 11548 183 944 5536 16688 14434 269 5140 
32 32
14372 12145 8023 12212 4354 8748 6859 5298 2187 8853 18081 18217 3025 11823 9865 16592 1817 15639 6595 17584 18309 7239 5915 5364 1538 2195 827 583 18088 4332 4558 9582 
33 32
6461 15252 1899 12571 1583 10732 10624 4160 15125 5807 14315 12856 16812 761 15467 15078 16591 4783 6629 17789 1508 1921 18811 12741 12524 15774 6863 14978 13346 14601 15570 14659 
34 32
12943 18167 7617 16699 3232 7262 2036 9553 17595 10467 15680 9497 9010 8366 10971 2004 12693 5480 3135 15731 1031 7773 17423 13613 16855 6604 11073 16590 5277 957 3240 3959 
35 34
12062 1922 11014 14843 2189 10385 7959 7853 5993 8152 6327 17802 3950 307 10822 8386 11286 10378 13 11647 6795 7029 304 10905 18573 3379 16818 4030 4906 5926 7707 15407 9742 15946 
36 34
12815 13326 17996 8419 15243 14867 18140 9028 7450 12112 13172 17463 3890 455 16898 14510 5030 8147 17684 5557 11660 6418 18129 12945 261 17901 140 794 9972 10607 10540 6435 2441 12124 
37 33
18513 3583 16345 8587 11123 11412 4711 13158 14430 1450 17609 11072 17518 11063 69 13849 18004 11116 7630 2258 17425 6157 751 17553 1377 15189 6616 3064 2079 8979 3608 16112 5249 
38 27
1263 6545 7922 12757 17365 12756 16705 10496 2427 14311 3517 5597 1751 9503 6959 16631 16845 1307 17294 17073 17282 7590 5258 2276 10840 6315 14896 
39 34
12729 11323 11062 1945 11709 6927 6855 1737 5969 10135 18735 13694 425 8226 15227 11939 8998 16821 6788 3273 12411 3430 3086 9556 12605 8369 14246 5853 33 6388 5348 6902 14794 1938 
40 33
14741 7068 2682 1297 12987 17572 407 209 8836 18691 16661 14327 16755 3023 3770 6870 7241 8169 11383 14229 1338 17367 1088 840 3184 12209 16223 13821 6748 5099 18208 13214 12277 
41 31
18263 5653 806 14786 593 12892 4440 1997 10052 12523 636 14459 5154 18160 10175 4334 7084 12995 15335 13488 2810 12791 5073 7143 13270 6899 14787 8721 10087 6362 1424 
42 30
4790 4719 16474 15317 3173 4455 17080 3162 5826 8897 7974 17377 17685 13447 13878 16927 17128 17386 7003 3160 6835 16655 6731 5541 15488 670 10696 17118 9046 5881 
43 31
13560 3709 17650 13771 17466 6431 15531 1322 5514 8252 2531 9 5346 369 7716 3129 4474 17334 3845 14428 16983 8579 1276 1046 1195 14475 7761 230 17807 3940 2364 
44 34
6821 4229 6871 14358 13050 14053 8074 10876 3676 5703 17261 3389 17830 1198 9461 13542 13856 2097 6438 9984 18009 3986 8231 7418 2686 8081 9653 18732 6353 11311 721 8550 8498 17333 
45 30
6681 16355 1982 14520 15264 6534 9905 10541 933 9013 3825 14264 5289 10058 13967 15173 4946 578 14742 14710 3620 9367 7822 946 1052 15424 14139 11842 1474 1685 
46 30
9290 8298 18183 358 11996 9417 1024 5022 5687 18492 17809 17090 10961 9694 7127 3054 2606 8869 5633 5160 9192 2133 2869 9200 6404 3865 7105 8072 18834 17734 
47 32
8921 14383 9649 15600 11194 8029 6150 3228 17342 18032 4171 2756 11886 16603 9224 13121 8620 12557 6326 10109 5559 11692 3979 18307 7687 930 13686 6566 3564 3761 15085 8383 
48 30
14041 12035 16485 17452 18406 4789 9304 7397 8356 6536 15710 16537 5060 15767 12398 685 7819 11888 12190 1380 12918 313 2951 5288 1843 1383 17089 4583 2428 4761 
49 32
18495 14807 16803 1013 11199 6782 1371 5835 8943 9201 1094 7845 18705 16919 6894 5475 11292 18236 5886 6759 6932 3766 14700 17477 14546 3514 472 1861 8526 4481 12071 14559 
50 34
12345 4242 174 2814 2256 2197 17605 1301 7862 9992 527 9602 11048 14957 15853 2954 3143 14212 2069 6472 16093 16566 14363 7861 7557 3509 2941 10807 5011 4295 3096 4041 18192 11597 
51 31
15571 12270 1496 9626 15579 11972 1021 2371 15399 10866 205 10566 6874 8918 6309 5970 3803 9311 13921 2603 560 7984 13867 13422 12939 903 15619 18498 8341 17516 13397 
52 35
3762 16830 17501 18817 10436 18754 8270 8163 5035 17513 7287 2636 17719 14336 17764 4255 4459 536 12685 16636 15578 11399 3147 13636 6463 9745 12036 8450 13313 2928 3016 213 7090 5983 1174 
53 32
11661 12528 13053 7299 15857 13790 17220 13475 9005 4572 11041 3499 1332 15644 1387 11584 8714 9234 4535 7806 3077 13413 4448 13932 15296 8099 18400 334 12953 4826 14739 3859 
54 33
17778 5279 11977 6345 1114 1227 6360 4712 1659 17403 10772 5833 15270 17658 14425 15673 10789 13035 692 5753 16486 1766 5662 8996 3166 16469 15997 7293 7551 1183 6141 8668 5056 
55 32
10924 4210 5285 8960 17530 4358 9171 7171 7097 8214 12581 15413 7776 10413 2845 1204 3399 323 11127 3662 4013 9136 3729 13096 17368 14129 18020 2535 16580 8051 8110 4216 
56 32
3735 2029 18130 6693 16689 14885 5898 2543 621 10911 9680 6842 5393 16501 15448 12044 12256 9498 8385 1129 16075 1475 14847 354 12720 7694 8269 13484 3385 4012 13136 4166 
57 30
10475 1633 18664 9236 3037 1419 12422 5327 723 12787 9527 3428 5220 6521 4405 12575 14688 17575 3352 12182 1415 14013 1289 1619 17291 1532 16408 13949 8613 1845 
58 31
7387 3046 5179 17373 2847 8103 3508 2230 6551 4759 14990 15453 3518 6242 7603 7868 8939 11773 2764 5697 12176 411 16303 10388 16262 16427 2677 2440 18438 1686 17664 
59 29
12066 8953 14296 12206 14491 10399 8773 12052 10162 525 17151 2644 16369 2009 15108 4266 12865 8134 15148 5152 15303 5919 11994 1774 3406 2199 7936 6254 16219 
60 28
4660 3939 17994 392 10032 14390 16295 7601 18693 9672 15793 14042 10291 4401 18823 6415 3625 7548 6471 11359 5135 11001 3085 9696 2526 14379 17406 15993 
61 32
6303 5658 17821 15862 6229 9024 10278 17804 17420 13844 2475 10160 10057 11032 14541 5691 17653 6115 2028 11151 4901 6771 7480 8445 75 15240 7935 9132 3158 3218 12312 10758 
62 26
10293 9787 1182 11054 10808 7600 6831 7111 2698 3407 11532 10941 13319 14680 5352 14523 7304 1304 13951 5931 13966 15824 6686 10400 305 18106 
63 29
14388 4403 12922 3816 2878 14951 17059 17694 15235 9459 18001 9825 11925 2666 9153 10560 18521 7997 8179 14721 15420 3088 780 3916 7977 7412 7566 12823 8299 
64 29
16938 5286 5372 4050 14464 18630 4665 12263 11830 15888 15519 4562 12213 710 3998 13984 9573 9647 2815 17760 16683 10780 764 3572 13512 7790 5421 14926 9064 
65 34
14964 17193 16660 17258 7766 5079 13914 10367 13808 6323 16863 6808 10283 11304 974 14245 9540 3630 17390 5590 16010 3764 7699 10253 5699 6284 16988 15228 14329 9924 13462 13802 14258 9443 
66 30
15711 3191 6439 17947 5213 2355 1613 14275 466 4872 18532 13261 1354 623 9546 12493 14477 4811 15575 17591 9569 4414 657 2949 16405 10421 2183 12786 14835 18383 
67 32
13888 16770 3773 3974 4281 14334 4045 18006 4085 18338 9674 17829 9416 1753 18699 8631 10460 16879 17542 15012 16044 15285 613 2278 8370 14772 787 5101 10784 10201 3295 4985 
68 29
16617 14878 6751 810 8791 15972 2493 5211 9487 642 16204 12303 6080 15585 9149 618 1343 2688 11064 13814 8018 6850 1113 7628 1384 17806 4009 18623 4100 
69 33
9320 14916 16336 4954 8210 492 9533 14121 2287 17508 1117 6646 13583 10579 16711 11757 16395 3019 13224 4087 14049 3411 6289 11147 2460 8713 14945 13515 16329 8893 18101 11413 9411 
70 31
17496 1885 2330 17690 7570 14285 16758 12991 1589 4882 2943 7174 7369 13108 14052 6829 5077 16852 9555 2035 7088 16371 18022 11727 2964 14303 2336 6371 8293 12290 18814 
71 33
18737 9351 4869 10682 9572 10494 10918 12946 18637 5965 12959 18084 5506 14055 13420 18260 163 18448 12822 16275 701 14886 17481 9166 13005 10035 13941 9642 14040 9997 14927 16723 4129 
72 33
5895 1597 5447 3649 13619 12561 17085 10551 8987 14169 17456 4747 7132 5076 9309 15823 2942 18227 150 16955 5434 10043 1892 15037 9433 2063 5169 4196 6618 9317 10001 3180 6906 
73 31
17226 1122 15354 9552 18396 13423 16866 3515 9222 16727 9861 1608 13860 7467 6541 15540 7218 3899 790 9496 1339 13965 6331 12089 9967 6853 3498 3785 12900 12210 14609 
74 33
10157 7332 17544 4863 733 7742 7949 32 222 7651 9709 9580 11838 7289 7542 6811 17111 8655 14566 6794 15254 3121 13122 4111 1352 7915 9363 15134 15070 13253 6298 7409 9277 
75 25
13275 11546 4597 8338 18201 15366 11530 16116 12784 4410 11146 5010 6442 18087 5740 2147 844 2437 2808 16663 18153 5809 2296 10024 18364 
76 32
4021 12226 6705 14321 9688 3211 9599 17057 16412 8608 9632 11494 14219 8913 604 6028 4682 9143 7102 5924 16772 4667 1948 12257 5050 18250 4286 1089 5995 16059 11829 13252 
77 33
14117 17468 18795 14619 1670 14690 13399 17017 848 7669 16561 9244 4965 4973 16213 14026 10152 17505 17529 9341 16131 8008 16508 4377 2265 10867 16409 511 2005 9702 1724 12001 14585 
78 30
18378 17681 5566 2862 13387 7197 13842 3746 14211 17867 15676 3970 1971 7343 17844 17312 485 7048 7310 12205 11528 15263 7828 17797 14515 2329 15308 12579 5540 8067 
79 33
4173 16435 15422 17870 2618 4069 6423 2015 614 18150 18828 15810 14849 16206 4699 4217 11355 9232 16037 9965 8388 2770 249 2910 7336 5749 5940 3202 17000 4530 6820 13178 12531 
80 31
13615 1215 14149 11622 2037 16594 8381 14249 9826 17049 523 7737 2191 139 9357 18312 17129 117 14525 14599 14956 2139 6575 16098 1743 7938 13641 1233 17120 7228 4520 
81 30
956 10752 3397 10854 2620 5100 14715 1429 25 11391 12500 9677 17016 12057 11731 16189 10489 15334 17952 3049 10906 1959 15385 10957 10393 4278 17712 331 18280 4976 
82 28
7407 10353 7329 16917 3601 3456 13749 14770 11881 2164 441 4211 11912 7215 15145 18473 15116 3814 855 7432 18272 4838 4246 8371 6712 9406 8106 2091 
83 34
17446 1197 12978 5199 9500 6749 16966 5133 4133 10585 18703 6559 4113 8574 17920 15419 18078 6597 7229 8764 14012 15929 5338 9707 8212 8357 438 4475 15281 17482 4226 17756 16449 11884 
84 32
9575 1201 1067 12649 695 18435 4691 7381 1852 16155 15866 6462 1506 15723 4834 11184 7276 9261 9634 4429 10208 13489 8901 12612 15431 17655 12091 7346 16670 5798 9603 7493 
85 24
3621 12592 17170 14548 12022 2967 6537 9856 6542 13769 10365 1367 9014 7001 9402 20 17980 12549 362 14578 7830 9550 7296 6383 
86 31
1181 5889 6265 7316 6207 10599 1973 3227 4039 13724 12242 15495 11195 2874 14110 18725 1804 9817 15473 13483 13292 13827 1403 10929 18631 5523 5717 9019 1342 1744 8022 
87 28
11629 16676 2670 16918 17796 4792 3042 13553 13913 9738 6558 203 16859 633 18299 16952 2610 10721 4420 15797 5893 7368 16509 968 12388 16099 13723 8122 
88 27
696 2171 1141 12724 4673 13098 8392 5157 14757 10060 9681 3903 5701 11276 15599 13905 17767 8048 5124 11156 765 5267 8461 14583 17197 12095 232 
89 26
5042 3444 10177 2450 14933 18397 18256 3972 5588 17383 18395 11889 9272 11966 7927 8420 12115 5441 11010 15648 5545 16829 14365 14655 2316 11117 
90 32
2879 6498 16534 4060 17819 2204 14413 18650 8727 16831 7872 9473 8797 10581 12407 17903 5276 439 2503 15897 16659 13591 359 15170 4644 11131 10952 488 12809 14671 12639 5148 
91 32
498 10069 3990 1293 8733 13376 15341 17475 5024 8407 2703 6212 544 13328 6526 16285 7714 9780 111 13101 9528 6078 11425 18718 18590 2117 9358 13374 534 10849 12805 17709 
92 30
11805 9343 3419 15887 15079 4899 18421 3912 5800 1798 7382 14743 9936 15202 1479 11677 5272 6126 17430 10302 13379 8460 7477 10782 4553 11277 7850 15142 16304 10518 
93 30
5104 15401 14268 7355 6169 3034 17555 8977 853 4472 16184 3061 3902 1470 7376 16389 10940 5684 17647 6516 8649 16442 2165 15544 6155 3619 10280 4526 14243 15087 
94 32
13247 14899 12758 2629 12050 3231 6555 12877 7825 15395 9253 17855 6039 4534 8217 1637 18780 4427 2558 8531 1916 9819 962 5955 7531 11305 18176 2673 15452 17991 18694 3242 
95 32
10859 8599 14640 3455 2895 13410 8894 8871 11603 16656 9328 4363 5682 17289 12220 9646 12588 15437 7747 1728 2871 16978 5147 4871 11345 12328 4732 12933 5032 473 6314 413 
96 32
1497 9595 3126 5644 13248 10526 3942 13351 14374 11130 18639 17957 18439 8153 4795 9203 271 6700 153 2083 15682 2718 18689 6900 1617 4115 15555 8216 2093 14720 17366 6889 
97 27
8368 16347 4331 18508 5354 17269 10473 17285 1803 8525 2084 13002 5841 11268 1965 17132 2236 8145 9085 4970 15371 1741 14765 747 17940 16680 10697 
98 32
10946 4777 14034 6051 10690 4668 457 18648 14982 3073 10099 1618 12894 7170 15275 128 7812 15139 6271 10773 7374 4243 6012 9421 15614 3092 1308 17590 14286 400 2983 2597 
99 28
4762 5550 8265 2209 2444 14838 9722 12346 4578 11395 16468 12622 1480 15789 18773 10830 13537 13513 2556 2704 8206 5281 2614 3355 13087 9614 3479 16401 
100 32
12686 18764 14330 1867 13021 4859 101 18219 11098 3778 4083 18352 12728 2658 1245 18048 18603 6367 13415 3595 4400 2893 3858 14505 9009 5837 13380 8437 14577 7860 8017 7943 
101 27
6669 10180 13712 16622 14097 9689 2180 15402 16811 13146 9768 5949 12187 8914 2468 1522 4378 12013 8929 5648 828 4743 5270 7746 1936 17969 12670 
102 27
3686 2128 6763 17113 8940 15968 16708 3660 17494 10523 381 8006 5181 7312 2213 5599 11862 6319 8530 17101 3671 18807 2588 11592 14804 12853 12278 
103 27
18585 579 14198 4512 2724 15111 3790 15049 14991 7960 4916 56 1310 10979 5472 6129 1604 12776 10477 11876 18271 2652 17812 8359 9126 18417 11787 
104 32
17336 17404 12288 5463 11868 18673 5843 8849 14780 2899 15940 17564 1120 9645 8511 17670 1606 11844 791 5115 14163 18613 10653 16196 13748 16775 7722 419 15615 15261 5105 15204 
105 26
13745 9302 14597 10189 17173 8455 14196 15865 15506 4072 4890 12084 4674 352 17651 13310 7393 5911 14539 1130 14684 1099 16144 15609 3359 2247 
106 30
15184 4168 5260 18195 18046 10345 13139 11229 12810 4004 9061 16651 11839 18232 18514 6492 14162 8121 18708 9167 3925 15223 6278 6007 471 18233 18018 16241 3178 14351 
107 26
7913 2492 11563 10391 17515 18403 4223 8327 6347 15180 13456 16953 8576 5002 10343 13747 5335 12287 15107 6799 12075 16899 654 15046 7985 1554 
108 28
4449 10638 5847 2572 8263 7059 2647 784 14400 1029 14189 18033 18447 9278 7576 10128 9846 10901 11469 10292 5178 8508 13277 11188 16709 7384 4851 1472 
109 30
7824 3480 15361 10344 6709 1874 12425 12503 12027 2961 1492 11475 4878 9119 17250 863 12419 1714 164 11453 2760 4592 3964 14167 2640 1081 2852 18575 2528 12306 
110 30
12996 7627 5321 13188 11042 8732 4230 4195 4703 2370 17838 17750 14775 13678 17251 9542 9283 10282 16258 7544 13111 10675 12000 499 2857 12821 348 13028 11434 3331 
111 28
6003 5446 4181 9301 16634 9330 5189 17964 728 5959 2870 3448 18198 17253 8350 12064 14806 11782 2184 687 8117 16497 6480 5707 5811 5984 15418 13637 
112 31
17743 11995 10631 9340 17400 1288 278 3555 3584 11672 11231 2639 4250 17186 14429 4316 184 7671 292 1711 8909 17100 10871 14581 8414 15158 16839 15732 6252 14949 2781 
113 29
12802 11764 13687 7611 2602 8915 1529 4540 7815 2104 17380 8633 12092 16074 14665 12367 15100 5452 3483 5201 4977 12460 983 15635 18315 5310 13236 16040 13330 
114 27
8537 4953 14728 8068 6396 15346 9899 11275 18739 2505 1808 14861 7721 18052 6300 9779 5741 13916 10580 18652 4038 7055 1550 4431 12483 10689 4983 
115 28
3807 5661 1802 17104 4322 1815 9836 17587 9752 18756 5635 1701 8133 2500 5932 1869 18054 10561 12173 4205 14962 2511 18784 1780 5294 17461 7615 17388 
