252
0 160
22407 65855 31601 80595 75007 72798 8585 44850 85432 80110 54790 80767 16798 97344 96225 81281 4147 80967 38102 46946 96852 45622 12272 72682 74534 5295 40668 1601 38182 50898 9936 82760 41675 53002 44158 99324 54434 93525 82226 35233 19268 66501 73640 56318 12202 10742 40519 27662 20173 75969 2001 96342 88192 4667 33796 25822 35962 49854 45171 43162 96434 57810 29054 14359 81583 35765 48652 74519 16058 19287 80131 17314 32331 37139 73401 124 86034 59832 25253 49634 77957 46342 65183 88005 63946 86407 96117 66497 65380 62200 79109 63621 85720 85466 27651 36195 94020 93750 83778 52523 97189 28106 62020 71834 48511 97923 59160 84428 75707 26080 92914 36220 59532 60218 87996 14940 41471 55348 66189 40956 15371 24839 48408 14553 60201 3205 58239 15805 91525 83220 24770 36247 35336 81144 85176 83558 34136 89983 63516 31396 21969 16588 17115 86228 63456 25255 31549 44673 3473 9751 11599 43401 51881 74058 60878 33785 78836 14263 47242 1826 
1 59
25592 77409 3932 66632 68864 27343 33537 8178 78797 65757 98630 73099 44315 91961 34101 39312 1351 93062 46330 92305 75535 40143 87778 67529 62828 7474 49108 21598 59710 3697 441 16304 108 91136 6811 35142 98625 98224 44765 44602 19524 28703 17754 61589 64439 88047 14628 28900 95127 22962 27854 74495 96846 55293 49514 11014 12467 41226 86702 
2 18
21480 70939 94286 66172 6917 94099 85993 16390 28573 18371 56119 50453 75177 72948 54319 26382 26883 71142 
3 6
78301 43412 14540 62934 80364 91022 
4 3
76238 515 37686 
5 2
24024 39947 
6 0

7 0

8 0

9 0

10 0

11 0

12 0

13 0

14 0

15 0

16 0

17 0

18 0

19 0

20 0

21 0

22 0

23 0

24 0

25 0

26 0

27 0

28 0

29 0

30 0

31 0

32 0

33 0

34 0

35 0

36 0

37 0

38 0

39 0

40 0

41 0

42 0

43 0

44 0

45 0

46 0

47 0

48 0

49 0

50 0

51 0

52 0

53 0

54 0

55 0

56 0

57 0

58 0

59 0

60 0

61 0

62 0

63 0

64 0

65 0

66 0

67 0

68 0

69 0

70 0

71 0

72 0

73 0

74 0

75 0

76 0

77 0

78 0

79 0

80 0

81 0

82 0

83 0

84 0

85 0

86 0

87 0

88 0

89 0

90 0

91 0

92 0

93 0

94 0

95 0

96 0

97 0

98 0

99 0

100 0

101 0

102 0

103 0

104 0

105 0

106 0

107 0

108 0

109 0

110 0

111 0

112 0

113 0

114 0

115 0

116 0

117 0

118 0

119 0

120 0

121 0

122 0

123 0

124 0

125 0

126 0

127 0

128 0

129 0

130 0

131 0

132 0

133 0

134 0

135 0

136 0

137 0

138 0

139 0

140 0

141 0

142 0

143 0

144 0

145 0

146 0

147 0

148 0

149 0

150 0

151 0

152 0

153 0

154 0

155 0

156 0

157 0

158 0

159 0

160 0

161 0

162 0

163 0

164 0

165 0

166 0

167 0

168 0

169 0

170 0

171 0

172 0

173 0

174 0

175 0

176 0

177 0

178 0

179 0

180 0

181 0

182 0

183 0

184 0

185 0

186 0

187 0

188 0

189 0

190 0

191 0

192 0

193 0

194 0

195 0

196 0

197 0

198 0

199 0

200 0

201 0

202 0

203 0

204 0

205 0

206 0

207 0

208 0

209 0

210 0

211 0

212 0

213 0

214 0

215 0

216 0

217 0

218 0

219 0

220 0

221 0

222 0

223 0

224 0

225 0

226 0

227 0

228 0

229 0

230 0

231 0

232 0

233 0

234 0

235 0

236 0

237 0

238 0

239 0

240 0

241 0

242 0

243 0

244 0

245 0

246 0

247 0

248 0

249 0

250 0

251 0

