40
0 125
48004 9528 11118 45276 58652 13306 17533 23844 96390 13681 59350 4809 97032 73693 75753 43466 16580 82628 82167 73804 85457 74478 38852 91867 1344 33844 21190 53008 78373 24244 51504 88572 89304 38180 48658 65898 41529 84262 37432 36539 17610 69960 1924 84264 82215 83400 78210 13243 68534 51080 25168 29938 14924 46863 47319 36653 78315 17260 7986 36351 57453 59051 92434 70775 46839 3786 93795 31427 32447 19802 10612 97421 86324 63198 19741 12513 54697 29499 25993 30827 25305 39882 72830 12520 65565 97958 79319 31734 54448 41200 45040 75597 67259 78813 46284 82665 31292 88203 27330 38969 57997 48169 46492 68172 25444 1880 13127 82810 66382 26613 92302 16505 57727 33739 54740 50309 38722 96654 17838 92332 39876 52028 41522 50254 4640 
1 101
81760 86627 23162 50285 56591 36941 76456 79083 58648 95478 86530 27755 40932 66535 65891 65383 17774 98907 9048 67560 19850 84890 5949 36989 40552 55983 87070 71302 56657 82401 56627 51109 70362 35943 95655 86232 63445 51990 72318 74796 49253 84916 20254 51015 95368 70111 55026 77069 28793 31620 79909 91398 46745 71943 33206 84684 89359 14564 30161 30869 9377 77146 85606 52596 39554 43257 89538 28828 80247 83206 90743 80506 34952 81971 71473 82412 38693 38117 50746 27715 14274 96042 64346 95347 18694 81080 2352 1071 68383 24915 59893 95065 88996 54662 17294 27248 95507 56375 41276 85512 19587 
2 82
86651 32565 81073 10589 61903 6690 7459 67520 95619 7292 54184 27799 42881 88098 3266 18850 62044 6339 64464 17725 89064 54456 16987 77270 31552 51404 32065 71583 66388 38565 32490 78560 73791 35509 69038 74586 79296 37167 91865 18066 40713 17039 99916 6135 32539 92318 26167 54855 88965 60393 17826 87501 82391 68082 66308 38027 72142 43090 99179 8425 9608 95291 95540 8706 54539 2202 54867 99636 55335 44133 85590 90834 64891 58828 57942 12089 1621 62027 48583 46809 88513 40870 
3 59
38156 28029 2625 28729 82646 62366 55903 73425 21136 53300 52979 21902 51928 59781 50547 35542 58309 93676 58681 74721 72154 22740 89962 82230 26580 46050 17195 81473 5769 18887 40207 23461 51905 65769 25930 64200 96506 18042 53941 58783 28523 36717 69211 45034 5099 68752 96109 21105 20766 30222 6643 79549 25115 4714 15953 48039 64993 72579 57019 
4 49
44360 97611 87537 91429 96399 15642 97035 87244 55653 8640 71263 78153 41250 51468 80163 50855 43024 59194 49130 86499 65469 45149 86501 86158 31497 9775 55062 53273 17732 59542 10299 47991 1378 59633 22113 53324 53815 13310 66260 4505 25844 48593 51536 37446 74527 80775 63653 30442 57717 
5 36
71322 24412 76537 42489 79315 32062 98466 39964 40360 59141 34945 3700 51190 96295 68289 33088 52986 366 1943 58784 97982 44823 5427 56789 10292 79984 16719 88428 7958 98930 73934 75536 28265 42412 50898 3565 
6 19
62939 29347 32831 79291 5010 19203 55879 39581 7041 74118 5423 78915 56810 46463 69903 14868 62634 4918 84770 
7 16
55163 29220 57501 20287 55126 89438 19730 94022 46667 77746 51668 38209 29771 59953 90580 65274 
8 18
325 22141 74979 44017 53393 57333 67598 50723 1308 1115 33216 70309 11880 48195 85679 40200 73404 57688 
9 12
24136 49804 74726 10073 56600 2655 15506 83344 59600 63281 54393 61061 
10 4
49863 84001 2150 23087 
11 8
61874 86912 97773 32629 61836 59460 30782 92435 
12 11
35042 56147 10881 83432 76536 88360 27745 50738 91703 77128 68679 
13 3
57124 96659 70378 
14 9
58978 8458 45246 8375 69612 72933 67502 84214 41034 
15 3
25472 57760 98920 
16 1
26810 
17 1
93393 
18 0

19 2
56167 31682 
20 1
30130 
21 0

22 0

23 1
44790 
24 1
31893 
25 0

26 0

27 0

28 0

29 1
12277 
30 0

31 0

32 0

33 0

34 0

35 0

36 0

37 0

38 0

39 0

