106
0 106
23040 92373 4715 72585 54575 18894 39073 58610 85849 94053 99450 24908 20255 30403 62121 29169 6565 43437 97112 76791 12845 54793 29327 12414 96824 698 54816 26664 81549 92746 59322 85353 27112 4156 17767 94683 77100 80744 32917 61806 67848 82695 54507 72713 60089 53918 65370 13364 95358 72423 90051 20744 62329 59128 91267 29481 88435 71747 25656 79976 48233 56759 59 243 4614 89874 15568 75385 11281 5708 73694 76377 1871 96149 65262 85624 44207 31753 42104 5863 59612 65014 40170 40685 43485 70806 91878 27144 24339 6215 49098 58717 39171 6497 21515 40302 4468 81872 56734 95228 27906 6110 13819 97634 78797 55168 
1 92
1923 80932 11154 20260 94024 39889 97814 36351 75749 85354 58675 64671 20350 5878 43549 72795 31232 16137 68235 17469 18472 87189 92934 86646 35403 76349 98653 5849 64675 56126 5897 83237 46000 79931 10155 25953 75577 64490 38065 68545 42473 69476 71096 73972 75825 42667 38588 51788 76294 84522 26097 53786 73454 69594 55552 51604 80654 96390 38604 1324 62282 33259 35757 61054 30900 3569 18952 35829 10057 98493 2688 7844 35559 8726 1635 18350 97233 57742 65290 8201 88814 78771 13348 63019 58539 18637 84766 42773 397 55064 91245 15629 
2 65
16504 45761 41503 9502 42585 2116 15228 94539 2376 92756 43052 43104 22978 8842 96335 61514 60445 90497 66217 99877 54489 45419 69433 42944 36355 70296 42847 28158 6361 71505 26948 34004 63923 52434 83965 77116 95842 22977 66728 8550 99485 34224 98207 43241 89065 98082 73734 34603 87793 64647 12089 32887 11677 1807 88834 48078 36470 16313 47837 8376 66069 160 50200 20259 43597 
3 61
61937 53971 82667 99747 16136 40964 60764 51805 17886 27743 18162 96660 18084 61969 1094 79661 45647 68114 77938 68186 4602 1096 36686 5783 96462 28338 274 12078 16660 6443 41033 90519 18838 17654 5165 68508 75874 92870 15937 27447 79118 21591 42297 93445 70401 55160 56069 21565 67852 72755 99274 64823 93165 46010 1748 55806 25199 94352 54675 43953 86391 
4 48
52774 21906 71913 22724 40923 57093 98349 5190 80806 97079 82936 69101 11323 94921 46464 94172 4406 23625 14849 96002 55194 14053 85451 98347 55147 11068 45719 87570 14396 31345 32424 13735 28120 91759 73554 52456 85000 53386 24867 2838 2510 33109 99186 95610 30321 1472 8189 96665 
5 37
47726 41034 68746 29482 55936 7497 46677 26421 6987 88859 72776 20931 24508 43329 71137 33220 13318 81169 48750 37357 71782 32076 25533 84924 58918 3870 73665 44159 20212 95454 67345 13902 30917 96017 52223 91946 85942 
6 36
80548 73218 59777 74776 34797 68913 76419 40719 91470 71405 91926 26332 8781 35485 38443 9783 59019 78226 76642 86097 15341 97230 60515 41721 39859 60308 85002 12944 69873 80933 77162 94824 36343 95912 277 55490 
7 25
92041 37378 73590 4642 51380 1282 6222 35159 62346 36599 75359 50145 12378 5461 79419 91773 93517 34582 94305 50084 68431 65751 45362 78292 41064 
8 25
62746 20252 87502 99311 47683 71399 94610 15464 42861 53201 50440 81790 24689 1196 10620 34839 46650 67028 55405 81090 71437 77921 34954 41551 97278 
9 19
16948 27559 33363 57099 6675 90971 9651 9729 81387 86883 38253 8043 87897 88339 8146 34123 17986 41992 50009 
10 14
8812 45771 34017 35501 51675 80557 50086 80857 44855 26374 61464 17844 71603 30106 
11 11
503 44509 19426 49889 23531 2250 14608 91869 90332 48493 54450 
12 8
97640 3136 72648 57895 11685 7483 33221 78466 
13 7
70516 35968 9821 53885 70993 50169 45325 
14 7
23857 74779 28909 60680 21042 8578 90592 
15 5
33653 42963 63726 1589 5943 
16 3
3941 20146 63817 
17 3
93016 43603 40857 
18 4
81190 93519 10677 26840 
19 5
15678 24983 21909 74959 10707 
20 2
61328 50322 
21 1
84051 
22 0

23 1
53651 
24 0

25 2
71670 55014 
26 0

27 3
26961 86439 78638 
28 2
36258 10241 
29 0

30 0

31 1
64797 
32 1
51638 
33 0

34 0

35 0

36 0

37 0

38 0

39 0

40 0

41 0

42 0

43 0

44 0

45 0

46 0

47 0

48 0

49 0

50 0

51 0

52 0

53 0

54 0

55 0

56 0

57 0

58 0

59 0

60 0

61 0

62 0

63 0

64 0

65 0

66 0

67 0

68 0

69 0

70 0

71 0

72 0

73 0

74 0

75 0

76 0

77 0

78 0

79 0

80 0

81 0

82 0

83 0

84 0

85 0

86 0

87 0

88 0

89 0

90 0

91 0

92 0

93 0

94 0

95 0

96 0

97 0

98 0

99 0

100 0

101 0

102 0

103 0

104 0

105 0

