218
0 133
77796 50464 39224 27883 97809 70033 66946 50087 5968 31876 79920 42696 64589 39308 42884 37016 31057 28253 15071 50546 11905 10942 16746 42412 60454 97776 25000 51100 17253 70307 87713 20737 75037 64708 67391 23407 15058 29862 29551 10212 86778 92836 70146 68946 97258 42822 67692 98549 97202 10339 73488 83842 91761 74468 87145 54864 11962 99420 74728 11035 77127 81096 15461 4220 26399 50691 66942 96609 20104 94884 23928 50720 73196 68529 56031 67871 17101 45726 81323 78154 34256 73337 67443 14735 99650 70364 82831 78257 9133 47399 74481 40397 63442 3984 18340 25136 30265 41574 11376 42011 79820 38130 5939 60219 6148 75687 17687 36070 17053 86166 77185 27778 78407 74768 22743 8429 94095 40809 59667 76333 53973 59529 54608 79826 6260 6008 42059 19049 22905 55081 58102 52326 5838 
1 115
69848 18831 59520 95402 27525 57359 51050 53137 21425 56945 50564 87861 62408 9420 42289 47852 15165 549 94745 25704 81709 66391 30666 92987 58292 294 416 56151 79844 87132 70740 81475 82686 47906 31753 45035 67832 38511 47323 51954 30953 30119 22815 94509 40537 72810 54127 61598 4079 1877 6905 89506 18991 58520 90065 6613 54992 55952 64229 24904 87866 11250 14458 3878 2150 55181 15091 1152 7573 46091 28697 8566 93678 66485 8134 10396 2996 56429 63057 14800 20978 94377 12831 21193 7549 9628 23662 70766 75015 84012 35619 16438 31203 65784 25759 43701 89161 20018 33833 34681 66336 78425 45321 71050 15883 15821 72849 18849 47562 42146 242 60983 76517 30080 76468 
2 86
16228 94861 27022 9251 19834 15973 73970 71185 10691 81993 35027 39038 67679 14791 67423 84663 50413 60112 43755 4263 29956 73625 1194 69041 69257 33736 25707 98698 40175 9946 52068 66305 92260 1054 58541 46494 54187 66328 29685 97832 1320 53190 63890 51084 58145 43914 53775 7013 47235 28769 26126 5753 33478 64391 16677 61834 50709 42595 30806 44687 35684 56732 92471 66105 48221 13285 8167 71779 13369 50854 39091 72135 36425 32249 71245 57529 71838 36551 5800 28964 13349 79440 68723 1876 92683 82715 
3 62
48230 58726 98933 50088 25599 22391 24352 12232 6799 96294 15653 37908 82526 46431 45262 24956 77692 98701 50848 2393 25835 12510 19296 87656 51117 99433 49845 39393 560 89687 71153 3784 93353 70692 51919 82072 41877 13356 73355 33908 28024 21780 68198 68828 73770 29745 30650 70609 3216 14964 11448 83456 6690 22439 40319 97109 48527 1544 69976 8409 496 39305 
4 54
99432 93983 87402 55626 52404 71658 52681 34502 39310 81779 37493 57814 45754 38851 53697 31365 96429 39718 71721 31168 54843 83740 94302 69497 19121 15600 37946 35008 18656 69387 57404 71001 61799 75328 32104 11135 97917 92851 87282 43934 1579 37044 29375 44635 4038 51263 87232 60027 38768 20680 62432 8449 18507 83068 
5 41
65191 367 91323 90243 96564 50071 7497 18977 88764 57274 80254 87891 78900 54000 95283 47756 66794 9309 89719 83950 54146 18440 39380 113 6409 68096 69639 17361 12936 82186 92936 43466 94 86128 91948 87562 35354 56116 46865 17697 37639 
6 31
72154 74653 5980 62810 78278 57328 7579 58914 97851 8918 16845 10952 53389 98735 38576 56766 19552 86416 53 6454 21678 3973 9332 95512 56533 3692 83910 42814 94510 27531 48641 
7 29
34788 21714 55304 65046 26843 36978 47552 90310 2510 89131 36134 8012 20632 91448 86471 35263 3057 90512 21927 5582 87806 53656 62999 10497 24385 41008 93677 75034 32418 
8 25
66957 96730 19231 96991 25543 16897 56399 66117 19154 19573 38189 46478 79670 77390 33031 82175 65847 84107 910 64311 19682 11740 70455 34575 21472 
9 19
7484 39156 24282 95909 54278 22277 87095 89608 83999 44069 71209 29316 68471 6377 92348 4256 58886 42483 54639 
10 10
88340 53583 21574 37125 53779 30345 5442 29600 6707 68983 
11 13
90323 3462 48465 45215 93023 30556 48700 43611 40638 62115 42873 26819 34886 
12 10
99788 86463 95934 47021 73432 42728 69508 99695 27203 24164 
13 12
5551 78697 32044 92691 75673 53330 16917 11226 74888 61565 16217 66338 
14 11
88424 3076 85093 51286 71294 59661 48325 74307 80701 98858 60552 
15 4
45585 10668 48241 44384 
16 4
21353 62940 2022 23653 
17 6
10464 88434 55501 58331 80696 110 
18 3
33030 60743 91722 
19 1
43932 
20 2
43006 75985 
21 1
32568 
22 1
6558 
23 0

24 0

25 1
34414 
26 1
5780 
27 0

28 0

29 0

30 0

31 0

32 0

33 1
62202 
34 0

35 0

36 0

37 0

38 0

39 0

40 1
87102 
41 0

42 0

43 0

44 0

45 0

46 0

47 0

48 0

49 0

50 0

51 0

52 0

53 0

54 0

55 0

56 0

57 0

58 0

59 0

60 0

61 0

62 0

63 0

64 0

65 0

66 0

67 0

68 0

69 0

70 0

71 0

72 0

73 0

74 0

75 0

76 0

77 0

78 0

79 0

80 0

81 0

82 0

83 0

84 0

85 0

86 0

87 0

88 0

89 0

90 0

91 0

92 0

93 0

94 0

95 0

96 0

97 0

98 0

99 0

100 0

101 0

102 0

103 0

104 0

105 0

106 0

107 0

108 0

109 0

110 0

111 0

112 0

113 0

114 0

115 0

116 0

117 0

118 0

119 0

120 0

121 0

122 0

123 0

124 0

125 0

126 0

127 0

128 0

129 0

130 0

131 0

132 0

133 0

134 0

135 0

136 0

137 0

138 0

139 0

140 0

141 0

142 0

143 0

144 0

145 0

146 0

147 0

148 0

149 0

150 0

151 0

152 0

153 0

154 0

155 0

156 0

157 0

158 0

159 0

160 0

161 0

162 0

163 0

164 0

165 0

166 0

167 0

168 0

169 0

170 0

171 0

172 0

173 0

174 0

175 0

176 0

177 0

178 0

179 0

180 0

181 0

182 0

183 0

184 0

185 0

186 0

187 0

188 0

189 0

190 0

191 0

192 0

193 0

194 0

195 0

196 0

197 0

198 0

199 0

200 0

201 0

202 0

203 0

204 0

205 0

206 0

207 0

208 0

209 0

210 0

211 0

212 0

213 0

214 0

215 0

216 0

217 0

