120
0 160
35805 16307 89629 14702 10923 23526 7680 69541 44198 79683 97840 91687 89451 62004 75890 73987 61756 84274 7383 18176 87313 66624 21891 28469 16242 22098 56985 70759 10476 96900 73916 96668 95607 4224 87658 9002 48776 57562 32520 43150 44547 10952 52016 20150 46080 98840 67705 87210 20318 79927 8707 16047 84678 87820 50495 96004 86473 9408 48114 14712 46248 86235 90775 64189 25795 75675 4436 23824 87012 89975 38957 66215 93399 30041 9512 49884 76660 30720 55632 41640 70131 2743 73068 80003 75006 38769 13266 36298 85202 9091 46443 69308 79484 13515 3835 46254 72671 90277 90887 7685 77975 36115 14965 16023 5898 75551 45044 84323 82164 86002 69415 67419 63960 21085 14682 17776 33634 86327 72112 23214 62137 16655 24908 73552 62052 35979 59560 77831 86852 74904 96398 59185 5407 27686 94583 31213 79354 87501 75702 53902 43133 80614 65721 60412 76523 18067 45736 58010 17742 49263 18231 24454 2661 76269 24675 21379 34701 24179 46674 59111 
1 136
26025 67737 97881 82931 96933 44975 17093 38821 70817 76170 53840 39029 63560 61622 15616 982 58849 21546 75902 34303 53065 74245 25788 55028 79722 41135 2454 25265 38918 12664 21756 44492 9283 63266 33064 55579 10053 72356 91718 81825 2937 287 69355 62187 41515 59370 52424 6860 64490 89659 61608 87461 76934 20296 11635 29102 64982 62003 4117 55234 13818 98725 93699 85946 23768 70434 53607 44145 37992 13852 75789 50938 88772 63805 79043 35677 79767 7945 12498 54466 36939 92456 1266 11226 58151 15725 89176 85018 19000 93815 92530 45337 59827 71187 65670 47518 72013 32319 39801 20158 71801 80875 20470 1053 49363 78670 76486 95740 89573 36277 35732 69685 70206 23779 73079 46972 42601 29808 19258 14714 76799 56240 81964 42570 20436 59994 44764 82453 79431 58162 84634 72544 77028 86379 73770 66703 
2 105
78261 49760 50541 26261 50825 51520 94158 61842 49208 69997 39228 58943 53240 17927 98018 76135 61490 67714 98114 76644 64573 12550 31871 51670 29331 63847 23056 36183 51182 14916 40124 26288 65453 2267 89567 64702 70395 7832 50761 55864 38188 42467 18506 65947 24470 67161 26909 97640 74782 51124 41058 33881 5433 34647 67641 46420 95610 24934 17886 96749 59193 1379 27527 22875 8291 48743 61508 45308 77697 38669 32990 56641 21208 61746 4697 61390 8965 20703 62117 32327 47739 39300 34737 79687 32486 76336 30972 68781 2358 42149 10003 16640 59837 22915 99758 44595 35753 33728 52590 34850 45652 98585 21974 99015 23408 
3 84
71753 44651 66105 71626 43980 4126 53179 220 74055 3214 62665 68335 27411 57982 26595 8673 73769 48119 28380 15378 36742 60413 61976 53073 58019 95783 15976 23043 17801 58726 38461 77465 40069 22182 99810 77095 5496 30714 38533 15926 21966 26035 52371 2874 21135 63749 55916 99755 46781 32102 44460 85090 25718 53299 88433 13175 92444 1407 1975 43230 76314 71446 31782 84148 18180 4251 2767 33337 31864 46824 83232 40910 8610 88504 84168 90155 63660 68627 734 12349 20860 20482 66249 20044 
4 51
72126 84609 25717 71438 90711 54577 62863 74229 67220 49117 24878 43665 63893 10269 90025 19144 64357 17862 41412 87140 46981 83841 6440 47944 48927 60332 64575 97243 35344 36067 72711 11626 14520 16582 95340 92018 84742 6803 190 15464 24888 16446 48968 41609 53652 53556 66063 8518 3217 29404 75612 
5 53
45707 10484 13353 81020 44630 71099 51153 86768 22265 13098 46766 63123 30689 92074 94843 39454 2460 33644 92628 93898 14305 18812 63867 43754 10463 59314 9405 31140 5079 56737 84813 20848 39071 19687 98085 27676 75771 96884 86696 97723 25618 54438 90104 26760 33418 83935 68080 38387 30963 38962 91175 88581 96771 
6 50
20790 70324 33951 21228 4728 84110 79501 40200 59882 63268 73553 71078 38067 16613 77295 10944 94849 10759 188 38131 12255 27942 50719 16680 38155 40867 68701 85070 98698 3038 657 27399 46899 5460 23651 92562 68346 54862 92713 9638 62969 37336 37965 52724 29806 81610 55964 87584 2673 24829 
7 37
61209 70290 94601 86743 17389 9563 50852 28808 36736 72719 73597 31077 58483 73547 70521 5724 85974 74847 2479 95533 52691 89782 48594 69709 34540 21897 44925 71508 57713 61857 14299 38062 74919 31028 91297 17395 42802 
8 23
98655 6400 18975 42148 69850 14406 49322 29172 35687 60145 50231 53457 49900 8683 76312 38736 15108 83511 18832 54929 65900 72346 23132 
9 20
62736 1109 94479 99539 37181 38876 77892 93614 50271 1982 61286 98292 73743 40882 57849 66155 69788 76736 28645 30066 
10 22
91541 38438 75320 60399 6751 37220 71836 9593 97321 25727 46181 85240 74846 90090 40521 25829 67223 3175 69076 86346 69851 81516 
11 6
66124 98354 61895 23487 49564 31584 
12 11
35982 49392 87359 5742 9061 18512 9004 41335 21975 89609 27514 
13 8
80442 69317 28739 32268 44996 47488 22567 49523 
14 6
83100 53100 8782 81616 63550 97841 
15 1
15363 
16 3
74464 57498 46548 
17 5
89726 61025 18107 56666 1255 
18 4
5787 11597 97844 60848 
19 2
37728 88541 
20 3
63892 71757 91543 
21 3
28561 48437 54821 
22 0

23 3
60714 19298 49913 
24 0

25 2
95473 97891 
26 1
55428 
27 0

28 0

29 2
22722 89729 
30 1
45954 
31 1
45261 
32 0

33 0

34 1
28035 
35 0

36 0

37 0

38 0

39 0

40 0

41 0

42 0

43 0

44 0

45 0

46 0

47 0

48 0

49 0

50 0

51 0

52 0

53 0

54 0

55 0

56 0

57 0

58 0

59 0

60 0

61 0

62 0

63 0

64 0

65 0

66 0

67 0

68 0

69 0

70 0

71 0

72 0

73 0

74 0

75 0

76 0

77 0

78 0

79 0

80 0

81 0

82 0

83 0

84 0

85 0

86 0

87 0

88 0

89 0

90 0

91 0

92 0

93 0

94 0

95 0

96 0

97 0

98 0

99 0

100 0

101 0

102 0

103 0

104 0

105 0

106 0

107 0

108 0

109 0

110 0

111 0

112 0

113 0

114 0

115 0

116 0

117 0

118 0

119 0

