85
0 188
16091 92568 77982 99984 25014 10568 37974 55120 9984 16093 36730 93526 35695 33257 17587 35797 82132 41300 87147 76740 21855 81434 58399 44925 41067 26463 40859 53171 59881 61786 32539 46649 88156 7418 84495 14735 92862 73153 19759 15309 71568 56332 24315 43594 52942 61121 34748 41426 32699 71480 40184 40313 87053 68008 27870 29037 65720 82669 26865 98613 92405 43146 20357 94481 70412 62778 32025 91910 83916 4087 36942 13292 88496 9624 91908 17510 37461 2440 19530 92067 75582 35114 80288 78896 88591 2173 88253 27363 28746 28558 82034 72557 56240 55574 95330 614 45113 91126 60382 63096 34810 62579 49735 26395 20062 43265 37043 8487 85639 59030 25532 46222 52886 14107 94841 55395 74219 5916 48907 40677 74365 18406 72401 45502 41226 35 75504 13305 67334 75377 37668 48715 85239 95251 91722 20181 87327 79287 74706 8156 77914 20718 47132 89685 85960 64684 7591 81733 26833 47250 99758 55967 6293 57958 98890 86301 88849 9322 34558 55057 55192 65689 2551 83155 96107 30026 39415 92479 63331 69999 37081 18152 39666 67965 16017 9803 87610 31497 4962 86955 6061 98019 60843 91563 93447 69386 69724 17065 
1 128
42878 37479 89346 24205 93016 6343 32493 75625 81968 6520 89658 38077 88082 84320 23319 34506 5973 68377 22730 31077 30002 58930 45322 1085 38539 95037 51256 7995 76803 47732 65146 94956 10159 95116 13154 37813 32772 54971 15768 68286 85607 51037 81260 91353 70374 53710 65436 97399 7293 56475 90481 72442 22506 52067 15874 32841 13237 27064 551 92888 49314 31550 81160 64224 85888 89445 16461 131 77876 63068 84605 32655 63235 35171 35987 66239 48658 80893 97698 87725 99995 26435 78715 20823 36747 90344 38731 16695 35991 54492 58538 58119 22899 5727 37951 30691 98663 45591 44390 22169 52375 86649 82340 87358 95766 38457 2194 47611 24243 68729 68769 36024 72420 36003 5799 34734 42438 77315 16970 12725 1812 27786 99922 97607 50003 13161 35132 85490 
2 92
54186 31305 69055 56394 32538 27238 92157 72659 64037 88507 7139 6829 15236 57835 18434 79947 64127 76357 65992 42292 92859 22070 12344 67805 58783 93193 93827 41809 95105 41831 39268 33276 12902 19115 68618 29653 35728 54771 11970 81179 63909 34971 77622 44675 51369 32314 41329 3954 43961 11965 10480 564 16946 1283 90584 88919 61917 95327 68256 74094 25443 33655 62938 49843 15855 53317 77676 76184 97029 26610 21234 11389 61940 96805 23150 96695 76213 25337 35137 10231 31877 61531 99849 78502 33316 24277 35189 5021 57771 61981 97654 79456 
3 60
25360 49205 45795 98020 58325 84730 58410 63294 71598 32325 76618 46980 15913 71599 21610 94423 427 59742 81272 39854 7035 24856 48410 17428 14897 34361 99026 8287 50132 77978 21535 31229 26954 97616 38304 17949 85721 91811 75036 19362 9378 63562 87107 34230 54384 28923 33029 13520 68683 93166 13804 12643 35408 55622 63191 11814 277 28489 30736 50141 
4 42
11488 75661 91051 8989 61837 37405 94477 37899 40866 34792 29427 24567 98060 66806 28468 67952 27367 86698 46035 84895 34045 38285 24886 4936 63600 32846 35914 61323 73127 76738 52354 40480 41186 62647 99198 94153 74563 38850 40877 53903 44877 43135 
5 38
97620 3116 9193 96162 43659 71784 4819 27439 93681 42577 30973 9794 97405 87080 31648 20487 99956 85951 8595 4863 90748 95389 62624 85666 16272 41441 56124 33002 46024 22584 8737 63606 79656 45849 60804 30582 83852 60100 
6 30
49194 65085 56198 11763 44216 37648 73213 5004 7557 90960 65043 52093 28577 36358 65268 36964 68902 76786 52347 29328 326 84923 19661 53735 75466 23219 46661 16343 48644 87943 
7 15
86326 86827 5469 21884 71693 8806 72707 18389 27010 25914 65738 25211 38503 87900 84236 
8 13
51832 31939 35877 18794 30287 49224 23811 4566 14530 75163 97479 77878 49901 
9 8
76667 9699 95172 70155 95681 26629 31126 35805 
10 4
31192 29973 79984 65678 
11 3
80027 65030 50337 
12 0

13 0

14 2
15335 71912 
15 0

16 2
53031 50069 
17 0

18 0

19 0

20 0

21 0

22 0

23 0

24 0

25 0

26 0

27 0

28 0

29 0

30 0

31 0

32 0

33 0

34 0

35 0

36 0

37 0

38 0

39 0

40 0

41 0

42 0

43 0

44 0

45 0

46 0

47 0

48 0

49 0

50 0

51 0

52 0

53 0

54 0

55 0

56 0

57 0

58 0

59 0

60 0

61 0

62 0

63 0

64 0

65 0

66 0

67 0

68 0

69 0

70 0

71 0

72 0

73 0

74 0

75 0

76 0

77 0

78 0

79 0

80 0

81 0

82 0

83 0

84 0

