296
0 145
6466 23480 32416 3591 30962 22238 17702 29564 33155 21853 27244 39627 40355 2519 34432 24397 6017 34076 30329 27814 34358 33793 5026 683 34282 37154 39533 7217 37108 38317 19659 8254 760 8778 21024 10611 15962 8350 17954 29159 22017 40923 37123 36259 21259 38688 39400 2573 38541 34859 18368 35391 563 21337 35141 20280 29210 22241 39375 32318 21898 13089 19343 2723 1008 16550 24265 1750 38672 13162 5534 994 17638 133 33065 2787 33587 6722 36741 23530 35959 2234 36294 5852 40902 15191 26076 9900 23676 34646 17529 5067 25124 26956 2930 19242 11558 24533 30003 35953 22144 9454 35671 23401 35516 25472 30012 26797 35028 33252 21763 12623 33403 32251 17764 21480 37047 1101 20234 19714 14597 14265 11052 22969 5506 2510 27438 36265 25288 10150 25739 34171 7984 41250 23197 32366 22140 3646 17934 31125 8983 8631 13413 41001 757 
1 31
14657 36547 35609 1169 11378 29358 14270 30109 16391 24459 20572 20560 980 21462 35972 36608 7254 38582 32467 11669 11974 21729 8604 23642 30173 3878 16453 34416 3578 20722 30878 
2 31
39642 34049 24873 12503 5182 27944 22997 12456 30563 25287 22070 36899 3933 20628 856 18093 29509 41134 8665 8910 29228 25883 29533 23973 40754 3375 23652 2440 40619 16756 24675 
3 31
5709 28132 11456 36400 17840 19529 13239 35093 13959 22860 14485 38251 32958 7330 38049 18011 10724 23108 40774 8700 26013 24747 15196 5659 38351 22155 34606 13456 33442 31664 28558 
4 31
16395 6839 7231 24689 22598 30792 18659 30981 7673 24982 29025 30683 17850 24175 13610 22191 3315 1983 5431 15260 39192 4225 29993 30943 29584 36605 24867 26379 9906 8402 41032 
5 31
21478 24094 21260 16937 16541 34827 22135 31688 26252 34350 37274 16812 11628 14220 38377 35813 8565 25228 30057 9947 9104 1158 5491 4483 5004 29571 24201 18959 4890 39675 39998 
6 31
14235 39702 20019 8947 13535 5552 13825 40270 17988 2049 10693 6126 4046 36609 21721 1378 30806 16744 5890 22801 38511 12569 40263 5562 29080 34240 22645 11594 25331 37512 25162 
7 31
29646 9792 17353 18768 18943 37948 15620 37691 12726 28191 13206 39007 15438 41265 26612 18687 29056 18199 44 26532 15539 31725 6046 35291 32027 8606 936 6060 5219 22019 18180 
8 31
34746 38027 4981 21044 26367 14475 40775 40715 37799 38873 13946 19733 18046 32812 11784 7103 17065 36599 16648 5869 39621 31117 26417 934 32703 38883 40541 36057 7384 38488 24780 
9 31
5743 29568 613 17963 15507 21157 9899 18489 26294 41228 41022 40748 38757 26033 41258 29926 40054 25180 4999 1264 19360 22159 26644 24179 4435 31609 24525 34399 28315 35547 31905 
10 30
31439 5763 3502 7958 28418 34258 13047 9727 31720 22797 1586 32826 1716 35645 16478 16477 24244 20553 32301 39585 24716 39407 3977 5170 10002 5249 21634 8207 8880 5051 
11 31
10055 31627 33178 18632 17216 33537 20835 5062 30331 21773 32082 23977 35244 40016 27095 23348 34166 7522 21942 8063 20366 19526 12445 207 8915 39887 3056 15414 4517 39788 41165 
12 31
3858 24695 29104 11532 30018 34057 39624 676 29203 10207 11352 22415 26405 21554 13462 26878 9806 20814 30863 17334 34233 6034 14882 31060 29521 29678 39918 39927 14176 34426 19866 
13 31
20408 25211 10452 12956 12819 31111 11500 19958 36755 40542 610 22792 8728 17744 34582 10069 17120 38161 21894 28400 28488 17194 38522 8634 6167 12447 7828 23164 20486 12786 6700 
14 30
21045 25328 4768 5789 6472 758 13967 3126 30191 21874 33314 4206 33283 1280 9552 2569 30507 25143 26977 32132 32408 2687 10435 36824 17883 37754 6281 38116 7945 30149 
15 31
17825 39221 26771 29879 21770 34339 17783 39452 37375 15197 444 17755 30117 37990 16534 11319 11447 20419 28750 15584 2967 864 35015 9481 13732 2766 20254 13565 8511 13829 9505 
16 30
17897 376 26108 25433 10889 27845 11564 2096 11002 38044 33266 9215 1789 18501 9988 35594 28100 1125 27253 41168 22914 34465 33104 30180 23603 18122 12754 33259 41036 25611 
17 31
12733 32534 12298 2033 22071 21394 11498 10285 28581 2386 12079 24297 24370 27864 6653 39267 15040 31568 7652 32106 15117 21188 1574 8192 32490 639 11262 20813 19627 24317 35272 
18 31
25191 16012 31003 37320 6531 22874 26574 63 9445 17962 8156 27680 34997 6325 22880 30090 15610 18145 5931 15367 9114 15379 8433 3120 11578 11957 35427 31375 32692 20270 14078 
19 31
154 33786 16925 11149 11269 3479 26813 15391 17360 25657 30481 31519 2342 8134 5621 21871 24601 26211 15061 34986 27523 12685 34855 28635 14538 20511 13315 39976 25605 7781 4688 
20 31
2118 13040 11635 10649 19457 31379 18739 25945 14493 4022 20187 1710 16538 13052 13971 6308 6408 31291 15347 18709 32452 18723 22971 18424 11777 28805 32927 35449 6657 3711 22204 
21 31
29105 18004 32723 33290 11050 16324 27128 36749 16458 3417 7044 21694 19305 39405 28767 436 26820 28861 14215 23614 17463 13984 18315 34118 24542 14116 37374 11292 23984 30648 29497 
22 30
36299 21407 28745 36985 39307 23028 22863 8184 34200 644 21715 20680 35374 32437 391 9466 19519 31488 11174 22000 26429 13275 18365 16233 33158 11146 13608 18500 16516 33318 
23 30
8329 3127 37295 26485 24819 37431 12811 38599 36134 13998 35383 11723 2622 27629 34851 27853 33456 2855 39932 7306 20346 13862 20206 7905 13359 11267 39714 34043 10498 3575 
24 29
7244 5227 6490 15952 11866 32759 38010 18612 37077 26181 9910 8772 20657 16826 33182 36169 20039 24493 27393 12417 9020 24271 30209 25023 5013 30911 23155 16781 13983 
25 30
22684 37103 23376 5452 35003 11427 30744 3102 36397 17530 11586 8148 30262 24886 32635 21693 15802 12913 4588 4453 10739 12657 28858 40735 34283 34364 33343 38887 36345 2282 
26 30
10951 1908 5320 11811 22987 35573 34372 10172 17965 28662 16765 6079 33956 20880 39088 8461 29751 37051 31050 4812 6553 38128 10512 39000 28369 35362 34157 9031 36005 20772 
27 31
12840 9774 27428 16616 8091 33381 26728 24611 27644 1699 15337 25894 3075 21796 29953 27683 14232 32413 30500 20595 16194 24991 11350 33597 20015 7001 31273 11209 11250 17308 31321 
28 31
11387 16853 2586 13003 14737 39996 8175 5180 40733 11805 2629 11819 14924 11096 40088 21882 28742 23312 8774 21431 20698 32923 14397 25589 1762 39068 29510 17269 29731 24848 38206 
29 31
35543 39311 1917 14619 23809 39540 21656 27105 1315 8059 33363 35685 24380 32777 5549 17118 9410 1783 32947 2038 4834 15014 27503 4399 22962 32824 36796 35847 32627 8052 13770 
30 31
8037 17676 28596 27528 30759 24726 29417 28759 13409 21069 38416 20242 28814 14722 8299 15981 24483 23577 10743 8128 35211 1289 32763 33419 38193 16880 29652 35654 24032 26077 32353 
31 31
2938 12841 4828 29380 34463 38266 30211 37432 11075 35025 712 11747 12761 36714 21204 16310 36622 33627 25012 7867 3808 3772 31419 27464 25210 39547 5266 11325 28226 41143 18174 
32 28
13363 29591 34300 15112 10357 26083 904 30274 850 7558 23741 32386 22116 36702 30928 1279 1966 33149 25056 16565 34870 1932 2664 11263 11775 3252 10382 12479 
33 29
11611 6232 10373 33378 7317 15413 14730 10089 14948 39252 1350 22883 19065 4252 22441 6304 23006 32495 8286 28444 37133 20483 20954 33732 479 11689 9267 11753 36505 
34 30
8413 20162 28526 21705 39140 21996 10485 34218 19126 8839 16322 10937 9422 24764 34822 40131 24249 20135 26118 33032 37544 10547 4732 2168 150 37878 18268 27228 16308 8377 
35 31
37593 25540 25997 39607 19142 31606 21947 31867 9785 127 37942 33169 35905 3588 32167 6514 40311 3388 37219 13070 1881 33412 28658 38723 41211 7619 2841 23100 21070 10370 11688 
36 31
19038 13773 35351 40930 22297 21524 161 27467 5718 25976 17980 19490 17279 8783 36994 14051 30663 19378 7364 31885 14565 24593 32165 40461 34237 4649 31881 8491 7852 29623 27809 
37 30
22349 17717 16716 22324 15324 8827 36489 40538 35303 8865 6358 31834 29370 14656 2088 32594 20653 6551 27715 39698 37503 12410 9042 12615 36340 26177 27928 15204 28411 17621 
38 31
19468 16874 1305 26375 27526 28616 25178 14028 35176 23828 37473 28926 26632 19706 1831 3557 24564 15995 8518 28612 18840 3389 38486 33418 755 39364 24108 12398 27152 22130 38632 
39 29
35261 15859 37983 21309 24157 3177 14481 8216 34808 15198 669 3696 15839 13719 27815 9057 35070 6973 7975 618 10403 2056 965 13805 1855 9228 26020 29063 38368 
40 31
8677 33027 7726 4032 31635 10426 6701 12226 27668 218 37578 23269 1740 11795 37634 31314 5762 17847 18243 4884 709 37806 3959 39254 11121 24369 13270 32778 19499 38697 36781 
41 31
32117 20049 3370 37004 4452 32110 34749 24188 35697 11565 2847 24586 30224 1907 37478 27811 2123 10592 10769 5943 31677 7920 7215 23527 25376 11405 32077 37495 17337 6437 10035 
42 30
11344 1900 28428 26369 10824 14972 21163 19357 21346 13225 31189 12972 3428 18971 51 3441 19467 8414 23473 6471 31927 3135 19563 3505 2905 24623 16840 11968 9979 35561 
43 31
27957 35199 32222 11368 25792 26572 30527 28706 6156 6519 29585 29740 21139 28159 40648 4915 7263 13290 6660 10379 27762 38155 23418 40883 27936 17201 35805 8088 4179 32665 5899 
44 31
26275 16276 31168 31540 806 28438 30746 28717 30235 28838 18052 17741 27171 19818 2159 17557 35042 41198 24415 11 17198 9607 9227 34840 12928 4977 37465 15298 18940 23128 4984 
45 31
27896 31756 29612 22124 16057 12156 17249 3112 10225 18617 7470 13965 37877 10442 19139 28233 6257 433 27360 22353 14296 7594 22788 37394 651 16518 38915 34158 2410 25222 12015 
46 27
23116 10274 33594 9837 23201 38543 39655 24229 27877 19411 39523 20466 26623 39667 9049 27698 1591 21491 28785 38424 20215 10362 17095 11970 19458 20672 13464 
47 31
38537 21974 12010 18712 2707 5463 4970 28231 18610 1307 25140 6914 15452 7498 27053 26544 19991 1293 13342 5066 20381 9972 8428 1464 19294 40739 13223 38740 23979 18540 19082 
48 30
34309 32548 18829 24608 34788 28433 19421 31773 32957 1475 40903 20145 28141 574 23058 30045 4438 14181 40216 24812 1347 40224 33219 19103 33310 2735 38145 1078 5447 28031 
49 31
30790 34660 22830 34494 37063 355 39496 2212 30011 20052 26186 14463 7339 19091 24047 24489 28867 38264 14783 36406 27919 7839 38019 22217 13252 882 18162 8385 26507 29525 22436 
50 29
25874 35485 23296 29085 6951 19153 33676 14629 32032 1614 23514 24906 22930 13881 12217 14290 36331 22879 12199 24420 21089 7355 5045 13180 8364 8489 13379 37963 25164 
51 30
21189 37699 9719 36812 21082 32508 10535 18287 40473 7705 23691 34758 23511 14591 20341 25761 35910 22677 31331 37471 19705 4905 8075 16268 31171 8020 38880 18240 11266 38058 
52 30
10332 38142 21502 15293 37867 12880 28475 38224 23641 838 21059 23778 29989 34329 30327 25653 33049 8086 30512 35185 14531 5148 19322 8479 21861 24650 18397 19083 23814 29412 
53 31
9640 17597 15629 9964 8306 21167 40928 35599 16940 19710 37271 18718 24198 14147 13376 33934 13105 3943 8681 3485 15222 24834 39443 11181 24091 39122 24600 34574 40067 11031 31422 
54 31
7655 21320 30685 34645 18140 29353 36415 36786 31637 5524 32752 23944 1312 15113 27309 10058 38576 23190 32462 1342 28913 27790 5473 21718 18660 8834 29650 23786 38202 23416 39601 
55 29
17264 33163 40357 11810 9869 10562 9207 13260 34143 113 18459 19123 26556 24560 9175 4888 27560 33434 19677 30479 397 4224 13346 3681 40122 18277 18495 27204 7521 
56 31
19303 20356 27347 27536 29117 29420 29259 34571 11293 10574 11248 33585 25161 24152 40362 9218 9918 19546 3385 31632 7389 10028 9507 8799 18998 18185 19795 32915 290 11196 9392 
57 31
24429 9779 23665 962 4479 16082 24874 22685 40254 4682 7857 27034 11014 15274 30181 1969 8990 38896 23738 26374 24581 4114 16491 14852 25950 39564 15458 12791 2155 24928 554 
58 28
29399 11678 20309 20899 11288 19442 682 17588 25299 27453 39795 19538 34041 19146 16487 32192 20999 23612 15369 2704 16112 3218 32138 10231 7815 24887 40078 21124 
59 30
28314 2365 17438 35945 32324 39583 40319 3998 31368 33567 36822 15151 40041 18717 31832 33657 38866 9992 30796 874 34626 9062 9430 18545 9423 33917 18863 4536 23019 27621 
60 31
12845 31911 33361 41305 18402 18111 8656 15097 11392 5188 27511 33183 35257 20552 33347 14773 39553 1846 31964 39895 22621 23157 12260 30252 9846 2922 38421 25502 21367 21240 24761 
61 29
40746 10351 3775 33162 38574 36799 33721 10203 24620 20878 39111 41212 3880 1631 76 26911 24139 32951 30269 16193 771 19106 23607 29476 29852 895 21081 31339 11973 
62 28
18084 31700 28991 27600 23707 38704 34681 13632 40759 40351 40784 19630 35833 21135 2375 21973 40209 29792 10241 25123 23256 26985 11428 30711 23043 22337 9533 984 
63 28
27684 1488 18800 16511 20547 15967 27525 21022 35850 17301 11701 15605 6406 12160 26400 20265 40029 6469 8740 31271 14279 35267 21520 22576 32385 6741 26247 19751 
64 30
26311 10399 9502 35117 27328 2281 29696 35757 25388 21876 36281 23862 241 38536 9414 34020 17341 5601 11219 4667 34232 15931 36316 39284 33805 12563 36518 21313 10979 11245 
65 29
30573 9691 9256 20011 31223 13269 18795 12442 23904 34584 3124 19971 10355 612 11082 5978 17844 5184 6557 29088 15530 6031 37013 3459 18289 12535 40031 28357 10322 
66 29
14469 9203 35728 32255 10007 25951 36149 21038 4780 32775 5185 28602 7709 36161 27406 2558 22340 24245 30570 7034 35107 36528 20955 14378 28517 12120 14044 473 23082 
67 28
16353 24295 34340 13488 23275 16066 30768 8657 20743 17127 33164 29599 1392 10948 37032 22336 29666 39089 14693 29324 38085 40888 13548 15688 2599 30111 16149 22854 
68 31
22206 37405 9953 37697 19816 37084 5 30907 40958 28049 38901 7367 31301 40966 36096 9632 3061 23773 8201 793 32856 38259 20499 18281 2238 9967 11178 20279 4258 35873 16738 
69 30
36157 25564 1323 6824 21777 18945 35825 23623 11255 1795 8760 11268 40636 20445 16999 21639 16524 15021 16328 13412 25825 7045 13436 13056 8471 32394 7728 16651 22665 6402 
70 31
13192 16098 9460 17318 38373 86 30908 15263 23992 34730 19366 13345 22123 38451 24609 32129 30076 10099 4403 24929 4788 21117 13016 25332 29849 15791 34610 26789 22644 38466 24925 
71 31
366 39187 16240 6373 30418 31435 3404 15836 39131 14862 33503 39597 3872 38076 24193 2612 36898 39735 37137 6004 20192 22634 7061 26627 32735 13348 33346 13701 39067 10753 29109 
72 28
11829 34888 27887 18981 7805 29233 36503 23288 3534 4458 3972 34604 38864 1406 25493 31016 11137 26449 3641 28210 16560 7108 16659 5806 27312 3386 30485 8397 
73 29
35885 1195 18043 17408 2795 21922 32544 3013 29526 37122 10784 4800 7634 35361 8594 5513 33136 16431 6744 3025 33511 19009 37283 1473 20282 2592 24178 22877 39430 
74 31
29684 23879 29288 33632 7069 39086 27005 4429 12595 8303 14005 28259 27669 20862 4156 22815 17542 1057 30841 37829 12340 362 25340 19720 21586 28337 22841 20807 21607 21966 40192 
75 29
39897 15322 37221 40264 7056 31638 27931 11767 37627 10258 23036 7188 16335 27283 38815 18785 12418 33101 9630 37171 23225 32580 11908 40410 16868 29286 18488 39965 11898 
76 31
31849 10208 37248 27973 10145 7992 13393 11458 18744 18977 23711 16296 34390 20240 35457 4742 13371 9722 11491 19727 26466 30472 29389 28187 11752 16923 28876 38994 32506 31573 32178 
77 29
5096 15752 3189 17769 20877 2675 11420 6421 20975 22445 19968 5323 27081 337 29698 22563 5226 30221 11990 7285 9459 19826 2132 12111 16806 27221 36654 2306 16504 
78 30
19476 6674 26174 9578 29124 28281 37936 40106 22805 30730 14454 2275 2990 691 36320 13744 7130 34757 3985 24323 33165 22828 25054 4883 5029 40185 37467 29983 32756 14156 
79 30
3104 8053 39410 3184 28504 25703 505 39339 19859 6920 36933 16355 12180 19547 23697 16306 1620 28041 27648 20492 15319 20495 9242 14262 30370 8809 4551 2695 2101 478 
80 26
1308 40955 19219 24798 30250 16936 34347 32624 11280 22758 1075 36839 25204 21527 35300 4923 19935 21808 9870 39110 23047 18776 22166 33433 12065 29305 
81 30
16200 8892 32651 40032 33126 32794 35348 24565 27210 21938 15008 29291 13250 20361 31621 8879 33961 15679 27004 38375 6057 9153 23800 22690 16259 15683 1044 35522 17594 27718 
82 31
31119 39094 39226 40022 15180 378 374 29878 33249 8249 36602 38402 1575 24074 25347 4431 4329 4626 26463 11934 37727 14838 13071 37327 2681 19047 2810 40998 24737 33660 39727 
83 27
26569 19390 23431 4845 27249 32949 4084 20605 33945 28693 40652 34795 37734 18435 15728 4088 9283 20237 8682 2025 14144 21087 15223 22270 23489 34793 10944 
84 31
17830 2772 1744 28305 28270 170 22602 5673 36774 35083 24122 31076 38730 6072 21490 7294 293 11776 36116 39113 26015 8009 26266 22167 40747 21473 14286 11153 24723 24176 28304 
85 29
681 25373 4909 7784 4236 8367 20822 10398 11316 2299 5324 32918 10200 12025 2883 11495 13149 31235 30200 23730 16060 14502 35297 14431 6658 30205 37574 16759 33048 
86 29
36988 19574 19793 5836 9497 4313 13727 10454 13503 21455 18703 40990 10609 9315 35345 28098 24487 37725 25468 1909 17861 26321 29224 28839 33661 25269 14173 37511 7486 
87 29
25304 7950 29821 5071 5847 38616 12375 25406 34101 34895 21428 15200 23167 30475 21526 19537 39775 17052 33535 11046 31546 13213 6425 33900 37778 41074 37305 19487 17208 
88 28
37571 12924 3381 8411 7101 32409 5409 20831 17711 33008 30718 31102 13185 18138 27567 40568 36900 4595 29942 12009 6125 37262 1652 18726 20998 27333 27331 22604 
89 30
13307 3334 12643 12767 2144 7716 38966 12403 14093 16213 31369 10045 19790 11860 11906 29753 24215 22397 24254 39928 39360 17435 22635 2400 25090 20318 31471 33769 36640 38330 
90 29
28695 94 35399 24940 27893 8416 17835 16646 32977 23740 35304 12963 35831 27676 18118 3856 10105 23458 34148 24435 31176 37338 420 5187 11709 21810 12718 5424 17653 
91 30
3538 4560 26774 23945 40915 29971 2262 17131 14 7892 7073 3077 14467 30975 29401 31061 10232 2604 9238 19230 1957 6904 40606 37297 28918 6933 20119 32204 35915 22498 
92 31
36803 13774 34996 32808 2879 10941 29655 22205 26495 5538 15661 11935 25432 11299 1797 41000 14357 21672 15662 20489 7907 27987 38418 36102 32605 21487 35254 5060 22799 16677 17774 
93 28
21308 26500 6012 30518 693 40237 893 1320 29407 4295 27300 23385 34446 4214 25735 26674 9362 5831 15215 11626 5527 10962 27408 11375 26249 3241 11553 38681 
94 30
7275 28158 26605 11588 37120 21484 28241 27997 1201 17365 25076 9320 15815 4263 39436 39268 1507 26781 3685 15325 15803 40019 21452 33996 18091 29747 32592 20733 7222 26260 
95 29
3279 20947 21494 5838 17642 33449 7831 10406 7125 1647 16897 38707 5771 6317 19327 26748 26217 5973 23143 39638 10795 23300 31288 36491 37015 9231 11152 17431 16003 
96 28
3727 5242 15275 33800 39612 7273 25802 21438 4469 22988 25283 1834 14285 26916 24124 35951 4948 13138 19619 16215 22041 16343 18375 32833 28575 3822 53 37547 
97 29
39518 12756 6205 5235 38714 16633 2584 15188 8365 29766 15816 26826 37501 31850 28016 13355 7308 3844 2471 12830 14661 35673 13723 20564 14567 3110 22681 7235 24144 
98 28
30723 33390 27979 24425 834 24863 18704 16404 13362 3580 10875 18200 12650 35119 18064 14466 13539 297 18698 20828 13384 33200 30509 40210 4305 3640 6601 8701 
99 30
12694 40374 40255 15433 35222 13765 32056 18326 32743 13876 35717 32198 12063 17124 20108 18590 32541 15189 24452 11727 33329 35328 16267 16221 10335 26096 26107 11357 33757 22440 
100 28
22768 20472 8182 21794 35639 281 39958 31333 17958 22688 13748 14834 38111 14237 22256 36723 3016 39844 35800 17398 6925 31612 36710 5294 23052 40504 15171 25723 
101 29
24563 12858 3666 3427 36784 5268 40182 37086 14793 14094 10904 8271 32435 15122 20037 24679 33774 35961 40302 14224 25698 31274 38825 7472 20010 22235 40681 2595 30203 
102 30
34857 22855 21453 22891 7193 22901 6070 14201 7942 23283 14417 16136 27366 4158 41048 31829 21192 26779 21785 13541 35386 17906 16318 9177 27302 3212 33700 30924 2578 24504 
103 30
33869 11794 38942 5929 35057 2848 32136 6696 18232 4211 14796 30960 8145 18271 4856 35018 21651 35942 21827 32768 10954 13710 36497 6234 15563 5210 413 1617 10660 36875 
104 30
6086 20939 10369 27991 35569 17609 15586 13951 31563 25177 1377 33516 9144 3283 12796 17904 34459 9866 23081 23369 28891 20798 25149 11808 36282 11680 40090 18010 8833 25213 
105 27
5150 31690 21155 3879 14427 21457 19225 1001 35088 33670 22616 38371 36007 11117 37910 13618 38938 2399 35008 5244 7981 3769 22047 3693 13720 25705 27643 
106 30
31684 33121 19017 7425 32397 2068 9638 37988 19386 11444 2433 23861 36302 34144 16078 6010 32244 26310 2348 26570 32156 19418 27003 37943 25871 20868 31974 31896 19737 18889 
107 31
325 5922 19856 2511 1056 22457 10244 23722 41237 3795 7027 14710 18363 4140 17370 9058 19121 12334 19715 18921 34939 18070 16010 8113 24499 21875 9800 2998 5986 4380 19742 
108 30
18810 1877 40909 20786 9556 21840 38592 4241 17692 23079 7 21111 12020 33141 3886 33686 5888 39237 6041 2624 14335 1266 3247 26444 11953 26402 26046 19427 13425 15846 
109 30
3006 32582 28447 10694 14798 7719 36694 29065 35857 33759 28492 38840 38448 39425 30148 2718 7616 14185 14957 28884 19067 41112 32146 31237 9169 34509 41128 34568 13605 10052 
110 28
23635 29200 7268 25910 38381 7808 9188 2228 2997 32807 25572 3106 12253 991 13026 39173 25689 6747 12989 4491 6836 34219 31995 4516 28897 26214 18608 16953 
111 25
18142 22945 3174 5639 37099 6941 3024 39769 33007 9142 28968 1055 10584 16438 26904 9803 19849 8664 26465 33922 5037 7461 40911 24631 9768 
112 31
11042 16584 41257 12469 39431 16612 26071 14880 19414 4083 26091 24174 32595 15618 30100 40837 6287 30146 20238 17230 10050 27087 25421 11979 34648 24192 17023 38832 12249 2499 21809 
113 31
27293 7925 34766 38739 24313 14012 39790 7887 2108 40087 10515 11577 21664 4730 9056 37984 38031 8231 34436 8777 20220 10817 18554 5468 10149 27925 14534 7025 4178 35801 37557 
114 28
19258 8110 28798 40625 3308 3973 5685 7556 5003 2414 8266 19667 37381 14007 24451 39513 39476 34796 8054 29810 3003 25923 25676 27883 4216 12894 9543 8018 
115 27
19401 15533 17383 3215 21709 3607 13641 21128 2143 35699 16249 10881 16610 23330 26461 14211 25043 23835 35904 8191 26726 30830 12536 34608 10190 33109 245 
116 29
8274 19239 19244 31101 28294 491 3324 16086 17510 21972 33312 16117 18694 20983 24282 35252 20331 32714 1373 5261 24355 22365 41229 22759 21714 5930 15624 5518 20505 
117 28
27000 10736 38573 36338 30606 17046 6145 20703 15948 32209 36401 2023 40723 13076 38958 9369 2166 21097 25438 3567 3728 29339 37626 34211 35675 38060 13182 30189 
118 27
13114 11914 33307 16915 21280 11786 15174 4524 625 1447 8485 12704 12962 8213 5818 11679 15378 12308 36930 18906 37989 23336 40611 4296 20706 4406 11650 
119 29
39445 3231 35448 22174 34099 11157 16861 32658 10591 14966 23550 30354 36347 39303 34443 40698 28364 3982 12482 34716 22413 18918 13893 39736 4705 17502 3429 29273 3285 
120 26
34319 24594 13961 7811 34435 7525 39896 14617 12866 3146 5629 17784 1605 28551 35858 27218 31256 36791 15390 17573 23609 3213 34327 1896 8225 1267 
121 29
37959 25886 35888 4026 19559 17974 22517 6650 38507 7748 23736 849 30613 5017 39049 25103 790 6420 33992 7572 4053 23192 5893 37504 21878 24034 18706 591 34059 
122 29
14085 37124 39384 28292 34864 16996 14488 22485 23761 34838 2888 16180 26114 20022 34785 29015 6527 7643 25763 8693 12227 11961 15687 26528 27273 314 16375 13903 27321 
123 27
36179 36870 2008 3899 7431 19079 13098 20931 2379 32886 40389 3307 12736 9281 33303 23001 23725 19383 38201 14947 18934 40490 20742 22371 29464 25677 16428 
124 28
4794 37168 30938 17427 23333 3150 23177 27670 4198 9618 40768 39017 21510 6312 27652 31569 32163 23183 25199 3806 23953 11603 41319 12241 22044 40881 27077 38444 
125 31
27857 12749 14985 38188 28802 29670 6062 40285 2484 7386 25008 2125 13028 10601 30803 40099 5714 28450 17630 23699 409 27418 5617 2657 1921 5751 18618 30422 33958 29279 9778 
126 27
14999 37045 13975 18078 5611 38282 20452 16054 35922 38395 35463 2636 17423 4647 8735 36536 10235 22497 16902 9461 10636 21793 23630 40728 32436 23760 22348 
127 30
1955 7600 33935 23717 40645 31590 3034 31531 17350 10132 22862 5995 36018 34089 36344 38462 6766 726 27837 36673 25849 13814 24933 15030 35589 15739 10093 12201 39656 26938 
128 27
4116 40190 40250 35476 739 3208 28086 3225 36904 2359 36164 38187 40205 12419 36508 11231 21317 30476 33281 791 25368 26787 25227 34385 31987 20386 6846 
129 29
37107 31346 19644 24976 32295 25547 24677 30670 27908 7697 15576 37472 19050 36732 34320 35808 27767 39858 22934 15809 3461 10738 33722 24117 824 19734 32217 18626 12814 
130 29
27917 21949 39491 3756 39349 6855 30428 5160 38713 30778 33217 3495 38290 3084 31247 12571 24241 16141 19879 40045 11882 15949 7816 38335 7941 29850 35029 6107 25490 
131 26
19834 13738 27642 37181 18700 30969 28385 36524 11704 6883 27054 17979 2805 3454 18019 15236 29625 14860 15169 6285 701 7618 21383 1330 28628 40017 
132 28
15429 22687 9620 31218 5124 2906 17464 18361 21929 30120 30447 768 11842 9512 141 3532 19794 18320 38308 15009 10662 39169 14573 37252 32352 28445 8290 21062 
133 27
20616 10064 39055 15680 23529 38732 15607 13842 25252 14398 15316 26372 29457 6082 40696 41244 23366 332 30137 37337 27732 33370 4355 32246 32135 38964 28462 
134 29
32449 2804 3176 1247 34348 3905 27254 9348 16311 40038 1800 27613 24353 12973 25039 11365 28702 32972 25664 20427 15230 16630 8576 24357 16537 203 9529 6468 3453 
135 29
2908 25381 39280 34097 6249 27026 39903 37774 24878 38848 23524 23855 22653 18677 16292 32550 37613 13836 32749 39676 251 10933 13570 40288 13856 28296 13948 14916 12876 
136 28
25614 25819 19736 31469 9561 24831 7671 29776 11505 27854 32080 5544 27514 11410 26933 37182 8116 17703 38009 18750 22738 38764 38033 39036 24375 13470 4273 25755 
137 26
2233 10493 24256 24284 34183 3862 19708 28149 33871 3935 33042 3048 34876 39133 3990 34253 34220 5575 32049 8215 36553 5729 35216 4217 2691 5365 
138 29
23660 14776 15654 2668 35220 17808 32804 38333 15389 21165 33833 8831 14908 18074 8336 25869 9335 30708 4839 11244 34085 37996 30410 16770 145 12742 21430 39812 16964 
139 29
41390 36972 33080 28108 31857 19358 33494 3793 40293 23881 18112 8150 1239 26760 22282 3418 33578 38845 670 31959 22984 31279 21311 31601 8964 41382 12578 31701 2119 
140 28
40252 39441 29270 38505 4174 20569 26415 17821 14795 10730 39337 548 26711 18331 10810 21007 37456 37614 11748 28223 8674 5173 24012 15783 359 10663 7526 15393 
141 28
25384 7861 1628 26164 24165 20400 34145 38930 40228 18984 33598 12054 4337 30644 7399 939 37694 27368 3009 10269 15571 32487 27348 3598 6375 14703 13128 7245 
142 29
6210 14246 24364 32336 35706 30727 30256 31224 12818 24967 12660 9032 18992 25721 22803 39941 6770 1828 21917 36283 16713 29664 7020 1601 20083 6050 12741 11663 23173 
143 29
12728 21707 25027 20424 11434 9770 28518 24760 25538 28934 8689 35030 40160 1379 3195 24362 10541 12842 20619 7412 2720 14557 989 23903 21330 20324 31078 15900 36182 
144 27
22787 31285 38982 33325 28011 9616 27807 24817 5007 1630 32134 30678 6762 31347 38751 8722 37986 24039 17817 24185 28180 9433 8098 20598 1815 23820 34936 
145 29
11600 5906 26953 26037 10691 24389 33518 41241 12598 23572 6898 17704 23844 146 26886 30580 23892 31304 25050 22449 19452 37821 33129 18252 17892 16693 15340 12520 28138 
146 31
20529 2274 8378 16030 4868 13054 15919 7973 32537 39809 6788 12012 4851 1306 18380 18148 34968 28416 20930 12890 30579 34945 2579 11333 35954 13147 31736 2078 20777 34990 23719 
147 28
29744 12581 32181 26946 3614 17007 13894 31901 6035 26234 33907 17917 39150 2011 4943 30017 30312 22100 583 25423 25476 22704 3193 26141 40393 35423 28740 9816 
148 29
22286 17743 29350 31894 22180 28293 10825 24891 2927 30889 35350 10188 30478 24331 4055 24744 2309 8064 29980 34248 34546 2133 29875 37761 18241 13264 33666 19056 5985 
149 29
31667 38172 30313 34243 32776 14334 9245 3038 26839 36139 26693 24004 9371 25454 21648 37704 12801 25786 4069 25815 25532 41136 17565 18045 32868 22619 14934 8710 12703 
150 29
2446 18909 41218 36594 8820 4008 5959 34873 25982 20842 38302 40829 24019 10511 22577 23629 21499 37953 33551 29323 32959 37967 7890 5657 23654 39034 33971 20498 18657 
151 26
6431 2081 34119 2308 27772 3187 6428 40340 21950 16569 31017 14521 18611 18473 35537 14596 18895 39244 34167 2904 18440 14352 447 35230 39563 29781 
152 29
41387 21915 4779 29739 19815 38910 6462 40874 40850 31390 17271 38028 26438 27695 9190 19892 30098 23686 5344 13010 9913 36141 30600 10118 26588 8293 11927 30176 30192 
153 29
14331 8343 34355 25818 14494 7495 31477 2562 15287 4020 25244 11632 28797 38035 11844 11722 14622 30155 29873 16509 25238 17584 32269 41097 27167 41043 19758 34690 25858 
154 29
22366 11769 3757 17391 7961 33841 34930 9687 9689 26074 13991 25746 32488 4503 10560 38746 20431 31728 16522 38411 24865 2641 40940 27183 28417 15649 20095 22947 9154 
155 28
7533 11433 12310 14251 8262 30020 3326 38481 14763 25884 19268 13754 9266 11648 26542 19722 23662 8066 22199 13875 341 11369 17687 37401 21542 34532 16779 25685 
156 28
24411 13100 19725 31302 20832 18312 16838 37310 26213 39847 26143 4538 24049 13357 40536 39296 4733 36656 1335 35642 6100 23018 8320 25880 12274 39399 10392 32147 
157 27
29558 4810 27255 4927 27469 29079 6902 30294 37038 27223 37396 24612 1202 39774 8372 33770 11822 25962 2013 23723 33023 37052 10879 33803 39047 21381 23906 
158 24
15625 24962 27294 11584 35418 11346 18994 17930 28576 27413 7970 21536 8560 29690 22643 22315 40096 7209 17273 31919 3401 14546 21351 867 
159 28
30652 16889 30762 3088 26619 22949 3741 12305 38702 22018 6129 11210 17004 20866 11362 40248 32938 36808 23700 5910 39493 40027 1563 21951 8502 19362 2476 34809 
160 26
1925 13649 40213 1009 35803 27951 686 16747 5221 3637 20618 1234 11951 14878 9680 5803 9681 26158 31616 29365 33764 36262 40494 6745 29136 37238 
161 24
11901 14720 33402 31395 24595 28910 29733 38553 18684 5128 19169 38700 40999 35259 30658 17771 12769 33094 20845 14680 27035 41312 7949 7239 
162 27
13051 38765 30405 38497 24272 17804 6413 31914 19812 40809 30268 24919 36458 6178 4643 29221 35841 23444 26673 190 33476 37966 22639 7133 17189 14010 23323 
163 29
1758 15341 25585 334 28597 33542 20918 28051 9240 18606 27427 32197 20078 39823 23718 876 32870 19810 14239 17135 21969 5442 32048 8532 28256 2590 20494 19119 28982 
164 27
6666 25577 570 2892 29094 23386 32848 8798 18075 15220 34964 11998 19416 3746 23842 5707 32599 13343 31428 35619 22998 32966 16145 12600 23398 27659 3261 
165 26
35231 7309 27990 15451 40023 5858 11529 11459 28272 37138 8384 30440 35641 4685 9995 33843 20785 10687 31557 33830 12898 9157 6655 30375 17137 9498 
166 27
35571 20972 20462 21558 39920 6056 35327 31157 39380 3345 10987 38789 37225 11566 33289 21017 30443 3855 24783 6678 35221 34003 20716 7257 34824 35646 19576 
167 26
23651 32976 20760 5273 12916 27901 38626 25256 40597 30593 7687 15132 18581 9282 34849 36614 34201 16041 21481 32645 7633 35095 20124 18207 32952 3929 
168 24
16393 13676 30672 12326 1434 3572 32438 14353 6642 32907 12961 14188 14341 19925 16183 24667 3236 38275 26648 39572 22952 18204 8138 20943 
169 28
28720 12748 31584 30499 28813 38620 6371 28939 19931 17635 10853 36174 30758 39485 1099 33505 28437 6388 19637 4658 807 19057 19319 9003 21760 17534 23602 9789 
170 28
25533 11800 4188 8724 23825 7553 5041 24392 15237 30227 6390 6560 27618 10790 26905 25823 34933 32911 33033 37838 10776 33571 27191 21733 33880 34120 17346 29667 
171 30
39202 17946 18053 8741 13799 5153 1521 36625 21032 10334 5395 18710 3675 30439 13524 29723 25507 40445 16563 11745 39837 20054 23144 32081 35981 1718 8432 10767 17133 32755 
172 27
32577 27339 26970 30914 31623 20165 29902 36334 11403 22227 1396 26512 24661 41311 1393 22113 16 8161 22618 6616 38217 33558 8239 24319 12297 12081 40230 
173 26
9883 38134 27549 22754 37811 17192 18780 30358 3194 12977 25765 32194 20639 14554 1419 22865 1595 14197 31682 2246 25312 32052 7361 6804 32586 34379 
174 28
2459 49 38030 5628 4983 13266 38393 18679 27891 34187 33893 32821 15884 17894 38195 34959 2937 7154 20091 5525 11198 21247 16435 11382 23132 18693 16499 35275 
175 28
25618 23029 10679 27349 18389 999 2645 37958 12125 8808 13514 19600 13974 31751 25549 16727 33875 33938 16466 19623 11339 6773 10223 15083 20354 1596 20953 7862 
176 30
11018 31407 10215 14545 39274 39577 11485 25088 1122 2970 18817 16863 21691 958 23999 28089 10056 38109 5469 31154 18026 40430 29427 39794 34828 6521 40232 3506 21750 16961 
177 27
11699 34257 21805 39208 10822 3458 36315 2398 10763 21910 37448 40373 18188 573 13742 23594 22082 1198 39340 21868 28072 28333 29456 30935 5205 7628 32069 
178 28
23993 31592 39107 28258 36919 30253 30260 9400 28704 1754 912 39238 20541 23121 21870 33059 24309 36307 34742 14047 5658 11041 14513 33451 244 29680 40135 1522 
179 25
28015 22942 18586 8975 25058 10112 12932 26718 41336 23005 37939 10758 2498 25804 35670 31824 2966 32031 9527 15116 18346 4937 1041 24227 31327 
180 26
35108 6889 14473 4369 22544 37388 33117 36679 6379 36270 18952 33294 25569 11490 8956 23632 3347 20542 19217 41017 14825 6065 16290 2880 41281 6470 
181 25
18658 60 26991 26853 38220 1736 17257 36476 2179 36003 18719 28930 39462 38858 35930 39078 15708 32011 10710 16799 32182 13797 16036 15042 31350 
182 25
11091 15029 15392 30986 1993 11993 21932 14921 37954 20460 5204 26220 11221 26611 21913 6288 29167 34000 36841 17247 28473 31343 36020 40127 37251 
183 25
22382 17987 21424 33322 15711 38001 13120 40544 19948 41126 10415 5025 22781 12258 28690 27110 20028 10098 18357 38549 6306 28806 18417 8282 11294 
184 28
14528 38629 29592 7880 27876 14761 14091 23927 4318 2304 12975 2758 25019 27838 10912 6127 8642 598 5456 5485 33644 37521 22208 31262 1984 22405 8807 19351 
185 25
33201 7583 22050 36845 3023 37791 24663 32615 5105 22478 9902 17772 18238 33735 31932 37101 13922 35468 24714 4436 25600 21596 5267 19475 10732 
186 27
5593 21026 4487 38118 16430 9832 18624 35907 6152 16314 21939 38051 40299 39938 26439 19754 24537 10796 4752 12287 13447 16370 36748 7211 17480 23087 15795 
187 26
31833 16111 19963 17122 33405 26066 403 20005 18885 41005 9658 16808 36069 12856 12573 15368 39214 19369 40010 3415 13104 34676 34982 26060 7218 34619 
188 27
41368 35308 22868 36288 30303 6320 28854 14973 9500 20516 37074 15535 336 16288 24471 33471 15813 30232 7882 16044 30104 28613 30364 7316 3323 20960 9623 
189 29
35504 17961 33197 36947 39738 10302 38627 31473 21519 33865 24797 4189 32556 5177 1251 14280 23646 27808 33533 30735 5119 15346 4383 27419 2954 27748 24065 6316 26183 
190 28
11762 4872 12294 15479 31562 11733 24121 11765 16463 10827 11896 23561 4606 1700 4639 30557 26534 39820 23257 5974 40081 29681 20441 25831 12946 11302 37883 41102 
191 27
22995 10363 2225 16823 38204 13115 14553 23078 10684 18490 41107 11483 40187 20320 23409 35109 16471 17390 25543 27480 25416 31219 19721 820 12300 38583 22322 
192 28
40314 31805 12131 37014 30940 35484 1510 2298 21851 25503 28111 12440 26856 14962 37568 1499 27566 39588 18156 30649 17846 2952 2509 607 22733 9237 37815 32466 
193 27
16702 2802 26333 24672 29909 40125 11355 1600 39486 27018 20588 1756 31480 18172 346 38968 5297 25400 32189 31042 5547 15194 6025 38898 14692 15790 25593 
194 28
16736 9562 5049 11960 12591 31624 33225 16762 31034 24061 5794 27513 15471 31510 7492 25693 7899 20523 12860 29845 32678 7241 34278 37960 33709 24626 12655 6504 
195 28
25949 23461 24086 36009 16388 16080 24326 36442 38920 15951 18792 27582 13596 35975 1893 18191 39253 34274 28615 18343 27357 22561 40895 41079 40021 2257 4860 17262 
196 26
9163 22087 3052 30162 12808 34868 7875 17738 24231 36068 30866 6181 1313 1915 29791 37564 50 20607 7362 21690 24871 17430 27230 30750 6523 29168 
197 25
38117 40175 1240 7096 21975 13914 16188 19799 30660 24877 13695 13479 29293 10545 27559 21883 28804 24952 30435 22832 1746 26095 11360 694 18438 
198 26
34383 5006 27976 31178 3824 19748 15704 16645 11759 23518 16945 2864 36474 35056 2186 8361 4772 10550 10434 18948 18950 5483 17151 17173 31766 19887 
199 26
5078 39600 38213 2686 32009 2821 29232 2980 4476 41296 10288 41185 19976 18080 29396 38219 11177 10973 37422 31486 18857 30973 17009 2831 10740 32879 
200 28
9388 23346 35572 40471 39699 14541 28429 40356 11605 21316 25296 22448 13995 28792 17927 39242 384 24740 30630 24374 9798 2874 35337 24413 15072 31266 26584 6725 
201 26
16340 16801 39880 13579 16824 35835 33268 11022 6112 22074 17640 11665 2512 14606 15548 18682 38038 22195 33194 5143 15185 31548 12280 13501 23169 18475 
202 24
4440 22391 25580 3628 15309 17812 11006 37208 11659 27212 28484 20474 15514 4498 22255 22062 19365 39800 8178 24880 19459 4692 13651 22351 
203 29
11827 13417 7371 38874 5574 29442 15698 26754 34530 27546 33098 27055 27805 9833 441 23068 3272 8680 31659 37655 32965 34727 1641 18345 3235 770 14080 4795 26390 
204 26
15047 21891 6555 3736 27289 7534 8351 24944 21262 9551 16460 6571 25091 24963 15905 37019 10318 38403 5032 8032 6691 12501 38374 11051 7833 16330 
205 27
24022 12359 13923 14965 29262 26650 33741 16913 7132 31600 10 4423 33861 5656 23092 18882 4681 25975 40854 32042 41369 37368 25259 37787 17388 24618 19226 
206 27
9151 38146 29954 21649 31006 36459 20490 5270 40886 18235 16935 13933 20026 39649 22418 39142 28685 25033 2783 34498 23459 24080 29287 37359 14189 30667 39 
207 25
7994 11399 9854 38322 29797 19641 24725 39356 2751 2182 15190 19001 33154 1712 25525 6782 18184 25290 23497 22486 13078 26836 10298 38140 41267 
208 27
38603 1185 3518 16991 12395 12006 3970 8073 15352 534 36583 18151 25330 40641 15278 8383 35367 21551 14843 6339 23591 16189 34293 8840 31173 32750 14700 
209 24
39450 27847 12099 23265 18898 30257 34845 22951 15987 3483 8016 21003 35560 21400 6216 4300 24290 10376 23753 22428 11862 1962 32086 27447 
210 24
18662 8652 15691 22295 6191 25160 1549 31869 22897 10135 40991 21983 23525 28974 26850 16403 36448 36062 20726 28269 10160 31241 35429 26445 
211 29
20646 11204 19590 5939 32504 15917 19689 18133 16389 5421 38819 3162 18774 27224 624 26457 29519 35974 12453 31132 5981 9483 23419 537 35519 10737 31113 37701 8564 
212 29
13306 36743 20991 9701 14687 13768 39227 798 15587 19440 35511 21855 19696 3820 28681 13079 6502 29070 898 19400 3838 17726 1943 28193 15807 11376 16045 25998 9729 
213 25
4519 40328 9874 3938 387 39962 38332 14863 28921 7323 15776 33744 34250 32381 10220 1053 40757 23566 30403 25638 905 11662 6496 27452 4424 
214 27
34112 5199 2957 12108 2006 3965 17580 38929 20735 21079 24288 2004 37866 19203 10116 40126 16761 34247 26030 40179 28950 23560 5754 3617 18755 21776 1486 
215 29
10137 35913 32472 2223 19577 38052 1767 15430 31929 18099 33730 8005 34702 36676 19558 23096 782 35002 20688 17679 8999 1853 510 20534 17309 12113 24322 7706 36325 
216 28
39636 13166 29561 28603 27665 30950 30005 17016 19359 32771 33553 17204 14221 9867 7523 31790 17034 21018 7035 37570 23543 40941 29359 24330 38636 30784 13332 6614 
217 27
5070 20358 17982 16195 16153 25158 15806 17796 22996 21375 5704 9676 36577 29816 38530 27558 15085 14527 21170 17006 40481 29349 36835 15118 13935 12512 17088 
218 27
10499 27440 4691 24119 20758 25921 31446 23186 25566 9280 35779 22431 17881 9376 38515 10054 32464 15186 25791 22936 14942 37131 18317 33647 26028 32602 36816 
219 26
24913 8529 14683 4971 14231 22623 5385 25887 25254 36197 4307 18793 33264 37049 26686 38817 40894 31903 8141 41003 23568 15508 22266 19820 23468 25839 
220 30
16941 12537 19241 28204 3416 27840 11438 33333 18410 9749 15044 19726 1437 37646 4675 32442 3141 27768 11555 41280 31765 1357 27061 28344 11965 34881 15137 19306 12902 29580 
221 28
37642 41169 30780 31355 28683 28409 27391 22550 26755 40846 13794 31830 35288 35465 20889 40399 23750 21225 2610 10479 35193 18451 17156 10572 5309 6771 9416 13390 
222 27
27810 2268 29608 29858 19408 14384 27576 4030 38478 16978 19894 5870 40650 20622 34354 34622 15552 32847 27341 14299 36105 3667 34137 11574 29019 2627 37595 
223 24
18781 38482 13845 31539 24202 6763 24624 20362 21471 22481 32888 19173 36314 6713 36384 15977 22502 13234 39907 25993 29449 29633 28092 7767 
224 26
29601 23684 36420 8454 47 30947 2754 2196 28480 34984 18644 7207 12616 9493 13595 28055 2676 38095 8960 12491 41125 15784 3249 8524 31893 15409 
225 28
6293 39796 14202 28986 29275 31071 7765 2371 40707 16608 40709 14477 9394 5793 36580 29687 37179 19763 17187 29299 4251 35100 5871 33229 19841 32900 15108 3172 
226 27
29818 34510 35455 20158 14470 9182 8119 40946 21253 30445 34735 10211 32475 28467 5008 7234 6051 24841 11557 14992 29150 27263 34217 37979 1820 37447 7438 
227 27
5248 41106 439 9019 33254 2 7468 15874 33687 17338 37329 28421 33039 8771 16007 7299 4644 19735 5282 40896 15537 32406 18107 24673 1616 14544 32315 
228 27
8666 6398 3810 40049 37356 13210 36133 12247 14658 10482 1142 25461 33267 16022 10643 34547 33819 32941 8651 33974 14891 34035 17128 6194 4635 31228 25314 
229 30
5643 21209 6810 40761 10095 37763 38042 20332 14360 2176 33933 4976 4449 5933 13477 2017 6054 31462 2788 17486 13849 6916 36711 38017 30536 29345 10646 238 31963 33820 
230 25
9511 38470 5454 5623 32617 10568 26951 32518 19765 29387 22887 20589 5132 40751 38369 1272 10484 7400 23007 18470 27581 12768 29264 11779 39723 
231 22
36978 1973 20887 25953 30197 9300 12149 38177 27950 9991 35718 23980 7894 2157 11840 1013 25767 29935 26340 31303 35368 6436 
232 27
34262 27662 12364 12474 7826 17839 20045 16326 21470 32341 33520 33921 22345 22280 4934 7083 13347 6153 783 20196 2076 10578 22976 30732 140 28905 32689 
233 25
16171 2711 14032 39680 14311 7053 24947 9007 30046 17989 8240 31717 9236 28372 31730 20224 34636 32344 12785 12173 40502 2699 23715 14943 15102 
234 27
2746 14199 23414 15321 15939 6714 35282 41049 33459 22923 8832 25060 33030 38867 24237 4933 2311 21780 12112 9815 22198 29439 38242 16911 29661 37924 27286 
235 25
22022 40575 31965 21829 17418 27411 25028 25241 12339 35333 16260 19844 39497 205 10020 37716 3020 23367 5962 13159 28752 26196 9525 15819 22811 
236 23
5005 22585 4062 30988 36864 7772 39690 35334 11016 8209 9234 37365 25667 35062 26349 8628 40851 26660 27091 34843 17407 40449 21072 
237 30
25102 16952 15334 1572 36445 5755 26373 27742 646 41059 11972 7097 33358 30378 10212 684 12464 24541 39771 11812 8118 7820 33792 25291 27303 37970 5168 30521 39077 22158 
238 27
38091 26543 34983 19685 20480 6068 37897 16002 24917 9158 31742 10264 31652 32745 27463 26982 4755 2040 17072 24589 29824 20921 37022 17493 32396 20307 37438 
239 29
19120 17745 40176 5519 18832 20642 18555 2762 36887 16810 29883 28359 2851 39281 28687 23551 13145 35067 37392 23222 29274 12920 23949 33746 7552 35372 29885 15970 2539 
240 25
17604 27361 29411 38890 27456 40020 20720 14867 36221 3854 10480 41263 39908 29714 11517 20126 32648 19662 16265 24216 2320 13633 21476 13873 19918 
241 31
34160 31582 21270 41271 27851 14784 35707 26591 29839 37847 13604 22341 39571 15161 17325 8540 22888 33046 15459 14428 20175 34886 12483 18328 36273 19033 40511 9015 24923 5406 37932 
242 26
28244 22416 32704 27631 3853 26504 5640 18100 2478 8074 36183 11660 9210 37633 23270 19335 27265 36738 11443 23438 2662 19683 1843 18282 26825 40937 
243 23
29309 10690 23532 38200 7550 39832 13872 22480 18300 8252 1693 38498 4040 25944 11442 18256 19824 10503 21681 26520 18218 33897 34130 
244 26
34045 29651 715 26171 37380 40108 3256 5576 27163 1489 38218 40816 8890 475 1216 20958 23951 21286 34375 28845 30665 20900 22080 8014 35692 28460 
245 27
10019 22641 6453 36254 2435 14696 4125 24262 16027 40001 31848 25895 5239 8112 28887 629 19981 21658 38463 31018 22966 21896 14345 155 34506 8986 1567 
246 28
37397 19843 39005 627 24830 28118 29369 29686 2933 6078 8186 11741 9776 7903 15493 14755 36431 10729 37402 27397 21565 32788 23179 5303 35614 34813 12083 12640 
247 27
3980 13092 38401 8444 14448 38358 2659 33171 3274 8984 34056 5683 20810 24685 7548 12829 17213 21443 29826 16734 14874 20963 21256 38457 13090 39309 34762 
248 25
40130 20950 15465 31645 5104 17290 21531 10908 16836 2703 33972 40660 247 7281 17475 151 26837 37832 4096 40057 35316 17482 27450 11814 22278 
249 25
37291 33966 6965 2202 33110 2174 33556 28406 30760 34705 32179 802 17698 1514 25456 19993 20818 26773 11507 29653 31200 2362 12267 34753 26338 
250 27
21118 7198 23865 5322 24989 24488 29822 32496 29452 16741 31243 26245 12002 10251 8007 40333 15725 37364 41144 32484 35242 14264 29033 4192 3955 1290 31492 
251 25
40060 21115 23854 1613 8938 37670 2171 23735 23605 16347 22972 35935 38736 6393 38971 16771 7417 22422 16408 31851 37353 37514 19328 29966 2271 
252 23
5407 35618 14819 13546 4982 33844 5465 9977 29073 7200 13807 21920 25120 28883 39596 17805 18551 1076 26491 8056 29032 25451 26239 
253 27
29316 24320 9878 25042 30547 5842 1879 3677 37934 3291 30582 12711 8752 37805 21635 12275 10635 6913 13758 5642 24399 36544 14503 147 13097 30468 16445 
254 29
28714 5476 8034 603 10067 7297 31772 19965 68 3629 25125 38837 5663 2193 1874 41140 8094 28676 2203 2152 33336 21979 23644 4409 15932 20599 23445 27010 18855 
255 25
24674 30035 24551 33689 20539 3889 19998 33452 13274 17018 37612 5231 7570 20664 19133 7421 17003 11116 7854 31661 23558 7621 36903 24836 25708 
256 26
7711 21798 22580 32239 12204 33579 29619 10778 456 4005 5380 40150 15384 31588 10534 14073 9817 11522 10990 19777 637 8441 25789 41015 17880 24232 
257 28
26663 5450 28978 34202 12270 19872 31697 12852 39882 14278 29628 19170 29583 24225 18066 22246 33408 29011 926 29414 11548 22526 39609 30859 26185 34362 38068 22999 
258 25
26086 39846 36187 17093 20043 25958 2104 38020 36523 17501 40035 35765 24251 22148 3306 31814 10603 34196 823 13084 34966 9655 39982 40845 15632 
259 29
1901 497 295 2204 40934 16197 2909 24166 4695 20977 21410 18369 24926 39717 28973 27299 23227 5777 950 24163 1017 8205 28024 37073 31681 16882 28171 15872 5747 
260 22
36854 10918 3545 22065 29913 26125 7136 26431 5975 28573 1885 17157 4311 33089 21924 4298 37157 17400 22859 3226 14936 21456 
261 26
11234 37788 18747 37278 13572 39386 31835 31044 21582 35192 18208 36318 12282 2621 35868 35545 19159 30044 9054 37284 6382 14385 24927 21636 14779 18565 
262 22
36647 4808 4194 19215 31187 18002 25562 10972 8072 40308 22908 22705 33642 15292 8355 29090 40781 21584 6606 23954 6162 36569 
263 26
27089 37994 19247 4037 33004 25733 40948 31503 38455 32158 13662 858 20707 6053 11572 36310 31544 22605 10676 13403 32361 16820 20882 28336 33904 23920 
264 26
4268 28274 35031 16146 19959 30680 23830 8992 23171 11499 9956 38886 33566 32407 2312 26345 33424 5379 10839 9617 18517 312 32955 40344 24118 7464 
265 22
5541 25262 6342 33573 8519 10899 25516 10878 32767 1005 40659 7555 2665 933 16390 31957 3314 29813 14421 2337 19580 35591 
266 23
12350 4335 13672 38016 24795 38816 33006 40518 2508 25464 34647 15243 12508 22715 36465 22374 16451 34346 30001 7725 36470 16872 7153 
267 26
33372 21370 19465 2567 25319 8641 35219 3829 8630 1688 29367 19324 14551 39877 17549 26511 33807 20057 33093 40508 7444 36230 910 40136 3512 35799 
268 25
11289 12470 35205 38519 2336 22092 39103 27787 41058 9133 8033 14654 20051 9488 30050 18460 17064 32155 14620 5118 37433 34538 17254 28915 2009 
269 27
35466 23170 7665 3797 16528 17595 5651 26798 8060 14142 25359 23218 17444 26469 23413 17806 39970 17057 6757 31240 6853 32299 15496 3362 28014 41323 8496 
270 27
20762 31057 2340 30949 16366 9840 16462 36709 19565 14530 25684 34988 15141 39448 6348 6049 23965 29542 9545 4596 10642 11005 34450 3443 14630 39417 26110 
271 24
18210 2782 20563 40729 25699 24422 28948 2649 7923 24182 19655 8447 27672 11435 19761 18248 18585 32441 5648 39840 22139 27863 35189 3489 
272 25
16128 38225 30319 17827 37011 22736 6918 27457 28501 20105 40358 23131 4579 29458 20895 27460 2504 15709 40798 26006 13381 31 9684 4633 7554 
273 25
6985 6147 26655 29516 22553 21581 16625 2494 24476 17515 5732 35021 38778 29433 5854 18797 26766 10381 29884 27353 23258 23724 31967 1237 37522 
274 23
9912 18856 23624 20771 36639 37081 14821 11885 6633 28451 26210 27980 31825 39348 41191 37535 41011 27196 3612 1850 34312 34938 16198 
275 24
36156 24084 19019 12134 39300 20874 26489 28370 37930 17123 12641 7512 2290 5277 15024 6058 38133 37461 25495 27823 13623 863 36263 35371 
276 26
15760 3753 37616 23034 26069 24699 17910 3365 18828 17882 33286 39459 33623 41052 9026 28181 21589 31879 21078 36088 25087 3029 31784 13874 31463 7631 
277 25
19403 9772 24942 19031 10502 35180 33590 25165 19557 40577 6570 11535 18548 410 18168 36882 32236 13106 115 28218 4472 13297 18973 11297 22873 
278 24
17767 20042 30976 13952 39091 23698 39526 38305 37615 30994 9894 7170 6380 8543 11027 13067 20692 37554 38024 13730 2661 38564 27140 21067 
279 23
39720 18801 8785 6133 22430 23260 40354 37309 5298 6231 30754 20031 8698 37046 21272 38827 10674 33648 11188 16852 30701 9048 32880 
280 26
39906 5127 6733 29732 31509 22542 32573 17596 4138 1120 33521 4714 19455 26144 40989 5346 24970 3035 41264 66 14504 20536 8323 11614 13434 30804 
281 24
15403 20385 34718 36618 9531 6132 19912 23115 11853 33134 22474 28148 18748 27500 16423 30425 24739 642 28956 18798 6952 29891 37688 35595 
282 25
30657 27176 41356 18521 34417 35016 5610 6146 6354 31427 7346 3482 8023 38502 39634 27655 21318 22128 2740 38088 37261 32311 23515 21327 9113 
283 24
34950 969 9458 2656 34666 31307 4735 15073 21183 8069 16336 12998 16512 36443 4345 22102 35580 14648 15988 11834 11587 5098 21945 6968 
284 23
40306 2198 8544 28140 2001 39385 1959 10793 31150 28894 35528 6554 7272 8473 37577 38178 36696 40832 38331 19101 6903 33797 6908 
285 26
15621 34616 12407 38080 10818 31295 19544 25367 34805 41051 36375 37888 37428 9648 12184 11281 29579 32921 16804 1463 5328 15568 2542 3005 30236 41393 
286 26
15694 3343 30334 9999 37172 8995 9649 33840 38839 10331 35133 1671 20457 10932 4402 33096 5014 20300 13776 24263 40602 9677 7321 264 13358 40369 
287 25
23878 22426 38293 16444 35471 14020 7738 38214 3232 22132 18804 15658 36027 28803 17182 1561 4838 20734 20933 40307 33968 33070 35755 10431 4219 
288 21
31316 4045 15002 14336 584 28669 24184 30126 23373 17736 31064 32453 27929 31782 23531 10896 9313 26026 37587 39538 20453 
289 24
16962 9401 33643 12468 20230 1884 38558 19197 33386 20380 26134 7749 11464 21826 4694 25386 36086 22308 19270 13388 21279 11916 9973 8875 
290 27
36992 16678 22742 28116 31727 4384 38173 21066 13178 20940 23919 30271 3000 23732 14339 17238 39041 3784 14100 32320 19477 23935 6630 24023 10897 30131 16749 
291 22
15924 35856 13156 41100 23968 15903 22046 14608 40942 622 20551 25649 28886 33210 19150 20247 16424 16220 2465 18915 15296 8538 
292 23
20111 24021 24110 30270 34874 27969 10297 37850 25387 28172 20799 40560 3800 30717 29487 13917 28667 22484 17902 33024 35155 38383 23636 
293 20
1481 1719 2124 26106 13490 22535 41385 31774 11322 20034 11562 27983 32079 12647 22277 28045 34032 36267 22583 34912 
294 24
23962 39789 15829 38269 39434 14756 7181 8688 29787 35688 26385 33116 22982 15417 12239 745 13779 11625 3265 8442 2327 5166 6389 2648 
295 25
17669 36730 31520 22001 6871 32559 34064 18983 5759 157 7601 39398 8683 35848 11205 33341 3419 17957 40587 22591 835 21616 33796 3128 37662 
