129
0 107
27795 27706 1805 7664 22277 15836 24916 24118 4421 37873 24339 41087 10885 36713 11145 19678 519 38754 6819 25259 24377 25958 41721 14519 23305 11978 19146 22147 29006 23021 4905 23670 40117 30389 45915 35927 40501 11833 19202 42583 7628 18572 9224 21460 19263 22325 5324 15606 31559 22917 22311 31080 37684 5455 28922 27926 22570 9840 32536 29062 21922 23474 11767 43744 19512 46226 28628 41728 37292 46396 33386 16539 34711 25732 43646 2304 19820 11369 34881 27194 16733 40466 39570 17274 17907 26291 18215 34946 21453 2454 15466 42761 33969 43554 6192 6444 10008 15314 16801 23540 19022 42445 1834 20045 43017 30167 29522 
1 30
7757 35652 40102 28791 14550 10059 41685 32345 31813 19626 194 42558 2757 38272 40772 30734 3270 9357 30054 16348 30117 29068 25698 22244 5708 5773 17082 32050 40809 42169 
2 7
28710 23878 13366 33781 39293 41627 401 
3 4
44918 45894 22105 39156 
4 1
21579 
5 1
38834 
6 0

7 0

8 0

9 0

10 0

11 0

12 0

13 0

14 0

15 0

16 0

17 0

18 0

19 0

20 0

21 0

22 0

23 0

24 0

25 0

26 0

27 0

28 0

29 0

30 0

31 0

32 0

33 0

34 0

35 0

36 0

37 0

38 0

39 0

40 0

41 0

42 0

43 0

44 0

45 0

46 0

47 0

48 0

49 0

50 0

51 0

52 0

53 0

54 0

55 0

56 0

57 0

58 0

59 0

60 0

61 0

62 0

63 0

64 0

65 0

66 0

67 0

68 0

69 0

70 0

71 0

72 0

73 0

74 0

75 0

76 0

77 0

78 0

79 0

80 0

81 0

82 0

83 0

84 0

85 0

86 0

87 0

88 0

89 0

90 0

91 0

92 0

93 0

94 0

95 0

96 0

97 0

98 0

99 0

100 0

101 0

102 0

103 0

104 0

105 0

106 0

107 0

108 0

109 0

110 0

111 0

112 0

113 0

114 0

115 0

116 0

117 0

118 0

119 0

120 0

121 0

122 0

123 0

124 0

125 0

126 0

127 0

128 0

