14
0 201
62281 59141 21026 31991 83126 90328 46521 55852 56251 1788 99603 14333 99024 72569 45991 34641 46799 29756 54513 50879 10882 13549 33157 7756 35580 75156 52185 81293 68859 83503 68309 45162 36191 30190 95929 1036 19362 36983 60895 6266 8878 99328 66261 32594 30890 84755 49845 75270 69581 79582 20108 87598 85612 8618 20760 1014 20315 31695 18450 1079 16618 16200 63318 89321 52671 38878 78398 93633 92699 48429 39373 84950 64428 56610 2012 84133 33620 70971 92108 93074 30939 14634 79025 39625 36885 61960 24257 9340 15918 24005 64487 67298 74603 5312 41275 50807 27202 17142 3439 62974 15228 93878 46437 58573 92866 3236 22932 85313 24016 73122 82976 29398 84052 31527 81408 44266 7499 78673 39579 9084 73786 34361 18202 18042 20769 31513 56586 42881 16421 10864 55838 18351 33494 26502 75836 71872 66393 14364 6340 52785 73760 99817 47189 1530 37225 67991 41358 49120 33358 17612 5655 9551 21933 29183 88573 16787 88872 79949 61792 5995 30822 49052 4556 60872 92260 86383 19137 61444 19880 41476 8203 21792 83746 57263 67082 16179 83287 93798 52311 73692 87665 912 58876 83806 9382 41660 27395 34330 67201 69898 45654 93824 79186 95763 80201 86296 95024 51102 52197 14379 51056 
1 6
15057 44919 20026 26005 1831 53911 
2 1
38850 
3 0

4 0

5 0

6 0

7 0

8 0

9 0

10 0

11 0

12 0

13 0

