124
0 13
81604 17038 59392 61677 77046 67593 1590 66317 38261 76237 85541 60457 81151 
1 13
2629 84328 60836 13065 54902 28464 26167 19063 32995 823 25755 28587 34325 
2 11
30778 2436 52425 92938 86586 77896 61880 28725 60884 90563 44327 
3 11
70640 72381 95172 46036 81895 14160 85817 50026 25553 84173 99999 
4 9
91653 83704 17884 60977 74136 47567 83503 71598 8217 
5 10
19412 84138 91300 64378 80440 22041 67806 51826 9854 61570 
6 11
91573 29226 61502 14038 13463 48271 64692 53083 57608 86970 41634 
7 10
79615 58815 7252 46560 9652 6736 68841 79117 48525 11086 
8 10
99712 78947 70643 21111 99099 83390 61605 94571 26795 506 
9 9
37950 64501 96711 60291 17171 29232 6835 89452 42364 
10 8
36793 96350 36001 74942 22072 88078 36224 34369 
11 7
58871 94107 43238 17300 56588 77241 61588 
12 6
93357 10382 22705 62665 39667 58535 
13 10
88390 88455 95126 79777 77465 17659 64514 42421 53353 15834 
14 6
32895 98923 25959 32604 20234 81607 
15 7
10202 11189 98623 63474 12062 64455 71943 
16 8
91121 80540 73293 43695 16262 54959 27873 44957 
17 7
56330 2174 34821 40688 59536 52706 96525 
18 6
50696 75867 11520 69683 37915 65266 
19 6
42089 5885 97449 70027 28903 51624 
20 7
99176 20778 5155 99211 8389 97012 719 
21 6
50353 71716 39967 75835 21203 8075 
22 5
48684 21744 12014 57571 35024 
23 7
79896 84633 97100 24206 19673 77085 62674 
24 3
98954 18936 28913 
25 6
33751 57253 46760 86833 20441 24111 
26 4
25492 52208 91191 20905 
27 5
19385 18001 44631 73169 40008 
28 3
67613 74409 87972 
29 2
296 17310 
30 1
26608 
31 4
88648 33844 46744 61529 
32 6
60417 24285 90216 59738 22291 15410 
33 1
72499 
34 2
85341 32464 
35 5
29487 58753 63590 56182 73869 
36 3
60659 28868 90395 
37 2
66549 91557 
38 4
55177 45674 31308 67005 
39 5
89512 28715 5007 21627 90044 
40 2
85893 84196 
41 3
90664 57959 68199 
42 4
8656 61181 71363 33932 
43 1
2531 
44 3
94774 16383 80337 
45 1
55369 
46 1
44074 
47 3
54661 68351 57926 
48 0

49 1
65570 
50 3
93911 45197 29203 
51 2
10286 85018 
52 4
26500 75572 50684 55638 
53 2
32695 45213 
54 1
17007 
55 4
13374 83197 83310 65816 
56 1
57157 
57 3
64416 52076 66105 
58 1
69178 
59 2
92168 28580 
60 3
75114 58637 37293 
61 1
85156 
62 1
75497 
63 1
85661 
64 0

65 2
59444 54772 
66 1
42959 
67 0

68 0

69 1
5138 
70 1
16177 
71 3
84496 96703 70237 
72 1
42225 
73 0

74 0

75 1
39173 
76 0

77 0

78 1
15248 
79 0

80 1
7243 
81 0

82 0

83 0

84 1
21076 
85 0

86 1
64774 
87 0

88 0

89 1
66388 
90 1
23417 
91 1
61459 
92 0

93 0

94 2
10026 21628 
95 0

96 0

97 2
84822 2704 
98 0

99 1
73975 
100 1
53050 
101 0

102 0

103 2
44160 35986 
104 1
21044 
105 0

106 0

107 0

108 0

109 0

110 0

111 0

112 0

113 0

114 0

115 0

116 1
78484 
117 0

118 0

119 0

120 0

121 0

122 0

123 0

