7
0 529
12291 54291 30647 46270 123 75640 7521 30869 97870 54477 74847 33378 41374 32769 5157 49038 40496 33001 89508 48775 62056 91887 12368 26657 6362 82993 47010 36247 20177 19341 25820 65655 57075 82657 42166 37041 31124 64710 38923 9905 12251 43723 74908 72034 69122 68251 49921 48997 11761 136 94101 83126 8444 51296 3349 36410 34180 49463 98007 97438 78331 97367 97464 77627 99295 22566 83151 73877 16712 602 46745 59614 9481 70736 91892 59663 34156 16564 45142 80870 44747 64810 11186 62000 82641 54174 22462 47169 75988 26294 23899 90346 33801 1340 43014 83609 2814 57590 97721 40633 89516 57174 7732 91623 95231 89456 83757 66861 29497 71238 36978 20942 19360 93687 42270 16821 1414 4325 81811 64593 64267 47461 81133 6457 41191 48184 39535 1721 72956 22885 76974 61579 9426 35401 97777 97041 54098 22850 27008 27756 97589 29788 48845 64583 47941 53831 11904 37104 17028 99309 6713 4898 47165 5675 96391 13746 6438 9118 34149 15193 18611 40373 49096 24740 86625 89784 58976 59995 79363 37890 74936 18383 78142 31226 72917 65757 36796 24815 91366 64175 66188 65846 69473 82154 10519 26439 14509 5712 39939 7032 76443 94516 45103 12605 48396 59451 59657 85191 72999 44082 11805 82990 96221 85474 99354 85608 87973 68566 72192 747 24129 6463 65470 55825 73607 63187 10057 62590 6327 69443 35041 2222 62397 91307 31998 27676 82299 57827 65982 84128 97494 62502 65915 5765 96607 10199 88942 39846 73747 80846 92204 45381 14310 59534 50227 16568 17683 90264 79931 15071 51717 17127 80435 6593 28884 24674 88080 52958 8251 98940 7746 32710 33443 15704 55749 50737 57307 8224 74242 41744 7804 84475 24517 4049 11568 14400 54229 97532 63922 65711 93408 54384 14539 57907 17474 89740 57987 82986 41204 95464 9596 22512 94568 82904 21524 68895 61855 98649 83077 81542 53571 26756 24730 95273 91051 42887 25686 54026 51838 81620 87968 20438 61073 12831 24863 68985 31721 97559 86743 82644 76829 51204 76034 45788 94648 10167 47873 84930 64743 44448 27622 71661 10144 70307 14350 59338 35791 82744 24973 31931 76177 87096 39083 83855 18157 7962 81562 16864 32392 46603 7826 73262 55966 78907 10639 33037 27097 51349 31522 23813 83932 97037 62602 15194 79835 79699 59745 84757 61125 59051 14383 12206 36179 20083 36460 71634 36129 39952 24009 6906 49982 81926 44768 3021 6914 53375 93090 29068 97076 1863 8592 81066 40628 41950 2051 47066 32861 94324 84181 26842 3802 17285 85718 42136 52034 73928 86955 54414 60406 91719 99831 28349 10347 96156 68307 68257 84538 93049 13079 38533 20010 50142 33556 24966 51383 19227 91412 97621 63888 55977 80338 79349 52901 44539 28207 32957 91416 25920 38943 73302 66554 54340 21905 42987 61893 95444 69338 34000 67471 49985 78601 58285 93081 4090 56838 94146 2125 4109 86238 7917 63357 11331 9242 4759 10787 40081 24061 29336 92221 15357 84791 35227 57080 11795 17211 19274 80479 65580 61051 43499 57264 69505 31304 41310 97206 78171 21283 16998 8783 12846 83013 88611 50568 20725 42660 60505 86759 3917 56204 28534 24529 3006 34827 27351 16370 39481 59458 22522 97889 43763 44088 9668 55426 77334 89726 60866 18987 20728 96332 28181 39545 74171 91592 66057 24680 53487 24601 36115 76225 
1 240
2927 39786 2934 13115 22027 87317 55369 62208 44300 10778 2129 2725 75020 5617 60221 66558 20309 31738 98914 43276 45928 57343 42942 1779 32581 95340 16738 95914 80596 4179 69804 16940 67488 39232 64933 22525 95247 38488 3642 20702 4670 84483 66852 77085 29514 40262 50075 52365 30983 48686 15433 14178 2374 78426 68464 70998 76719 73350 59189 48975 78958 85871 16513 33274 55005 27095 4522 47627 28295 84444 35066 64668 52284 21774 10669 91674 31829 27078 65997 14106 1096 44690 48691 30589 94745 77281 90960 47962 85663 63532 97324 973 27883 75635 89555 60730 56095 8575 11258 35029 41182 16477 18660 73586 12237 61187 78127 3727 50917 51507 32699 51821 779 17749 69364 64777 81786 70934 542 14802 18130 28658 73976 96303 58756 12556 98466 64153 73201 70575 14280 78312 13095 78430 71461 48870 97713 51535 27598 27028 81517 49278 67260 85906 80551 26821 74770 13543 9836 31659 69857 58835 44415 32805 27074 22467 61278 20698 31288 40416 57708 59986 66417 71833 9851 32332 54093 83865 79746 37601 70669 17348 26050 80680 69742 40679 83975 69666 73804 77571 57315 51439 4845 36756 42666 52156 21583 71392 93836 22151 8872 20235 61865 32628 33832 66624 50997 17314 31448 95180 62194 93320 19654 2417 10634 42052 81682 60089 1839 64373 2127 53688 18590 33280 4607 27710 49207 32008 76534 50130 55856 9782 49871 43387 5387 47331 86649 26471 96367 42249 23909 3187 78434 59062 78471 20587 72179 49657 76840 25412 
2 109
3666 43231 32703 66670 54141 65218 34444 16896 29379 99405 63899 69085 25954 48002 26332 60115 92487 60560 85306 24304 17235 35012 84252 87156 76547 91541 13053 6144 29830 50531 27057 59605 23779 18615 5630 46431 49076 31501 85509 75996 41513 60277 41340 15748 42584 59725 90573 13059 84580 33406 80795 98294 58374 78182 80284 58035 77575 13361 15937 64408 47635 69700 6171 94491 74898 50630 85604 63622 46719 66355 36624 58046 52087 64677 83050 23960 68377 60454 77725 13413 40872 20300 24596 88833 97727 26367 62189 11998 6958 79883 34694 17115 9482 18169 95356 10988 22871 8056 1531 28883 48498 6610 500 45941 45205 19500 39966 15214 9628 
3 47
94490 58404 94953 81273 47749 94087 64516 55907 72714 35365 42155 71342 32738 30970 25336 30808 80536 5962 25157 51536 21665 86780 94903 71169 81544 19087 28185 70436 41376 36615 98458 95369 9317 85618 74609 14189 42111 55284 55089 76308 8419 49407 12626 21286 39251 8791 73777 
4 30
82973 13066 26312 11262 66471 22574 44001 48955 45225 63378 22860 74931 10798 60196 57013 4121 13264 98254 30822 40012 82339 14113 787 34619 96077 55729 51314 47710 1855 84501 
5 8
43152 89576 32873 49267 49099 17274 58658 38975 
6 6
42737 70160 50297 46973 9175 86841 
