359
0 10
77221 53169 16006 12848 52634 68456 60303 82977 76924 87942 
1 10
22914 82319 56648 80027 58391 26707 74665 14297 36740 93390 
2 7
18891 75602 18635 80067 86177 8658 41805 
3 10
88638 59422 37752 89433 31128 93331 54490 80471 77261 14855 
4 8
45787 35405 87108 18872 67914 76614 53537 76870 
5 9
74302 69308 82248 25432 68031 38396 70809 27256 4207 
6 10
59620 55703 48123 55209 39735 54747 9969 48496 39521 88396 
7 7
9176 31680 74626 1122 67275 34208 32954 
8 8
52787 11198 3590 55716 52196 63648 44672 22334 
9 8
70491 22647 33681 51046 50898 8372 14302 72603 
10 7
45507 38988 50856 41349 64926 8798 84861 
11 7
18057 16884 23199 25611 83217 52238 35584 
12 6
9650 28084 71929 68006 35523 59595 
13 6
15566 49659 46444 22431 28805 90657 
14 8
74797 58366 75215 12047 33385 42515 35915 57980 
15 5
26182 32491 9716 26549 33998 
16 4
63106 74585 44767 22761 
17 8
31403 14323 15485 4684 25149 39641 60216 79196 
18 4
39847 48694 77156 52960 
19 3
6413 297 55911 
20 6
42562 36465 89259 39131 91304 23125 
21 7
21702 8453 82639 78460 77327 81574 91429 
22 3
15211 23328 91465 
23 5
9870 8042 5068 93483 78576 
24 5
93458 2517 34939 83900 94315 
25 4
29464 26435 93962 38834 
26 4
29035 55260 12570 60780 
27 2
50472 83351 
28 3
44291 24249 64232 
29 4
4804 29331 45344 65251 
30 5
19225 83969 65302 24808 43828 
31 2
25785 94916 
32 2
152 378 
33 3
95141 21570 24862 
34 5
31281 82522 74680 79697 12679 
35 3
86977 34492 10575 
36 5
89637 94940 68053 49366 46667 
37 3
70714 83786 65155 
38 5
60723 49046 18189 26379 62086 
39 2
38104 8297 
40 2
15235 54424 
41 2
80858 17774 
42 5
47465 23175 21319 38484 1139 
43 2
8776 86424 
44 3
19990 62232 35559 
45 5
57692 16753 13113 41416 78173 
46 1
54782 
47 1
41247 
48 2
73485 93265 
49 2
13964 5582 
50 2
91004 24840 
51 0

52 4
45739 10741 12431 69876 
53 1
4834 
54 2
80085 70546 
55 2
43754 15507 
56 0

57 4
3886 32175 62608 72720 
58 3
13368 46191 51074 
59 3
49222 38667 19514 
60 0

61 0

62 1
67706 
63 3
28773 55100 51068 
64 1
33777 
65 0

66 0

67 2
72611 4826 
68 0

69 2
92542 48448 
70 0

71 1
53436 
72 1
65780 
73 1
19611 
74 0

75 1
15248 
76 0

77 0

78 1
65798 
79 1
73496 
80 0

81 0

82 0

83 1
63139 
84 0

85 0

86 0

87 1
1447 
88 0

89 0

90 2
65761 9542 
91 0

92 0

93 0

94 1
45007 
95 1
451 
96 0

97 0

98 2
39859 72388 
99 0

100 0

101 0

102 1
49981 
103 0

104 1
61247 
105 0

106 0

107 1
87685 
108 0

109 1
42500 
110 0

111 1
26336 
112 1
78426 
113 0

114 0

115 1
21154 
116 0

117 0

118 0

119 1
41895 
120 0

121 0

122 0

123 0

124 0

125 2
94985 6617 
126 0

127 0

128 0

129 1
12820 
130 0

131 1
24169 
132 0

133 1
28835 
134 0

135 0

136 0

137 0

138 0

139 0

140 0

141 0

142 1
24618 
143 0

144 0

145 1
67392 
146 0

147 0

148 0

149 1
18336 
150 0

151 0

152 0

153 0

154 0

155 0

156 0

157 0

158 0

159 0

160 0

161 1
34947 
162 0

163 0

164 0

165 0

166 0

167 0

168 0

169 0

170 0

171 0

172 0

173 0

174 0

175 0

176 0

177 0

178 0

179 0

180 0

181 0

182 0

183 0

184 0

185 0

186 0

187 0

188 0

189 0

190 0

191 0

192 0

193 0

194 0

195 0

196 0

197 0

198 0

199 0

200 0

201 0

202 0

203 0

204 0

205 0

206 0

207 0

208 0

209 0

210 0

211 0

212 0

213 0

214 0

215 0

216 0

217 0

218 0

219 0

220 0

221 0

222 0

223 0

224 0

225 0

226 0

227 0

228 0

229 0

230 0

231 0

232 0

233 0

234 0

235 0

236 0

237 0

238 0

239 0

240 0

241 0

242 0

243 0

244 0

245 0

246 0

247 0

248 0

249 0

250 0

251 0

252 0

253 0

254 0

255 0

256 0

257 0

258 0

259 0

260 0

261 0

262 0

263 0

264 0

265 0

266 0

267 0

268 0

269 0

270 0

271 0

272 0

273 0

274 0

275 0

276 0

277 0

278 0

279 0

280 0

281 0

282 0

283 0

284 0

285 0

286 0

287 0

288 0

289 0

290 0

291 0

292 0

293 0

294 0

295 0

296 0

297 0

298 0

299 0

300 0

301 0

302 0

303 0

304 0

305 0

306 0

307 0

308 0

309 0

310 0

311 0

312 0

313 0

314 0

315 0

316 0

317 0

318 0

319 0

320 0

321 0

322 0

323 0

324 0

325 0

326 0

327 0

328 0

329 0

330 0

331 0

332 0

333 0

334 0

335 0

336 0

337 0

338 0

339 0

340 0

341 0

342 0

343 0

344 0

345 0

346 0

347 0

348 0

349 0

350 0

351 0

352 0

353 0

354 0

355 0

356 0

357 0

358 0

