136
0 23
51415 8581 40479 6226 64803 49474 23915 37194 12938 47411 61813 38809 4535 25864 24304 17909 41588 23060 64640 9034 18059 57138 1114 
1 23
23674 39876 34758 44237 60136 39672 77317 23558 61316 2268 65891 11704 34470 59199 26351 9792 63767 46863 52681 26549 34448 775 54830 
2 20
35172 10887 39156 69226 16170 46761 73091 3985 66181 25949 10665 57682 2363 53131 33459 61693 71916 3499 65811 17013 
3 21
58191 69691 39528 38282 50020 17983 36306 18978 76763 46302 3512 49193 56838 51591 34399 44846 726 67627 40952 49539 3357 
4 18
36214 35993 6899 68256 54398 9044 19030 49128 54767 63937 13764 7288 59381 51148 49291 20029 45859 67741 
5 18
29388 42054 12987 59262 18119 53718 48494 26421 21565 37831 5875 39236 29886 71973 73163 8115 69897 20230 
6 16
70328 14877 16865 13353 67129 2472 64426 36636 52928 1670 43351 36880 57306 28816 30117 68668 
7 17
69479 76814 76134 66126 47415 77616 64193 33200 36579 65245 54650 32364 35226 32444 30799 22262 35053 
8 12
15425 559 2126 38399 73159 62496 29491 68418 69140 37064 53997 71210 
9 15
27467 56107 28806 73088 67521 53605 58552 23169 771 58134 51503 78213 59327 45385 49113 
10 14
3351 67139 13885 18132 30922 60786 25123 484 16148 44440 19487 22515 40664 58421 
11 14
37268 28418 59723 41786 25102 48025 18498 51333 36670 48118 10793 66477 49170 16225 
12 13
27706 75606 28241 22399 69762 30406 66634 66035 59049 64053 24199 57964 35887 
13 11
2712 4124 53309 62349 43472 78114 26941 61153 22472 72858 74188 
14 11
8008 33906 26672 17145 17050 50636 63542 24521 74874 18920 29226 
15 12
65204 56067 67557 46602 71381 63914 29461 58719 64826 70356 34154 47108 
16 10
46194 1474 25773 42001 73241 50702 14338 20614 71249 34632 
17 9
48746 71648 39051 32937 60347 66193 49049 34472 42535 
18 9
58497 22966 51527 46175 8346 28381 20723 62401 8663 
19 8
58664 63577 47537 55780 17576 77907 20268 71358 
20 9
75877 64067 9988 57262 27956 65350 45180 3039 32968 
21 7
62831 48070 6290 56302 53401 31769 25247 
22 6
40604 14297 15309 66922 26690 56894 
23 8
13747 52027 20072 27534 28356 74048 16789 71649 
24 8
12059 54062 324 25557 1123 7571 33582 31374 
25 5
13169 22174 53484 37843 45030 
26 5
64603 67088 10103 16948 44462 
27 8
46866 73530 20050 63292 20372 76998 15095 21124 
28 7
60801 61751 36293 47119 34634 67170 20115 
29 3
9806 64565 53614 
30 5
1619 8024 32657 63733 2872 
31 4
28375 12697 76591 43342 
32 6
55923 11584 30221 13481 47733 32080 
33 2
58833 43456 
34 5
71904 6801 5377 16934 3480 
35 3
43150 38894 50428 
36 3
35291 61108 1865 
37 4
40023 23068 42276 44508 
38 5
16653 43986 51208 14749 67949 
39 2
25162 44904 
40 1
57812 
41 4
61934 3762 43018 8338 
42 5
39483 57168 69890 46735 68549 
43 2
63674 44572 
44 5
75749 44327 45154 48767 69707 
45 0

46 2
14659 58871 
47 3
59274 47281 15774 
48 0

49 1
63908 
50 2
14126 41489 
51 1
19320 
52 2
15742 34676 
53 2
1637 22714 
54 1
72066 
55 2
34421 36618 
56 0

57 1
5597 
58 0

59 2
16233 43610 
60 0

61 1
31441 
62 0

63 2
41830 73000 
64 0

65 0

66 0

67 0

68 0

69 2
31840 76207 
70 0

71 1
27279 
72 0

73 2
65395 67604 
74 0

75 1
12553 
76 0

77 0

78 2
33096 30424 
79 1
6425 
80 0

81 2
39510 25913 
82 0

83 0

84 0

85 0

86 0

87 0

88 0

89 0

90 0

91 1
16555 
92 2
69077 71605 
93 0

94 0

95 0

96 0

97 2
28150 58276 
98 0

99 0

100 0

101 0

102 0

103 0

104 0

105 0

106 0

107 0

108 0

109 0

110 0

111 0

112 0

113 0

114 0

115 0

116 0

117 0

118 1
58713 
119 0

120 1
10513 
121 0

122 0

123 0

124 0

125 0

126 0

127 0

128 0

129 0

130 0

131 0

132 0

133 0

134 0

135 0

