270
0 159
49913 6389 48209 1364 68433 15793 24202 77298 27737 60209 20555 61714 1550 14820 13782 17616 76339 2976 77183 42841 63946 65953 23290 15792 52982 41203 25461 24433 23308 71325 76660 5460 50117 45190 78892 75829 2124 43010 69276 14406 74247 19155 5867 33351 56723 19530 13632 2785 61082 39504 76378 47576 61859 55008 26917 55475 78258 13252 5520 42573 55760 38182 28253 13526 36538 40933 53000 65245 48575 76599 33275 51453 40990 13687 63260 27482 26923 31029 36388 68505 65387 49704 28129 49311 58117 56114 21984 60313 66683 9678 13664 61820 69013 17545 36725 50290 41656 3311 21982 30059 39156 69798 70025 50420 39106 50439 40240 59109 33586 47438 35819 25562 45680 28088 20111 15808 41128 15678 73709 26397 23028 15744 37959 54668 27436 64647 5237 74984 74742 18429 46669 24421 20368 69816 74372 35779 3128 72193 55173 78292 27829 57825 38382 35402 55873 60709 53652 41608 32059 32462 15995 68123 7782 9275 28504 55623 19359 42067 61931 
1 61
27678 44732 10586 48141 39900 45785 57461 29662 35974 15635 45019 38841 75667 24444 32982 6228 27714 46798 2818 15646 68802 55893 40087 16006 68704 949 33703 66233 1203 60352 26167 29709 53542 70061 78919 10443 40078 16870 24894 4097 9383 78471 20848 75767 17390 50020 18430 62747 71972 29216 48143 40808 19458 72416 30309 43049 75474 24802 62903 65551 56697 
2 31
71294 5818 70125 28472 43252 19382 38701 36353 41367 13322 77169 35027 63372 67048 26753 54908 13694 34326 38105 62402 4044 71419 32922 35344 22678 11373 71727 75702 7842 65935 70820 
3 8
59070 18570 71388 17206 69561 64712 75376 49945 
4 3
31431 33054 68249 
5 0

6 3
78056 18699 47031 
7 0

8 0

9 0

10 0

11 0

12 0

13 0

14 0

15 0

16 0

17 0

18 0

19 0

20 0

21 0

22 0

23 0

24 0

25 0

26 0

27 0

28 0

29 0

30 0

31 0

32 0

33 0

34 0

35 0

36 0

37 0

38 0

39 0

40 0

41 0

42 0

43 0

44 0

45 0

46 0

47 0

48 0

49 0

50 0

51 0

52 0

53 0

54 0

55 0

56 0

57 0

58 0

59 0

60 0

61 0

62 0

63 0

64 0

65 0

66 0

67 0

68 0

69 0

70 0

71 0

72 0

73 0

74 0

75 0

76 0

77 0

78 0

79 0

80 0

81 0

82 0

83 0

84 0

85 0

86 0

87 0

88 0

89 0

90 0

91 0

92 0

93 0

94 0

95 0

96 0

97 0

98 0

99 0

100 0

101 0

102 0

103 0

104 0

105 0

106 0

107 0

108 0

109 0

110 0

111 0

112 0

113 0

114 0

115 0

116 0

117 0

118 0

119 0

120 0

121 0

122 0

123 0

124 0

125 0

126 0

127 0

128 0

129 0

130 0

131 0

132 0

133 0

134 0

135 0

136 0

137 0

138 0

139 0

140 0

141 0

142 0

143 0

144 0

145 0

146 0

147 0

148 0

149 0

150 0

151 0

152 0

153 0

154 0

155 0

156 0

157 0

158 0

159 0

160 0

161 0

162 0

163 0

164 0

165 0

166 0

167 0

168 0

169 0

170 0

171 0

172 0

173 0

174 0

175 0

176 0

177 0

178 0

179 0

180 0

181 0

182 0

183 0

184 0

185 0

186 0

187 0

188 0

189 0

190 0

191 0

192 0

193 0

194 0

195 0

196 0

197 0

198 0

199 0

200 0

201 0

202 0

203 0

204 0

205 0

206 0

207 0

208 0

209 0

210 0

211 0

212 0

213 0

214 0

215 0

216 0

217 0

218 0

219 0

220 0

221 0

222 0

223 0

224 0

225 0

226 0

227 0

228 0

229 0

230 0

231 0

232 0

233 0

234 0

235 0

236 0

237 0

238 0

239 0

240 0

241 0

242 0

243 0

244 0

245 0

246 0

247 0

248 0

249 0

250 0

251 0

252 0

253 0

254 0

255 0

256 0

257 0

258 0

259 0

260 0

261 0

262 0

263 0

264 0

265 0

266 0

267 0

268 0

269 0

